65 59
891 914
450 271
257 573
442 445
109 735
161 943
315 508
831 821
462 48
457 879
347 50
683 201
904 446
897 458
254 591
219 473
132 150
937 626
957 550
493 834
895 961
849 906
402 636
455 37
107 416
529 710
771 898
547 477
610 576
155 449
42 419
657 83
507 439
408 251
852 967
194 23
107 492
403 581
163 472
52 911
28 219
540 323
515 994
813 390
915 173
770 29
500 392
803 491
428 275
252 816
905 307
821 648
35 969
535 560
847 630
499 732
840 142
15 2
662 673
582 756
502 225
3 411
97 499
318 420
936 794