75 73
753 947
861 892
341 299
975 561
750 500
580 952
653 713
723 968
585 525
206 193
205 569
320 545
577 552
545 305
675 794
22 258
557 180
354 785
982 924
551 181
66 437
251 623
954 512
667 246
843 501
756 401
37 855
83 38
249 601
387 935
861 381
384 976
317 493
338 225
273 166
384 196
51 146
675 714
199 280
947 592
718 639
62 549
259 198
484 548
289 473
981 869
661 420
383 361
806 749
192 784
352 561
637 652
618 878
618 167
757 69
166 849
178 907
848 858
392 769
30 661
303 516
784 509
634 770
15 774
411 933
958 290
940 529
290 630
606 637
664 406
1 785
955 509
21 353
868 38
833 130