100 13
286 687
312 774
459 45
594 786
429 67
643 283
534 104
623 835
993 3
246 503
638 947
949 797
775 81
73 898
655 637
615 49
863 566
243 335
767 161
103 246
717 661
247 809
226 11
740 694
751 445
161 625
764 201
892 742
214 267
746 259
118 367
551 878
178 323
932 568
852 568
559 115
995 984
790 713
988 899
877 604
256 960
53 112
182 427
194 444
180 618
940 849
274 920
287 418
694 209
836 266
59 843
399 17
163 4
196 543
884 114
623 802
17 357
796 291
639 586
408 202
260 455
266 130
605 729
909 20
112 729
914 216
164 75
679 835
562 740
720 445
378 257
865 161
993 357
902 499
747 461
608 204
51 756
398 667
340 326
709 568
231 724
6 259
604 957
876 489
11 329
659 595
792 38
302 599
617 9
620 241
433 203
912 597
942 812
492 144
180 775
867 192
7 506
494 58
839 881
373 483