80 70
580 223
974 842
934 448
637 809
408 966
12 794
314 750
353 370
764 151
41 29
976 267
251 820
335 170
731 961
410 135
912 294
514 464
350 651
557 518
87 731
96 271
864 107
460 355
697 177
18 758
763 19
520 205
984 508
645 788
688 782
927 958
659 708
87 519
140 348
286 879
472 647
224 210
67 480
57 568
202 393
904 366
875 294
623 1000
337 278
399 773
197 539
875 458
368 908
118 615
496 764
143 38
91 53
407 203
438 996
246 786
924 905
874 157
269 776
999 753
81 935
350 373
100 427
127 48
917 521
311 208
919 575
143 143
653 65
732 314
316 912
476 971
856 255
983 801
393 436
725 975
769 434
959 950
933 376
505 687
152 198