74 17
835 857
250 377
614 225
993 258
839 478
223 158
836 854
950 376
392 808
95 109
532 275
156 362
678 384
80 202
210 469
986 405
971 939
491 514
476 233
149 841
989 761
510 629
608 663
157 292
456 765
96 404
983 773
686 215
797 116
650 80
851 439
243 846
659 837
354 167
225 839
574 392
793 629
347 341
917 889
714 605
511 700
34 511
589 488
625 815
767 695
227 164
304 566
742 271
892 263
203 899
91 463
110 808
694 59
417 638
735 730
143 358
535 315
658 789
660 384
990 522
805 17
905 822
639 574
709 887
175 768
56 109
24 916
920 353
550 988
926 631
949 656
19 480
280 798
479 590