430 345
931057 511466
89348 598587
580624 113602
771466 409773
563431 328100
90966 321261
988184 167767
187425 872857
498114 931676
801139 898842
504014 105843
524468 452919
235437 90400
704355 504633
77138 391256
176653 871300
781127 155005
803732 195174
626905 715845
355881 229625
493086 950015
847038 429630
898516 975173
834194 829340
69543 621710
757584 588666
472468 781513
924612 245441
361133 674871
51037 802108
189133 122067
168179 556791
58983 470126
346481 747009
920741 721249
796504 623280
698043 43933
645172 153657
231283 957791
824488 80946
68553 954549
869143 685458
776735 972979
576449 442151
73116 703877
689285 265714
849249 322721
417423 941031
167013 982722
676082 383478
436364 27590
685688 359136
281302 177389
958493 798655
830862 344633
656864 305871
293263 383972
537455 926025
605113 918352
314295 508108
697022 108746
181547 905968
941140 428703
881810 819156
163862 875978
413473 119963
449208 540494
978104 835327
220936 566265
19460 50146
696128 154123
14553 26073
6464 257287
347020 691001
308583 684241
285411 1151
886100 136145
188412 734000
173291 953176
200273 268461
929412 612647
570282 596704
312999 185200
608494 822953
557746 101193
813228 853832
653437 546518
267071 235873
346040 104501
562724 794799
63407 337907
601419 582179
613912 118172
800246 912334
779609 689004
534619 470492
445457 345235
903028 172978
903441 798623
334632 795791
180611 217222
22648 333521
745587 128783
181066 822264
921088 836205
752004 689429
245420 91019
823222 308141
426821 523498
390506 488672
936455 897636
606634 642765
313645 687611
540083 256695
867832 435144
535177 344396
196829 383072
506347 317109
362498 52216
475580 315346
831434 523373
244540 526421
380034 565125
461146 578224
526193 163103
387354 781413
151479 288868
183949 757041
485574 760599
397826 911489
581668 168590
117372 990846
914603 826629
782837 555376
797637 759167
966192 594104
116643 691208
520981 224813
970516 771171
909045 936845
410735 302285
694984 414452
645697 529940
485641 808002
551198 48942
838111 360376
228899 538981
219294 656890
324752 700051
280366 670967
381300 492621
544242 218522
955274 187382
737372 13840
31795 14392
542539 266307
822128 262267
298348 266123
560552 819527
641854 833020
59908 675878
607743 419912
739689 888341
740302 458128
549987 467936
755131 314444
466975 387765
644310 917215
31524 447560
22911 709491
318305 562838
73285 124448
5899 933425
586040 422040
286038 287302
220509 607934
615532 369213
893970 933831
21093 219906
325007 350833
102393 386468
763496 531277
540993 930487
72293 182430
985293 862800
268488 516690
611225 780980
880706 470771
682127 907608
416389 3673
94718 700924
265379 943787
619860 296503
815391 600042
193042 487883
227256 391655
271602 920041
801286 214892
633489 358795
547016 598636
516690 382877
644022 236891
134720 744122
962385 86780
608442 626186
199367 748263
989535 422530
764882 891179
36539 46838
606405 168649
590156 46155
931110 646574
739790 408616
858901 42493
566491 322756
814152 911653
85466 867802
523175 610272
801817 841758
298024 189950
58927 831114
964879 476219
646572 199950
609556 76757
10373 807399
892398 922397
913892 457193
222731 917734
251896 750787
256014 32050
79221 594657
801706 243638
370074 26752
733907 627233
913578 663073
560881 860096
126311 807613
906683 244997
896447 61473
394243 658585
192932 739651
79545 373597
576195 630103
525733 884165
759532 523320
161371 570935
373941 43871
715430 344579
914622 640187
497704 241080
787385 789945
655672 599976
280661 359494
477347 933469
816901 666786
309649 418152
424426 273336
219858 132071
337268 224896
599235 850692
328094 869493
127744 370837
517711 984628
12705 629102
792042 109927
486256 977960
693108 925274
912935 882743
315702 562638
953726 620779
13888 881513
487414 258849
906076 504912
779542 154879
93211 180392
114567 82015
658731 296255
878604 582388
96142 115757
854106 851318
614232 859519
223602 949035
698005 189721
759811 937996
926919 430920
230571 706398
481869 494704
606411 685861
86909 284526
610006 219237
199052 531930
866895 520222
623726 507061
212462 778692
649363 817625
709803 639870
828734 908254
727985 859910
424849 443797
656632 959237
170263 265029
471938 63580
767066 167624
365773 420353
522233 197441
254351 685168
235862 440268
872278 903538
979030 998624
665778 308101
491598 990398
388291 693365
250378 493634
900018 113240
61285 207833
807273 140396
829119 169401
878385 969479
291870 298240
193296 180721
619420 941908
573940 505734
879962 391494
428027 836344
117947 800148
413036 663992
866779 866515
259099 441669
430062 337898
457464 366423
506420 904637
61407 647111
558953 336400
881860 52188
203417 889483
108906 860463
919903 480704
368107 171084
825956 7941
609158 490071
344315 446240
636035 827420
796225 88999
378792 483999
469440 669408
126096 857922
768821 853432
557129 44726
308239 352222
612936 299347
83853 12237
6710 743581
173020 246632
633694 59170
445668 431034
250888 994805
674064 851961
42486 449697
815727 928032
964448 776229
346336 682089
409793 389190
780428 682161
259414 699725
758190 616421
120847 50772
326326 7683
243038 662337
775030 727778
235244 490840
152400 256042
765698 83453
916020 772161
48971 598985
387035 348628
147722 390415
261276 799804
425608 716804
115421 455183
396612 623545
357380 507951
666153 409918
68642 363416
726763 26754
339547 782098
87188 468950
675680 774284
748409 751558
115418 105789
662771 445943
603110 182453
449072 15226
377445 309899
804104 761246
844808 52270
945912 390655
49415 169367
818117 43056
362683 399761
936146 25645
166560 44883
6643 923446
405853 941973
827505 637562
488050 102770
190987 739888
138689 757954
588663 913805
12972 401765
804436 26486
63537 510039
236979 182044
661476 388861
22178 322486
892928 35199
398393 557569
252362 345686
491195 933726
927654 115832
134602 180802
658312 75245
299752 633425
769817 271132
493451 942930
729628 649369
441911 214794
515191 465997
229905 839347
746532 588746
392143 61109