482 72
704814 878338
25988 231970
650357 756841
890462 897782
964330 168744
560390 401821
528853 112898
329398 644341
886660 362415
798848 63203
997044 330578
911940 826215
714039 588014
63508 864570
7931 876574
312369 734460
361125 34528
123389 215636
873949 701118
499294 921754
29609 520321
500607 551577
968533 589695
696138 627728
850843 721613
711728 996694
999874 308601
809794 558275
318185 79970
917307 517247
486627 89363
530407 901419
264821 138134
266458 364903
297772 252384
307017 666337
852017 307595
844602 146185
817071 41522
751479 784453
915181 283020
82819 941896
556552 590236
203872 600476
414101 781848
804854 620555
554674 769550
669071 148320
510974 592292
836936 341374
591797 809342
780257 622646
668291 323610
42372 114336
72694 897080
791694 676754
35153 460755
776409 160955
458052 940625
730622 160672
824431 957148
765065 116318
952257 232432
582053 45556
527280 915939
439255 213083
425800 626896
823381 220884
488347 629065
114045 29252
730210 540454
273478 402019
76502 245516
335914 122470
49746 758258
992036 321997
2607 597748
39299 830343
219721 288474
196614 229369
652 906902
647256 574628
631452 875517
561925 229858
458230 472186
859867 379830
715583 69068
519314 558914
487359 691074
5669 25163
215801 583309
119939 310454
223897 538400
128253 607102
749511 679082
688383 956734
128697 235493
55287 609952
468541 205033
650800 981096
345853 812330
811935 821291
526356 300791
138070 970966
931413 912706
326626 915005
528339 91947
95579 793024
636603 121300
956482 889811
679483 230047
492031 64832
393148 378314
642293 204763
79263 817850
823244 677421
809866 310781
903003 469851
920974 838990
322162 629358
569254 980162
224394 962668
524826 321680
232415 55274
735326 50082
932110 412044
171441 50213
351743 811708
65362 120035
801033 416483
875138 339389
486810 858025
877259 892557
595676 587108
521432 728804
638400 564910
247196 382622
147091 254852
789307 538465
895004 622433
86154 766634
678323 575497
173139 396321
524669 269251
837566 53700
834678 363669
510185 384696
154797 823215
193683 79771
583409 889198
182255 251972
372538 352305
762594 434703
48745 564523
959310 275778
953506 319840
240475 644801
988199 259728
448669 490664
142636 448231
914694 925042
452888 73443
198919 973791
914197 877241
600676 967905
676928 196023
407611 795431
546988 926650
542285 476473
308242 143414
809172 758500
427183 933602
844996 521357
224031 556266
304816 538245
803838 423326
759624 432743
36670 373183
60820 883671
922820 344663
579122 136465
712532 273614
853096 720448
795079 108341
248809 298843
42540 410611
183386 449805
210821 695019
17009 666975
506592 288215
160143 221613
797830 225334
581292 781180
703037 106335
935756 614416
358053 208098
455645 227269
688085 535683
528447 474400
527373 267258
633820 968511
637649 657727
435320 209753
593177 571232
508388 983047
887568 843370
359504 508720
225763 970942
49227 376609
707540 964161
128920 193387
668239 102522
912909 235761
917555 436211
145923 118985
175753 791359
739178 171629
808751 353225
64815 114286
477920 240414
586456 725607
576351 278480
471983 343079
694262 163549
173244 751161
659978 11089
827686 439361
153029 627873
787389 710233
830861 523547
538465 458881
671797 937161
900746 655936
621158 148739
713466 700195
363122 420517
740117 334818
901524 320478
139195 98121
386159 236667
684835 101726
327140 21582
684024 673376
293278 773454
135762 674010
253382 565280
631641 197964
272534 233797
936083 932112
952418 416695
49662 760533
769183 748785
2225 884463
413631 83352
820256 127032
511978 8817
720859 580506
428639 790167
932202 399123
471499 495275
567513 711692
231529 613112
928762 903432
209264 558066
665905 117856
758180 507163
466215 217865
55843 794604
372667 644974
104135 657688
807735 765547
372571 201881
45170 887477
192566 758065
488728 518421
637793 14578
443640 932618
746145 40299
318041 796513
942126 266845
912394 702768
730599 127691
259622 835977
433926 966576
444341 916990
205241 306095
185049 784472
606849 633204
857273 454196
947033 584950
384367 392944
95342 843073
744891 620515
802043 98723
296065 898542
571807 802490
832524 50499
676065 455690
257895 264363
671464 721172
201049 631752
271715 587535
350365 783369
767558 9699
461327 803679
196754 151514
167044 663027
130018 790733
605758 968587
964003 539842
867551 517209
335635 937992
133139 591848
625556 705882
396455 597834
949662 717235
470969 419086
68705 556099
57913 13640
28788 769708
362579 125882
120435 987112
91949 579154
112629 241183
799219 631725
772502 904277
75192 22160
551834 231482
465239 447998
613168 902855
153241 465019
39053 66769
768474 964320
977930 871666
806211 242420
382115 722269
516707 158883
452897 116080
396422 721055
457255 973808
808908 648270
429322 850253
283637 143422
253504 806345
459792 263778
516937 238741
89689 295592
100663 872529
2415 751428
208683 249601
454985 197057
487442 489221
361541 585850
708112 891327
865673 973436
322034 367214
730122 243920
26361 692608
571474 65589
398397 334864
544701 334652
492797 319713
184766 316619
483276 85405
998157 68984
393416 339352
505432 9718
840924 180147
792725 599035
958422 889677
339064 50135
70232 239448
3141 348362
132666 126600
698385 280561
864531 307330
606432 338434
270420 170608
379027 190141
300887 899268
71748 851069
769577 456075
74367 744953
290569 355599
805280 332497
526847 932554
987724 539485
352719 505052
847757 404186
934643 130177
544454 708203
82905 389515
524114 889165
79316 765780
884543 468059
632576 389851
220346 460003
865277 524169
191862 93460
607869 866377
13623 568804
668560 476899
206212 362349
45949 630516
65620 990685
601101 681589
787879 362853
907088 863373
876384 816284
913552 719489
741065 842579
407133 348742
52680 547070
320205 572130
906688 2848
775551 191276
92496 237388
407764 693476
341462 583843
752402 874813
843629 195845
87962 526835
365083 741187
28715 643098
712117 732912
261951 534743
898728 210076
619626 118740
588868 926267
206482 778706
45614 234033
1121 253477
410650 998540
689019 964275
349734 674943
890009 552588
899133 952246
496394 684843
861395 454750
356098 688567
252598 608280
589515 914636
489704 409450
51118 164507
433703 259805
413525 848267
680960 17740
416271 944864
32408 666955
499493 607042
23091 547872
249968 374544
513171 899265
847988 729034
261854 352124
171110 856045
722453 9861
601256 92106
987455 593344
46303 229525
480675 930965
17790 381559
631465 160227
753069 98944
129471 502224
339724 541729
776805 738018
369869 99510
153789 988758
155385 822189
653460 419263
110318 566517
653523 38036
509556 487326
325710 869084
103131 326183
607810 985271
844660 188581
744461 421706
293182 802125
716328 487273
206232 157128