467 172
867862 564282
362859 949972
741315 617341
403110 660062
819416 726867
462694 503676
538565 61903
630399 758207
739261 581064
248926 742764
150602 151055
806030 964378
930734 856170
547221 917358
612929 330261
376058 728364
326293 149867
820206 778094
664166 94547
80574 773670
176485 646413
218550 176136
45693 206201
933011 973186
599881 580763
556587 431129
61031 697766
441018 316596
607948 576772
196514 210267
881922 431593
225189 897359
30095 623325
552850 362067
280271 817546
493867 564944
524588 351687
589630 243280
344935 230714
773709 373827
478446 763843
18982 185081
575004 748951
629256 559182
409114 791490
806062 297093
688708 529676
8993 17811
897725 555939
844634 956796
997054 57600
892473 839337
18574 710128
754678 642697
478022 754916
6409 155204
631386 658855
395119 282941
402148 739019
773847 521312
459573 41441
217652 201887
812530 595003
548219 351172
617550 642592
17740 814362
712842 879004
213125 940455
669247 203684
445327 716005
55685 877107
283039 135750
357210 50106
169357 81429
106041 594024
994765 342239
341345 741164
88714 970066
338822 309796
281006 960657
33507 207284
303326 774516
33976 118970
156023 967714
893107 288577
152892 234596
746411 208872
285299 843985
746502 193785
779658 330745
344135 244000
556151 548045
568476 537746
989020 873276
351175 377890
810555 675555
6855 357499
354569 584404
301385 970345
707636 936453
436394 382610
775901 445255
912583 994124
29800 252549
991023 850055
96901 453879
811365 745951
839257 899184
864729 219266
699126 671915
244792 186824
665700 750455
564942 314613
407266 338801
76802 813114
424120 488904
508372 232394
329534 727537
848754 150420
393592 300446
851356 295637
966666 337051
867641 563246
966266 85226
164087 942399
874935 452233
670014 951422
566690 723975
738124 189102
497620 534589
291735 274547
21216 383926
704696 619555
735302 499413
92505 594278
865176 821116
444904 809598
153130 764265
922592 246853
562212 80032
111642 281105
539163 131133
555368 519485
279051 686603
108327 476830
298620 135416
216956 821630
161175 213703
685098 785865
922900 748233
464517 632710
673275 110652
515056 521516
857129 967581
21609 643893
123040 491259
143099 368044
492086 867068
426754 133238
752931 378788
286120 294681
267770 496981
447707 319563
273451 193417
881497 984131
947316 655728
504699 984177
142324 104098
655781 390505
804633 67597
404328 137888
991467 631969
445961 222613
652520 755651
419206 172350
771483 984489
549180 110531
687155 222098
492197 664963
614021 509229
621242 123023
92612 653611
742657 651073
279200 276322
750892 501768
180483 527037
626962 363957
915463 284312
710852 413565
215053 232409
199829 976053
477854 617694
752423 602227
330512 887641
470642 343798
19892 224256
72658 554393
759403 191048
745662 643223
871331 727241
309161 133954
848711 330023
823666 718548
409958 233952
498549 415169
260577 193727
680279 917947
684816 484289
850064 404351
877509 622327
688707 785158
563723 800405
783437 251478
258926 378749
817722 989084
537340 136427
817195 774278
854546 339776
9221 633595
836679 640405
119787 935618
676892 580322
712800 798435
978016 537576
484257 652295
910689 491377
794229 431368
770770 882534
353314 762259
514115 786615
802171 576038
535648 219860
317024 976235
1087 455509
243776 117618
652040 830834
416071 752679
601203 670959
21004 111491
817572 791616
65598 96176
714410 872675
653883 764985
424437 969566
395371 61686
853938 137810
877350 530037
365658 602198
42141 174990
794308 819626
645127 572460
261831 121284
231700 220793
740203 572238
950162 147296
821602 711178
521516 86193
387968 974724
447884 718805
482350 970656
433048 202807
846474 510631
928317 78143
95786 513556
184374 681535
45547 34344
822325 377210
285174 175051
323115 687035
319200 931447
272776 672936
853343 138025
420345 837044
873947 770480
855668 483139
112967 176552
318079 224580
51278 264072
317087 736348
856243 512530
291126 140539
568279 156428
368155 594071
757266 888834
474631 628764
493599 933037
351073 943227
560586 244708
291975 168277
235233 559737
130502 379578
891288 216149
306720 115323
830111 381804
591956 876151
177429 488443
475121 708089
970220 932100
154258 868505
650130 759673
5970 319044
526805 161486
7144 536562
13729 674709
585290 746120
389375 838908
464730 707782
13898 357911
481617 577403
738736 701681
339690 323811
977383 757103
151705 361220
977126 256748
595474 369595
299164 362336
434854 814056
666770 886751
306241 304036
64611 711764
546842 14394
646529 367866
238448 265921
428016 505584
812951 899012
283915 312684
790570 984855
243833 245244
194002 3285
159487 176496
793738 481576
152731 443426
70606 641698
957202 929979
675179 932342
756628 685584
16810 136991
754359 651515
169411 631954
944186 735001
597580 224471
783003 852402
801111 854197
751741 182814
463690 702891
496316 840243
529598 116649
607569 68031
948086 676622
380357 152236
765629 674790
593554 981760
107305 809670
186101 558320
36796 959365
753510 62303
929130 325237
496573 541865
609327 396173
564054 977980
90390 384747
186726 951194
634947 827308
243730 271165
678580 273108
150939 271433
20316 114252
195619 450013
335378 920727
995940 327470
705756 572431
481509 770633
792557 412692
163567 814898
102814 929827
338737 802918
915149 11828
625295 894755
970832 123780
854345 462440
981086 113986
757988 398539
180604 226319
870109 469619
642557 142646
625212 594158
334728 287821
91612 193621
11697 779087
889710 719682
695737 906385
380325 885993
794950 85548
782570 921621
39085 151212
245755 653720
576024 355418
609456 538565
581934 803300
828654 899932
459389 689308
89220 827157
702663 704497
372916 863547
39136 369696
176493 672846
441231 347749
634559 25420
871547 395900
315512 90651
438503 218599
99748 732478
4634 964414
339196 14781
763670 419664
553030 407283
932764 766259
167637 632471
693992 944783
354156 477405
406361 472955
32420 392846
686099 471038
609670 960505
118532 424888
217035 96183
793867 636814
721438 622211
827438 225528
31939 249332
963158 124746
330969 774361
524749 13992
394475 520472
827741 483031
522743 250352
468313 286880
553568 283335
161857 342132
534224 860802
452591 741115
354271 955416
429533 775484
938192 174574
92031 569450
689616 286481
562123 105973
519011 526758
630073 227676
779825 710885
800850 105521
672032 353535
98529 427066
169671 173399
670388 135029
855762 291433
118134 856672
775550 586
653203 996683
504727 867720
282968 614974
425541 399793
495810 164979
722222 61839
30158 885259
825948 511626
314683 393180