457 366
268597 732304
233431 279506
972798 376448
898657 643197
396093 622150
195052 669011
687870 229562
982812 593610
959341 916567
430104 696733
688646 805091
241997 858312
560295 28190
320614 766142
473049 210304
30276 571961
27529 728352
318708 378405
670264 823507
652405 836537
289747 744946
315403 106929
425720 839203
850807 577126
407409 665699
852084 2179
276885 45762
765226 82274
53308 218804
724429 528561
818541 806550
430398 124279
154045 761577
265173 418562
898322 468365
389409 981506
743067 491397
811707 838928
215204 759415
227781 154434
157545 738051
809220 318418
109387 113237
628343 993673
854901 681309
300191 572415
311504 304239
415513 102825
921744 755132
334103 761862
31614 721251
547173 104738
881250 954907
5111 149823
251273 858091
329054 273858
27621 242839
545505 867444
687179 740150
603742 413168
17509 408126
407600 23862
906500 220208
330834 76920
369791 543127
377801 374863
277347 958170
841681 702051
595952 806324
21125 155955
227446 443803
440532 795757
69102 369093
409459 951215
94042 124417
761133 247791
164621 864185
144989 929759
518668 979570
346545 229615
116793 544926
582004 224963
697770 849755
88031 84279
803691 822168
172070 211086
248453 870911
801417 725290
783977 725922
606214 211025
206116 397474
310737 224129
359470 100108
331456 183979
432476 823944
954108 578638
124075 581792
120256 663951
131347 964635
239357 744740
458342 283626
461305 552921
646051 182471
247606 211731
291495 627284
463616 205141
597415 160058
216383 461454
605708 562392
188383 2263
199589 900934
708467 878852
68102 860392
875963 147305
310517 922648
384500 133888
338436 936884
350114 277259
246905 380198
975744 196127
640326 775369
20270 597735
844019 653294
474078 869898
182702 622747
884737 750430
181503 468937
545463 186442
437269 300289
907648 741930
660456 617459
808343 273506
863036 944604
14772 500329
266628 123260
561861 183228
564159 526139
161331 56906
898797 593953
804299 939435
386441 404040
775260 196295
858354 41886
382848 363024
403807 531658
626790 642688
165252 791776
494702 207136
872089 471008
673289 504294
518482 108661
246561 750470
148934 702781
692753 666471
493294 628520
20039 135218
303976 294016
71840 756214
795199 865258
849772 637912
222583 624768
94937 654968
777097 458429
225370 426775
840620 13522
36356 680896
584126 477842
277515 10185
73328 866419
818875 731912
263226 311850
899192 626062
52182 624985
672335 957208
461672 5182
74794 73598
199425 96783
415460 114699
330873 541632
713477 462287
536243 207292
142598 841844
7971 141618
412739 505042
18912 994115
652809 295696
704209 530792
299697 113046
60915 459319
533677 394813
122784 8378
977648 763369
187879 555752
786734 224157
448244 97125
881997 972983
173467 125775
132932 399827
144981 59389
867789 585292
539545 975331
534039 565572
993271 310184
999322 145134
493600 331516
972607 109880
326523 144644
706680 377794
239879 809929
519217 44468
866749 624703
125635 187270
457454 398196
64523 758012
687770 153564
55421 810152
371873 540790
167363 752542
408615 964406
329046 99867
945399 763331
590532 832384
607363 346951
591303 407286
473613 210836
517226 169154
879787 721480
924951 439284
92393 664596
258512 587373
653316 591576
196348 683282
76023 59079
343680 458934
375110 616890
196636 219157
336426 116810
336345 616715
796592 3552
880271 5796
844269 912762
176306 98177
762010 945631
771657 262750
169198 550425
621268 156510
907262 624007
656133 48158
287190 760343
803867 68628
846950 72006
888446 774080
212503 940379
15974 866310
253774 523290
131228 749795
135124 958476
806952 150261
411632 131382
32517 558038
371456 732009
797701 709096
265293 451875
192588 541438
266085 214403
45720 809322
569935 126434
478737 905151
338298 576469
703776 734221
28660 641414
258173 669242
410545 396346
507147 340531
454625 523535
605838 988079
258928 265112
831356 570127
285333 997390
263173 736928
378177 934885
373374 947285
505483 293802
430513 391765
371051 911790
554261 976697
283806 596258
852608 679474
235604 813754
470581 200735
771593 690998
424269 718190
607539 56683
748803 675703
308182 245037
327902 956861
672341 980150
536094 194507
750604 814193
58949 843554
914227 156587
682337 741848
34441 327124
73996 598629
752160 822371
836520 418969
503603 288755
309606 24181
946574 719947
977002 784224
11102 326089
628802 540915
583391 341650
403463 675008
685290 186881
442474 345739
255397 301090
414778 945770
861717 455707
759586 813224
816503 131970
416895 901960
968250 544539
984559 439938
480015 666857
529120 794335
190869 163350
646494 806516
459614 959477
524623 615486
16186 594676
856858 582160
886763 473785
683634 276337
454341 294334
174831 897630
718738 458491
565895 470078
139737 86244
4391 619363
237887 738354
596122 908259
4241 876141
784159 939370
767586 865825
340348 56224
489856 515168
873524 505894
653941 619265
34486 657688
798738 101410
440592 645104
713510 486790
151091 476540
723977 71731
941786 740767
498489 556325
682026 737751
860790 105712
449706 589526
694568 250531
933137 983678
993278 224420
762904 442942
714570 660264
79319 857495
231787 380965
583147 721195
919565 141942
484963 814873
259212 736662
141636 989048
643430 15883
165728 265970
673385 239193
66767 69135
104861 915418
740026 463570
590024 957434
232023 25126
909642 820023
320315 1218
388223 886008
2136 434281
142410 95557
173201 626237
10097 119361
863640 223612
850944 176168
404077 657805
306991 512196
197071 680936
590824 849178
853379 640379
580926 471142
51072 222676
16436 401461
6876 81957
263363 939264
227942 217052
194478 70338
399987 972108
351538 849351
722535 994408
236605 984751
264770 368677
745878 941080
721903 364529
213566 740793
776275 703354
780344 126672
78044 791454
154716 332814
243239 792179
110851 235560
493035 539940
983821 973505
264148 976890
360652 634666
839803 596271
394346 350741
409939 189880
865625 735317
947260 866866
623823 824664
642808 251581
926955 625913
101733 651696
240158 152151
255343 364407
811992 843978
819861 575811
419722 637890
852237 20172
830328 549252
75931 479719
777859 471856
624464 744810
254894 17665
154707 700336
407917 315707
882431 206377
885585 506682
51624 640854
429412 571503
335684 266949
319179 771480
304031 614571
486389 873627
551659 837586
108198 535150
53299 326595
699104 281743
638933 509131
195189 515
911657 43177
575529 928294