470 452
33460 381436
215136 306072
467829 215618
637969 895154
792384 895750
810802 121836
427075 680683
242967 929370
517552 663915
234229 86794
89664 318488
351174 211253
231208 963557
479523 295346
20836 473043
112210 544937
286289 41753
605245 901846
974950 247773
386597 402704
658688 595874
764099 809893
851141 254377
328542 547055
24411 832623
437154 568524
727957 767303
577829 190205
317586 601358
8662 116082
82790 456242
842599 562962
658685 927338
929956 23102
370232 277235
434122 79331
536325 398731
236795 546429
883865 912288
310445 172703
660635 259908
924384 571667
461998 200512
117402 811629
324897 467947
126841 242543
157876 895430
888219 357435
930271 150203
767933 286442
952313 306800
526778 73815
997082 735932
170328 348492
362175 704425
254067 248609
315099 612567
858722 352348
144316 746092
980191 543193
999679 1023
711531 42634
801166 854654
671870 377265
134162 272548
19362 935153
815065 264717
240253 270115
972082 519764
623415 754659
747253 865783
150155 962944
252568 263994
95705 402689
409411 59594
962285 518846
249656 525351
204961 276102
869163 361211
705292 369707
233044 316665
470114 823347
59345 555531
140269 910124
664080 947081
648673 479931
462842 426590
638376 560459
395106 424173
18432 909387
744279 958771
557416 870339
959398 932208
24752 594165
950259 683908
366499 1878
682777 180636
133087 499026
790355 329746
570755 76213
833488 498607
211465 763137
921650 256925
712428 201645
615256 893474
137999 14874
381518 850890
441669 425035
768015 622746
164733 846628
8607 344909
279242 313677
936547 306401
409817 122459
482035 150295
897448 212449
973738 359650
448950 623677
412181 56241
85842 106631
106200 195195
847312 805601
422142 723786
396754 204671
768954 604295
285063 112391
909140 501916
178661 572179
798738 643821
13273 622604
418618 623872
860030 722042
619708 799139
184560 640229
424879 406828
704061 916026
751894 613538
289318 469830
611970 695492
826797 621272
278332 994324
99382 228286
606920 498641
735393 279431
43148 90011
743530 791604
642418 508244
990657 982483
810863 488532
132294 600165
161368 140942
468725 660991
253130 535236
56749 560923
210930 546511
837828 515913
220354 610925
967259 636296
968813 170657
212231 353341
991790 33680
17822 707097
198690 526207
927279 466850
707023 628791
496105 259120
615979 745735
463497 849577
943914 410895
315080 15475
714310 735483
325800 589607
979776 340392
343652 667858
713157 940126
840798 154718
55995 808887
885183 170501
228377 93801
748299 72172
426287 553486
137004 823043
630018 770030
419853 473852
211424 416816
207202 222212
311415 193627
748940 595844
281672 962555
872670 817551
322193 208681
876698 706057
274889 336102
166868 875376
161153 816406
551469 793263
318076 2865
796362 296875
179505 288980
609581 699386
686069 458771
984389 384053
567181 609373
929425 731027
264023 84208
728518 321391
728699 859666
535759 26890
471007 453827
179358 584258
742140 558214
297231 146835
501234 690700
304698 971378
738683 696050
628754 898663
970842 830541
760460 595424
71657 793513
584239 429784
781296 918971
462792 781186
363311 285453
555467 580937
939249 520698
741530 577459
815174 973799
186682 301733
368912 724657
383707 682034
671167 600625
506024 648988
88582 806598
419963 478134
495030 828117
796125 175236
922927 233299
480066 718226
626470 813691
242339 458809
426181 834397
156836 465781
183131 975616
573978 225496
141713 686309
874613 378600
8335 637281
372556 770608
330041 126394
768203 744441
275588 274120
307993 40992
506494 983276
621802 38899
277773 966083
774128 936789
144515 269738
777245 608987
528722 878296
244970 699987
171111 813296
461326 459529
491149 644110
19689 206713
141598 210753
779335 736022
737981 70678
228356 616606
677472 322748
419699 353571
103472 610538
32917 494111
211464 689072
334338 217330
475235 488994
731222 334803
242652 901827
806260 474656
263466 204178
582879 497489
332614 551234
212848 688203
496029 149601
513661 150975
901805 515172
687140 253787
732318 217920
422193 33479
722812 512611
745617 947335
597403 237382
728777 309009
392111 350927
620313 364562
932681 738548
570463 370452
718287 841896
447105 783432
169100 11783
351103 20033
515106 195108
331332 466045
502182 453793
901220 883609
999087 433650
352331 250248
654185 405295
884633 564081
387522 85807
300699 706598
313142 18012
829514 715879
621743 330460
361911 11656
994584 415163
284649 501818
680429 852784
757650 319047
627014 151416
328713 526340
360969 852873
892784 571451
780104 750736
829810 776424
950828 509032
759755 214426
110948 135133
478136 313201
805196 71677
370172 132764
635746 112755
997062 383025
190488 680023
10982 578079
336221 859030
683602 471386
585176 211164
764440 846744
106416 46750
962051 532924
73909 316291
866026 857876
71587 725043
296916 615044
231572 167503
79568 178981
530443 91831
713197 870300
145825 792501
842388 508330
718724 263717
313659 815751
58301 826844
898623 142531
671939 648763
740138 805437
828589 870172
71152 61387
15514 999656
760634 741934
573134 962865
570388 770271
785051 157669
704490 796386
998500 378445
531511 967382
503031 255379
733520 843932
112908 373481
793632 738372
925061 432274
927056 462912
85416 463804
981349 852391
827490 759028
942173 324061
799794 264632
482561 614799
79185 131896
706029 549709
721349 457331
519245 776108
313343 485963
45715 988878
478118 481068
182920 503113
105267 580726
830996 152777
836756 380126
436766 7644
835292 162383
392912 650910
678608 815809
653328 944601
653628 684800
911219 98679
830674 523104
897086 442704
970886 532729
138231 300413
255922 773126
800193 705763
897073 437756
413840 790860
529476 363228
363162 157347
48665 320576
44674 123395
709699 992824
516592 485393
206963 593748
939024 993558
972847 131921
466195 704962
442530 902980
737770 931279
750878 425127
161456 947561
446774 498126
375285 255853
435975 765277
683701 578485
930954 741318
689857 955563
987700 443196
51150 222586
62965 858936
265759 13607
933445 865104
74725 3765
127963 288732
679106 394041
385805 360906
327602 207728
494577 577787
898595 433308
471638 293762
956695 794029
516300 662899
276218 664617
685549 373004
693231 666088
385738 12442
159149 688941
948128 610863
723251 736155
220120 513341
261884 269410
106483 841209
258780 131096
387960 495593
566855 551167
474931 56005
309781 405422
648615 19670
317494 29393
638999 593957
379483 665165
753606 713439
723476 221322
755502 743266
639063 321472
741200 522649
90063 467372
745707 453693
278055 990107
102635 221509
913252 667781
557510 550907
871270 332179