433 370
621486 657221
765466 885026
828793 392837
673543 388374
628409 639133
44402 597911
884358 760870
216969 229749
825065 588494
483577 160061
735739 73088
63736 993885
143049 928361
226101 401596
957898 362855
338808 507035
331918 90669
881796 105332
621537 363546
145247 56023
297359 609226
291978 802994
690106 247150
813654 69084
848705 951811
562732 596004
393776 759652
677017 231041
485761 123784
504713 878186
826485 900711
506868 97249
348165 233345
730241 566679
481255 471545
988453 56856
891983 983415
767502 96219
454232 726869
483530 280670
317727 727278
981645 410480
365259 480410
543549 804326
4599 657051
990157 170794
802424 437660
489345 648826
913911 353624
164499 405292
872662 456368
132166 951994
417752 291297
219154 230253
676271 605729
941496 6418
655611 234507
667023 755231
931634 283515
313536 557578
21452 693605
285115 469419
433155 320080
894067 25261
593583 253355
930009 34878
26252 101575
723651 680361
569745 684292
715990 528884
684267 589008
664190 201107
74253 916236
731255 482586
335600 186461
708587 565945
474720 255780
998078 92535
441267 88493
728413 107218
478310 494307
629241 644076
982156 81454
29025 105776
75791 788224
378438 884174
632535 386445
863964 62107
74642 85191
499258 765828
831882 893298
324155 463142
717149 447011
294943 572786
851386 456633
745366 518985
912275 64272
441349 313859
815732 109464
332688 46867
961283 43223
259375 609682
446516 130866
110202 132234
166109 164599
831492 684047
507634 280729
778613 504071
495314 417274
215701 31736
658572 757759
199992 975941
675095 145345
593307 28935
921458 263499
821702 435210
458499 792200
966726 228040
195191 842354
530382 937728
540292 288123
89422 864563
916518 576492
505934 437591
41879 839907
640070 449916
674689 336647
481528 453732
181856 640967
917541 212072
658097 891031
849642 204923
330903 326490
89908 997167
848674 470916
593638 869880
926592 530143
939150 968706
23847 871777
334475 272465
830867 487909
402067 984048
783188 101001
994785 56520
49325 764924
469135 905518
209635 891929
18738 419101
264223 869105
748350 278172
418721 77054
887557 18806
652677 471727
405102 791347
390161 107912
746792 492887
721807 67440
237364 814546
334271 891813
432091 378174
212605 97846
384757 610652
682497 784992
823765 732108
79776 551895
938444 494226
984761 461151
688583 550877
69233 802832
858830 870387
519533 748268
830213 481027
107652 341136
477121 726519
950570 294271
47861 135114
7823 49323
240294 394846
885601 842363
23890 731986
662851 388474
830562 997108
326372 86191
52616 223273
763968 644063
956982 621690
983087 548900
262004 85845
617363 362130
780956 93785
829724 597330
194131 54317
644871 150235
752840 378164
648384 435064
542091 444729
10131 592235
996539 435454
880148 889210
676095 706341
763835 449197
40026 144390
939410 553209
418820 322466
530625 465684
724815 420381
957320 70681
462466 842019
559829 64005
455516 640332
630179 43778
996113 523505
911760 650139
369454 335788
538785 554890
839701 385762
339524 244742
698759 655006
35200 881814
223 232388
83640 106296
924553 136366
729727 797171
184918 710554
753686 511121
715550 519852
807098 515446
888512 469105
13960 281218
304559 921684
739764 835686
24766 919191
321217 423897
204533 242249
584310 704836
592122 452573
960740 756245
138868 165556
952975 592732
197178 168470
723641 599921
444512 878793
894781 184189
625580 244230
834324 658669
436190 83773
505972 338741
660391 51948
415004 837607
49728 938460
37959 215837
194866 281562
573854 492251
662114 846516
452752 781047
603634 896963
981920 569575
479657 874850
762829 340119
765374 24271
745132 126397
692088 746614
374256 853309
927653 862095
164451 779582
554033 804334
24744 31438
978388 478475
844185 160120
133943 519909
585476 719595
361441 433158
984775 873342
344971 391873
639186 814148
730182 316780
445822 66757
716623 78254
62450 437516
786075 239644
545988 882775
559422 160244
836461 211414
670972 774329
838284 934802
650887 809576
807426 597005
416575 784441
544488 306753
740697 590701
69615 709418
311165 927611
378071 145275
671983 851973
153204 623278
38550 682310
564817 168097
804891 882587
631264 380403
939909 111648
656129 485979
715776 7920
972766 383869
367461 493147
321659 769385
523050 19952
759741 802830
475231 366341
197613 153945
791280 515701
456192 860901
714666 924607
52240 246855
270345 830682
788055 725159
943016 45037
477391 908828
953939 368479
439886 518805
812521 736210
628312 26292
770611 255992
423420 513908
163594 814330
881717 912039
769710 804841
698915 146364
852577 116583
853303 45989
436406 692613
526321 317253
878329 490476
942391 163977
429030 378946
63754 526867
237214 997334
232494 327876
62694 527666
962812 743067
22080 360931
479294 434878
630860 617087
700733 164589
324897 428161
251269 924885
751820 197508
417159 577765
815136 272180
869276 226921
15280 32668
761231 860008
901430 22639
874896 122922
794156 494210
278097 232769
48304 894777
263270 617447
956152 986683
596891 282554
609263 351967
83524 824508
20400 921266
520442 495529
585165 605162
381567 479141
230531 869354
704652 155060
345891 219963
249545 681755
612915 801010
800886 302013
645715 526223
611663 828507
739315 794928
878584 79517
501550 144956
929681 428300
824980 498636
832779 106471
113752 337467
340553 741520
949347 776024
671234 223231
107732 568458
903176 473011
614995 171368
151360 644320
917684 919036
404666 538686
375772 307236
329276 836882
345183 402801
809827 501852
960171 762407
435512 951951
77416 617484
898756 754053
956786 412740
260430 333398
19548 788232
184183 886625
974416 415870
483685 757990
16157 877333
784809 634612
787689 356242
936477 614062
639385 999887
75735 499469
186070 321394
866667 907845
389762 656451
754018 638781
558323 730322
315326 65356
631295 316032
308483 372483
287762 563978
690704 187255
929119 728585
833243 380897
210708 187319
728654 843676
760774 107829
514633 306389
518271 689310
111334 261542
602544 807787
340072 880112
858818 450805
497770 380429
401685 474459
398186 62041