449 321
785915 461210
682060 634541
411810 655213
111551 693169
641074 839481
433500 6351
879836 855290
363150 927434
653121 7906
916988 16316
285788 49642
253090 228757
314149 885060
181617 393561
28036 507760
32981 440864
284733 519868
904678 236330
261012 457571
469848 4783
157188 756916
837548 635524
199574 778647
335830 960625
941850 337790
927256 680382
395329 333865
835004 656389
283210 338330
698616 2525
544079 156524
77192 923585
514817 498759
152869 795435
647677 358554
247280 907219
38970 496072
122328 399298
173633 969400
113334 639707
717675 320652
65130 803878
217138 915662
221225 469060
274565 663588
658573 760677
111687 436205
291256 94249
178029 802132
623593 580843
424622 591159
322045 320472
988924 885627
661163 640853
79283 758071
679758 357804
41323 137212
884741 429635
673539 994193
314976 843341
225296 418222
48351 931328
944578 413381
474777 504463
152602 259684
8703 591228
459789 13996
272817 624736
707388 37576
389985 900122
933402 127112
645773 198764
284736 473933
539769 177124
408436 487449
773184 683876
671733 414885
189506 384164
86996 225956
815644 351079
312027 590968
670627 393433
350441 268614
772071 618265
9755 634275
798692 74663
264162 700236
733782 461078
762558 977334
480653 924203
674125 262125
868781 636620
117054 6810
391804 212771
668213 435181
168988 215721
330075 463261
378265 534613
465752 720411
225334 831005
153017 611970
869620 569184
373603 142275
254133 266281
268578 371583
556862 461049
879890 160804
940785 124334
693187 344242
550460 118871
692706 445265
712085 930589
369526 418214
294023 62781
507251 431593
521006 298592
374649 174335
87131 901961
1319 421281
527043 771100
327512 362696
889260 10447
900539 584025
261010 470124
150748 478942
833679 16367
758231 247089
343646 784107
617448 120751
469450 596430
91229 213117
274555 606215
524543 124395
676454 885841
552488 906833
172827 609823
224280 113123
622304 466299
207778 393926
423546 345103
997915 48839
375655 880595
636384 375342
421960 250763
354437 707384
779394 553833
969267 693259
811756 1555
454331 48659
679936 169646
917005 560482
925902 560437
842172 458569
636819 490854
727250 708220
748336 6315
674041 420475
389384 244314
758698 648305
508761 617515
95541 481484
798655 748105
463709 611747
892359 422516
347054 326627
850697 502598
906387 140505
45226 103952
652022 145401
914933 95735
850467 746093
99015 60288
271100 899685
589511 988847
928098 583336
322669 688355
524340 233286
847165 381053
311595 13540
194833 770558
287205 369079
611514 179049
684989 543783
945224 136004
141746 641976
522845 786846
9820 392404
154024 368160
674574 579242
933081 366571
145762 818074
599267 793570
670134 786157
328262 183182
50857 818734
163658 734232
295507 674634
684932 745401
667073 930593
376182 722929
292754 137796
86311 93986
890394 487724
719529 434723
27741 772060
860984 470624
730233 338521
948754 453956
895811 898557
666368 102858
406592 584892
968839 729546
593925 590526
924786 393757
871114 245198
27399 567048
647070 961130
749599 391221
404364 416314
589546 77612
714478 316246
544711 629926
531123 951305
892483 689572
810076 705518
794838 466100
218794 608735
595613 431598
735531 843131
277348 134934
40528 212774
169568 580895
31025 790487
601784 839204
299757 978371
14578 304266
864343 308712
558735 77316
50447 636868
520637 634444
815707 436986
765079 789245
162880 363303
297100 340634
235318 276380
326247 386169
346945 979665
861155 651770
798507 445693
968491 741382
999921 153636
364049 234830
934877 442327
525359 579822
834628 701478
600502 929752
87633 134914
28565 412760
371663 87573
251311 258982
317223 885146
628865 13159
472044 151487
972324 69105
321701 272640
270294 620222
221553 220438
821898 664465
313671 962787
197534 829582
957904 374990
107247 624531
309337 177659
520984 151104
557671 38608
234331 585083
888253 58687
641922 965195
364931 343382
848103 219992
777677 348789
225901 856432
490867 835016
829293 829892
903142 666732
723611 86936
714151 48094
919909 586494
50588 225647
704268 460329
761965 572586
115327 940549
635673 33361
33005 249286
801826 634529
500119 325467
765855 944804
119366 106140
311108 211785
825096 680915
864301 741978
899260 819976
780731 963864
802262 495697
766067 299709
212211 514516
438147 970622
62811 507277
424566 722836
460239 930913
902158 531711
747330 495483
320759 96995
608710 269686
394541 131803
649622 883211
420825 505744
756582 424525
299623 864317
88241 67049
405629 57635
243388 894905
235936 794983
763161 457173
425880 260777
639302 351394
528789 899478
520896 530850
953246 364564
692538 84299
436605 994283
569937 401452
44911 433916
37906 630327
272114 702633
285982 911918
461466 591065
371420 9400
548677 806341
503259 536264
526516 818220
859809 99616
786786 59790
348786 839335
656364 947445
973653 190958
159300 82334
166877 759894
590479 3371
39792 136588
469602 379809
114981 556262
378140 747497
524043 766674
233272 756744
294494 927260
625299 179257
134565 688720
350436 450536
790443 859173
316767 526810
949890 274098
653725 805186
808723 46252
204585 749157
607519 663364
154856 489882
336141 953594
538701 792436
934271 800873
766742 720113
714534 153695
12212 901258
1804 13917
961211 561121
828791 375879
481984 834160
9005 411445
46022 595698
636719 86750
617938 83230
73667 834085
62272 290700
550090 682525
42203 806418
993522 473473
602547 267244
320386 202863
56934 447445
303077 564861
218297 399593
962988 281922
808110 15440
232100 221678
861187 496220
929033 776320
720090 526848
44347 611268
447651 682050
756312 988398
86900 762415
832028 449561
802404 33421
592049 891286
483261 756020
342479 874173
758715 562166
691900 65513
144998 881405
151635 953238
571927 689767
157561 816341
577013 188419
955807 620851
662868 105100
736995 840756
48864 476537
855760 599518
923892 624467
951268 445779
329114 305510
849379 94730
751468 132301
877513 698520
768888 684170
993462 86952
120814 483461
361382 98555
179796 458297
871785 205525
971556 529818
457119 141568
972030 57666
935705 617929
395931 514245
97699 832972
644950 405069
80512 204727
131369 430115
37886 599045
928831 985074
482479 918112
525296 786758
437772 882980
357152 756008
499914 715074
873583 191748
941433 604227
309616 324251