426 165
38568 427929
219995 133636
490749 858272
30859 920840
37713 279198
370136 976050
205595 734250
181811 578728
656332 244796
760815 840388
316373 665570
968719 298970
879587 855277
291091 462116
780100 840611
908962 102926
83983 431539
559065 17724
627858 970326
68763 506574
43301 52519
364075 310981
127087 461611
64779 404898
26691 617453
512482 985748
17128 343982
219815 518144
436357 342834
60560 892723
255114 216073
333670 318652
119696 159263
765338 790377
767092 105188
112941 789848
86856 349352
727123 243776
52537 773241
735593 88412
955570 305071
675126 476843
604378 264330
834943 494971
775095 17606
627166 318854
263704 961917
162187 46806
118108 371539
843044 612145
486410 189428
852097 999258
825770 351848
75078 929716
936306 259141
383652 980860
805163 981209
946945 731422
216284 309936
897920 919376
965077 236663
155512 602611
313027 954476
233170 769550
532973 610120
82540 296134
853323 975501
688433 218246
676700 921046
579255 716361
992020 367533
436895 175305
272441 702908
425503 489441
419430 717116
87077 56202
591820 468443
498209 833020
633892 399707
143673 492705
274653 767385
542353 628898
446927 769538
832216 88539
693119 308391
973214 176478
78993 114131
805856 608713
727597 902739
176080 565282
408057 979334
155539 457978
778010 955753
434648 61711
228448 543346
67146 665739
495830 406221
910908 828147
531894 808464
586787 121326
636582 862718
114797 589993
970786 508229
621461 177977
92361 469277
168967 722344
849486 699293
411726 721535
267601 579100
129765 209682
116851 727870
569627 241037
620639 308322
974158 833300
853085 723522
115748 335555
382053 283672
705369 54438
858922 789848
639308 335845
196834 596758
943892 602720
633989 901423
849785 333336
398298 738390
670793 562592
992362 845443
831436 697081
965522 785449
117163 147092
782302 872968
549938 851459
419318 631502
289155 882432
41630 819269
259129 570320
509745 937315
573322 71727
784583 420095
134560 878208
890696 835618
170113 445992
745777 595408
186187 508247
534525 656554
795530 295270
323901 823211
674779 224865
607671 135557
312361 449754
190235 429562
285520 57461
518353 877634
255906 526880
155969 465883
6625 824996
775643 45075
385192 987998
372514 880668
676893 122637
471097 886108
321856 450279
378228 776950
476571 478758
873689 396563
205741 765298
395227 952635
654350 782555
853944 533224
940532 894396
19348 219369
727350 381143
576586 144779
837686 79698
548542 136170
213309 261730
106898 578878
415201 444133
120942 772952
902045 92312
766099 412074
729691 131057
710744 957613
823716 979231
646579 813546
761946 75207
832949 799114
858503 363448
952389 853668
203694 395180
294420 732028
707786 892904
426865 610958
777888 345657
133506 801057
307396 438321
377619 662989
996146 496681
963325 830607
141708 376065
416457 974848
826421 366909
384072 199610
748484 522620
833532 228375
678074 916508
722010 294205
411912 728971
584009 474244
556860 984874
632698 232605
356625 831179
738212 522982
185188 951903
325721 936484
211432 891488
557715 680770
439293 227801
59781 435220
902851 542406
5831 432602
109072 628339
930841 432047
619354 628683
46300 369717
461969 522734
40729 810786
811611 375059
178319 957065
459820 353842
934607 400430
686887 85766
14388 223635
244379 160774
642555 53272
843961 383439
238746 27801
448790 589912
812752 25605
30942 6742
354999 694802
32264 192450
705059 862291
69984 220847
918856 516858
891369 669601
608832 296375
758206 10573
603813 334184
122017 544356
121788 986715
675538 12662
826370 28840
389055 699756
697720 425234
216249 664583
314298 554632
157413 279014
17467 986882
771568 33091
701729 496621
956271 556343
201729 870695
694304 13156
861159 262908
651805 969458
961576 928135
324384 509345
481059 392681
268691 394210
227323 868805
897273 272314
512086 690250
607034 64285
982568 919368
673235 157360
638680 801183
729185 521081
405667 851948
475487 764984
273901 752036
916589 490225
787669 954632
63786 778455
516488 678648
483028 887614
960362 264199
772580 463008
228488 664489
78479 500162
803690 673691
942028 592061
898947 395414
98676 269544
326932 870684
963283 661494
163262 745191
26149 28127
308341 997063
183756 4822
232157 474071
221261 935458
878716 391305
139500 812930
751417 836222
954645 983966
505463 983372
346461 564975
885534 202912
472787 683419
826254 786261
378300 843915
760151 16564
846636 116836
764200 932516
239090 501704
376992 470557
949544 928956
37767 69048
883836 617907
971043 994033
797653 841937
39021 516334
638704 435672
890606 545545
957529 975653
314684 755889
149523 385811
656000 893084
382011 106862
328560 973226
638288 144198
596666 442715
156425 438008
554490 376306
313317 769388
74478 477139
392937 60073
77268 732641
812394 69027
96948 312123
573346 300998
56476 287493
549338 166250
207539 208065
112956 903484
795079 589176
316024 789268
775089 648713
360728 876979
514534 588558
489653 962932
607191 43823
125021 509863
102277 155501
997300 466512
973455 54912
979081 944205
529299 535231
750804 767682
988403 674800
579146 3522
61976 11858
218626 738282
886841 625816
429577 607121
995449 414102
512938 905463
127880 731027
228868 302531
825127 127704
294497 922344
308404 514489
386694 478439
564326 263644
497240 929392
989269 631310
349383 211010
948981 782464
293999 269924
954461 327853
58632 61405
141449 555544
894327 615531
440661 922423
545117 519134
507216 723147
451198 809818
272641 447559
446533 910064
712520 43993
315811 376796
387488 313408
965291 488967
767273 406965
457690 519196
818072 949499
151726 158999
82468 113145
350409 170305
844800 734127
860417 150854
251949 690824
439698 128913
46332 646044
724670 936889
863805 454910
335869 924691
466039 900219
695354 732382
614460 849312
555210 86234
859957 956399
937418 158333
785889 310556
2445 732938
770815 603661
319133 917956
98674 674810
516401 488312
805467 61403
970251 868251
631697 634402
437699 372384
401615 981580
937595 618487