457 89
219298 408913
398337 427275
153749 367044
591889 979721
160393 225132
413364 688677
821430 722329
812968 59422
849613 554909
163367 372773
808152 639318
926710 799734
666872 198059
109394 158415
928053 634246
947635 848509
580504 553122
350630 313658
115115 276039
220086 659909
456239 448167
725182 223388
447946 18839
465474 667730
960791 561800
725311 751010
558673 202951
442922 798594
192703 918226
849941 532971
204792 379051
922300 550113
482419 695908
39332 386834
417359 954730
283079 35058
44140 327420
919314 782118
773030 490293
666660 97565
59217 872340
845324 896263
843164 829058
562326 833262
269186 427935
919461 277182
589172 714488
149373 824043
247239 421121
151621 819654
52086 106521
815712 788174
56930 909985
172204 320331
489329 411048
96163 115414
720973 167231
910792 368553
373261 714707
445287 895653
769565 57081
277057 20442
251082 674684
433337 739502
218708 77643
379457 155099
824637 319749
231501 833905
684076 270478
972667 460192
115707 534692
684889 480797
641728 217675
427293 280127
644082 528919
136451 384278
159792 589565
452107 19250
465536 406308
286260 804718
407940 525008
714857 123500
703089 930966
729968 980068
252663 258976
329560 248363
626889 334677
845037 469658
238423 992835
458565 848324
6696 70172
737455 388143
678925 109618
356204 408942
161763 884750
298907 685668
26759 275847
29866 167828
646 127372
197795 227913
451299 985839
129594 517317
767489 148887
166432 313631
711803 377811
806088 502448
180615 91924
499600 589311
381323 259581
617365 566158
989893 774531
28401 812896
193215 567740
906928 843380
760686 261305
595710 274672
957586 678959
339873 563010
941775 735422
671029 571061
478703 593500
682151 874145
395456 246145
870351 531945
896892 758526
740363 220728
382024 309060
749383 521571
715786 879912
539267 577271
485100 358853
318862 768062
197098 956586
463879 161428
62446 886833
842337 185626
967666 212138
201379 395647
875189 589316
65639 840481
124509 54986
68110 739879
848471 273151
24291 384906
40136 520195
157262 734356
679308 251502
523984 347493
86800 397624
878986 394672
821830 392471
48 411230
983661 919015
737301 859774
109197 369555
57350 245423
976698 599507
705988 193404
614129 702629
840436 947112
865064 713641
638789 672103
857867 752510
677667 658502
625189 118976
677257 528294
336644 816877
28894 958383
656606 718707
464078 551223
103552 117376
994096 730067
913664 980984
697473 470358
755640 110054
506114 151230
624197 189774
728931 925690
675432 472365
564270 478799
704294 183505
471471 95192
725227 716838
917540 388048
987093 382985
940934 522511
226363 632236
160448 475488
159228 347819
691747 182819
869003 829727
534396 188010
246518 341540
644565 577593
855524 632485
202706 741028
182883 885631
764141 371324
256734 956479
125508 931066
21375 176553
247544 368907
501729 850743
737726 445598
298976 915428
665281 383584
651296 811729
572744 316462
626631 448686
564492 368343
386868 713620
902367 215493
308213 125753
432798 675245
13208 598523
900728 718865
813800 832784
785914 174807
419663 797519
93011 390327
151554 649079
359959 110092
525995 64080
695334 112502
934098 574049
328314 210606
32283 804991
25843 145920
453623 32815
341231 516039
480053 283402
251386 559498
529266 383059
252067 957597
942215 287364
541912 134434
67670 304134
382021 303658
509740 43752
888634 659489
945517 863798
794190 61594
470452 63122
571293 405636
536899 432751
537114 842757
792214 802366
863251 13139
327588 767230
708178 218093
334434 608732
802740 956033
657336 361185
484721 531036
884134 213894
285424 712120
756147 67520
773975 906253
137347 578417
461552 658952
226165 261023
408079 232481
617276 746503
843414 631991
606630 769434
932642 527086
533624 14193
22722 976231
372882 741805
543944 355933
235591 471825
506218 465512
899716 563398
635360 57978
505774 578941
90307 722192
277293 800666
571649 503185
247008 649175
31594 214550
353943 455817
771269 732465
768069 790744
176502 142410
485524 200502
853471 686837
626044 669249
547454 671740
88368 138257
209147 46291
581789 616351
334885 311028
695689 204445
336409 693596
657006 216303
812656 201986
202680 433812
752312 970610
950876 173127
312297 178195
474601 564555
120241 463404
887573 969255
241815 827730
308823 930624
852721 283894
406090 330147
697410 140657
381407 555020
934694 367684
71597 255110
589095 823006
6402 953941
929066 117392
780344 808587
456260 658408
533791 765253
178832 287726
187014 528599
608695 689090
280226 879642
467805 949200
535889 726397
256388 269212
930813 379338
966326 571883
589407 531611
906925 436733
609735 43458
428330 814391
793909 364505
361093 975827
280990 739767
682760 768553
772619 26836
196290 757199
621077 74499
734223 85790
781037 4160
652670 157803
181799 613523
504945 354276
113714 321392
713582 528814
257251 218848
272783 893096
795173 3074
107393 313325
477170 133292
652356 299297
312323 741709
455064 559393
367717 404267
433180 514963
351914 42130
372315 979042
507554 433282
551183 459326
636894 111686
836142 516891
881379 341826
613162 6230
974056 392654
779883 671480
768992 820760
418417 261112
394118 721241
639450 853749
359722 253590
812526 283827
118042 475330
608839 641967
378799 735688
888764 509680
742487 819105
197886 552878
568368 941803
815487 79834
264818 338791
892277 632200
906811 230691
501228 620612
77373 886843
801181 870678
526572 218857
876994 729905
377958 42440
892134 117170
962349 247672
742094 949982
393005 534861
168676 635593
402587 78981
23509 753665
179160 988938
854075 3483
915729 105402
553994 620069
536186 719639
309225 415219
349793 810743
992831 651424
435018 703972
907651 96116
618137 515821
650654 163841
494714 876096
296920 544018
732274 134997
94182 535245
155449 871137
780968 849016
178400 120595
421167 231618
783597 68111
210928 205920
666795 325871
845800 960521
740101 479573
987839 644827
229573 997253
869179 754286
976656 771833
794991 873990
492924 432686
662353 597640
362266 864053
375425 299695
286177 533925
644015 338015
2933 122188
558082 770526
529899 871695
515979 653299
70661 852210
935108 918189
313899 861144
356845 126694
978962 665290
225099 315170
342022 12598
170479 590880
424665 804761
606743 956384
761445 375187
517904 525780
87762 29263
587904 920691
540585 447082
212849 723036
994882 826760
840380 922519
574033 29350
784763 258765
644540 483106
214703 787851
959242 175928