782 335
748102 914539
857120 676967
479564 654722
813718 150561
526550 847220
380854 372062
569549 299623
143231 923429
900502 728223
424378 191708
600106 425460
927579 426390
837520 561453
385660 551357
231569 492989
963404 201750
546836 346417
808001 882888
944139 222454
47448 708097
968578 697248
89423 631231
829598 274674
531916 494210
907152 669478
47072 844503
646300 628187
8217 160820
394146 620322
447180 295124
396370 40913
466521 93643
318202 963558
562863 121236
398188 56152
439687 439815
878974 765807
342642 329751
680109 359005
338086 55038
244452 275514
476306 798853
976396 806634
653792 528855
46385 15932
611787 752545
202521 655113
150952 781744
84804 301138
548671 832928
532224 684731
220679 776287
465384 38255
467488 9760
45246 121823
128775 411827
155709 969072
451931 74382
188672 880084
206061 152043
504805 938098
795359 591202
98312 832159
292124 980620
209410 60637
875939 163093
316230 583625
131099 740950
884582 128434
649274 977039
780595 452861
626787 936442
838978 370378
378937 921874
739328 610990
775259 82623
428650 880358
869769 143454
451575 974640
745820 927740
40622 786782
563704 906787
245158 794726
859471 322052
330932 222598
512057 965714
420726 647427
517835 547971
912179 931672
33696 431290
943203 345064
767112 358738
410810 374561
78383 999407
908313 45842
173408 656715
146151 44560
312149 954231
529204 966721
184709 660032
415435 934124
743102 109859
38215 614026
633489 329485
637809 912600
734137 855129
792908 752869
127679 83505
901056 43320
570291 85174
281694 182105
958641 779788
722218 89638
817736 332992
369352 219123
632626 193036
79292 917230
359928 80560
409623 729122
513628 566309
148067 392164
614509 951707
794544 93244
228976 553190
811782 64857
546709 400407
899423 48505
37154 30297
58486 386387
957584 123220
112827 167422
452438 890331
710822 518479
690476 867728
562727 334365
435925 684095
743992 932656
454204 27285
525065 633922
381398 564778
913334 450196
797695 65826
374203 862029
715433 395753
803182 298519
260717 959163
654964 895253
14838 394716
639372 10144
168482 202100
710150 697941
239012 368886
914413 475580
955791 808260
278637 484102
417548 316927
236160 238730
693592 462130
200060 782672
934011 328092
271961 385036
834490 348024
527743 792140
393813 431315
901374 342755
403503 23823
545559 756319
911654 46066
197295 325840
123087 22247
515792 511844
52686 105446
862009 895925
250702 262858
645786 542846
111977 929116
287604 446502
482515 301622
326086 689440
334050 354131
617341 703672
186293 825082
755346 339341
87019 623280
957613 440404
47504 829853
417632 974543
718312 197500
243028 8637
111451 924668
698383 233466
604968 792290
617784 425065
732512 971302
177569 161230
340241 631376
365715 170471
321898 798556
940149 635961
548283 76635
719372 657851
327052 183661
70169 342161
162756 858400
608818 612460
234657 695021
765179 742512
315756 401192
321637 831997
959659 19771
113546 14911
432183 146053
580403 768594
954711 204934
362047 690294
760374 653023
412725 362696
468510 358405
934190 192266
332381 196410
38937 653621
666578 526023
48249 570084
784526 771703
768463 773967
286497 249198
501085 106569
164569 342674
536848 53446
837002 93992
273928 257197
950777 27911
70041 475825
32492 413585
386203 588084
654592 789525
804840 960636
899613 404205
910307 568437
211868 739052
107929 888056
985532 124155
567336 131080
493154 130515
776943 539429
168614 804722
2738 330677
835644 738606
309299 904501
925551 461862
585331 416186
538270 546416
967264 337384
621728 644386
272677 824817
442550 508970
174443 835809
49305 818669
404832 811497
784048 112559
41601 436501
302560 309830
913046 530094
376203 33817
438920 794323
415375 446326
18393 543937
437158 257872
694722 226503
833047 316486
569765 751186
923302 209983
536708 765571
875286 871265
129657 61793
479119 641537
295924 525520
279218 844061
86346 537534
749486 449653
565620 150328
959378 74905
639809 907096
654892 419057
768548 793273
369892 778754
188251 315553
622732 319393
533303 321074
265857 608923
570956 950877
160154 377020
288475 571813
805069 75280
431964 595367
786148 877247
440001 748837
293997 221662
588102 651140
29415 976831
198495 19684
924301 381676
889081 899998
583540 870191
655214 502770
467307 713651
948603 893501
734335 371190
921518 331023
58847 577938
368259 167398
44292 216971
919637 922370
885612 523187
289024 872427
377663 469939
578596 751881
287594 51901
796967 427304
944416 747227
806846 955069
457299 693925
542983 811226
301119 3424
814807 428805
887253 706827
450998 472215
255560 292085
972639 227170
816535 683727
840012 16659
663081 115333
266510 714457
738356 931350
10745 220317
234630 569976
971958 760315
397105 448401
667554 189334
901911 25884
675993 421405
441349 192652
266640 453232
659398 133320
761993 978122
2794 604887
506453 407223
701833 731480
587278 937302
523367 644552
952693 548682
774416 441058
676563 204193
860400 462101
960562 139197
893043 580383
349520 189577
473428 918098
639678 559608
869404 927478
89288 897836
623865 742222
46800 777844
990793 845411
9865 226027
951846 779375
998891 443382
150977 141161
972384 570421
493793 626160
997314 161656
136178 885468
993379 501801
809976 601958
842828 440394
142721 196698
283844 605645
800026 793169
710300 726017
476348 29622
70976 447971
333234 725909
625697 649102
319294 270235
835465 750035
345832 125246
758416 202812
434443 217699
724758 753246
660174 238962
601422 207431
635005 739300
315791 76362
487680 485362
983160 349168
886719 313641
269618 575095
333744 590161
92223 230246
618795 588238
851438 717409
550596 259162
411793 867812
765731 847886
600700 840449
77815 786431
447490 185149
920681 822785
989972 463429
653064 656601
650090 941129
918454 182928
876138 967678
595656 315362
321935 509458
219012 134517
587109 731533
177771 556918
336698 839209
403489 841757
578175 759499
363555 129563
888259 565807
897487 513021
604662 866415
12482 18860
295139 55026
825382 789780
989298 54652
986737 288429
730885 940605
559966 267525
372526 887589
165369 994110
376910 751945
454076 651104
872435 820029
152472 819399
635945 196669
433566 161593
195071 930609
20678 395854
528086 181038
222506 51062
492247 661264
71193 973428
505534 461521
739029 261298
866149 857013
686753 785058
705642 985978
690807 163802
706333 270345
655257 954151
949268 105826
500831 867915
348690 325388
695811 691024
770010 846996
569065 641916
656217 447310
689847 198023
857485 800015
136654 909938
393071 858207
381670 671925
438619 863817
845582 22896
496739 354619
854024 11304
855520 118292
185415 926123
724130 58041
831857 569945
506899 237187
343513 474620
521334 81078
786619 302830
719185 705166
782652 962741
138389 849335
836324 284287
813649 551955
849222 271258
447183 692799
874953 177663
612061 493105
350023 605603
300445 342235
783718 989284
177135 746166
925225 370499
643777 547764
820175 337446
864479 192134
431031 589384
915725 473550
431022 297751
875844 853778
247826 434096
13927 4477
615585 32085
346815 21351
96373 62730
814493 722877
233705 738481
465655 924341
339985 679055
189893 175653
735595 179490
164872 227154
472605 752106
1784 770719
310107 415292
535585 720840
36231 842564
6900 325001
653914 354155
353369 359230
59812 453558
647669 259292
517113 876612
386232 830775
548272 701484
417948 325081
991120 865021
333503 41255
676318 163349
107368 64397
949913 604126
348838 300208
620584 184822
379497 434010
517201 445137
603568 807370
498984 488191
50196 663827
511890 414987
482240 131638
758819 675479
949633 217394
944625 46363
280058 483486
723857 131369
362365 462396
781855 116808
672612 95797
415338 83647
680485 455094
545890 778138
760279 727090
387909 124533
845797 381680
779557 222258
875311 847554
866733 28922
530350 549917
223663 269073
64071 175892
663162 624085
497172 635428
457671 466844
463150 998849
789615 999461
844565 912532
195441 984169
197260 81161
775211 665852
747666 645664
131167 607253
480182 378764
177218 559078
827293 384799
67416 16346
136935 767103
595178 41341
658433 791727
436245 591654
404430 818098
92721 142612
931671 589691
901002 223
21288 257246
359456 226974
865081 994831
45593 249359
348184 771828
448969 403037
511699 771655
551944 129352
187320 259540
912644 890844
547982 153503
776567 824610
991015 935291
892402 567462
823682 585477
374167 471157
972822 371651
38582 606699
551978 712434
501636 753907
457048 32566
248227 170925
775904 103628
417422 418329
506665 126137
988263 541155
412348 864699
630073 385798
128319 241459
83790 353260
954415 401782
834262 349157
180814 380052
22110 703519
134455 945506
684687 419080
222340 495312
565662 143142
174979 212594
468302 555772
230842 353978
361837 363569
43134 508152
886828 114087
933961 703556
284196 502180
414804 995988
612779 431094
648019 477101
31731 371372
691800 290851
814053 794626
501366 127807
264988 464874
473864 539092
507864 548309
182511 365602
263164 133383
735404 504291
673168 934907
746233 853669
460371 749045
51109 128666
896330 990508
395858 334567
978319 681865
154049 901330
496861 490631
822818 711879
709543 467744
566884 772351
505060 375596
354521 27337
835900 415201
417359 9739
21953 904299
691698 339601
279674 87721
848407 559842
772117 494734
16021 964512
404332 929108
289092 326729
714323 235793
309711 351394
486824 231072
133344 5475
696212 142238
918006 674675
181273 618102
528754 120213
623325 62516
806024 47916
19101 212352
333099 918970
827200 385507
968576 56720
933482 25416
955756 49393
333136 333482
247978 957432
50131 399596
271824 832979
363830 574857
588312 13720
550069 439022
955279 387849
78735 988254
291832 469246
765861 863257
527733 139191
252400 367468
855589 590279
814127 826528
846203 838228
430605 12553
842219 978885
592173 493168
676777 235527
17184 489664
595146 685945
293993 692528
19404 13646
596586 255930
623943 796886
2976 110782
187481 134952
47522 687184
913182 507938
316225 813547
629879 89079
998719 701822
14321 921553
707783 637414
218759 714541
160075 420970
673682 714410
930496 764454
760822 377202
487359 894372
996655 30886
515594 615194
425868 388266
563793 995153
31632 599827
431100 38748
58200 143710
738949 589631
465424 966757
889626 538330
724015 655448
617329 749310
488603 536346
121533 516541
816942 657425
2348 606067
970985 789740
36737 210994
495907 973596
852741 312997
88799 981237
42674 411358
34746 534446
290451 424763
932440 222939
344957 655725
963420 753805
875196 768358
232876 374678
803604 85014
401405 975564
963759 954326
407541 572450
441265 785073
400358 708915
754837 112877
183026 595571
184234 335619
422099 137280
373160 342192
645142 857667
929826 306439
914983 97855
458157 75940
870784 232845
950680 275728
538521 282312
979001 502965
266735 572636
28288 372995
225100 984916
667783 450218
971777 119914
715281 355190
96493 54701
764328 799124
975620 757707
607310 498371
829580 126735
71146 664892