756 416
760568 198740
807428 826063
509476 685185
818236 165762
809536 122888
201423 30202
854802 333297
684621 132177
563393 448509
33629 782595
38417 549339
530174 989334
427835 121043
489869 76477
262707 941015
915993 744463
630269 474972
845991 464367
722064 64494
580143 461883
909235 798194
754436 776344
161306 223561
868666 398728
975059 668569
194367 268579
164459 696665
974683 91390
907244 800926
501652 98414
902164 319317
94289 786468
781644 888606
724937 975326
292476 470489
363691 39004
326431 245726
177955 8298
595236 686917
357776 731381
282135 875525
852993 629948
715157 18193
245059 311753
730338 172183
91906 313619
356326 112140
726962 322496
806886 271124
95697 422402
657604 38332
555536 974591
968113 968223
290858 994748
608817 922358
62645 837972
87447 379966
849890 754411
877766 487706
171781 832347
23118 163470
868044 397668
111690 623685
79762 63689
86969 676542
307604 118612
885288 593187
822895 214458
429728 500120
242720 826369
112160 381084
726436 553273
731559 391819
173948 642214
694258 799087
991748 389223
252073 204863
6703 989993
382401 922825
516107 600314
514654 780076
487053 467233
111314 38506
661906 263290
954270 275099
696413 875116
7823 368155
949835 70499
572878 613528
79075 24029
958403 611635
81376 46751
430506 901243
396062 420623
489253 52281
914738 15022
189588 376773
48778 439093
788917 92119
954568 960503
584032 426264
389289 137181
458999 100936
76440 964095
758941 409650
617104 514054
336996 696304
913207 91012
845770 915617
38160 888374
36290 503480
202354 324657
58653 558479
2536 309043
123357 384525
344996 933700
55927 904303
940117 891731
634337 397020
209473 364290
626557 544842
696376 492830
803629 127950
578468 512559
177991 246796
155375 648377
686409 398520
10516 822967
313970 116108
250100 771777
987982 863702
286344 273526
162219 550884
955776 885951
902122 42391
439588 146715
679322 15276
597663 667700
425087 77746
957844 257454
970570 520796
334149 415469
384103 218321
765685 886464
512691 771937
802088 417075
938702 126786
398617 737268
123797 973222
761614 442101
909680 378706
508230 965582
930026 966836
937841 697832
288132 572496
805781 431211
191083 778964
690125 603793
250750 496278
328985 394189
619009 169265
670505 382532
374537 377474
76939 54494
347261 562926
183179 577967
977455 665659
249811 759448
162820 653144
27608 990189
558891 40034
914812 614261
842 448902
95013 834234
969549 393716
77182 761323
511321 943612
189681 197297
993084 872225
252482 871458
511745 962036
218003 570822
242863 498092
141551 830073
19202 455986
629679 589743
94651 329204
99568 951244
340113 438953
466879 510426
439166 426398
819116 591799
548804 292459
359505 797278
509582 727882
773262 951057
505892 613851
72565 262847
439626 656269
124078 822557
925767 763661
635176 762568
338774 335470
272584 931148
228733 774348
586615 378139
971025 342646
538628 566818
492719 658937
293481 174482
98452 763002
608438 382361
282370 430151
310513 424740
245028 464627
655801 965522
953453 405060
960752 705269
833431 820956
847777 946818
360048 590663
994660 129997
854258 227407
743602 263701
290833 830641
988023 69019
512004 205883
51399 312257
409582 646546
408342 530258
285635 726977
875065 971103
848100 485423
533604 634518
875308 72439
996962 345841
371859 539916
970895 146105
285670 878601
581440 954780
728752 196430
610889 459734
843861 627592
960607 517459
892310 799229
325262 536776
548194 991469
533703 793007
737321 952188
208485 745404
280491 210223
383044 295997
719156 376028
856834 624526
930773 863164
732483 79731
906455 392191
322958 243368
540150 469482
826297 507233
215009 497221
183586 896291
895875 832979
749086 218410
914147 899538
446043 858023
309396 281176
645907 93849
714636 186910
636766 727607
50062 652110
441650 93824
6744 299303
905826 342585
978300 880563
505722 807549
342541 483782
598809 274636
384528 884950
274799 335466
131129 335749
430091 457087
614669 721162
128755 792282
630709 662059
808418 194456
674257 334211
236050 600328
908430 214361
337674 380641
345793 873179
415197 39532
381590 149979
346021 765227
219889 97911
482650 354754
343267 813466
263819 907599
695279 319934
36418 8175
175172 535122
781498 932141
887733 394229
309554 554555
157543 355428
465209 253141
696129 610479
92488 970708
282402 717176
583192 921357
935412 672446
990893 204575
591752 446752
267564 839183
683906 208487
240351 883423
403318 725740
748967 739785
837150 849766
412017 617835
698543 612956
866496 599783
601643 719601
55543 206960
215756 78242
136757 488731
91131 730037
184035 597596
284746 304637
314343 693595
393553 961870
678037 793487
123373 888842
659717 492471
726256 627692
90772 130837
625999 877685
917974 562809
645130 360935
812956 737925
994018 320993
801365 84746
553982 707353
77647 70302
340488 966007
942319 205592
724617 643042
132707 428844
782815 579509
675504 432102
883665 851701
80738 800528
429379 983169
43160 875603
250824 582308
437991 405829
584206 107241
343852 521219
4493 640444
155445 925543
131300 233495
273191 81679
723052 207745
835156 155678
771136 653171
5567 431951
869285 168165
28026 61115
149308 575050
694143 778171
768578 809163
946181 237865
495210 651584
380282 532427
547318 91118
96559 127932
256721 939265
203972 603814
494756 406599
485308 159680
915576 387583
810081 363050
703433 315623
135018 16069
566743 377223
286296 261527
612596 712573
846226 493523
480115 505648
128636 759097
72824 378843
442065 190694
970788 445740
912372 764548
137924 496939
385169 847688
248363 430945
115482 498863
836607 261964
115309 919944
595614 59695
265712 544928
773699 274106
218301 345157
339291 113631
63936 52126
10469 195579
44137 450391
849495 525572
124192 268030
172825 957718
977924 222493
34763 284501
517524 430512
266966 288075
257997 285936
204167 910795
267206 410934
941783 530228
56478 458693
355648 539260
281265 848896
759250 654754
259313 571461
998713 353668
408530 58529
416638 914979
187197 949064
53897 241923
731 78845
15198 15099
235616 335172
268167 585718
453557 303392
104261 658425
604594 975529
127351 785685
793211 532490
200046 122088
782068 997008
76908 384104
708976 496350
78675 875664
305471 752746
107284 319790
117752 822909
938658 835935
100791 793935
713857 474876
518639 847476
368936 287029
381906 560020
972486 413780
392431 142493
712169 704283
371998 827162
593685 195397
195781 325366
167658 884223
81589 746480
988688 12357
617043 985555
244780 238606
280662 857116
392110 253516
972954 765908
252163 612241
766157 43711
903678 943198
480829 646404
864694 255604
306212 941667
450548 482652
640997 415150
605328 846843
386561 942938
427143 682064
402578 308467
251310 215757
112961 936116
733547 967280
832399 625771
709530 587500
473445 65596
33757 408491
745919 336469
377079 664637
462948 224870
980492 775713
485287 957006
102724 900551
788592 959400
145065 499118
690416 880470
805800 65561
61137 13117
930214 424161
510922 324682
529490 670822
77010 525687
798386 267948
29739 483745
457662 763609
216650 638022
181740 289143
234388 319271
17765 726697
652653 602238
320073 936630
304628 310628
444262 640285
145326 849329
149946 652019
631153 372952
858396 43722
865883 61486
29659 921889
983939 709237
55115 934926
467376 757032
305479 286052
128605 164833
916862 71473
493660 457612
87404 207548
432150 25286
266696 406223
880770 525236
296488 706970
644911 307009
464375 907989
628373 351046
447974 742434
475220 321254
19990 553498
369929 279752
617068 945605
367687 396611
986405 62274
347999 32952
356554 281369
868520 493201
343621 463103
794342 64654
567845 63309
680030 554091
99657 92490
817027 377439
647267 488156
541800 778711
179565 741423
735276 382921
929139 989093
958807 569766
272275 468804
611674 470137
35790 908112
951155 175402
45389 856372
563069 416801
683566 547427
712560 941387
772985 985978
598818 233213
788108 134767
732014 932325
316115 922085
573205 628738
424562 233532
454383 616977
413944 982163
497925 229640
781825 79237
104903 917856
20778 56619
39383 497242
663039 354441
672836 868033
886341 667596
783572 495899
432830 343072
711982 632814
421485 928068
252124 566687
111805 58753
28423 550744
719176 340301
181929 51273
945782 398557
741184 142890
55223 895169
684635 984442
268764 680985
549986 441216
728799 685485
697200 28790
55607 769190
168794 346284
217325 332136
345245 140588
905998 577274
835218 87555
641813 428765
884321 953188
119541 273235
327370 217280
594132 619252
735134 598446
940525 479413
187699 242267
845702 232503
347220 378838
46577 883429
632816 778599
938370 598059
858834 822376
580195 802390
538585 558729
458479 288846
980545 418873
363873 949726
859938 715088
332417 852172
499301 457707
560234 607502
113435 962108
443965 385815
572613 781649
64598 234455
178395 561920
459524 363409
5341 925782
745879 114926
707939 797053
711446 218343
269862 491965
563532 964243
308370 989922
433619 633191
242894 701261
722354 162776
275118 743821
509592 858481
955580 499462
838714 928736
840099 960668
894083 91662
730417 823651
815040 866351
637256 966879
132926 353906
590670 14616
515786 339640
295242 473572
950835 257263
681761 707497
838 711740
695587 977537
151589 608050
977428 60369
793429 778497
403653 502248
38859 52956
448313 300900
200303 318412
29114 181644
841323 451569
927808 61643
773482 230221
595938 493067
383050 881612
824410 87317
315418 956645
491648 798664
24764 34024
196027 923844
318511 705714
461835 41327
672842 963907
360882 644138
557639 918725
178375 331481
316991 73816
458008 945977
252440 665867
428509 206867
410961 237016
162470 76168
339656 183911
957334 364822
434482 66151
119172 400395
293698 75235
615175 257820
146842 216486
271458 931153
433242 837131
79964 257880
623244 311615
240871 627192
800104 784796
600790 838204
440137 784665
614404 981684
594730 328945
475990 877748
155977 627566
749735 712179
127506 773497
770382 424900
655907 609933
472242 736968
931337 71700
235714 528482
86262 981379
884185 438173
489256 156906
599360 247549
127973 601276
313005 192989
508958 989279
591988 9653
586378 248756
677249 951247
486685 45774
577338 755649
983286 329873
94951 848184
942284 337279
268900 422040
89751 929314
812989 646517
820590 992368
521915 302693
904660 106244
871253 420587
479401 532023
191723 151045
933524 911047
661940 120967
534910 485911
625949 830936
295243 36972
317205 355299
170535 753313
52469 811803
377503 819489
790077 802742
899986 814138
960351 793255
179397 150634
992815 761609
493945 13770
879830 744072
605175 966265
919476 127518