928 503
3826 890853
461682 283334
863255 481391
516425 960832
500771 126699
393272 536775
840672 810054
702007 396592
478041 685003
611556 346794
690550 570520
96771 388315
147136 275658
603282 327617
978765 114969
998845 189224
384165 148144
702075 624939
150527 514771
283061 122510
872949 881299
608283 959034
449826 164936
856472 586383
744415 98057
214697 956751
67855 39390
746813 669972
30162 276810
432191 319366
43854 293530
219789 184182
824531 772124
784797 805589
142463 218067
782433 609489
9156 848206
917955 561251
24068 324505
179953 867434
352508 421678
168772 45453
209166 246702
594818 412505
500276 746268
253744 764255
290068 171818
553180 687713
479160 494625
181439 933026
232631 255434
678703 785716
796004 454958
293512 635565
424855 466964
940887 491853
937031 879286
494438 208234
753050 740374
770805 170599
107263 892221
737625 99144
353875 297957
95311 810276
173444 218391
786822 884245
648746 506425
153874 479571
874772 147744
971757 648252
849195 998321
370252 790673
956726 360111
869117 148729
699022 604704
433302 301870
478873 24366
671916 601046
404357 555843
70622 934807
903612 484831
652821 777178
730630 298477
967667 721818
988754 108714
747824 886242
520137 269500
620709 946581
739162 621401
512662 333085
666872 448997
39264 113648
49288 507888
363621 963760
995705 366742
55167 416078
942121 299622
57913 637087
112914 591779
713316 836711
228350 719162
14610 698153
125715 354800
832064 108006
536311 678578
559575 841884
987354 536680
568853 228450
705064 224983
126528 989818
500812 94482
688783 382174
483862 164769
175601 943505
281574 580719
563116 419102
318550 752846
759082 567832
39569 576558
281119 989211
454440 945984
793994 491800
631695 417236
379761 695448
735193 433534
100078 962461
663753 838984
165066 748611
500108 201939
983757 120141
458490 970332
137530 434627
339899 708837
75413 611593
64444 789501
963777 224649
407066 383616
254058 119745
933548 847468
754081 395405
546219 413207
750740 182626
585414 266535
174140 269384
306274 522515
850095 434199
5018 956907
481120 308314
939708 771334
146115 951266
189335 43604
71022 680815
569432 55970
880051 140350
717394 402578
946395 361874
923638 8961
772036 965382
871734 406794
663417 8224
626594 578397
831298 491535
55209 271500
749077 177116
308667 398370
942962 170672
329323 414745
479818 314961
167372 119998
932871 795723
698731 33609
488027 925946
871874 481057
790827 211256
273280 215570
406632 938859
734381 555460
397997 100744
125329 211838
196097 429364
318869 903664
574370 237792
540316 577445
541299 531550
204379 350676
742557 40679
295747 253697
597644 99136
918915 995592
164354 331116
746858 741258
107066 544261
694056 645778
639873 877140
256600 367215
532189 793455
544693 935345
756499 164070
203796 870029
728210 166136
243665 635468
712780 89088
687442 38061
686029 583866
343035 591812
630208 959153
366697 255816
260877 119212
526915 699316
161871 602465
725617 283391
37307 86703
832189 430621
648767 529205
873878 927001
649653 903413
22304 99305
828854 152281
273712 884704
711788 832125
82526 364574
195887 806269
993424 388360
910178 220777
609935 312660
414120 159843
791351 373293
542356 41434
613306 697355
395573 231452
67571 597300
890068 653237
497166 762223
507934 666049
7306 844438
764325 284370
935957 648557
175584 780856
938849 758405
229430 110697
302600 104130
940797 149479
417369 509036
221951 495452
842908 374954
598787 946793
73578 553270
391369 449432
152585 484727
302976 665695
149285 494367
784136 994996
812244 597753
197571 728143
700391 535312
828804 119981
394091 378969
528091 480622
12100 107571
454104 25085
407247 168630
493703 801217
551969 231048
443366 112690
321537 542263
650274 499009
757871 928336
594682 388003
97350 85608
302324 484189
583878 543581
448218 989942
725147 787821
550973 674014
902495 796527
568257 626471
982125 480789
955078 451774
339200 375795
820770 764309
280137 454230
793971 622473
625112 465825
561558 402543
997439 961805
835490 720162
628894 575243
445476 45259
976078 497313
537970 731587
665832 222004
194950 63243
968542 970741
417687 154644
763267 345737
996059 261324
730655 227529
671646 696337
168939 491736
142210 951383
691486 12759
813563 922023
960614 870805
562227 597993
310104 971581
747677 879639
760395 299588
28591 516200
532893 580777
930721 134951
738139 545106
474587 890700
798345 178596
397929 350246
930497 581448
820000 603174
424594 983869
132459 79728
83402 472768
333112 122744
478856 80081
41244 221366
180358 833787
701029 549338
590261 68066
580815 177668
870568 310609
924080 395410
516645 159522
37367 241350
139194 892490
646477 116165
637405 479870
943528 719010
242343 401298
735446 589682
731416 5119
862916 578213
411826 347252
970979 310027
884930 298018
80789 695966
578504 353744
456208 620305
843606 972509
882909 224713
480238 761336
745211 914475
878416 672322
829412 777507
418133 318800
93208 143331
316280 318027
984425 955385
904480 716560
531344 944779
726174 385524
248829 203137
399109 664302
240890 245701
938820 658556
365019 466862
294986 235806
727778 821317
720657 305860
446422 993055
97624 695621
608053 16608
412138 842359
54882 372692
678513 971877
671092 491142
30930 751454
991771 704724
121472 562841
412669 332062
366866 20211
335558 240719
178275 479142
598793 649686
572822 441640
879420 628370
18442 530394
588428 766347
834052 246235
77791 829749
812218 610492
683074 386661
87834 775265
832965 875337
249477 844125
908688 425558
898123 371642
849520 21681
81453 321684
670229 922172
309075 307896
456049 365445
445926 166527
721931 322987
130353 178794
12727 356284
559414 636817
471524 143012
409773 833533
448599 318802
72618 785254
409910 762640
575079 222425
471596 339579
772862 420877
788262 357176
464143 255723
787253 978872
680577 434838
989223 583157
796232 47221
843418 296737
788723 717279
600519 382412
595034 134358
603768 448078
16536 414354
414761 456463
38395 389913
261141 948315
646309 332869
681605 197340
107204 179267
829951 230583
938920 653584
894585 153360
466773 421183
501145 302234
197402 807061
855402 350087
716436 886345
855721 45702
388530 614677
256035 762256
860078 318243
712939 991350
541995 980306
352146 576628
620888 493501
142706 816111
302835 559794
394845 625638
773694 425952
819927 982664
753382 233271
575422 579167
75014 580529
828807 197968
719082 774327
248320 993270
280251 161053
465701 837424
138864 551240
600528 679872
371585 302754
602364 7107
954081 153525
364469 451952
760769 328002
998419 367930
85216 86747
538533 451435
663148 706749
32475 617179
521171 959340
230077 817649
622652 861012
847001 888826
723421 217952
803997 804976
984297 118030
834795 584339
273207 787584
224369 817023
613705 643533
800520 626430
298899 490444
554971 90326
178436 965973
337241 9326
162273 635788
703425 955389
931659 47621
414821 645389
197692 935193
153073 532941
941411 986519
466646 183819
602999 739768
913705 662425
17270 806237
929750 718636
168989 175291
177719 655495
934586 74260
305683 673783
613324 362933
145293 358998
730638 484700
353895 185895
682510 768082
530458 711251
143555 594435
319963 548751
345562 54592
159616 228637
200385 146951
323670 904509
53676 439913
25064 259612
864105 298506
207564 420823
882453 26168
588255 799385
51029 623938
485559 314165
954318 564714
122630 342743
791013 155083
310898 630177
426402 498355
607325 232246
512119 719756
30249 310731
346272 709296
968288 427326
933227 285826
354375 801319
610745 978207
344213 784015
584049 830437
67844 774323
704322 95594
557579 972340
348719 264266
959335 963951
532798 427161
26443 840289
358753 457752
987206 791593
721089 187335
824863 713826
460621 153050
373850 128371
589313 329434
569162 920547
188563 804166
944445 80386
637154 158285
448064 121965
438951 533681
575179 739846
392223 253699
979663 31301
187413 725550
454425 252951
771630 81091
551234 467512
953630 524153
13687 74625
125337 462214
915856 978511
347553 156178
866821 772527
315553 546400
812777 247137
244844 273682
447030 582204
427799 788825
350516 86954
215579 437590
711717 314267
3736 240154
531239 41170
630064 286660
95305 496866
795559 372920
803619 850261
139443 349247
257155 598510
940242 35865
287956 240807
326596 822229
526157 607673
419084 998330
692675 728338
554605 536517
233637 216330
848371 469161
699912 159085
960074 637605
22049 64529
26321 613804
144193 989719
883451 275454
603817 826480
871328 776932
9836 235620
710509 349319
599621 935084
988226 490827
834969 841632
669038 865920
758116 348491
435186 66088
807173 232828
344569 645541
826729 813960
751264 351637
242974 890400
983967 599424
92477 463820
761372 469042
572622 916177
561472 765840
861535 476954
414188 961646
860818 612989
556805 761417
535872 963235
631233 378617
259515 709205
318807 544517
239565 131333
45396 356260
161133 546954
13023 799223
485720 445328
736091 631263
309268 846241
922369 876424
739550 45105
962326 156551
417658 518251
664350 986819
208574 716475
828389 926851
442018 914913
138254 139925
897634 987936
317192 491247
118460 568585
205159 142762
938495 822435
525404 689813
385885 736394
624142 265059
85182 740365
341722 673142
819176 143414
741615 233029
145184 44383
265151 999229
154160 170185
210721 917902
977478 801453
331060 454180
567855 140090
269349 743636
919366 409058
606417 498497
345428 488554
253428 910059
599357 996484
472884 544070
459982 418226
549512 974877
916416 492147
723995 514023
459469 209219
590901 762825
520496 381443
724482 708747
40284 55733
302366 987517
439807 646984
304048 350957
377633 597213
229992 939939
305418 720830
951187 674411
151616 330823
477520 178962
835712 956193
359615 825720
307116 513004
485712 720789
520822 47969
742447 437532
205300 983377
669293 270715
181129 752328
574040 505333
148839 22146
778638 389440
751037 152755
434218 835598
656611 965256
657012 215266
325604 499254
402468 371231
269519 342064
558620 200289
167103 432887
259176 805165
532715 538651
217197 888399
610200 745405
623938 940898
653855 909015
578335 899516
63449 712679
247458 591577
171494 64144
720026 633763
893114 907575
482118 734393
946192 58318
531477 309595
193934 212832
603348 826047
533512 776858
594898 749813
630665 147070
643738 740449
238468 159811
720165 566239
488703 618381
775671 850929
854080 441596
769997 289345
924068 656829
496390 608227
757904 740278
191891 826117
720924 379447
44661 259909
596465 769341
6451 598714
27562 619289
655516 80148
490075 840671
389069 747164
519552 974385
416865 770027
213863 310480
326824 200440
776366 465916
198473 339294
807168 239848
828746 800558
552658 321725
713600 468476
518563 702329
433375 391489
363626 797242
236450 55579
468836 885607
224723 378390
426758 6911
430391 106328
378593 511574
826921 726123
474101 211545
456984 8544
139246 728788
505154 209011
670447 945921
942929 848364
344676 829894
968621 809449
470355 444495
506648 370581
205764 321089
416145 263717
218089 296894
596020 956773
885995 493195
587424 263898
91890 993854
272783 238264
708268 309176
855823 719179
100974 130179
920630 137875
577871 833403
794528 153510
971605 909985
987403 812765
985532 92907
167262 225862
296929 75148
581360 116069
501710 312624
839709 686707
337557 613424
87781 984428
309738 563554
47407 659912
439918 164876
158518 995427
108418 497547
874416 616095
465611 842792
256130 763400
292260 802118
940485 445403
56780 522850
424232 988176
256403 538335
966551 72490
752444 320035
529995 522099
486600 555762
354199 464007
811804 857048
250101 774061
835348 490754
283621 612193
149123 386467
558386 378671
673151 858560
904833 941396
913670 410090
152571 620419
665206 725504
271177 516343
950476 617489
832734 769405
366407 683810
800151 845282
74894 921955
325277 795248
801152 955706
679677 932342
892875 630589
43500 384359
767913 966056
433411 71409
418922 854786
48823 858372
809775 996039
269957 224977
203149 708829
359722 828897
66316 621993
447698 705792
350455 288650
579003 187801
727598 244780
481020 816717
767099 3391
727138 699585
620832 45227
705484 183126
60628 107128
515720 391712
78463 146250
888631 754393
730116 155219
139036 807835
769077 571217
946453 234573
966427 989358
644954 501948
822521 137538
206421 650242
735755 319441
558438 573689
117222 234938
56546 388362
291007 187922
141582 570259
843376 368011
749145 155663
501957 282128
595648 359350
781016 300032
487192 345582
774873 247797
335171 997139
565689 35283
492611 892689
859885 300150
837558 584660
508009 769224
479931 491429
227979 610019
867868 768967
319779 640215
738943 668242
410643 884422
229804 72681
453162 967599
251541 278912
674190 647281
860281 524274
573078 69388
769883 24949
41663 676485
447108 549662
483928 42006
404235 887464
389719 272597
784651 323562
366887 301713
185533 554771
356895 795000
457152 958634
327447 581066
737688 266825
706612 698821
463578 222895
465365 433603
665410 465550
785426 907480
63275 721002
199263 934625
962885 423996
232059 943313
910978 912148
493862 269508