916 731
61816 281924
571840 555991
333981 548227
270363 433256
710759 746133
927411 678510
538589 220951
127094 79376
895617 383530
710906 188370
234661 685830
390753 347288
18497 49439
26570 691779
826473 541372
497541 842726
81646 48812
72678 257022
574791 984631
643220 2255
776543 952995
541806 501723
510669 963746
82417 366274
184609 813324
541006 989566
536535 545643
181879 357323
436173 197068
884064 564879
153301 14338
680570 40072
587576 613267
719669 428325
995626 876177
579473 122095
407238 404163
140334 869871
20265 273500
45496 714784
198066 234761
40584 394382
217172 635037
40461 717506
260420 560300
327981 611181
287434 574686
10428 514417
345188 458394
288426 744261
327710 258670
793630 933352
700071 935149
336301 551974
703697 262066
734839 850927
14112 918229
655169 969405
717783 414385
94711 205866
552774 867340
898954 674236
440532 371347
612755 526475
578365 751074
96245 278159
49437 94931
977258 618053
715763 41823
668514 41941
338477 993127
309423 749909
57646 970184
539316 595348
524040 732741
450216 267221
823133 392812
70076 829612
231249 942014
190478 632833
648517 486279
622146 961645
394698 200958
392039 84381
569570 237240
6639 141476
676280 432164
664844 966855
566661 798151
541038 423610
3021 673248
578608 822706
228545 134111
707487 912883
938575 778650
828830 293142
355191 635354
568495 639132
247876 653081
53150 721139
7957 823993
804943 269144
741605 375957
321024 497447
744288 302045
799205 53755
359691 152695
463395 489001
613850 495193
952108 661931
933970 768658
218574 930783
448427 39096
248746 662580
58986 688270
155645 865157
920610 922520
609799 485111
850409 311343
67497 787682
115957 831311
799964 195817
445241 988486
574651 389350
353883 484689
684520 382187
540901 831264
767227 67691
176200 856100
729063 137224
668760 336038
199531 827387
707091 463937
700121 991553
888048 526605
305068 816394
293724 194996
242902 420629
180536 239012
186721 59603
968720 981629
108605 828260
168891 136225
249841 599123
623167 308869
422241 795836
104648 862768
6719 124196
654391 464650
26971 449116
214461 128454
542041 450371
832910 693086
1664 136298
964655 502734
903972 680682
172263 75535
452411 309647
75359 920147
588033 993557
173496 201569
673555 106627
68788 522368
412552 740419
189356 29109
194573 681788
471612 174019
125930 270883
445383 961557
230022 641433
258174 469776
657152 402638
91062 681351
63949 255184
687870 438802
241610 284261
957629 500801
760981 114590
860209 349999
478422 107692
472968 671475
599952 507639
607745 102926
811885 255976
976286 573045
9144 368037
336388 476000
351415 650487
440771 345492
109111 363311
608417 302976
25427 808326
86823 600174
65589 983015
472676 484174
527932 273632
43440 248386
251418 942282
255679 558609
161474 455258
343825 715249
427493 427181
89120 577568
679802 484824
886239 898305
337140 779811
629191 940015
473342 668012
498621 129364
938229 665782
257788 105538
286907 612316
683318 378742
236314 420577
435726 704624
180653 1793
392227 193936
249229 627818
353016 425671
671799 786748
589177 402654
599486 472007
92159 139548
94356 659154
33106 826212
130701 460180
664033 994259
509894 744082
481251 468177
422226 996143
401852 786718
852252 908257
791511 822702
856186 467499
323097 462129
321008 140647
312474 441713
777134 814192
117670 202654
131083 365682
849944 66130
561711 771397
554874 913564
373307 993828
486604 674264
216173 53791
264460 11997
193555 616558
758721 673857
347968 878158
210213 151641
510156 412900
870689 656663
308653 518473
653769 284621
509444 870776
664718 453545
624331 313655
524916 77420
579127 988305
258988 729990
680072 360823
741716 190295
366166 149477
295919 444712
719418 478930
419889 392824
439340 301033
278844 951978
237004 27276
911423 518876
791074 741573
915458 768357
225074 547658
753519 974891
537615 165350
545150 482977
681277 589467
166291 242968
822406 646517
875177 75159
790572 910589
676523 777963
964597 143620
216489 197672
298355 303002
619461 857707
203538 526781
363068 288628
540143 554735
361271 57
877950 513723
636142 345562
13044 184874
338744 755968
632704 80132
652402 775638
223269 846370
296415 62388
349763 168856
135385 589644
18441 138622
594886 529972
368612 608310
89759 370416
909976 384958
67119 396391
767191 454353
793327 560669
817871 992843
283455 889747
618415 675634
420335 999481
962567 208376
89210 576720
505415 214904
266599 985511
299693 277454
775375 146497
692055 439705
191518 630409
569407 975394
195667 926283
160523 926479
35231 553459
610545 364071
446376 300635
547540 696228
814397 148140
742102 411019
408509 846126
768613 636723
140799 201512
691272 201000
304156 313222
900836 342262
135160 958700
981695 201037
888644 653621
518859 975193
418374 707270
715503 485364
106690 367764
190769 632153
315490 798967
848474 965214
2839 155852
945546 671471
214941 496036
180565 311005
34570 745334
459401 442185
847838 188900
523670 819038
944881 996690
965233 36774
677510 726479
930010 837610
55319 19279
172390 570556
238507 333042
448255 339324
579333 7365
747474 508929
586277 607052
589586 187557
432985 271370
822853 401668
623618 235771
450816 369590
780582 737607
533908 142393
109102 936776
248789 178412
370213 730900
265619 320506
286049 226413
4752 605682
232090 331084
694673 208584
231443 247871
599414 868237
841773 540305
655014 265374
804955 306519
745950 102518
704155 256341
953592 633113
612890 371183
149440 244121
519163 64523
304110 77686
302746 716735
444793 535519
205001 811543
878710 280307
465627 888980
608275 451539
529003 319484
959664 561721
694170 683272
216722 204096
167576 72027
620522 75789
326053 833298
373158 675406
471021 486408
45118 383451
189051 917866
50180 311609
809542 496092
543288 339640
357052 929630
819580 641435
788743 294536
892284 591301
955807 245639
85023 196129
710539 65054
656769 160482
622065 829418
412113 589617
983174 685417
147109 334667
932933 417449
780087 392485
439491 630955
129806 504639
905599 549219
577534 619388
646827 958581
663191 754185
585293 491673
417027 444118
367950 617423
662992 888217
762015 764053
68875 255165
358090 850616
118455 420929
245339 485984
545752 850663
358131 970052
310548 712319
932003 923395
193370 418068
988928 754360
857932 83693
793005 555577
828659 901209
832563 909848
881083 511165
879905 409135
619668 384437
630065 894952
406929 721221
375495 745936
600355 836469
995910 984372
752229 680902
419576 940542
497409 988802
692279 834633
355854 883765
503113 633260
504002 418852
26803 439465
245566 380301
707691 897932
253590 577554
147300 64646
239910 749862
631199 790749
615611 780503
810679 916470
620935 597459
340537 404081
193421 151332
943404 614180
234133 589419
541629 146267
330686 195734
601069 479040
48818 810759
387528 220844
794844 993998
647809 762360
475696 827975
157493 694251
71830 7472
985659 916374
530700 216261
495243 131851
626195 574534
689119 274894
197536 508021
87447 58781
737618 789442
146730 181339
65754 408433
687966 997408
501474 768742
895200 377369
85447 311144
91034 112175
871059 173514
27842 275226
683118 43575
102303 659260
474686 177097
857175 781788
811823 402105
903866 17398
261048 745037
767478 896065
575852 935139
462232 918328
237045 934292
426614 610340
854563 896956
330408 666771
289085 765700
772411 17961
660645 33236
3376 447861
680954 796483
661209 110401
791171 136448
610888 337140
596370 106331
142952 861857
725114 729042
578233 886125
815684 142814
389837 103921
144809 244796
2054 351314
874935 243162
345579 966882
451065 198852
489313 526397
538109 673784
163175 64805
612796 288165
191144 989003
996079 383402
875818 742626
808989 762967
330658 557670
383583 435839
660988 981160
977847 931495
438299 629953
670975 357943
640957 671930
681764 238195
722550 964469
863583 197336
386559 352837
599767 996913
948916 503105
241413 681298
998209 316862
389723 560722
197432 356447
735611 455708
141982 680251
810059 718823
935134 852401
184911 989522
128909 387793
612045 270304
233525 766412
67244 767152
485765 23040
153081 854945
896210 61478
357989 176391
42872 480018
956264 603912
591232 623416
501678 469288
841372 443225
87177 790392
235243 86699
364848 443065
450770 257963
633340 519624
203066 347779
468597 598676
211230 913254
34243 521640
126993 120973
737656 514167
757398 697394
663642 391141
351975 981221
981479 282960
712702 315519
323179 197871
789663 895059
686676 138122
545352 674297
192102 383779
962062 836257
36444 590647
217983 470137
395266 570304
283672 683479
120979 106961
210052 349104
723946 488994
436654 736064
208962 125359
836520 592680
377780 34341
181649 243880
173925 41517
849294 5651
496472 268569
12408 704990
704478 467681
436665 251655
393281 746789
450717 155543
979180 948163
626554 58859
35970 682760
672223 363346
571986 443723
140106 575983
373067 46239
511395 880973
82313 286748
792271 952398
161882 765383
81012 527392
852568 230221
86301 706901
719471 664158
651160 754318
37541 786830
458364 807301
461921 419370
612717 291647
929389 612096
147537 749725
408376 421866
653130 779378
340863 498607
127815 893711
661426 247510
528713 724268
554918 630983
233266 466355
616470 225713
876129 103826
566781 458247
149487 547634
282418 644675
372663 117559
251163 250261
673241 70433
47311 105740
484542 51107
903592 305858
740209 936438
444945 857844
801586 999857
541009 62427
344737 609491
99507 370594
597026 487996
653590 744571
963743 329540
776763 698506
378227 140262
500982 963936
75152 645549
472776 792452
670018 329703
249643 137036
573701 315111
464538 137909
971995 985782
612371 555142
604393 910375
924192 158400
543492 357484
392803 759626
752497 24433
663206 595314
215935 982392
251030 881095
565330 584905
967218 69692
363638 179218
190570 371197
121837 986215
269662 263383
347796 24897
83120 624201
113896 570032
883847 629040
534379 688552
462103 113204
564801 563523
291366 674717
486409 907188
406692 953483
113376 738291
79501 888388
971407 783042
645935 343516
192292 428109
16702 790364
846980 437673
534284 637931
617922 764403
440512 145743
529222 471217
354988 906560
122896 134133
400802 246186
31625 291419
267457 251124
268461 664201
933917 979516
778235 615192
728725 134265
632921 430523
816539 565647
222851 810531
503094 439188
402709 197645
280785 574037
727640 200658
859292 549193
336186 295843
996919 328432
879451 69897
935861 151137
352614 198825
369169 626550
399802 517088
365130 749643
475057 799765
7994 46228
976103 743123
282649 613969
831815 370823
51542 287255
340598 311017
327458 579295
187431 150627
772470 295144
744069 196036
110782 25734
352067 916510
411568 360549
942091 337546
84234 298976
711526 218208
747898 553631
732845 388405
366137 395456
839956 854599
964777 443245
339530 953119
500904 409312
766997 790487
475422 342546
138511 546638
491707 902402
252191 161314
20964 828434
294965 471207
454626 280145
27751 471058
454669 858969
314816 717720
977510 988819
87370 311704
456863 884855
37285 566025
679498 526950
829263 658366
389188 738197
363093 945900
244287 777948
951154 332034
95399 491876
906490 661230
100166 467812
950755 800404
857662 496825
530484 473453
956450 817737
783462 943574
802638 180851
550889 498971
50790 818191
853225 845985
190993 185029
528707 629301
222747 964764
463063 896449
632610 267956
182090 671626
788713 828501
920141 182380
246458 725859
347446 485790
950107 735061
969614 945330
403682 369368
5325 802144
317558 405044
393762 928650
748146 522301
35390 36355
594213 761736
228567 183195
636140 479500
52680 744555
548910 868244
805360 91981
555645 895003
487796 128549
40109 779876
393956 183974
336536 198735
828891 671238
262612 411967
297486 897109
999961 756064
39701 84542
603644 823813
953579 327504
827126 119926
464557 859313
451741 215435
684399 680155
257107 635401
551424 689064
235933 827164
70417 821680
848319 180771
752611 500061
153260 600434
746279 79716
573428 8544
4946 128926
429013 903476
233941 796611
233214 21560
732999 274534
460729 912621
121844 615026
703437 519649
604355 789641
488784 815118
570320 433634
376165 423021
635199 908434
502111 364334
205485 325398
990557 333385
691337 915947
806896 235905
591485 257265
154367 892761
507162 524218
390762 155841
409156 644435
704563 982111
351215 706653
764747 269920
907545 835985
570881 422622
392437 286580
341110 208966
552749 514430
839956 167386
997928 619745
783068 977337
86581 672385
843719 111097
36169 537577
793868 824439
530195 147258
887124 549157
8750 309242
25454 24070
257562 129315
222600 310179
501673 35010
169304 935193
620722 122852
183439 54147
644307 640717
421501 785376
729012 791913
874222 168158
205136 170509
898124 145320
366965 97833
378364 142338
869052 740076
68602 694240
175445 363411
978049 279995
947401 568855
181192 848200
35286 916354
322656 800155