790 477
394176 145146
84877 133231
314350 1311
733841 856468
529359 864903
4406 193751
689332 153450
510215 451885
184081 413559
60563 153574
534908 835997
645034 999772
33094 965774
644434 998143
493232 640035
999272 75043
33074 746567
689721 291719
144531 566629
218380 973306
176210 620916
567226 921521
59977 667543
638678 137210
63961 838266
290036 632626
715802 956799
904007 168603
935777 499252
50598 677663
131008 688893
906602 351373
526496 424987
378247 992892
6959 978907
520919 677516
776108 348589
521677 809480
190415 605511
124589 969507
537718 281243
719043 957043
299306 914258
159771 24321
48909 573583
888518 907258
668556 950036
40593 287257
178269 389048
384549 373347
224630 448659
334660 590925
186911 229181
220486 980434
63681 208376
186000 472044
834982 537628
488967 575309
235650 480719
745601 153672
969032 698277
626086 271245
936341 373215
678728 309694
134292 467731
934535 868487
322098 197513
740867 283210
122415 183512
264116 536795
753230 365566
880907 578046
946134 699073
356240 246434
872509 263092
666110 779041
786484 520061
657166 122206
645427 553932
203845 230705
896736 538654
37276 588370
795682 619615
393473 847752
392300 209785
951024 759291
385090 201098
453122 687772
508786 862197
625663 565568
347025 583955
535459 555680
667336 206998
594234 71725
415118 355364
851816 392859
917816 162404
678176 338024
638109 499592
787056 431340
291760 703416
871957 549883
901862 468631
951963 228525
660656 710145
980637 973876
638968 437924
801485 189698
838678 948885
770371 533423
495571 748869
718774 702932
484824 402445
339154 628495
626550 472580
319147 884636
189162 579998
68910 699450
618347 364749
548976 411151
232260 186341
873367 6198
24277 682773
110665 477220
290110 478969
291000 163912
461412 745312
995625 127944
460752 627440
501325 467865
293151 176973
95260 402426
189309 180
984630 297880
660152 710046
286579 448652
492629 913980
658096 79045
60858 817125
61192 18618
402312 233602
63560 846375
556284 987198
475272 89094
571928 314761
381266 244862
507922 694011
664050 980036
629078 229968
317851 731817
564241 956966
277781 476972
246758 855507
668256 305852
263426 497759
216334 686144
907108 442571
108203 707293
269380 497998
958666 650570
895454 225981
388784 156518
632012 528938
205507 584234
775273 268009
343934 20348
187798 728375
688312 274994
486632 726007
182162 973387
771879 217306
3597 747645
608474 707148
824766 662450
279718 690661
359889 732433
255264 825095
799730 781423
526176 517069
473914 737777
916408 930408
847260 584537
769400 135145
31145 85781
636097 428897
836143 571981
867729 488924
692769 629533
964498 589788
382603 408305
862944 935796
912102 676046
985075 856111
897420 330061
27360 715867
657699 891580
183976 55453
241900 978510
998993 605716
563851 359745
891662 895919
909805 605390
153231 724781
224501 852826
494226 63091
533954 606726
422901 806414
341160 36860
797901 120583
294156 616110
71405 230676
783410 963306
88679 127052
426550 73508
407408 671108
283561 433753
994216 709924
104898 774124
709566 732895
169202 951175
137953 261147
497224 418994
852845 295468
355207 414082
438417 86082
616422 132404
751213 313013
16016 513007
370906 641268
486623 43704
593886 910090
736110 417614
324087 4043
578938 571333
148716 686092
372435 601733
883169 376531
504096 101920
259388 239140
878946 865282
76303 746765
856066 839647
333876 904715
800201 466186
464300 613162
189037 453258
383223 152434
841341 872854
163276 544412
165225 297141
130797 572239
659858 87233
414055 958152
225385 27821
612287 170337
923784 602415
323584 475581
296362 484648
713795 775629
760758 270477
318641 50686
270327 468540
981231 741023
429067 953979
755970 154650
847006 612560
182579 586069
220644 720144
907427 824820
124715 242958
156747 571580
55694 158773
116688 616795
831320 221634
17448 304357
34166 317625
297652 921063
595655 627630
742439 791746
879209 576887
646848 169955
408838 450826
899556 34662
779141 714724
441533 740739
498427 984797
534389 884964
270137 810302
974565 487194
20307 236323
318823 489467
801493 471648
23547 33830
348359 84446
963614 842974
9354 620862
524234 532899
157118 625077
80745 186414
127103 996303
162706 933906
982176 620000
502436 274256
642203 958826
267995 660088
744549 103504
302908 218167
459523 173509
417062 68366
86737 720460
43524 72311
415442 648527
805648 185781
76908 982630
588010 989691
864105 976395
807963 841926
423875 657922
86271 610998
454030 84786
546908 201020
47904 899319
55615 980305
105974 648749
798984 418990
470099 493320
802944 318457
254789 412972
161698 536249
493199 751017
701624 820269
674715 5802
535291 571955
726412 349721
349392 748677
204572 777507
684881 29934
874435 240736
641704 766084
220682 880830
718121 344043
365986 27560
1112 901118
491474 598826
785460 744229
133710 621110
181905 142200
310068 259250
802211 992875
773756 100757
566002 315793
789120 829977
582597 597149
964605 138368
827490 711166
335782 450341
637766 67185
73739 642771
529478 836620
683616 360257
355803 32717
454630 874738
111048 978532
332300 743711
189824 878905
244565 34900
591122 465553
848949 649324
656070 27127
903829 339569
626625 356001
946615 883260
637031 596899
851405 353923
750179 180887
996700 784676
903954 272646
749036 343921
552004 908905
61405 315585
273398 236115
484201 516754
896515 768398
194968 768640
313712 335222
253218 844771
397589 381097
30505 821790
583815 4823
963742 386097
964325 103602
891400 190209
182699 294482
313817 818487
843234 947359
428304 110366
719717 107225
324943 859075
138780 814383
342209 498454
836696 346090
575054 420323
356809 90496
11684 984703
554752 132011
656030 990432
614207 711592
315060 52060
117242 256673
224155 134217
61614 312602
763495 763196
556762 558724
791072 639355
403562 935054
376935 877326
622914 998208
729973 228966
571668 765889
654583 713807
982485 473251
370771 25328
278875 312423
668807 496439
20364 315049
71281 453996
717341 367116
466590 395179
149453 327765
951777 442220
587307 355985
282730 216629
732788 593129
489962 577516
691698 900886
388571 952924
577437 744789
472587 946656
932372 49189
28538 692780
536027 736248
978118 282870
692332 420757
564619 113858
144720 446197
703366 197820
203293 825892
132029 218464
876689 375531
752618 129940
662757 978029
64190 665870
37332 98597
556186 226578
128098 777055
65371 985270
576614 800376
586466 8671
680281 338691
406963 709655
982092 158767
565741 563934
871773 239579
985478 244707
632094 564465
596063 918310
704513 702969
818664 611535
379210 42403
984791 534220
729186 4778
999007 272572
331311 207717
886292 789471
629928 374218
466664 149709
746558 119582
376578 941985
229840 247232
561984 278965
933707 626077
193361 941663
636727 487370
581499 782729
13744 154701
23504 660684
367243 275276
541467 651955
922163 828410
871786 897115
444117 321396
965622 873454
441017 745004
344417 20770
723322 633970
849606 71850
910668 157804
756739 483080
890034 642363
171432 258389
484511 59714
475981 781473
713422 417954
360552 801776
877478 718600
148815 508988
971840 138405
876558 638088
572934 617993
825190 486949
726691 562589
71 652444
177874 439386
152862 6859
612738 178318
421408 100338
672049 51266
545313 803612
764516 414537
641056 233244
342053 919210
233411 529245
255680 938886
640955 406275
601842 495054
459292 972013
887766 866169
226070 763215
920619 950331
746735 511184
693458 840668
234738 513394
374198 946768
205770 153984
667873 113261
682528 322787
701396 964413
497748 205797
642565 648162
4652 748562
133011 163729
263001 229251
414071 423596
289263 238190
759936 19324
610840 934112
728221 14236
998220 444624
486909 808464
720540 269836
555433 24579
687122 665405
295420 633837
599149 411296
937401 582845
352036 247018
118578 217611
894918 91882
787262 81860
299830 348408
978611 968874
226397 632498
6140 593152
599757 492203
833441 268971
456501 541487
828530 846566
288062 397204
57092 516720
320823 114811
913272 454775
708254 317764
578451 363425
63778 659814
846576 842880
978007 971569
529226 927466
178954 520484
840398 613747
22263 400105
655076 709432
470174 650943
568745 704522
788712 63978
368204 160265
916575 555868
131945 51337
632449 945156
967468 485305
186511 370771
252385 522194
103735 655953
289745 486383
919485 714067
817135 777131
118699 625947
688920 973650
636377 147776
494598 171619
936785 522816
549601 598507
928070 231677
772917 885481
729735 826935
43075 201259
302694 51909
576876 194622
473794 112178
648298 171874
952679 580295
951599 74586
715897 961938
687071 948459
458309 98224
155595 416868
155933 417401
771699 35244
42583 685684
90139 157455
549429 456689
224518 845795
551883 774297
588997 616958
618869 638497
242763 721791
717400 601160
980792 472237
663692 729417
953498 758787
294472 960950
733770 724565
37421 507178
255719 638549
684270 535884
96596 147585
596081 133451
780094 879283
284195 872785
544366 921632
495074 341592
765907 550626
593215 880439
307638 230317
874175 316337
330758 180013
283237 92583
859680 804666
510242 957955
951429 239423
632965 275371
565458 260452
576655 497433
20912 22171
14216 88724
987327 587270
976913 2839
382401 751005
352306 724916
971524 557348
575718 315651
827874 772987
848380 757375
679070 331619
236554 399857
181824 428504
277959 136410
619361 795211
435517 715447
617176 882179
807461 699814
686162 590559
500321 567123
715557 230470
408735 189570
682048 706518
328004 975955
107855 872585
854496 325659
288248 328900
992024 307908
713235 808269
930698 983263
910443 458229
865586 320933
640710 902074
864736 379233
706012 640358
484062 973610
571723 593449
659453 997758
280535 620437
548038 91014
686304 18969
270637 503015
420180 441666
47218 314604
735824 719981
197044 703923
321315 94844
156370 103497
906622 358740
267713 778625
54956 999449
332521 600813
568892 316769
109162 780339
771642 360393
208581 928332
607194 584769
558049 9863
876955 931713
265688 735124
812161 488741
17334 159703
825842 714620
266050 178251
316465 960108
913110 428592
220478 285831
404677 264533
567241 626364
279905 214735
394507 79866
479368 280297
280728 543932
836287 16232
840127 346841
414556 641715
824625 92968
65315 78107
151902 676947
12496 441986
178178 236332
576637 471378
254218 545143
733757 835593
910676 687760
908296 846334
282482 182303
7060 82780
557160 839117
188095 677418
824924 447522
860053 83395
895027 683363
664633 416929
309381 129949
937193 209908
936132 473151
235034 734712
219443 667118
458048 600023
841773 271647
518799 428757
616748 50836
731664 851943
569566 336565
553467 472801
938822 206033
884764 928215
985759 855588
509435 15057
187637 960665
246095 61320
885529 500203
291865 615321
813526 496677
250585 162791
376292 35199
264432 275787
607035 508687
534293 707412
258730 26748
943098 784126
475249 99208
372941 966081
70075 393355
399853 551579
916169 212179
612461 101762
379100 617376
173243 701265
883956 591992
428769 959438
108760 271443
512327 370009
35068 428916
254375 68021
336821 307994
885405 870343