937 763
577781 435127
495103 678316
750253 683041
656618 556638
348010 780795
883389 569060
48480 388859
991541 94294
96894 472228
428096 94640
201370 792029
508594 520787
670696 232503
659966 569889
767366 978273
124311 586215
960346 9417
87589 916523
135902 313584
958564 880703
769985 913218
782254 192130
581027 648686
996817 840446
918407 396744
767287 464022
625441 303845
148967 594759
956257 930385
33638 786891
428458 530693
826649 572803
802414 688623
812333 354716
944550 558085
352987 304000
420209 278851
616659 723627
61319 371578
155064 79584
890511 12361
686253 967507
237925 537015
770426 864681
743353 106218
420594 315907
986788 709019
648359 660468
146517 481913
565280 386450
306644 677683
357353 305435
575824 266063
183546 195986
481868 345171
234221 225324
49113 978013
452777 441966
467071 239101
197821 619313
903553 420102
92530 277434
463728 785694
970970 826446
177017 913247
705124 628370
557054 550802
964681 921578
362179 438579
838902 54469
915657 107920
336043 520111
413930 951809
287712 751097
416265 67246
393591 961509
194613 298631
189223 596171
295861 226485
356249 321367
222142 878738
65294 310862
379612 527582
572909 501222
901025 497582
739397 605110
893849 434079
40030 221939
243238 747229
417159 893749
596547 804035
734087 520992
567731 475810
100272 31760
923245 493904
187155 279112
440000 401159
793485 579452
310946 787336
327667 46084
732262 649962
368765 311500
469439 288487
553682 673785
146358 561373
525441 724393
443186 14282
872318 248807
845676 407164
518064 761125
991433 661195
91069 718482
821068 596748
540250 772172
797757 465090
621392 997315
466258 846239
985690 875955
133706 963351
221358 272216
89041 621360
626355 960593
250677 981602
738964 61686
417873 152337
72089 165898
123468 801087
795247 270011
969572 859880
432593 173565
310019 945632
126387 387561
645723 630471
860713 318523
947929 365727
130810 90196
632134 332723
83258 329571
431019 355419
765587 46382
391206 370918
410700 847219
411170 5272
932368 551934
401003 786644
924523 57301
855495 837826
655590 559
654722 329061
184427 697883
558815 742339
991466 476098
877402 335485
875289 982794
333122 393664
912216 611450
151560 77675
721666 625624
932330 234208
945652 329119
166761 504555
252366 40591
497667 167897
443970 973321
342363 519401
41944 536535
659570 392368
869933 712502
835737 453583
727297 697830
650466 990100
842818 82112
772836 374372
13701 560853
30204 121893
824456 582018
118992 140958
453562 13271
650797 863091
38753 688733
873669 327065
810209 90450
805978 493559
415956 314434
821377 288145
713288 550264
988658 156897
384118 971689
894372 204374
72289 779841
410942 460741
447040 636611
1994 189423
642958 355060
160032 837953
864958 162757
712744 461370
481417 497853
567023 40437
634857 705026
914144 943983
132112 546025
116135 684177
787591 320789
267725 66791
639092 747529
858135 751463
932283 231448
422537 70170
990696 76103
901265 399826
15526 432033
604768 287449
32514 457589
367084 321525
275956 51763
691307 16669
393394 264619
989199 650557
591680 389986
824489 455744
66562 234049
392655 998671
7442 501411
127963 295172
996476 543423
102912 76755
14837 942150
903169 385531
750982 377896
567736 289028
271601 337139
769335 368071
365098 814537
512230 438234
265000 366924
738861 88072
903285 846764
167055 839974
947951 889279
782258 147461
190556 540609
44281 316836
426252 356812
402756 352199
66278 404503
591409 571437
460100 989060
590627 569512
457877 250932
875362 572111
693431 77883
670900 730226
837295 953074
934499 960113
424831 425968
451112 891597
188478 165852
739919 735808
489230 13458
494372 813933
593458 322079
482484 858016
865528 662735
89345 351793
100034 137557
451335 434061
45905 803581
848397 118562
940287 75255
564082 303153
872245 457922
80 513655
872377 150222
91994 8682
876886 58270
997221 731946
144543 941184
754134 993575
615034 129857
40052 362357
627779 292533
562680 25649
898729 418935
10054 715175
94759 15717
487605 161221
859882 177994
498346 686342
623488 609751
885042 939838
308523 830657
852080 589927
562714 236453
489206 177385
193102 678012
593362 212808
885827 679326
368073 381973
618367 741304
714506 953294
540275 770812
955946 790544
695653 7477
758098 940042
92404 825340
632669 566453
207162 348070
118815 131814
632598 393786
874821 167454
225058 563264
42111 874619
79430 458505
897220 16976
448017 670129
186237 783804
613789 194402
780302 582435
546452 322034
4739 282401
471524 754718
438480 272467
375581 500060
377760 968889
244914 183398
842940 930709
946733 710563
561251 831614
875810 606855
701390 805789
198800 604861
25766 683621
177262 878944
742196 945574
965844 250879
141209 639508
301299 67287
744899 985129
271572 418450
294195 830641
567397 16019
503279 85762
889084 626317
413526 577449
705665 50247
355 684840
752072 405051
838011 196839
80370 702455
161129 877903
459621 769903
509229 932413
637948 963948
509561 724204
359483 966111
901181 91882
666999 202743
155575 276876
109928 972702
934804 367542
668660 310134
891528 911581
595489 791294
852657 69690
252693 268692
136351 495146
515155 912223
292606 214038
543734 307099
575826 904783
755094 761876
100512 960912
744536 529607
378486 618959
203200 649176
28668 562925
210263 442386
570255 826595
284820 779658
529290 331218
339307 234745
831657 34589
110405 246202
172351 619646
451316 464525
986531 194486
42746 49076
793345 966811
56147 744411
213046 671367
984195 878573
53349 514550
498096 417452
37296 681506
30615 933346
632710 380023
414594 304830
221089 838015
818625 235122
565076 282466
241946 661772
672252 232734
752287 558752
783679 758974
413162 669808
157645 59194
946391 29576
837065 862126
736067 647283
164867 61282
829539 241916
483732 57747
11554 833154
260319 200773
624890 583361
186950 595553
152683 796390
1960 625706
378807 674841
773662 189665
245669 996997
216383 169384
330798 417083
53470 577118
437564 282818
449925 20561
342258 806375
645315 924446
466574 821614
697480 994051
759321 439254
436808 815367
899195 725937
402883 753072
41677 579072
60954 815470
463585 962005
860759 470490
337838 885434
781789 618359
920717 516558
393248 476798
413513 105364
911539 262189
997546 905485
904364 457686
184166 914412
519812 537857
34221 435331
135224 135152
839938 881464
926410 140383
380869 806790
453685 220837
853360 884777
400692 755110
849462 78846
703750 153207
175394 455929
370350 331941
653279 101061
688010 221020
935081 348640
29356 769208
824469 377620
536438 85953
623836 498248
884656 14953
994831 541762
126410 430209
520187 510730
392999 753932
524542 761365
711530 831765
389211 171339
106947 972997
376951 557266
360216 357263
828485 133548
271713 476546
608635 211938
156961 917363
126640 157211
780556 372231
916821 812995
110094 735922
144364 892059
744538 311318
91366 996187
21063 158934
482466 469660
188377 789408
475214 432685
747779 887497
727968 901899
208762 571100
322899 481594
975740 628420
629634 823107
428878 515824
891894 400990
633660 307018
519448 296711
467002 468465
884438 890508
68380 171890
987477 950949
901722 110756
765473 873924
50662 407103
419906 151939
117446 540325
61309 204537
296817 364322
158816 997129
33430 603523
206255 603445
249555 717678
913013 581513
321550 419469
809744 140010
809012 555238
126001 56051
632167 190977
885412 40191
341001 559806
327099 38035
435822 836891
1227 457390
663923 546233
475754 347239
140237 193683
831570 49855
153395 637062
791524 450902
822599 928375
196404 172494
791059 804575
548815 915966
344624 527907
91788 530071
760624 941495
299612 971611
599500 452217
964520 979416
399934 562700
351568 728667
988431 150932
191349 341666
350568 830367
540266 562626
206335 486063
216756 590155
858599 341120
558837 31515
346904 919936
90081 580902
526949 677803
322859 381231
7026 490112
37267 590712
553314 944423
460414 988462
765557 506731
172134 271749
133258 493382
227751 692921
928746 876617
217495 998573
78106 587288
119276 188308
252006 941004
461194 840330
922786 779012
426679 609991
67249 107634
350289 929721
115356 181757
131476 602366
703384 262317
620381 420547
457864 205098
901892 306630
838014 133717
817398 331068
432922 975675
989761 595208
305420 655561
718873 631382
176996 980784
389271 227698
39551 955058
837801 562980
596993 65928
904868 13673
871115 81716
196929 192345
106156 88909
280513 631101
757996 959995
933554 21917
231025 987498
589073 179416
560405 771888
175202 405871
740298 75440
545768 852209
517026 509278
742093 743172
358997 545483
500017 158305
831767 965717
494643 929845
289947 730429
227888 867381
457382 93973
162762 641729
866543 135002
704256 474816
857697 573180
289963 120593
693474 476095
608008 849658
480534 906228
553893 74749
798466 615151
746275 238537
241838 444459
366135 368580
858993 175213
367260 824881
833075 142130
528794 235808
213269 772293
950005 33726
661488 171383
312864 981046
636012 969995
589408 848678
434161 284572
507308 707300
380138 170720
409345 632291
628894 106638
92011 323450
109887 567793
181370 280355
788900 743097
998005 156850
534817 707653
909860 245661
426994 269151
284436 158423
332632 748604
269315 104517
613205 307810
81794 745008
292112 38832
509207 701001
952650 548134
290110 905465
465386 410027
658912 840209
702777 915216
812818 160972
394599 645214
974556 338605
933791 522876
958771 770467
622171 958481
81577 209183
184304 4461
717456 884935
159189 889482
622410 492006
787101 660399
746265 674316
393258 53664
440157 88078
856000 285917
403036 661658
564478 871483
888108 267337
419458 826736
791381 400669
478812 168805
566472 737678
81197 998787
628318 574753
228342 325176
90153 650914
48325 90094
806518 591397
221352 377025
844997 379209
678025 300147
329123 196227
773046 70042
808291 539928
779777 903646
293237 414068
846622 684152
804643 960134
409110 589928
845973 648453
266162 36491
906461 180547
244337 154351
107295 208269
511220 815996
822087 18007
679389 505654
220965 726369
477661 327437
328028 388986
128137 161055
800503 379712
251204 418561
742958 525060
481075 681303
245309 387392
683089 173225
418301 290749
353877 574480
246128 480623
142993 131788
318942 691070
885176 977081
593010 285878
458253 824314
4682 300513
213825 793728
658447 50351
362316 811202
188293 170315
568889 195224
722691 746076
778384 519588
859143 432199
227880 21123
278914 572652
978955 169607
924190 658723
403741 227142
934536 26217
968851 753115
598233 620674
29297 369164
188661 967968
602925 665080
586416 456014
9067 416206
384324 932224
409026 299281
999479 942450
880380 799132
728152 842209
497177 285245
433210 608742
225762 106446
158176 580533
104970 716608
805216 705764
621597 198046
166555 225279
978352 763112
248085 320936
325975 694366
118585 230101
907314 585896
55261 439334
185938 687306
590445 557286
59381 350395
340294 817979
380290 605424
403993 853305
521267 572423
833961 894999
645884 32290
321899 53486
330385 165940
901388 38059
82402 155238
505243 757285
18319 727231
447169 815561
428493 367028
242208 138340
718556 598049
516273 481781
406975 999867
956311 400229
863369 766631
198057 660870
956600 406641
155470 423779
641394 181559
627838 375346
208138 905400
803744 129204
682542 45288
964310 841261
883711 88311
56810 630153
871378 116855
159519 610372
538455 151855
893412 454473
276611 130420
600903 985602
625127 46940
96692 74298
213954 210855
631430 385981
42065 730036
301422 898674
9020 895055
249952 758100
95182 303975
134078 9163
467727 539057
734262 761133
438717 416546
142340 908547
13322 793305
140653 652898
69887 528062
51923 975374
240062 256938
986637 118306
417877 821992
977803 482887
31908 298928
842830 648679
370822 378967
819706 776095
327640 381546
520504 138693
793079 438781
470744 604262
318294 236793
839855 75499
196071 35280
434774 13096
564028 829224
661739 594757
672961 103469
557016 792711
978904 603789
334091 597719
277523 561285
872997 993005
74003 70828
875710 4572
412378 158381
368810 504554
181823 122536
497250 784344
594500 882285
548106 184565
448012 392116
456503 195916
973664 212750
792704 51457
942165 171849
308771 949692
79371 862107
462625 338190
686948 279369
639185 881745
344402 695071
67987 580857
751460 640039
188383 277569
273516 658671
728747 312636
321978 820420
767143 326566
658994 723246
348882 93179
522427 753528
301332 253527
447150 410559
740748 210371
17250 73162
737202 704407
852486 805239
190667 931241
63420 60050
839015 283970
956009 855029
319521 602899
83609 100535
986539 108588
688815 161032
689219 685666
595939 652908
706826 277706
195453 856504
62992 689660
316936 138080
465510 647504
75239 214062
616342 715652
169623 754793
823577 316691
431780 45571
647695 822944
314167 845941
399814 57005
635451 200074
510679 345723
618907 614860
832220 67940
745981 886472
468908 559528
289741 656154
354222 384239
601842 396305
674046 588463
503884 72344
717893 707370
66625 872937
183014 753578
19493 482400
554885 231337
998220 559280
607335 989569
314809 985744
480473 400026
313960 462855
818797 23463
997194 101488
213738 574001
104230 512960