967 236
522696 357725
819290 884567
933617 32005
386076 10397
330496 295395
66503 521802
151914 361626
900052 789678
842230 273182
42460 259971
726167 859924
154339 43286
360164 286596
711862 46240
432272 566227
543635 685078
184736 111169
766356 562320
534811 679673
624879 921296
242666 922837
773558 18004
406146 404136
286324 829651
215024 466093
458256 65106
976868 909033
711319 600591
919952 843376
65705 838190
81906 120213
717153 887202
931890 741676
148399 854059
961879 939673
520535 186586
672380 600237
541998 893858
661731 167715
802473 268206
226264 836849
274284 536043
461333 255539
218666 308845
575429 614222
886747 336416
5989 275781
562493 37422
237231 855781
612730 555838
496392 758209
450162 457707
451670 62066
877205 874843
29287 23415
710023 567468
222836 438135
790423 212728
432761 810241
784638 814471
986008 887850
49744 623291
80575 950823
926601 202097
283950 292197
198729 704800
572758 464652
304845 900334
604060 590629
806243 20994
69373 331211
189488 28250
629357 585796
790687 769732
997306 484803
824904 858529
976928 516998
9797 905691
335091 565819
16580 694855
330822 333625
912303 651814
747107 450517
367657 865915
941940 559509
478080 468048
85821 879578
646544 341580
18748 563824
928569 698234
613434 861330
393192 54965
477255 316000
696793 271335
307507 909952
730633 644479
232514 104426
60204 515858
779773 112061
485182 600759
519338 441256
34224 138935
426935 406281
638457 324560
864876 26012
442303 41359
425756 261770
47906 461440
619670 725550
116408 242327
178305 411740
344717 419431
464083 619355
225381 180716
876758 756870
918548 350440
704265 399234
878297 434058
275287 698813
990215 366422
40578 647600
395014 774644
59259 224337
596294 383511
888890 141301
20415 712070
827225 722020
749156 444087
831711 69145
573656 313361
752352 727813
314983 307466
50030 422046
646007 408556
60408 149376
67590 369477
615113 530968
841531 864804
694545 754998
590234 47621
726859 692624
637521 652764
766216 903579
282541 531598
465936 337563
529505 494027
846592 873445
830490 933473
771208 188830
159159 685800
781815 937219
744389 985341
648584 836998
307270 604811
233030 761814
640781 755886
893623 328789
734858 715369
250125 914577
427057 222251
91872 131304
341322 418937
746355 535903
836484 744406
477469 746467
588503 685164
413735 82772
717919 260622
25338 798689
412204 134755
12589 482125
76099 642068
688237 39301
219455 93018
712329 132701
834060 737930
233627 647737
116510 2872
739780 142467
270156 136882
910547 136848
915938 66935
338314 425792
68451 620256
123972 416938
58104 683442
966188 820707
467565 573443
983224 412782
922399 101047
359030 36096
66795 287078
67891 629089
469267 650231
576016 739130
110239 393363
766883 704749
902683 519499
675280 729504
136324 206907
435511 51459
456824 525529
410960 104059
669735 670488
760266 274277
974202 135815
363984 328579
686422 17877
574258 710741
580386 448509
694789 972686
5859 347550
433371 999586
194991 313475
103228 426164
919318 138226
911920 232978
932024 695262
943579 888685
264512 833675
377654 367334
179490 924309
183388 177113
790315 98066
843064 993443
31476 98654
252429 497749
94634 341999
154246 889627
518285 325943
635820 554800
303191 950206
249033 506763
416797 551053
297587 652905
855084 686509
722339 632805
659497 837426
967588 712868
389686 646705
175870 401678
617106 521908
660429 444790
790866 482877
366144 17669
126587 340470
826165 743791
888521 414362
282704 349557
840663 203626
503493 996946
564693 229452
520095 778458
354405 412741
634424 810577
468929 551937
856440 272250
396800 765692
195955 596207
620115 857553
405087 774221
241218 954492
991891 792984
105411 400870
18999 47456
100657 135204
990528 661467
535380 536107
210144 514897
842978 971257
512923 672420
346457 148313
316385 730508
434434 608660
931478 115224
852510 548675
572687 471852
646371 280805
907164 463151
119628 147119
954085 553176
859616 799277
41860 409082
674811 179161
450782 966377
343364 161393
218344 540767
957504 52539
409219 766017
890194 918798
198059 813005
371314 759396
520899 732068
910551 623335
696260 586373
897629 491619
132296 274834
176087 605487
13779 124926
856839 617916
808355 878377
85917 892823
485849 33811
190685 149131
598942 932258
413699 570345
82411 290620
421823 988505
778689 219454
484147 39898
975825 365251
738270 476266
817440 148050
916217 31429
736436 445772
398917 889757
478120 879873
543199 118505
837372 344501
404393 657209
927895 696106
348193 97296
519206 949792
164095 360060
275104 808225
126884 590574
866096 545375
516691 118363
504757 759849
296481 216537
672119 352095
689531 680537
784715 758912
941663 12561
356252 506926
160748 27368
198112 614045
941468 759033
824381 825613
296939 705275
732860 553376
383861 469961
86958 442606
694817 71626
953777 84048
383072 204692
359344 594667
150397 938646
635350 817984
181604 476956
881464 909596
620999 406221
220093 151196
379930 583118
7423 743339
542810 173294
333252 224081
904119 445078
870623 930792
672629 691595
310479 463055
57780 961306
793814 715918
827430 256525
46184 150559
998467 994083
446042 299254
890217 960316
912444 405237
422860 446805
399364 270124
334488 170953
603630 255162
934319 557382
528839 526944
78509 134757
824542 647061
913934 992733
610789 902506
156639 178707
668366 949799
328054 104019
233873 60930
684404 976554
588119 430521
702133 659767
438346 396919
460188 897638
567501 725631
204576 395835
953644 446441
735397 621730
556734 695771
935353 904980
763864 111851
840496 317079
969431 500815
578164 860699
804215 533276
508756 508777
436655 966994
959520 764771
705323 220246
800440 484854
909572 478753
515494 353223
797355 665864
421578 526177
427472 744462
10592 294762
852740 175996
702480 30003
975637 376824
991293 23143
973755 740387
248567 105201
309682 676760
161499 595635
857370 586921
649094 436311
540816 309133
535758 820048
583011 924645
131129 270849
994352 53250
899516 724473
406841 489439
8730 126284
527971 529212
394015 928936
505999 986670
487624 661889
827718 785685
992766 211274
276492 744121
270374 495027
803555 981093
583737 402554
241651 236790
402629 823862
762932 594958
895553 81554
984064 37485
22847 598311
128169 153106
409148 113892
922596 786770
303916 371884
243803 914286
704668 323919
289058 249004
753150 695290
230418 216253
620017 777919
230819 622488
15893 829810
878426 907892
9316 681985
487310 427801
330594 654950
264825 935688
945611 622639
147753 565815
584584 305265
37505 970842
427760 257926
728896 208388
517167 553434
493878 934740
774683 893035
987072 819376
939356 382246
516317 690310
843667 45495
82828 810503
756037 475157
527660 969722
71462 3448
594807 655931
584628 703553
986597 378469
434153 951634
951829 91844
282165 291116
645165 507862
160516 38072
288490 111703
69084 271708
751375 514312
34210 474925
904760 922967
659497 387385
536145 337905
835110 802108
277323 539252
225230 710259
877112 125093
841622 728295
58680 818532
249692 338535
649805 101908
398819 286921
179785 47678
186630 760411
269772 167149
167411 330603
925465 71670
537603 206845
291453 130755
984760 371768
80693 206801
241520 823500
648334 845862
213833 323220
721077 824918
356316 778744
276160 386391
940134 645574
311088 501969
842412 657059
654406 963993
797100 337656
152630 562062
158823 817823
884328 810105
71743 654424
894398 548718
908166 572801
527697 361591
512525 478704
460494 971468
245657 503285
211054 822973
685895 526773
373155 592754
695857 310556
670148 938037
147691 742071
946759 49606
171304 153622
986526 684063
866307 516182
368684 2792
663843 985820
178616 173127
369687 171723
964112 164451
638140 204227
343647 859075
766560 22327
151034 946247
592957 368869
387601 382422
773532 97874
309855 77892
258172 261937
304280 144872
141650 5219
563563 932398
649328 576912
251892 826737
60619 391581
281183 251290
425787 171418
614743 451000
338892 802783
109181 555754
141755 49287
711615 178635
85595 490912
83632 236612
357420 770612
516070 922648
429405 620789
630671 184037
60285 414731
702696 895907
860315 477862
165504 699067
272394 466124
801357 256729
620478 98365
308057 855738
627909 492439
106345 484677
483867 690921
887679 802254
971948 967113
179811 509798
850584 414332
743588 630800
688499 376796
158972 668295
513652 218936
683868 906909
376018 756567
172453 326231
428471 506179
864608 985556
31531 658557
48697 762944
676117 147269
156838 292105
335041 198018
838676 838426
896045 563689
111606 776705
81162 928505
699899 284910
782381 240433
280769 634599
808883 646802
623209 733528
56163 419234
96174 627572
287222 318329
825876 219617
53342 541776
208724 906878
214705 485997
783644 698662
306671 843551
899664 653049
583309 648018
931307 231824
328776 126635
634420 585323
574334 614147
870055 928280
394692 11816
41809 52523
594869 517587
295043 204260
911571 97597
636835 539167
119895 842443
470458 791244
289883 130553
45078 744729
835525 210898
672592 4959
503939 284677
729746 77467
641588 638521
200091 465139
202685 282547
359209 188826
949782 139621
711724 651112
742667 847645
498235 711352
448753 415013
509468 808758
998540 658675
798147 141316
600974 124177
660072 241954
930230 717620
82925 494373
239326 199269
140377 358302
247486 433976
987857 466315
173481 572534
745751 344956
309418 930721
668723 814681
785753 673091
127692 210273
179346 902987
860335 297810
150923 814670
471635 101208
811365 391185
853641 526710
474000 589940
235172 535534
791736 415109
647869 406936
497332 480162
808948 644971
696237 526541
727976 957734
864027 785276
840867 529392
987784 581322
986630 47313
82610 538029
931459 88664
950129 823923
844742 581361
221008 555986
121442 485682
539295 780673
247892 407506
698915 192390
953075 328632
106756 153825
483385 963584
797618 905508
412616 705597
198932 583443
849864 497583
698761 177626
756789 530381
247306 873469
722524 911045
966303 121951
748868 835517
562569 438000
777624 716092
959477 379861
470166 266210
229865 386773
310863 281479
332548 840140
667701 586936
961534 136986
503470 588490
995547 721315
970528 13749
616325 517479
601345 135258
331414 335462
297996 797730
773048 290787
574514 141110
808216 367348
936756 813782
531746 939933
824004 605988
112076 760269
545515 320338
602720 518292
192629 667923
153041 544579
174480 298814
701652 475995
598442 82628
945708 439642
709232 472549
186127 374648
763672 439547
51805 328467
193782 182121
675843 120447
165344 768208
962370 168684
14108 413790
48513 271904
168915 669283
147419 114666
445196 705238
390808 162913
819887 380584
865339 440203
543117 391057
676331 874890
378932 62882
927844 234642
798763 662705
31357 593988
79750 414069
474441 543459
868238 655033
767746 286647
126347 900276
830704 430963
831561 593952
974686 412292
158837 512021
340190 655792
434139 645148
526729 800036
164415 664072
36354 193529
833080 174065
376149 749468
803659 724803
432137 313756
724167 809212
114320 435431
146070 974612
232094 921357
916471 770649
380946 517353
419599 179395
940003 697570
434843 286288
689156 688099
704235 724562
875409 94149
614330 412357
232285 87612
861483 568969
475042 680817
796776 851932
909651 741489
240503 839289
162678 33991
911700 887511
366019 20121
839341 312487
272774 446370
398977 294958
108910 440026
437050 678982
985966 995928
465049 327521
8470 704367
345066 133490
265594 460500
907335 843432
969895 634466
165633 433233
636581 292697
616279 366855
942249 901060
734512 13114
755375 212030
778978 313425
916324 484024
144080 104457
575656 384575
741455 995598
603047 99903
71694 466608
729200 556183
779395 383612
778772 405849
595646 226968
38516 981351
947469 409631
909924 64298
900897 242428
314474 100625
134216 379506
767538 798804
779025 556235
979322 666134
516431 190639
773261 592414
337298 78675
760198 646454
493603 982738
100915 747570
798286 114930
369366 904356
185754 833089
181959 893843
794302 578580
753872 244630
308156 971393
404882 366526
137215 236853
307997 431071
355297 372091
692011 49069
159431 555546
631886 439485
518652 379855
961741 466721
724958 353809
901982 793313
456371 397677
424568 809677
229910 526362
714508 201086
166298 734250
754952 352978
44948 322813
786003 456224
931374 752521
540441 387403
592734 623778
903272 659169
630600 149248
979966 754269
623306 421491
346927 59872
401387 298289
574892 177629
900559 623192
897772 752492
337060 751432
63994 261076
102730 862982
566441 956676
446476 122593
656059 206529
760098 388862
695802 576870
412031 6709
508636 985981
714561 294750
407320 913513
179552 323283
482550 117622
62416 326606
732775 91187
988765 960202
671093 595900
499458 735143
517427 753722
923333 232469
387276 44926
226453 718108
680371 866661
95193 617172
895618 238461
45894 523574
872674 721789
480750 702693
464652 575999
29098 906128
172505 17996
501757 990641
122659 345501
699009 345667
808630 897666
490029 54398
552489 315164
962421 413952
938794 774328
185637 884157
586673 600654
615974 373549
1556 416397
542365 863135
463499 907075
468859 88793
440333 280163
764946 147119
4847 118924
269261 437674
4710 93534
662568 688530
770446 244024
351072 486494
83883 335465
665238 89194
946636 523178
996962 825678
364016 244384
43496 624625
966748 310342
382727 605663
688180 621972
204585 582568
579536 95740
679374 221385
557676 26367
137620 25178
794874 853336
975247 23328
487101 509511
994801 82883
834411 823489
184014 776532
752078 584919
230720 3330
427916 959618
62963 157186
858159 101923
29124 437396
782334 948814
583602 192647