981 960
21185 289171
413158 699128
885624 543883
266686 40815
429108 620864
679922 127776
854069 923089
65776 210957
543171 116763
257494 96748
429649 972619
269333 518228
451008 418084
688068 214125
328885 854542
329121 1924
386572 583919
457918 462449
210266 822637
152595 142247
811461 865925
900172 34374
419473 286924
276908 699357
590987 230262
767592 48381
350418 704162
485221 179480
544554 275421
903666 200401
937041 877800
395427 296126
264858 981366
940073 65330
939650 448950
598028 54149
607415 522171
777245 470986
803117 310688
194485 909667
838097 416459
560466 197513
207487 506988
228940 512230
303299 904625
869278 37190
641975 207656
752018 381349
618563 494157
925262 914162
869611 240499
241651 989305
711325 732526
76265 302874
446988 343058
840139 672590
500215 747019
85939 595202
193902 949053
826456 456992
433985 13222
571850 704030
758405 160387
516960 437552
580891 91029
422937 792516
157370 663146
397370 207678
110791 940251
770580 158324
146284 616353
433915 148337
648868 48391
769931 546787
488349 186824
780056 471835
163578 184524
421371 176772
419911 914853
655433 42883
309506 716522
213969 914117
759982 605870
710018 269249
335001 802319
468224 142785
804432 934253
796837 538340
581068 104827
449452 685850
766144 937671
327770 792402
355064 716695
233496 596988
744563 764753
792577 847007
468480 161928
852333 311594
354830 904939
20235 762867
646077 151005
79812 343547
657330 725931
607249 344043
992136 363630
560400 355984
695161 886088
593820 39240
950452 511192
23766 215012
578421 626059
869480 945299
860638 363398
886211 665823
342599 187165
733699 255409
829853 139832
111653 518128
515687 327702
723004 493016
909543 380792
369871 351624
780719 886403
771834 795266
788369 468650
854058 427907
260040 167479
176971 922973
230007 238047
820995 920332
188296 461416
37427 664228
516282 478083
618297 45172
516340 919914
974858 755913
574104 459594
728500 68741
121536 295465
182527 804797
554048 186740
988555 630953
922511 40970
264289 849803
994049 51943
274466 714664
57345 450487
581097 346239
98292 991144
723363 232597
349046 590458
971688 349361
403500 932811
487059 535972
749566 727164
129974 75705
622946 186833
982511 420928
742749 378362
31914 236542
217064 377715
418571 202189
229161 101791
270407 329975
193594 276471
770254 234669
558224 755996
59569 696001
849533 720701
302907 132922
864369 31627
543126 972866
343246 448507
67362 814942
961980 194843
513255 909009
961470 639486
649016 792187
235040 704587
176616 950680
433550 379807
643568 419250
349193 756779
380304 956259
947698 890086
418344 248797
73580 477693
171492 979604
89242 337525
428464 826873
448881 791834
821411 198453
875249 891690
177197 913900
799341 993421
53426 775396
784090 395589
453698 886135
132816 122489
122420 372418
854194 862897
620588 225001
372758 278154
375695 544975
117221 783729
867657 628446
321797 187117
563277 511944
445397 192669
441109 804403
700304 370188
853535 62987
128136 691290
339929 365905
358895 209384
675113 545590
509874 385599
434620 548316
515045 710782
107461 430023
561003 793824
478641 85226
166891 733522
983938 327705
689376 572664
311919 413632
30784 144188
776796 526394
331222 127731
962408 883805
716691 132258
230855 848979
334683 503764
171057 986896
550095 567360
940192 998137
252991 161189
798095 237242
85881 394330
550768 622443
540887 284614
958907 423632
964574 780538
692557 776627
637376 236418
412975 950289
570686 909853
529540 380649
940987 779913
720806 989426
901266 694307
529701 173793
204883 926157
126571 602762
293482 969473
853450 186642
890421 256295
903992 261460
211123 657898
822241 189793
236544 762414
408425 977772
42139 122840
72958 707274
166179 508990
108806 725712
949747 779869
416863 820519
179176 344364
87704 790105
496774 270325
621183 320614
733133 830576
58757 359315
176937 934981
44185 69826
227292 865207
531660 574850
739454 615534
669680 853918
724794 435953
326554 380017
508225 795799
400164 938374
352291 214123
859752 27507
766473 619909
911196 95956
482825 647925
927794 824723
928291 907914
812822 195489
664687 915180
377484 697189
912871 591587
950171 143459
78132 115193
135939 821019
384112 112585
466049 533720
694009 299311
580406 956683
833784 721161
537962 359441
394991 164097
595622 65697
434403 269419
89903 986231
213001 900887
171557 762498
137920 533942
532828 723957
457966 393076
491033 276389
554697 228190
84465 79464
757862 251314
682198 829681
917995 491844
563132 884838
119587 53510
174612 348754
346393 412360
452092 414797
67969 931302
920707 535252
226337 15641
41005 206721
330983 413405
362344 947478
311469 316035
313541 869195
308451 263587
651346 200245
301526 419614
768655 325265
876913 234258
231761 809450
373271 191217
658541 26914
81563 9561
34168 693591
605679 872461
527669 994510
540980 851431
520661 808911
528450 959098
886849 459799
510659 982455
326168 439979
621568 576588
872651 268110
133301 42963
512110 542193
483044 408305
987346 622197
551758 138517
769070 557130
874722 450276
888859 574010
885651 796159
602052 890903
898604 251735
465384 406785
139681 758331
882778 187707
64448 596830
133392 973668
454860 949798
772428 761523
90865 463371
931101 13081
249059 204798
680301 557712
862979 47354
98172 252790
891885 914276
860066 257024
870640 364500
799299 133530
187523 950127
414936 224074
131388 638653
724626 858117
930172 51025
106853 110346
863289 223101
503880 112407
891988 995914
44411 917980
221948 889184
89321 729124
753252 972988
600189 177511
340194 924747
600161 664798
493823 483982
744301 494309
163148 12185
175307 438915
421467 900047
483019 62983
404109 197100
709524 422069
939923 877267
236864 540325
305071 836855
809376 548891
987399 769728
329694 526492
329418 7572
628883 282871
410121 177738
914725 879105
471152 756702
175102 485926
389840 181957
797937 431433
439116 600588
189860 354491
600765 434216
132210 504456
247691 446484
104799 247719
228974 947101
566826 807814
741227 104459
955604 249129
122725 765141
852011 617915
486714 446603
39553 452837
664782 718052
51274 490738
737447 85174
368888 604214
660659 480684
292855 453938
25041 646529
201862 404674
739449 465947
520229 960926
30169 620423
815913 527641
786010 713896
62720 736365
770527 484388
198170 700420
513916 133790
8002 651519
388259 145122
781309 219672
900508 622521
992866 938799
989703 334281
594591 22017
595337 678767
692101 810317
659855 849116
992688 132501
566907 414624
810576 447305
566914 2623
659777 823257
718625 902585
397054 489138
75255 17550
664431 981139
827066 283012
10669 221648
383184 485600
26040 32330
374375 627948
12866 885490
470664 660981
265916 588501
308005 270345
95214 870478
115328 315909
993289 559875
73083 417355
217673 772361
353302 485591
108487 736628
92087 457552
127345 861472
563647 221958
78018 743478
260167 973012
579740 575702
743059 347532
714141 781938
409948 311427
582591 170957
971761 488298
460483 414952
114661 592858
84032 944888
787898 405112
527822 329314
837043 883468
236628 851235
130102 85781
512504 163359
596976 609191
891117 840021
820193 198849
456518 608067
27692 378611
346624 38800
756177 69957
578524 971109
914401 773135
719349 510415
331286 427622
728598 147008
480498 429958
624381 419989
781187 147922
226756 499463
215630 573548
788484 565523
12760 411389
573704 110591
718141 825181
804599 101564
885451 648565
44513 322515
616409 891883
793735 885738
110323 18482
982724 774558
385374 402168
228348 883863
821129 466787
834258 85148
845286 787932
914475 917957
808373 817263
887719 659557
98532 631771
595122 117352
550422 990961
618499 763929
273937 978768
600502 726505
381064 519388
994086 13122
590402 344713
968594 970871
646835 2316
991146 948636
359239 990698
529093 802101
71411 585944
830328 161055
130351 110430
364168 741604
846976 860638
166825 28144
777483 616273
906254 887596
5931 197063
616290 723121
23552 338348
81406 694
293641 563110
13980 894155
779044 283030
531284 615825
169725 222646
938538 172632
164264 965105
854446 22771
53549 604955
25140 398353
718360 28765
893906 61655
659808 878727
29727 973930
146176 335001
26404 812541
463723 650880
831381 665857
132874 658533
924696 80239
309295 465052
672330 511682
916566 664675
734970 546886
996597 850779
727333 154662
454504 335904
180851 10290
438943 668015
738825 613486
572322 902647
639777 931919
996844 276485
419997 963323
548485 569088
250039 240650
491326 865925
538044 463346
905207 251370
302445 150584
714695 619428
296099 764529
549961 929457
603769 270502
841679 809674
205579 547256
650482 432672
835814 60615
673630 918127
225778 680916
519950 605808
253445 425338
803259 660162
733661 837938
370515 249531
299761 473582
241591 867988
666786 402392
729187 627940
470865 722322
806198 698792
329499 822144
707410 40882
652239 931995
909912 287682
886943 820343
502590 911793
213845 769221
190694 835368
603218 134567
108197 731078
742347 97732
539898 568890
520023 35347
88638 291075
871826 375967
753282 932656
168456 156209
2992 461761
760600 503632
705349 78320
522351 141388
383931 162238
531776 189219
470586 354673
614151 894619
328599 567996
994641 502759
3436 685711
417110 759103
936900 966735
343488 524156
278216 252093
821820 566861
370079 556749
562967 65689
776713 469145
127434 730057
581320 599907
870347 811451
25401 802612
609564 425757
434625 835650
97227 225591
47136 626241
745596 335294
991246 450106
447401 937595
616802 705391
753819 398540
120310 770980
310394 458956
505592 660608
950797 268911
590953 142998
367808 805155
793536 323560
824774 119563
657613 804023
237615 938434
623480 137028
350937 915481
910803 17047
718080 298072
543965 934424
596239 283832
379541 314613
101169 181210
356002 485693
387825 449020
94312 365467
357186 651635
197981 339089
548284 800697
526514 651767
780798 863555
789662 971417
435872 860069
661852 967604
232354 333005
934154 957323
873853 667443
139070 820903
513850 911950
203252 595479
173468 987560
569408 67838
161270 219829
68708 904441
30676 676977
440163 343181
232432 378027
173238 978962
886362 14485
393642 733831
751643 783184
726966 263530
58708 615037
983201 668528
62303 308299
487178 886067
596669 38328
545476 51260
683818 798670
417462 91193
171685 5566
911713 465047
674612 174785
143214 648480
469550 828566
771046 165973
129268 392363
209969 126406
939543 283095
968436 719711
154216 522467
270033 65867
98873 471474
428287 193292
282409 653486
641905 338129
54776 387660
3459 907925
960354 294288
748519 639329
935447 324716
827297 992107
51855 695398
431249 426324
594590 909920
249593 887873
75086 927297
781154 579376
729930 423674
43228 784130
497738 165778
853511 877538
240847 395197
757672 109744
585685 680292
448334 951485
824836 142550
761799 531944
214662 936743
466657 974531
913691 483253
260688 296414
250066 288801
100845 76970
718159 89702
265058 259155
478783 513912
287202 391142
610637 470731
746702 585844
669371 615030
896265 201352
902745 887489
979239 98069
458523 536334
354501 614161
157853 16377
710182 661998
643472 687539
97528 833184
895662 926372
128233 334178
630612 113675
423200 606633
875088 215321
621805 951752
453332 953232
381117 609939
340024 495081
892041 821268
184294 715819
162021 657263
163616 14388
77237 476586
289178 541277
894572 346088
595694 553324
881063 273804
371815 666329
186562 120212
35223 5017
542135 284817
938808 426277
167052 611346
80881 921756
396624 190612
781056 273684
275921 541118
210732 477642
651203 679190
627808 703336
995865 532332
48420 222688
513428 49551
244636 512229
564012 635443
799291 900945
712599 42598
704499 220303
619052 12911
598373 33222
850893 684659
231255 676773
951806 631370
19895 271152
141923 646143
56797 275534
582983 936949
542075 917362
103490 477471
958519 974154
665853 268514
851386 251196
111813 850698
972434 437539
475937 660910
278891 99382
456549 957499
124761 963804
684471 777782
234384 49401
199016 69124
751558 700088
269393 385039
874231 806714
592693 211019
514702 129132
770592 257017
67146 742095
745388 189644
200631 709430
668900 141993
122995 724582
469777 675857
589627 406644
64932 514279
919929 263205
942734 965458
231722 751461
209916 695607
242659 677268
780582 320124
862653 569795
767770 567827
287979 121944
655368 631439
559296 534238
549256 295453
39857 258684
945052 837763
453381 296558
512132 658115
623979 810155
300222 527918
721323 175278
875161 727711
162777 907977
678088 355287
701266 887027
623827 282575
979710 822095
450472 487836
672529 76830
31810 941105
162719 883341
671853 684755
441714 662090
387753 386352
49034 534633
412433 323452
764994 468245
625405 930777
661094 9253
663033 428768
908741 242089
761619 496521
73875 526316
727059 541092
601499 167136
624732 480079
662096 253872
545267 354310
111534 392877
400624 326821
741187 393418
136681 328042
977324 681425
549970 47732
822376 167800
812886 288391
514663 585673
284446 866730
575748 101281
21028 671320
754597 869537
354655 170325
227542 202499
578250 234053
199062 640724
948897 869506
211379 362715
794689 41612
331058 181952
48653 807586
231392 485495
47637 184061
85802 659159
528522 728876
160205 235060
952600 742487
872631 604902
784315 248406
828383 842466
100782 728707
988720 668537
313744 393522
908940 819003
459331 75889
456526 471960
139028 997940
632784 436800
238847 557197
260381 739536
777917 973523
936343 939913
6340 517231
461546 76984
545991 259380
464655 773930
497313 429029
946387 419908
689906 902605
940367 185050
843240 14078
281268 108551
585535 761684
771438 460095
421481 64422
58133 610348
408789 353199
833390 16638
192623 507357
272681 749979
601670 449542
473280 191608
589668 185622
189544 195935
461058 523960
441133 232041
12538 107342