838 829
20246 289439
824496 219192
805736 846144
459226 547697
362847 509412
960861 815562
833565 349493
73002 375185
203 146754
721047 361091
919827 27358
92930 205574
188899 331029
208509 948816
623771 308037
374476 171550
558399 873819
19133 775829
376396 845997
6903 761072
135010 720575
609279 777629
173481 268040
575179 704710
258821 67938
312623 818005
378916 750012
882700 892497
102893 952716
486333 776986
721472 393332
901794 226462
818979 45066
349516 266546
544419 846052
55758 262042
215860 978792
287096 623480
965248 122871
910075 353016
210876 639805
575620 746953
925093 914157
885588 724391
773894 754776
325777 248195
596467 643755
885587 46284
998073 485890
481552 462220
306506 803980
668448 741609
118968 577716
822323 97995
395348 44599
915897 191846
107144 180061
141561 73502
451057 907662
615065 311479
120399 754705
756503 357272
118381 65617
594116 852685
120805 27416
86290 408929
810063 600459
331627 13349
772029 148111
928040 364888
284779 35967
617448 114962
761422 433189
82648 397608
842731 959634
905868 837413
948986 944109
66797 246762
497466 463006
272256 712375
697444 685672
520020 370182
408814 156908
217010 227628
12478 490525
38167 402419
578923 756873
874381 818327
363 978608
221323 757312
119923 107089
500763 917949
614925 292467
715118 695887
604676 560646
54749 778790
133483 384401
742933 739915
745565 98905
499127 277818
848744 312380
972265 254897
2423 126950
792725 156319
344620 465460
669903 568643
385402 942764
759863 870691
140645 286708
822896 402440
620001 197286
807636 66587
922578 349624
592759 133304
117359 294501
651646 836800
403336 868534
333754 60713
714452 837391
34576 218646
916760 39528
954061 927427
136787 116936
654448 241816
823913 424818
423067 479386
935588 72342
674505 504260
350853 992149
856386 425557
368380 771634
30532 584366
849956 997638
629572 6790
834797 937836
795050 31318
17405 203698
569969 555395
889795 908987
82070 950632
536639 321507
933542 857649
968299 646036
241344 549657
759945 135563
548201 783691
585853 516360
149953 561658
971738 134055
69350 297821
425396 296678
263764 525236
742282 287624
705157 627022
162003 117333
329507 821679
335419 484745
399168 670643
742648 996340
858135 61759
178453 337744
886008 499406
477278 822803
590060 461804
844295 923656
382366 958135
238965 747360
601152 532878
361845 795181
396635 22885
158604 122882
999811 475246
347777 988620
729652 424724
44532 2425
771782 943844
248677 793168
537737 838300
371681 364355
127781 637917
642501 165231
251323 140283
187310 665515
129060 293675
975402 57653
677075 844949
472282 707627
841354 973818
179060 775594
94931 953320
651811 646669
225662 813094
894168 36129
380860 268687
762545 160926
798420 47173
159508 631699
810045 465742
60466 645070
924372 66571
684018 876832
27803 394318
701693 818863
804651 666
734795 995456
654531 293008
365795 394197
13836 534345
780577 141368
833019 995486
783653 111778
703038 974293
806665 855724
411515 377845
237339 72779
2194 736271
670122 106202
6088 528730
70788 307384
59610 245502
426208 693916
935096 651321
359019 827227
461476 398693
714883 579141
264759 793316
641965 531827
668589 345277
760380 590492
275544 554045
353680 54328
261932 362801
406971 775792
638156 535117
528062 250214
79863 211310
963269 779640
80036 100068
531825 571803
812831 430886
564672 217855
471973 211454
850073 933505
944422 259210
181864 35472
233982 931134
925490 669092
342009 967599
984126 198221
809918 998209
337669 134815
864720 691763
692441 914120
103946 873677
372606 497792
764730 16932
112327 446457
211299 828038
302807 224712
401921 85848
161763 140505
126430 885608
33775 220835
889211 106918
588241 946229
406950 860125
762603 939514
456041 859547
518484 393662
221452 951557
660793 52128
113936 789368
583941 68794
177690 67073
450939 475574
362285 469568
10924 23484
467989 570380
299032 160600
809239 210995
534827 865084
422959 99532
880077 236877
422754 145787
179993 9731
486205 227823
240865 534896
449971 513316
102521 4622
248772 170428
456890 870679
897021 864194
453426 217924
464130 407484
69459 570852
423764 971522
361842 514413
58695 930516
385586 195331
675280 284904
739035 975662
801427 156367
584949 500617
820453 122860
644135 516170
722315 615377
874703 827034
741127 997836
576715 624426
236976 503947
254749 817682
53077 852630
179748 896602
521683 580108
870261 181010
366325 383270
811231 882934
230969 82218
827922 461400
974973 3654
528130 945746
719606 679744
198840 451689
800084 479964
819059 414137
258843 794688
135565 641601
147448 589725
700796 501051
643937 856638
204379 828938
271305 562375
918373 40024
996261 984472
616172 152049
124767 516281
743199 620744
192801 30975
708537 947923
764337 562947
748700 403830
946168 49191
92585 241187
664122 222005
216646 668113
566489 586359
580981 764684
659435 228994
252085 891722
499456 889927
649442 768698
179504 230382
252741 147961
572275 814132
99619 328742
584976 570783
239780 129527
668825 252435
486718 600556
665450 70280
281396 756246
666416 982761
103782 410312
175074 453183
353649 63104
211654 355224
218571 942282
132182 828018
730505 226789
192874 558790
881735 296632
955191 246374
823510 360330
319676 879758
71723 278350
293681 175502
411457 190180
348660 210753
300077 845301
230572 898074
948755 69478
876735 240921
674623 529012
501369 936236
389334 157105
762512 303437
769125 197088
494247 109683
136830 203150
978495 803404
733989 310870
261640 868065
188523 906470
994410 949942
943868 585
128742 897418
435711 774834
910833 759836
192662 733268
103685 949560
335584 843429
883402 275604
478909 349519
272434 47533
264052 542459
950777 911244
860081 486543
831882 287386
282373 667357
13008 659258
661590 199374
611942 450477
81265 789235
411239 777102
48905 545845
486687 862482
958480 137596
906883 62186
999470 279021
376824 62166
711558 547799
132261 133376
968598 394819
668719 538831
236436 835290
823080 261495
626464 409060
58983 825094
585622 789614
99900 568414
383789 77294
655104 952178
232809 777566
910631 307020
557213 640966
626612 220784
293913 741209
508986 574355
300534 829273
842059 268092
984995 596692
306605 919939
166039 718505
751610 412857
686429 749517
9889 493132
287700 814461
931086 795269
616375 972782
617423 49526
724858 9774
170478 491233
273980 464744
616353 1900
589578 258985
843326 844336
59811 576530
641453 266595
920816 918101
912602 966194
832175 766854
292378 297118
288091 462891
345847 302980
372259 278306
687813 957467
23712 590209
662346 228083
339724 301574
957364 785677
703006 569364
182812 933260
414025 23429
374777 202513
829254 289376
267345 764101
309477 419336
942114 569725
470994 783239
647778 834236
158262 395599
49732 21358
123362 793313
399432 503808
988672 502174
548225 922889
769663 941335
208129 56047
421245 414429
399112 149701
309089 67176
364215 902512
969648 425991
665467 275551
845198 631586
427282 638801
199065 737561
148137 860505
14867 847047
794484 1725
126007 345572
615256 319635
51714 220788
271297 730051
15416 270492
706729 96789
729820 294876
944562 624483
919964 402666
191191 172298
506219 457578
16481 830350
430059 623618
205109 72369
412732 3144
663937 744578
572268 625253
708242 146233
584828 710558
848938 727824
826077 576026
725717 416686
300214 905966
382866 841465
3616 56170
461748 873154
630725 933724
791613 216396
937106 366514
347064 942713
98658 88162
208554 977320
700282 251834
946504 6089
736917 992659
481321 452738
397 545751
206905 623940
88051 952621
979789 923358
824964 588756
242371 36712
50441 594000
131717 773865
404160 482041
915877 735569
89468 731200
459036 279540
531660 598606
893584 402402
263299 250047
9802 775053
924640 404776
197616 596394
96028 441799
457303 996860
186376 54392
276609 195584
415712 334197
728322 282030
34897 90257
646677 119793
745712 341707
719479 547829
9063 830064
350858 368
944563 738573
477107 827654
861896 944183
221332 413721
315276 277387
847 746019
504655 198087
245713 182172
221034 959195
464695 799819
957001 649442
740869 150529
529556 801560
770180 378722
86427 55452
533366 286685
796233 840522
823126 653630
813308 975538
970490 52272
120754 488344
117176 922599
713336 627650
645658 481242
235087 565926
981727 27808
429464 130561
746113 614201
749463 902443
746068 394832
24993 637219
1355 846889
960240 74350
623144 111911
556051 22972
632442 560455
77067 94018
893398 24328
814006 163717
343507 210121
636251 183001
120 771998
684611 589159
116863 517458
827801 181169
708745 517185
83025 376978
25195 6358
596378 219644
406161 965615
395756 407966
281741 926359
827078 770285
12231 616575
814166 900109
370106 162405
994279 669586
366659 565197
239274 780113
902644 156793
502773 486272
568363 391134
89447 318061
545303 172798
203517 510978
913038 579818
617060 745570
122237 490065
322017 752735
557325 111667
83209 62388
912174 911243
925604 980425
450452 761238
45755 998255
86338 944755
190880 686039
465389 784749
148019 982817
966736 939922
131218 158791
718454 444251
346290 933387
402476 467383
314684 337180
640499 87979
215914 703260
426368 537598
523649 34942
846006 149117
837144 776468
465017 958669
368338 468736
199272 401772
939148 412019
412684 459211
957032 648616
937715 303731
457447 435472
371229 415953
971875 658884
234638 137789
215258 729671
419818 141392
432454 210296
567278 715043
320808 224159
476144 557965
679514 9972
816106 247731
934820 18826
310506 943132
275904 259534
97519 488007
78358 478365
393395 371863
154808 307015
526748 65554
529207 546785
461325 671344
888193 382878
876406 566500
998239 387490
723194 236289
610342 507837
393347 362605
372438 652098
687701 310705
197586 463514
381612 611253
953529 829268
539552 706263
705023 535792
510348 464284
326179 271211
341323 934062
768339 734906
839863 271881
711647 640161
775334 656875
94807 351809
764439 406091
158645 524310
436547 906068
801584 196531
456881 226122
245625 785448
197268 862542
241624 633664
193794 321249
603762 293240
664863 88977
693198 445405
587457 738475
623924 181609
418986 424176
604124 196825
987069 125121
60393 710684
525 396514
799278 179621
571187 80953
579550 210547
454336 265421
62763 239996
547233 323143
360306 672878
961079 882610
302610 815313
124856 892102
760223 778435
660025 434177
46122 165267
218970 465619
350402 958684
938727 924244
70737 752973
147558 306581
625791 370272
897085 784145
698820 856478
217253 469215
895192 152701
928846 231867
553822 918403
351561 561294
528264 379439
114823 472220
176847 760769
804710 447328
954163 891799
670758 42168
767612 81875
481445 957269
18166 698083
421116 123659
823866 607512
801271 211693
827708 633842
727995 282106
588510 817721
931774 421895
461004 312300
14303 960084
891969 278028
444325 395057
805811 746009
896370 392948
399418 669094
20327 580780
959625 147573
632914 631414
588453 234931
44092 828767
723385 925899
664176 162819
903384 19106
136704 444120
736791 806801
929504 992983
970700 578173
69040 892289
411464 114003
339186 453030
166671 317455
290317 355003
744709 120516
781119 126584
733747 689085
58422 223042
683931 271481
102156 646104
203490 913828
202051 261371
600800 704209
191545 144473
196599 69138
559114 641504
299528 675712
867549 635810
493176 803041
919385 793187
316560 80878
687097 759605
645628 122833
565968 547245
446942 797180
787817 843876
855895 483800
73054 916553
964588 457204
831156 316394
157314 30235
272515 352785
677753 490082
826752 158200
194971 420333
293524 21867
912779 918219
299408 103709
59421 816977
787384 715376
405274 439993
2160 133077
561914 989297
305738 499410
251971 621627
903100 454978
654548 382062
859241 721553
947330 935628
309578 324978