903 304
362067 474028
498096 476592
350330 577492
929271 394683
725353 232919
725711 842775
663987 2756
633878 78020
187914 590634
306971 179377
519920 680335
558613 345430
139892 973908
214915 382467
726536 313851
207070 716814
962370 218515
468212 474150
389796 927173
589566 657952
740705 926233
700170 719920
241820 1948
760271 250348
767136 621668
679746 699761
669193 447871
265769 851895
13885 167105
313029 852865
387761 552709
189989 361481
852997 849179
479302 93796
328342 108418
609449 837267
569973 70973
621002 880950
733080 598845
365288 556793
45838 872719
687226 323382
738457 753274
635172 337443
256190 355794
647810 739980
455842 433894
406689 757490
716798 479043
764526 314409
696918 839166
642864 812152
877995 591818
338723 684924
100355 130676
330478 571472
248790 671233
202681 51218
121064 789372
92230 302240
515709 772511
444090 621469
415998 28575
124694 97463
105133 945581
948716 726895
32133 831762
497785 451322
773222 209198
125045 202071
58627 350341
259789 604641
898999 168643
333909 236599
926841 356513
17207 496087
204241 651413
415407 631411
651453 597685
573006 235819
796653 338127
523733 91776
878678 952894
488115 687805
962779 354772
310979 708649
771708 142622
718818 897767
990272 546610
684919 389905
906330 937295
948629 942454
484622 985813
788648 793435
147273 816234
464563 620375
237613 948098
577663 696742
428237 75863
421249 180323
76118 447324
210348 473247
317427 727791
688042 829077
751585 201098
323934 961275
708018 113012
637462 514337
487469 753731
184815 725449
685 637075
78017 140140
700311 585714
346795 777306
586337 520312
386747 488166
180150 37192
297103 52300
930611 974625
337507 534795
622078 402978
685399 403740
416084 612127
310053 838183
540354 646895
469200 311675
83922 416211
640713 137813
941540 979122
670984 96889
822891 323111
808524 135660
544531 748823
17858 974994
302219 281729
355213 875612
513122 288476
666413 14597
585344 656692
684022 777126
250660 546543
89086 960078
131026 56281
731618 326347
560383 275282
834120 747164
261995 290290
862849 493907
308868 191138
199235 332639
100390 728335
599584 140241
678591 965547
927181 213763
450487 278151
522236 493939
126783 294484
4911 995529
570656 560890
636227 507074
820566 791893
823483 505571
875488 642012
291643 601113
680263 330203
436325 587936
650876 35517
732478 845186
42994 31317
287280 117103
246351 408365
564647 155249
451453 410577
600233 683956
517888 814049
484509 822696
902448 225169
751386 990369
767010 807046
500134 632858
883119 600855
454557 783693
156060 873449
570693 791934
993422 67017
317331 878952
54499 85365
114041 856969
868153 127612
436286 853864
833993 184917
737153 957409
46323 675387
651022 849069
671460 341050
927776 218460
454325 203422
279273 46692
432831 959318
113252 18839
13433 575560
512891 407248
25849 124989
43355 599417
581478 240238
766579 605852
596627 813442
209856 341523
702533 101966
851412 498381
186028 623783
887313 818624
951721 180380
206732 725230
833066 148910
349384 197349
930334 330039
587000 612970
992445 5932
972573 627129
222769 226570
558286 589967
197453 449131
726370 280383
959142 237179
890079 80858
410284 821115
353448 53333
845718 796602
597354 679101
865360 948648
998919 55754
491324 817587
832764 365266
447827 198521
688613 662032
532201 675301
780288 82301
998965 800891
268418 489449
781602 24137
518605 702264
457855 563042
818254 624789
887645 145715
595572 394110
808306 363042
678716 50925
899683 415028
821274 73802
130933 887839
274592 886250
485302 302566
147389 96959
930561 323324
135576 196097
207341 393999
857658 417445
689856 616002
205110 442764
699446 370069
46581 76296
388781 348729
562677 35786
996527 148683
352588 159085
327901 497873
461898 584898
429711 638222
94689 110510
398407 628854
335088 575416
905563 343439
943865 813989
837885 326748
357590 568785
465767 907824
855707 649122
206965 198093
496285 438548
920890 929227
237754 248020
757699 134537
602586 294006
504317 171109
514058 505453
300785 971520
206446 890251
249283 502662
699080 125239
726887 242809
125363 742157
232928 638763
572315 44064
118043 964026
571140 29494
40597 401239
249415 242276
863904 481878
435996 66833
979178 383670
425512 619710
458858 200549
501180 836112
411437 840227
176314 418517
725344 818145
523208 412211
326704 71301
774048 155020
172185 749025
659989 178552
271027 99504
520114 838360
869966 943504
817298 184609
727322 402323
321553 264315
627856 91448
83163 556338
633134 777971
668913 438429
729739 151546
271606 904170
980050 237301
326238 889639
486705 683392
90695 741828
215627 469771
701230 53835
184100 741357
617182 867514
333117 687793
526965 614914
474016 742662
867104 219193
346833 38330
417542 897202
361623 285261
300481 404250
770664 408676
234902 756556
680435 470366
538964 771615
918826 918616
616631 590078
252822 668954
987061 895458
884499 867200
772230 174888
424576 915374
818224 864429
287658 450592
166212 26252
39843 915579
105411 499731
683517 801331
269665 284012
256627 958926
171307 325118
73942 229986
894355 758654
471440 27123
848720 915751
581184 143304
260129 234881
866987 888847
951397 641058
225157 173522
296031 880081
118544 574604
26859 37415
679177 898800
376941 350871
576796 221395
333001 212234
736102 201061
25099 809619
703125 743751
545861 620336
811648 142570
48791 441421
862236 223146
223118 755811
125879 774452
553452 555232
65606 991732
402446 434732
654022 562945
615438 504225
250319 803792
747187 127743
784350 641003
566904 334321
500719 185756
91996 221457
991373 69017
566007 501569
880327 432126
24956 395156
172016 9756
317099 801966
349106 483694
794048 260503
727217 615237
767478 646849
482565 170922
702849 669198
28841 382882
288686 368084
597680 281129
516748 728096
104539 55237
547714 492880
161424 900716
180916 118020
691556 98894
427786 143547
668327 336387
687534 619993
192873 307533
575736 33967
408281 663711
910398 246508
243661 297288
153413 937671
411901 91414
556490 929489
685344 562948
961374 471130
50165 542594
143573 354375
307145 90346
726601 363186
991695 255788
720839 812530
536009 764607
921977 953735
551716 943371
904631 497709
889909 97866
580995 736702
35857 390354
196269 416073
268453 221883
611150 567384
810006 172789
608826 761163
291561 606223
308757 320606
977906 340152
967318 416080
531321 576951
117435 558616
84157 257051
372135 368440
692889 911448
841727 532653
194159 937854
293796 547108
945170 775061
878385 749337
600123 829963
700118 266406
131099 908552
539430 365626
621556 805229
621374 409286
739647 5721
926200 371393
639795 543455
319531 210024
179778 363366
174793 877897
955226 942315
646093 688152
221393 627289
874747 815667
675457 732477
464575 629851
323007 285005
773277 554340
311696 842673
861595 200902
897896 387371
519757 455300
703226 417848
856294 509938
387405 291208
579531 755514
693563 7942
637820 318311
312287 392218
46036 618341
600275 721460
233312 826350
416502 454232
419260 638419
567367 410227
901428 840524
912510 335373
465972 784275
570909 436338
284068 391911
167921 441222
142735 573269
851414 188715
535676 61434
673581 453356
412257 461180
632661 950221
610416 3561
690594 948101
566227 715108
758283 502871
190706 994963
570360 748951
323102 706602
450560 641232
606282 391344
141689 842489
694320 232370
934903 937086
584438 565342
983815 835621
41288 802340
950157 597733
245034 449400
985560 498385
894990 792629
423215 638652
406600 336083
965459 877330
198130 306019
479543 247601
786988 957846
695628 813644
328786 923348
191408 998672
467980 806504
438392 435475
43476 968562
137580 725486
765895 423557
76289 578686
833674 697032
940730 829336
644729 402006
715933 460517
91469 305423
758852 26493
485629 673579
833784 876556
672644 39420
172113 530046
484600 748723
299201 16874
993845 554110
254703 987848
441629 281379
767875 618113
189020 822183
784957 67575
709095 527456
814607 365788
665244 140760
920112 78027
297743 230298
275986 349098
115649 789278
951695 125080
409878 423352
772572 497461
517998 588828
132685 411851
42401 999182
220378 915610
781066 270308
801750 157618
593182 552843
588187 356009
312362 910977
841265 357325
789193 475639
534981 263181
111394 272911
107087 594131
212255 167613
914364 884109
714386 682288
516801 682564
765451 302389
508587 449465
909154 908533
605165 87526
919468 538387
398032 683540
764516 269585
257394 518855
556223 42898
551511 999211
148418 246223
28480 410511
40431 292161
394346 452585
105331 335870
247292 510528
603008 831753
456213 962354
661267 419557
830857 650767
591689 664255
630388 653710
509727 23019
921943 250301
506680 659641
696724 65943
444422 338161
813091 609918
467182 194515
215206 897745
37982 443386
919352 718537
296775 996119
622626 577315
660508 992636
463947 140901
149629 520763
140126 842837
13499 700886
34332 828777
325128 569030
841281 574001
426719 52907
113591 525251
272320 260262
380414 586677
825453 948270
778319 313350
323225 847482
246874 779007
899944 393759
123321 716155
810866 119482
763131 322729
22943 746777
846003 621492
688668 13868
583819 590492
710870 450318
92901 372127
834355 304972
636761 947694
277068 8323
278035 187436
919334 817390
203034 343599
575362 939075
773165 108083
786252 434351
166611 530635
884285 991294
163569 665598
601575 220253
276031 926829
709480 639045
249394 631937
163520 451737
541150 155828
146765 246951
20373 194011
974243 981892
382462 891289
724653 216964
122947 176513
241117 516807
744204 426838
554857 817262
758053 76010
656917 150574
851255 374569
252689 602851
127598 330332
759314 288126
275171 139538
543383 76930
476619 629003
763737 636894
186605 75117
770079 341767
381544 310168
415528 493061
913064 241120
775088 247522
55002 504854
123114 177276
889728 656473
428863 405939
440760 607129
529818 97125
672987 288153
101368 92767
458142 273443
668671 94463
735304 394407
878741 713725
323968 853364
390178 3433
653610 656930
710360 410891
663277 502964
450446 226594
789292 748648
556819 959756
9453 636466
893039 847551
497121 308736
431514 14032
947388 383660
705582 428221
999792 54358
69217 243801
73610 167643
550391 210841
724962 182309
302869 32440
172619 853166
222668 842773
443669 402580
208376 20888
727141 690365
754152 663695
800244 22109
36238 759978
631921 155046
61730 712214
920037 319867
976144 753158
527406 913
342967 297703
446081 435018
157423 857301
818157 295422
87254 303519
355412 393270
940977 711407
922393 197667
524657 215995
365773 157489
641743 683608
583747 416979
588079 862269
963219 216307
89166 366132
845379 258622
32060 195494
548048 416194
526436 95890
19121 140465
281998 859694
423258 588568
808646 704249
490144 700785
408706 375301
713908 177979
837992 632513
113434 403871
894959 465723
744860 159640
711152 228816
540929 430173
71530 322002
727781 738464
707368 481398
999642 143976
832750 488771
350830 689800
472349 902097
508903 361140
823337 81507
22235 532916
833181 277176
508124 846089
108759 4521
641140 243771
203357 701235
1186 757174
265345 382019
659438 533996
833488 399970
504661 132218
287528 701035
97370 252093
254093 13332
967115 651012
254465 351026
514696 185392
63317 24810
259101 812025
539338 454250
852793 342328
179738 713357
504411 175118
171910 503256
624428 64666
854951 565148
87960 992206
404371 396076
342007 51841
346049 674297
509909 558664
194807 732578
324398 331011
531281 979682
994570 977942
546788 867839
774616 798236
190661 285023
50513 157317
464314 41163
167749 837109
563901 597150
340891 164772
381844 808085
880957 144256
417784 86320
801930 499587
69611 799694
938476 684716
203093 505617
892228 499274
278536 841706
380538 378187
38752 348669
218887 988898
347782 177958
342841 689446
261400 722871
457476 246838
680240 908696
774549 820283
600791 411842
954925 144683
673282 416035
354407 964712
719741 545310
683127 532604
192748 728147
792130 439602
335504 56912
660390 992557
958090 392288
75040 36941
976039 705575
979594 817899
859666 326224
458800 921728
209439 502696
855801 934
995222 819200
628253 754428
494382 648445
913141 826105
441942 19672
984716 602785
974972 216534
358166 943961
747334 366265
985640 830479
913550 860441
890195 682452
937077 616065
17873 702090
511519 913903
166952 591351
977902 726919
923958 405402
956893 640492
540151 223675
420806 496798
949016 133008
862652 172174
879403 773429
638395 460412
858735 641899
421681 477044
819436 399431
706304 312436
455373 241926
651450 226163
845353 732500
720550 760322
927846 513202
21902 71868
860743 206764
686109 671079
112420 736452
980652 410743
83370 44767
655257 146927
165597 442883
296129 604719
122941 768721