854 377
52253 611005
22830 126873
426778 929579
135644 117675
702897 618471
839406 606723
564997 207000
446343 976958
870137 204798
937253 29327
351268 50936
382316 700843
357216 79719
403137 158580
215666 681955
221880 825072
485287 74552
51488 281537
10417 981026
452281 125543
296757 725056
166121 210961
458646 245987
514938 144691
229821 512910
307039 931959
897065 243020
827386 9655
651506 716756
4748 204230
175214 762610
594503 333138
635137 278411
112224 962308
967117 564948
833835 202918
223580 726654
620421 15487
728006 274861
52355 957212
161567 177563
961131 570576
93778 608435
95861 541624
865219 103913
372754 131680
623792 712088
277165 536818
781064 164795
876666 308618
39453 888162
89670 84897
37104 219029
209378 136498
248942 990064
180988 65226
81149 873999
194322 146311
569168 656535
162600 957360
993968 558726
89542 853616
887212 615025
725129 834877
788485 397402
660949 521109
119080 566557
397017 209825
883958 153160
837598 703703
761621 895502
101218 57987
614926 788061
88915 757197
692711 782827
80776 525636
643747 974264
540109 427683
238305 144942
582817 495920
838342 619723
594865 150082
558070 51648
228914 495717
935140 55783
981265 260038
397001 895075
754214 182361
92232 490197
776097 32067
812869 783599
266070 110922
210827 775812
104483 104555
604970 694081
988446 196062
159959 322161
987881 580730
684012 392473
367155 252474
325579 566690
338813 626442
710519 22903
304372 478992
541702 499522
509184 538023
884004 158764
752118 57337
433618 389196
418455 951151
382687 612187
242640 885218
844842 676997
894427 151797
447415 928873
992693 646815
722631 182663
92181 348396
649535 919714
535525 397377
102283 526461
143272 788724
193155 848085
327866 396446
108165 526990
120763 940776
53115 496763
238105 8352
63360 374651
510463 710651
818479 53331
26644 876969
275589 803795
231343 280387
774123 900913
855392 511809
6409 665848
249179 59829
49480 82232
907924 973408
309417 372147
48827 478533
382842 554966
976618 978501
867477 332204
679242 323391
499015 400571
300550 48868
530056 89729
827653 212089
313878 64051
598875 879714
997838 8172
813223 475020
351036 941196
235740 208345
408555 660351
662688 298529
156426 609763
184575 379509
480352 778199
910255 972403
872194 909353
451404 456276
361315 708586
481158 217396
340730 679452
896040 466748
648518 297867
795541 341513
650936 41585
811982 757339
806560 827391
582348 614108
508682 480389
901318 987243
901352 199077
259916 200838
110887 24612
223326 566669
574310 613302
651851 608961
8176 2543
384620 453778
994116 443909
362823 202595
251528 939812
824378 440185
700143 418417
299722 376742
855953 652882
275957 826322
945670 616626
861540 890281
918955 740528
227310 709693
660611 94642
46488 577055
768867 831354
759298 167983
489724 945309
85328 781548
915007 492726
429646 782829
783388 379321
477405 806280
247806 193649
241784 6553
305111 195823
306383 402147
255348 331431
100155 918856
639276 516581
441848 817418
55018 952987
554306 623184
644532 373672
749064 392190
863667 834132
127412 488812
586785 987838
177514 197796
716005 634248
144833 387043
104036 540945
908029 210752
468228 525169
345165 130515
58102 824390
142339 812010
957121 368137
61010 26597
904094 948736
29214 632709
274757 549011
317178 587957
824985 373014
180479 490489
274643 767789
124900 425684
712707 709503
47614 7425
448166 537923
525193 267286
683079 504705
853946 119449
619633 655412
28294 575894
727966 477110
493277 990506
260207 264732
581442 443951
686042 887176
180760 80537
817344 467202
149007 525655
313202 450256
493451 908791
458904 593870
568882 419094
957702 252604
412587 405294
201124 593712
698452 770064
340870 934136
650890 119650
1098 523152
948870 534725
619846 220320
332905 292635
594432 174823
914980 473045
844497 351523
700822 791547
149421 103440
735786 417157
683945 272212
928898 480612
2614 753390
165861 247080
257220 294932
945074 785050
932199 347544
141306 364717
859982 698493
604312 924632
444211 972731
981528 482226
8449 394945
632973 475012
383978 420261
949770 858666
274980 16741
94274 895927
707651 634145
928562 230589
419348 483341
854254 621859
194995 632317
492500 613034
492736 694814
528653 140782
761214 481523
167482 819857
548463 679015
85618 114498
576457 905302
592984 127045
743725 913636
501756 113441
495864 843301
331731 35593
230021 56199
933062 994829
531273 488477
713384 266246
625889 518152
309078 869003
955413 942541
874938 980564
266948 721325
902327 176675
358727 403373
374685 637921
427564 832392
74431 418851
800044 223848
127784 196395
536940 857559
903327 60809
639745 3922
515025 637648
368568 386756
751858 53625
990480 204407
332361 728932
458310 203065
221768 886851
946280 720032
547204 737662
128943 571487
247659 913931
453821 681504
607372 778770
497972 70971
67099 139343
137474 874466
853151 420831
383181 627747
147163 40183
727214 182019
885060 990245
713276 860279
380830 873600
637215 325878
995786 265957
63255 461480
859696 516309
155296 643040
882186 914652
860835 219871
111399 652741
340153 511231
565364 489791
910038 956587
138113 61844
5103 25527
432777 239318
635704 790537
142390 623840
183612 396896
894585 600141
357172 657603
139962 527757
179196 544962
869838 645750
271413 860002
185268 251048
621622 994484
892459 29713
742862 607884
503533 28303
563991 80331
75358 145750
991709 683770
588653 121841
907505 270847
223530 668059
486135 35390
440841 851845
373284 418634
937945 578373
369181 624073
84654 280223
733685 36731
481893 50665
563972 135461
518215 550892
713527 844123
801621 306669
101375 674075
464509 577127
179483 36682
944497 686924
515120 216696
679566 581610
329124 199947
83203 360284
645036 924174
506259 607369
735389 31125
873414 816476
329062 59076
185630 877121
651112 517794
857395 638867
953654 100777
596921 285244
164343 324608
624774 378645
114650 219836
210906 701263
802722 482294
176669 25553
464751 304262
584952 275173
611381 463276
947584 341944
105244 666665
128695 210741
945182 796196
741090 263785
844469 290276
379827 911732
457547 896300
744333 864195
40342 409776
882602 992061
970412 745701
489927 277487
845556 784785
903229 410168
997954 166466
852806 467146
199466 793658
525736 555722
757695 623545
478626 65659
873904 124525
98862 654265
707196 961567
275822 5239
210201 499251
175262 770792
636381 175179
168155 266375
74441 885474
603095 605500
359740 416606
47940 853164
882106 61404
113792 366769
462883 774205
214329 560383
149101 530027
959976 351529
815750 84471
975019 558985
56772 478653
557697 8147
11299 153222
908907 162373
101925 535692
981035 641471
487128 490767
751924 664940
620878 612514
170115 1586
991012 218243
800935 918985
696083 196183
358538 953633
93510 513896
925647 768336
609903 358047
144756 45825
609323 896933
674035 521085
526880 300373
696315 12496
311073 11296
103382 727215
350854 617384
63038 833173
541603 288961
834636 850908
905131 49239
346283 588869
232999 797557
73401 238179
698869 59241
290146 849501
780807 267298
493962 388435
5208 974461
650522 347813
446434 217469
966286 47127
663644 499603
476795 648264
644107 759674
801585 615753
853181 152264
631485 312888
795411 101464
244651 351591
911320 603474
898788 216778
785373 223498
665714 111190
593836 379610
3359 166149
624951 278735
264870 553755
897018 437989
942457 945241
872363 942652
345046 215875
518220 827150
905302 90820
766440 973022
393122 406311
796211 933569
976398 193845
612517 56126
953125 500534
216667 787311
495486 54167
408501 972689
477051 954370
570268 643842
927452 276308
340487 335788
552638 440407
318802 510256
508671 63489
34934 125613
168709 41108
539583 340408
401731 771745
380383 248636
636444 682867
836985 490544
897531 532545
476079 354814
734266 732713
775914 665411
693434 619716
312863 994349
508853 521735
931552 761879
878104 86281
222454 910097
763689 759184
804244 785707
799367 73147
196659 188405
201808 596319
198157 576425
276819 259188
121795 568427
291117 80888
347175 683554
385733 548815
550661 301945
548701 411547
403779 266023
798640 492628
252067 729024
401843 341298
123800 168040
843089 244879
50151 499961
158881 973304
894573 852094
437028 626750
542102 144909
154065 532322
25107 108599
672266 358389
539722 652178
590993 725356
28017 678892
959822 162596
489608 756827
658209 367950
120766 877140
416856 148275
885077 903444
931225 809177
850184 11010
806214 526449
819872 948094
627437 944986
617822 536912
73357 159258
290686 992238
282667 781764
758410 661699
977814 700441
838995 323160
575499 751220
505288 576473
916833 287250
583443 629091
329245 153401
982444 622347
40206 781969
337300 552467
472350 842018
350019 389372
591880 296867
388362 946696
492195 720514
499914 512193
317034 628234
433943 927378
738624 614203
304085 632026
441327 997304
634443 279690
280860 360606
831075 651942
199169 160703
231209 77100
809953 672586
286490 908746
867033 765653
195770 930155
17791 226703
985067 329479
560494 456594
867905 813174
855468 845590
213011 451483
308194 79440
671995 305074
89371 830638
32293 781964
707801 860643
249817 260404
759269 326535
162962 328775
356086 941784
296931 250151
813649 766040
667621 442195
811191 674614
516634 898528
794641 928199
887755 349524
927891 360943
707682 809420
621623 816505
931809 455549
287132 81705
602566 522993
561785 500977
961204 497052
874632 239932
613460 434332
74881 102051
192826 365090
279621 888796
780602 96621
890523 20743
441467 334030
411925 886771
810659 960049
471609 294318
874258 82369
999643 110419
143917 804393
565168 5746
937942 755328
643893 439295
816555 74096
335389 747392
191258 951649
177105 597410
302260 933637
542193 701164
711458 718951
604363 517380
920005 748146
545831 319333
478247 740641
976744 443452
694119 564515
486074 419222
56393 782757
561271 142806
335407 223552
751382 835883
600335 253832
273235 110185
972525 230488
568388 646547
420813 961441
787828 917378
157379 717042
212296 259174
418630 929159
351664 421235
346219 802566
832833 910864
228846 869495
366505 499906
4412 839092
397036 779495
168587 917680
578023 430851
311153 667510
9977 421948
737006 803411
800749 610465
743500 825965
373295 293936
916205 550153
53583 58561
533359 625156
829383 964342
179303 720677
397722 120708
878221 253692
655659 627121
192331 699195
616859 600515
773256 701711
61283 480682
646910 792798
989240 413194
651944 469800
857057 70029
888037 711642
775013 124432
778921 444857
857725 220847
720944 269175
122282 140044
462221 587394
571599 972482
898018 957285
401897 834621
614475 496030
282953 800131
905338 27291
860782 966319
134645 338647
393790 355817
278140 89602
953346 868074
399930 845148
209853 673671
520319 648739
981490 393911
596773 4264
104314 438114
806065 335101
388410 962011
597629 451650
674813 718235
855159 139670
815509 686706
752062 731467
759048 251945
641830 266601
664282 357905
391573 770815
251690 377541
439173 14972
580274 238503
270326 95768
161117 324857
552539 496307
605121 554513
859396 811351
950537 958773
384500 140628
948433 327650
16655 149
614053 34452
324551 822956
796659 254295
559317 120263
718817 925599
3294 445833
178681 225978
546551 163828
711447 146938
904188 525479
466396 861998
703343 532517
647609 568198
965983 848315
587656 248363
132152 755460
782295 609138
781744 587381
121038 676396
134231 721102
662099 70887
499677 997074
522731 202241
150073 439000
993469 649895
659046 671005
614888 525388
960467 829289
268811 213852
532075 931995
304113 717251
351231 243934
899889 937118
74999 399816
33694 443196
239607 905654
291992 627814
508862 437676
943051 317798
240945 278706
876036 677745
866856 972596
758164 54227
350423 448288
257327 904242
378497 580013
348638 583391
378143 83763
107164 223159
813492 84707
481839 658307
983131 943891
764594 89195
347151 646646
67639 525286
506964 130388
247791 868146
528502 93727
741140 221158
129017 70076
842982 852065
987640 66808
382863 139239