927 327
844597 334014
812093 665771
834629 494932
306875 724099
174254 882518
939092 194460
184767 234001
320076 866271
493619 290812
517740 235603
502582 330719
640990 525381
579205 943183
456794 945097
738890 827593
841667 97271
367463 111156
917061 538015
346112 955325
201709 480615
595504 720403
873067 493610
84517 456870
587830 628225
624286 647501
28770 45398
830920 257457
766187 334999
444991 68806
873837 2683
485687 462764
427697 201846
705269 961994
677067 90853
737307 906952
314014 279286
236844 101549
583309 292508
543326 670415
346492 995201
854957 576527
792953 379204
442115 55043
335270 949973
344959 645480
558577 692646
183586 877493
474062 104450
917333 86124
451374 241453
734216 996518
751357 192371
183839 951581
577294 439591
94750 550175
265287 322591
704001 197677
79956 497836
203508 952907
565963 958545
547122 244189
238285 716408
17987 666632
521469 284731
454540 645155
724617 583990
764875 528106
601111 178931
327172 58886
397748 106757
563376 952370
331732 923218
337019 694773
218993 583441
187157 58432
48899 964578
420326 263771
123843 657411
645629 822568
106744 687510
314965 305668
186345 683609
647078 44202
562537 360226
47208 336700
836058 864409
770749 224585
138268 156556
12256 156874
70463 399640
295699 406393
465697 863065
349023 679505
906297 126821
374615 536356
522456 61849
829816 465010
671834 432578
732231 311059
512546 692186
330705 916424
891370 824566
283018 81561
736138 497605
3392 99385
252069 482305
956045 395520
590788 180483
48631 568919
200493 621601
55521 789107
302540 334939
416463 97479
767603 238499
397832 955424
106848 968808
735820 191769
907019 582736
903978 968948
140700 888122
293458 955835
468460 722168
804307 59938
630045 458005
808751 158044
565075 631692
132401 290660
352514 910983
707004 702276
138506 318643
161897 947858
963488 270207
805311 770236
700334 220317
120369 676
522556 664259
378304 283658
763455 413861
709773 575973
239954 14360
751845 474559
417133 396425
109175 228487
809164 311333
524148 677387
535392 582740
36218 21939
654931 446875
679932 821701
940255 942752
398954 824078
729229 579430
927563 715212
269474 295138
871140 839338
598306 82573
800391 287335
8664 373772
529495 176708
361058 538764
300776 448719
602622 761684
418003 916683
15772 610839
747526 756608
302375 588451
992158 393556
447181 574987
203718 146045
806513 616530
296039 716555
363155 569423
793166 73950
85987 403434
476561 262819
149980 275696
628310 686663
38417 622151
198760 284149
994281 355858
39023 559040
965693 422916
610447 528663
983347 865115
481306 875664
891388 659519
45081 499260
936244 664310
122529 245778
141158 940001
601371 460673
52779 429509
266242 589802
547940 445354
90205 519570
533311 813908
8487 477433
539993 830988
883078 858224
262589 107009
893283 451609
82962 954724
928881 504986
945558 524642
480067 421341
443578 482476
863001 856310
85918 735006
695734 259269
998251 928372
639897 233934
856362 496022
198786 124574
854413 582638
610953 447417
130176 405368
923565 389305
809439 976569
740779 162481
101344 508101
720694 500816
186208 484808
20331 967663
136742 927650
968536 847617
97576 763224
396707 481118
927255 645249
480817 402584
223587 47069
532450 141786
947653 821271
816431 864434
775629 879614
412700 677679
805232 538834
729675 126361
566154 933723
237200 359673
127706 95251
907099 241327
583246 186318
277106 455286
53089 269962
169645 165034
771649 878872
493300 740344
440993 585087
114677 263074
562165 488938
117633 354448
906924 658615
621887 934391
854794 880174
368287 842487
426015 366174
409054 364175
887657 742281
671921 611180
519955 129691
935204 952410
77714 423560
478878 240471
42087 589054
993010 574852
184785 716526
592352 413868
859661 376168
4588 17406
697063 88920
485151 537282
765917 413557
606066 946065
260458 733346
20511 368245
601183 503591
336487 992937
267878 758477
378129 636445
315421 208193
305870 144433
779061 872686
343455 462192
411417 464541
248054 289317
655308 838242
301361 456616
926800 35697
439778 231913
659239 673521
332146 772613
418060 684222
820129 909672
380780 51042
644559 238825
192775 57315
620949 125570
607860 180285
712947 677051
736177 407013
670926 628143
494594 582331
405149 128711
830116 538049
868193 211378
870258 524567
254648 592061
609354 1750
189353 573076
744178 344970
422416 217724
842887 738213
859226 595455
683124 60638
658538 691288
349107 396367
866655 121533
697985 298350
37212 190647
974956 547031
671925 707614
727528 941364
55525 386214
266463 689937
58740 478823
143484 177762
505424 475616
282531 427524
316223 968116
149965 824295
481883 104137
906723 532996
390997 674856
158539 459607
172784 501392
444478 322956
997350 899288
29571 243793
502751 846202
312964 466849
433808 441757
874745 152504
342587 29837
907308 457549
687700 224366
77453 96057
874662 225004
315364 492638
261652 66671
166103 389634
658994 688037
486689 589128
649686 782143
113775 921324
617183 327225
705611 884899
299176 828548
155875 231798
502452 572334
396844 884328
605576 401026
276306 125746
433216 124465
949438 745539
628531 349964
998662 409426
639623 18966
875588 747705
795751 674052
825392 630480
695201 390124
173509 275269
564426 761599
757143 165329
751647 284066
496183 512673
959242 321805
678079 988517
600625 151351
710085 727351
676853 929830
508292 948735
9346 486914
101286 668784
273880 29725
993945 442809
962712 451488
683766 197651
604362 929536
950635 605996
591873 969137
792236 187228
194743 732051
957788 568119
478272 839104
950213 437555
242564 984144
520170 271124
285226 996195
210532 476842
588468 998404
366589 387066
890667 636070
459219 899875
180141 862125
242955 326651
333605 142248
21943 844513
177343 370639
528662 41248
243070 709988
854857 855149
47242 854386
276178 481606
803430 44407
226830 33266
218233 167654
640969 385642
587784 715733
977782 500009
14928 953824
637175 62533
840867 54009
701449 53908
33543 372920
492581 48971
929244 892861
223909 716239
615905 512096
874708 147261
720401 157426
630324 492031
346229 365859
574317 387641
420278 354456
408792 469793
153731 698114
360369 97886
887150 395394
517234 124412
233055 823202
346925 630775
113500 34153
271961 210859
859462 931501
15101 486602
431753 304286
346211 791130
744705 860793
383512 499191
42335 386721
577780 238165
411138 520977
458602 984209
444837 498645
867466 433703
865454 71534
457628 848545
336155 549522
158100 104898
778058 315847
561838 863995
290626 669370
856126 866671
543647 779596
279225 493493
692613 318133
17044 987832
651804 292517
79710 104965
554506 485529
83361 727953
919738 524668
480584 236552
158720 477356
974625 217883
820608 740928
96632 329748
201128 424830
924944 590915
586607 45880
868639 655908
988191 95979
731694 615843
357977 78328
772953 726514
80625 409226
130948 300820
852049 454918
682611 113511
469074 247974
926133 41432
707698 173760
303366 820345
947411 420690
535431 169870
154867 354924
258357 540172
321114 248589
820290 58163
597326 432024
502559 304256
278808 894049
908090 535112
173112 247995
849333 723815
87545 374844
807260 956686
393868 818427
550607 568408
747047 400427
985314 823804
698134 893235
749309 42331
268626 695812
646327 983498
413578 708634
61204 328072
841939 95208
302738 566151
457776 81503
203698 521753
674632 996813
55688 854954
632360 231803
757167 551296
79571 782677
839230 877740
988005 795962
618843 226680
312751 958517
559750 209022
750788 966436
430407 873210
87746 261644
883682 131827
815583 854951
296907 83335
293633 494788
237084 565777
631074 483999
442394 883923
746926 49577
555690 523848
802423 387748
134067 580550
495790 945041
903439 368673
658507 921672
447626 202904
873971 194200
314985 954607
733322 270775
852168 999364
533987 794726
483574 888563
771449 317744
270837 223436
43335 574864
53433 741878
177187 848128
48339 123223
634026 538301
484916 864206
342347 291284
492434 495812
679965 103974
152222 610616
494599 305920
860804 903126
975902 475999
273183 802887
357973 565906
763991 104989
148340 727729
127681 772815
424656 2466
333538 60755
932552 32836
23647 877600
840564 106982
991109 364623
703510 820263
814497 199017
92882 342256
735032 506066
736292 663594
678048 756971
551073 531955
589559 870141
50599 114936
801208 152259
158996 62570
240211 850740
307664 726003
742544 668311
814807 439399
759686 441813
616320 978200
366202 297775
487551 988632
260832 596700
967824 405768
984253 802711
939571 91288
537804 174442
822504 651549
893291 226479
137683 384197
22244 723238
816422 145183
149119 662431
183690 35593
602287 913806
483390 193845
764826 712352
738573 658672
471362 692806
938279 307940
349838 698790
649533 193415
379102 645450
109777 408885
638828 963588
371483 765596
800244 960679
480426 659404
222658 926872
396037 756686
902028 440333
172860 786819
827168 668159
980777 531051
911564 842297
812795 490138
186821 349178
547456 660009
392143 382593
158775 56306
573574 66988
705110 267498
288349 798277
855111 421977
45870 664776
75304 940982
271350 943034
834542 635214
701076 248790
359831 814561
352281 954200
706321 700892
272623 639624
461135 281559
916469 4646
925345 933575
141302 426698
428774 291439
457148 595010
194063 823945
881752 46798
140120 731645
65250 69564
302746 573032
969507 952544
196109 203019
571221 208085
214770 186950
178677 562709
990329 235064
193178 66811
74180 62715
419031 143809
836461 597190
257273 690176
608338 293689
451032 40794
485944 831124
473153 537478
692431 80901
234774 346550
842387 52795
897407 849946
88432 923918
274494 639960
775667 1154
207667 469138
871999 257461
856434 634042
392488 59409
256592 969116
605184 467294
402501 745800
72774 132851
766469 826816
401173 427073
941452 961811
97762 251598
87941 840995
881072 103464
793252 44422
201163 651758
297034 464089
404600 46512
303802 856036
744219 191142
526489 882674
512954 224860
557767 713899
185510 397338
194023 989881
371419 883641
703651 479458
727757 340650
756570 50041
511215 647951
392111 491382
3304 566226
19409 341333
79885 680942
35938 820626
790438 971097
696407 801894
320025 396298
402303 512833
160410 26985
268863 165148
304747 334660
835396 404920
309822 224858
947069 456583
54415 347373
181320 781390
14233 996248
669916 436988
430692 973067
758595 560754
546512 51258
163466 993408
635531 269044
771652 969597
222398 192189
869728 454103
195911 375399
535713 261423
671346 35508
772010 484752
447510 385761
843401 665846
308986 757413
327802 985376
41441 640274
592749 358346
583617 504444
318973 839258
166373 488223
665828 838005
133907 811854
17418 840814
81397 306957
66078 155076
245836 94770
424088 228217
728422 177555
356810 693788
268847 94379
167403 967987
902002 490668
51102 902937
607112 485892
361381 659759
838283 267543
831817 731453
430915 819826
506529 324847
532202 887643
529011 943917
914146 35190
13515 722160
722873 960140
290643 551142
883211 946581
568376 904457
200636 373064
837641 175618
498899 378925
582309 327010
202019 679104
320246 284561
966228 604574
153712 29600
831684 701245
559158 324779
802523 626001
22847 217401
118909 760523
48644 695668
594079 440225
644265 980417
767823 730673
356088 828797
491059 98447
60304 640389
719595 581911
269473 774070
611460 118728
41159 677264
290132 408908
244322 570504
853381 285501
17426 626040
426945 450645
90381 852237
551998 499251
181853 207540
487946 4353
15441 136622
139117 675409
793537 419026
812083 542064
839500 535442
249399 839039
325121 527987
156049 448060
207348 644436
132243 579497
819621 189394
42628 479089
997583 422013
850274 101828
645942 963058
873901 656876
550021 327759
764081 527019
688426 45484
774595 500800
378714 752518
890357 473490
254609 125087
818472 737618
855747 686239
934354 39655
728742 144952
125534 886554
37417 502780
1403 157330
522544 305441
129014 141316
896038 603237
187716 623057
885189 47089
851905 290320
918110 881262
490201 168164
638753 275807
77991 862066
385845 558704
989253 575541
303638 407319
772992 549057
186665 129915
845791 844146
949485 295091
618835 681722
655591 672598
952829 848014
27558 400844
638017 999034
641330 862050
769370 706126
306329 28897
354238 879863
490287 568017
209506 988695
928530 684934
188509 664121
622258 769877
681523 50661
712502 227036
15261 393647
292394 800627
571868 652604
789061 572100
612650 433066
795059 767726
431636 873107
366896 462027
967766 995312
325444 731993
819112 790865
236178 107453
146168 384238
383681 283905
799136 194321
416391 161026
422728 729677
997677 188898
207344 161755
112107 786636
325017 501393
390543 828431
661235 672245
538096 261208
457612 520319
356779 897431
325347 523446
833816 908597
979331 576046
934371 706742
385532 775503
43722 564329
124001 642506
638348 923485
841842 220990
218840 339896
225106 636277
467946 728614
75915 803779
259356 558809
174455 648112
204902 22607
980624 889628
263973 502123
641999 331211
420354 735057
511479 341926
451322 886358
42068 250964