1343 1295
296672 384561
315114 158090
106154 171503
122848 60004
41584 31134
266723 216565
498398 42257
368154 460604
319184 418259
228374 245702
132666 233934
38168 467760
167611 185393
465515 87937
467057 433945
5728 201215
72653 17882
212180 324907
310542 21159
81401 498747
263391 236246
27188 247346
94914 44811
219021 352062
351619 324398
332475 51938
145759 282326
196303 269325
205475 413298
405086 220108
188625 454329
317264 451864
264699 42134
102840 472997
126864 150796
10304 129895
384685 307292
60162 335635
224028 84747
485462 199186
391944 215278
152753 231051
496617 34233
474675 254494
70095 186467
64867 325839
5560 340124
456668 208443
191765 226377
450979 326851
463791 220862
350440 248634
192563 292162
386651 358490
339082 13956
424009 471753
327009 286935
34182 209651
391525 20692
384342 270505
30633 114128
23270 484992
120275 257426
381679 373994
166603 499181
63351 94837
314579 101155
182554 154242
107106 34566
57267 412552
360535 401800
438510 413269
329282 62266
158034 224748
411768 306242
414243 303904
149686 358507
188931 109894
443998 127082
196885 334763
255890 489378
126875 3138
239732 229255
306924 104137
287576 97271
279625 413434
183894 376986
277086 154626
162470 200201
417785 161368
412165 94635
358866 343942
111103 183273
54989 35339
207070 15966
105438 100341
201953 337512
177052 223705
330104 234203
650 353831
3165 303146
214400 493458
94901 64557
364303 59876
409328 480910
22435 444840
194803 283989
451534 251092
174632 255622
381179 600
364101 430559
391752 69827
381293 350929
491854 231245
274368 413610
21616 371591
92250 184604
233228 269836
191572 4925
455967 186045
427280 208458
183260 308327
177305 8958
104093 96517
358399 104349
40357 195898
168666 406461
357836 105139
137715 168608
242207 369785
339036 399313
387017 122094
262160 297640
203280 400528
454379 478276
349525 74534
184144 27201
324782 140567
188623 2824
415216 476020
378650 480589
64528 6625
235260 70512
290076 120213
483708 19900
288202 388784
350546 72856
367068 202807
254437 225753
54145 361246
468945 39550
148932 166963
444981 272307
279240 133298
385247 410011
241546 312870
448245 301441
299581 169228
50421 162185
139141 254658
158500 496045
321543 377948
323306 145868
227572 249345
425026 369161
72904 4673
301299 470286
376594 486920
151744 122424
117530 268720
418980 424786
438736 57906
206577 124945
178178 249784
114982 199857
181424 17843
434865 486803
267301 11101
243018 178567
431276 134104
463120 197460
148905 75500
176275 461128
180228 384087
264541 364844
54451 125727
465332 389415
101051 321922
258715 443156
319317 125016
422046 334823
425390 339861
51693 120244
175066 304356
452479 359557
42335 332929
366609 67032
43687 303659
149767 194657
347906 140238
44123 189665
379000 317932
256398 26729
435144 284647
136355 26347
264195 427218
412976 277582
408669 121499
57028 86991
338166 221536
307247 328532
384316 338796
468093 232855
379294 282610
35705 317843
163299 222006
246821 2117
443016 219878
241718 214104
430811 410565
62658 462638
144434 399737
94355 345405
191653 308764
334466 52272
429784 20896
398001 328112
208856 450776
203973 417998
367188 44134
55749 368868
374407 99127
217181 310187
157054 492570
285118 312942
52418 237073
485320 229945
66415 388051
144934 106192
10646 325054
46976 235237
480768 94879
411636 107352
126489 63945
277654 163838
138230 238074
207771 122058
210242 175782
371965 255547
258198 495296
239665 391049
395494 414091
386376 50309
121871 89660
166699 107159
107060 166130
120531 344348
170363 230928
193516 41939
434764 389870
229417 397753
47665 347335
255445 88060
431230 92923
2174 60247
20376 13407
221145 57664
193930 408295
314705 488962
492865 349775
269916 266215
119939 468420
369536 310499
236688 218239
32624 412004
103675 466235
306921 10661
353289 263739
392539 338053
302206 21881
336121 203205
126065 437243
165523 287251
301899 487297
373916 196527
7311 5249
469958 222107
394080 216966
404740 234670
466807 341070
453590 486057
365528 7278
257650 105393
121276 153738
482809 58638
51158 76527
46896 123531
405228 386763
355174 446534
409161 213712
20980 64620
370248 405349
201743 315443
26314 87499
413436 4697
474932 89808
282408 302385
80319 333469
113811 313217
306318 442138
380961 226547
209537 166809
215661 473438
17268 105265
94700 153494
99440 304126
191507 16053
57425 392795
348385 457170
171196 32410
78223 19389
382117 122039
35222 492538
359195 300479
495007 352355
400807 337363
459987 409105
207995 111613
97712 265815
193924 57168
312864 454782
202877 69492
211452 322435
296398 118144
63729 260546
290259 323254
325972 208362
245408 350549
161199 374683
121258 308707
120916 99985
155053 218001
24605 457715
108867 76352
139355 428090
163732 282392
455797 267598
451830 39852
67491 487339
330903 407839
245786 191704
264855 21090
308920 375692
251877 113343
27308 494308
394327 173751
460318 316887
149618 362508
177827 62073
115321 164627
103193 38001
270837 132964
62922 412924
324445 420561
496777 176443
356434 448274
499543 163381
261821 433348
129899 8054
175259 231580
35744 323655
332760 482067
443324 56810
251105 98613
389504 100658
62206 80673
363338 45510
63415 433507
177820 161727
232074 277275
16970 171233
466761 83212
212801 442943
476732 25435
90158 492405
131105 74825
13878 361864
61099 2451
118280 371339
59106 308346
421049 245587
182377 208314
20528 206370
337086 37471
347807 9401
106881 13190
225578 315352
378350 210406
100222 27550
427229 496726
330785 219926
254714 247484
198129 208637
216617 3250
119904 451932
134284 241740
435751 185543
207288 273639
404767 167538
225322 493494
231145 479272
256050 43850
297291 315929
144013 441173
338737 295820
237730 269999
207316 150296
385525 63806
335338 189955
194195 291692
26398 357923
62344 346276
495101 486898
474098 218719
328284 103360
396543 43523
247510 174671
350497 231118
57586 405434
563 422116
59942 323969
284261 314789
293661 457718
488406 84566
8789 461591
142069 116175
112322 66068
13993 470154
449536 238832
318433 81041
376128 319773
273326 79654
331942 227988
315418 268554
193401 366981
460341 110895
304958 234862
240583 64966
227255 338207
314083 26529
352890 41218
10417 260374
441350 983
28528 463083
379949 337929
464968 92792
159165 54489
240905 8192
425592 124002
188823 179009
330430 383431
89442 21433
98321 128368
302852 43104
220425 271865
232453 410329
392172 416859
36035 69814
142733 267342
77844 131866
211391 418154
434062 72659
419419 160406
441848 57584
202848 175001
103134 453261
35413 387887
272558 23856
139236 373647
261773 165047
370895 398025
480448 346376
9770 340941
96719 481222
466656 379492
303453 348775
84152 181724
330395 356709
183933 230597
139027 252289
359323 158409
9802 342317
63745 80557
62372 166512
263597 119509
259637 14982
365494 235165
431007 55958
84833 162815
458823 288618
266822 162682
56906 237516
356230 436368
395506 369068
480435 105227
149625 39167
425044 437762
411573 420116
192587 436253
61823 468345
67426 128021
50784 312135
297216 131720
283807 89024
191924 80155
307305 192347
251159 295145
447050 27645
131835 428404
8470 141410
213828 214812
327384 253740
289595 461205
18772 95219
306881 107287
433309 147240
249334 368023
59719 383316
276594 216913
262690 157872
430556 87530
177793 303047
189067 357234
24171 488622
202177 142018
492998 41848
274849 32306
351272 289773
96836 358875
361881 230686
165269 253840
462570 421367
219625 197259
279694 163073
111591 315388
318428 25647
466466 217975
282757 172391
337188 210427
43586 441312
194556 498902
116049 115177
312544 120970
479295 19432
399424 66713
275955 279143
401951 107380
423484 423349
96156 272253
123487 371710
267127 426605
248148 382783
328850 210488
166204 42563
78097 259130
407740 267144
487956 416917
315319 223317
4041 41532
436133 440489
143802 315505
21449 436268
422899 2504
248969 163470
216837 353813
431148 140453
441613 50663
391614 206171
186816 395482
999 341624
115272 447361
264264 270609
260625 380964
27347 178006
288867 328317
310802 334826
21368 82982
732 350106
106610 280167
267790 87929
376305 212733
149146 468977
151947 121087
270702 365269
209257 488418
398145 251534
293730 48866
56885 318794
123635 70878
286095 484428
43242 171475
291827 165592
319560 456704
54817 309828
103723 485567
16221 178069
39438 329783
220468 298018
172925 143292
173348 476251
185260 46406
370827 167182
1141 123420
202003 142560
246815 198821
57868 277950
284452 154552
86616 95336
14187 293310
25710 424821
155313 118392
374186 378254
354053 293085
391862 366881
152150 259681
114777 133523
169245 278610
328706 81470
299299 491649
365383 431007
148658 444298
273117 373865
495108 443471
494863 93124
16588 24232
304927 50896
451542 438424
82547 301760
31324 480710
403518 220259
397274 174029
118311 212390
45333 238619
1987 384671
463218 373249
37482 367037
288270 458390
318002 491105
50429 56131
70072 171361
343838 304597
48886 468242
401894 283119
231984 331844
278437 12635
473740 59986
301272 184844
458965 247384
7177 433267
387147 399335
86413 162842
482962 487811
182998 469741
192105 19393
451347 374597
276751 467987
5654 35050
359799 87353
437024 169380
297167 380367
232814 165481
430557 442474
194768 498316
16625 156219
218169 403831
475869 319340
110131 478770
160723 19146
443115 37189
21343 2293
418805 450859
385190 265839
80627 73893
211878 33702
380679 322115
33904 411337
167851 341224
220807 222647
352760 237731
19925 264548
160776 106927
108457 461716
452875 95056
67991 394908
292602 12849
291465 167342
311934 401248
211799 322625
3816 23045
156984 378657
315425 77233
57642 239845
242414 278121
359508 100287
60017 265875
213129 94636
448653 372481
361743 219633
183353 400468
377869 340645
298507 181973
280096 271363
100507 312527
119932 51698
36251 494297
283451 74519
67906 330989
60977 177996
50138 244990
187660 71557
478750 188829
400314 161742
144847 147256
363523 94181
364102 29347
459757 244312
321339 5145
416195 85727
484489 455928
439356 213397
171322 167067
223982 310814
306768 394875
181491 201903
118677 269378
330524 231922
352250 138865
223242 296295
38635 52684
397095 164588
440725 22196
396908 106248
493902 22800
234827 7381
39312 216859
136898 259959
458036 429024
110146 74203
498779 487643
248238 322815
227479 434154
81387 400942
174741 338961
266040 487783
69820 57952
377683 133125
490705 331366
41248 412049
164856 276989
89045 212774
171823 496592
400474 228935
312943 126661
313304 474813
471225 400074
495946 124300
175607 8202
393337 392578
49337 176570
465578 220765
435006 420422
80488 231180
275595 124168
394045 171410
75088 314066
118594 222285
215751 437684
173022 288296
12587 351703
161341 371046
81318 195324
142157 271069
172851 39574
100884 413351
79971 245781
1178 138237
82024 484136
460515 89983
147177 495218
398782 81791
250486 53410
108996 23056
485606 271706
372265 403136
289592 254885
263116 444115
319196 458417
266795 56443
187990 217201
395326 85743
41730 243372
228915 220748
331180 230921
466045 314724
108503 164305
241252 255506
197994 266135
20643 71001
367833 253421
330253 241641
459348 99874
347164 21800
23425 325108
265540 149455
266183 163026
364414 261141
143440 351912
79021 204132
143512 143353
52093 479611
343348 105471
39377 391768
486496 22505
15656 269310
298849 324863
70040 255642
219119 451084
104111 145867
327989 248187
422746 15241
432682 419336
414055 174336
461956 499448
332442 240842
72911 54526
232788 210184
299253 298424
451979 389133
498717 477192
141964 79933
446915 419058
438006 42699
466699 29769
191292 381037
7799 388926
62681 6949
160567 176388
246515 205746
297206 201092
473753 485450
206289 366812
229821 265367
459595 430046
313443 378011
197629 280750
234540 189772
79719 185555
30456 319456
403630 357722
84461 274175
302764 43980
290325 367161
340602 124365
114659 301902
14616 442012
183417 282314
375882 214966
463569 89841
43399 125384
45330 379615
452881 169629
328062 423799
30105 106400
160274 18130
288371 46408
388625 19491
476633 426275
325743 122354
220591 274486
197634 253122
50050 357020
439784 242419
353817 17603
77434 12201
336495 403198
155836 484568
462974 107309
320018 315096
162226 358294
210451 4599
297274 204938
13711 237818
306700 233630
343451 358271
72949 53452
353027 367853
462510 80587
124170 330022
250697 272259
289213 106410
366013 226010
70634 431669
379437 70720
83300 383980
184924 41477
485600 257426
23916 42051
322236 271118
481897 239465
490467 212961
360696 204031
315056 563
113326 237405
343599 213546
430955 489549
311397 243102
96474 116775
445369 137557
82935 263196
295798 440487
71003 143537
96489 269537
417435 299208
472401 16089
485661 102958
279567 40113
335306 427648
146115 57633
397026 69128
442727 278973
238690 91882
172914 105163
4709 434461
94198 87571
369668 224815
422447 163630
475915 132494
179032 170695
221393 209300
160500 286596
23174 2935
442553 171119
342018 3765
212962 270187
207475 36321
83884 133971
74513 395993
289802 68498
111050 371970
156785 363886
370453 403266
216588 380968
437562 427977
233284 253630
374475 81501
282607 289063
281461 250391
238290 152862
339690 190748
327850 87860
161133 77466
447338 14635
117204 39078
419290 302366
289199 23993
20946 44482
486704 58389
103650 241822
59854 73736
284643 381426
480456 150000
360070 53074
158659 478674
493867 306491
227277 196314
388173 445200
384044 239589
29067 277380
352568 210696
320270 206944
436699 263508
271113 39478
490321 121740
66586 252132
398938 341950
270674 488109
109328 372556
318416 366764
107623 354779
196779 95980
34796 142283
119096 79456
153994 394423
312637 4308
430902 414571
250786 324901
353578 414359
243638 66964
311215 3064
192984 387155
250144 305970
116402 333532
67290 15780
291614 147477
163773 249926
435070 200921
257192 402163
413443 111858
476261 127972
395741 369377
415852 103319
404322 175374
387937 307005
110912 404856
411153 270154
55098 247943
233050 164479
360384 216542
5036 224920
263294 9599
373809 169197
446968 479889
411781 161182
338358 45701
301995 401129
401302 121292
390843 466324
63064 463519
459634 277707
79229 407878
265576 88288
173442 254826
135898 418620
431400 95202
209154 489253
120067 427479
474451 434111
204414 127567
302686 493475
264350 445343
359476 260229
277516 20080
314177 358995
468905 323390
437098 347984
335573 393646
411286 81094
455579 351460
93235 479948
369448 143762
348336 380852
439514 406433
295640 482746
25139 462316
109900 327195
227879 391205
238723 457306
70365 52622
66876 160504
104111 314276
468375 441624
177323 288228
428769 161977
134556 321008
335325 70031
311424 429791
107444 354786
51079 404183
2382 291726
191409 174394
195516 455419
230497 110505
230945 33367
71766 459925
257284 180910
134084 82462
224800 82406
284273 362020
41726 354497
424407 158254
231811 59468
375033 25363
437999 460381
80399 48943
477400 119055
384042 416582
166915 342390
489132 393047
177578 274194
313363 265360
236947 455390
227234 347119
130766 367819
257852 357979
152187 441131
116269 151046
138483 241693
498306 85144
185834 73085
429152 205712
54492 277772
246043 4392
309299 197542
379819 24131
229670 41352
28009 364255
468486 404941
173850 29674
498085 490826
417293 290652
269233 128010
224045 333439
25826 68373
317589 463841
23387 27658
324141 221460
437926 425780
40808 492352
443788 138852
73131 279233
314025 408338
173146 2601
265733 316870
199247 451747
25943 180413
15993 392497
224708 245027
144107 22811
131422 394020
264744 261493
483895 323296
1487 421269
143516 310744
151716 418068
260356 102417
303894 72017
475897 101559
219881 347557
88212 487252
82564 194350
313521 403376
233196 54783
224879 272250
420242 398529
203478 489696
379060 127401
159012 358105
272361 156806
285779 354947
407024 281961
288502 490192
348758 235979
34046 471359
307287 285225
354323 469067
408202 26946
164405 31891
260733 47019
440520 294735
439350 202580
238419 48856
181186 491778
31625 232084
160575 268763
393632 197045
274307 410952
351404 369558
443709 372256
38122 157429
470267 45470
137994 284170
180758 156242
52341 268214
112192 409433
364719 425788
435444 348591
58903 256333
23343 106985
140882 34519
413319 128779
256642 138883
305655 251547
394729 24787
460214 454888
422982 1764
176050 470779
119032 68744
198431 206831
401940 323250
348611 205052
288159 273799
454823 143901
411367 162403
203258 348019
400374 197721
201758 238869
399536 74974
465176 359468
461441 383091
448991 149349
189134 93072
272119 493384
399247 155139
443126 203663
290801 295672
143934 267508
417971 412593
402830 163345
40640 250429
339074 177958
216949 9441
52573 499008
431414 282395
454801 105847
320690 158362
37873 56746
3018 213552
348438 166461
53034 320679
197816 314879
80318 465672
71126 431840
429487 174238
366105 197325
475058 349075
234198 50351
488484 259549
262569 285692
235636 121252
276046 118739
85372 491456
132307 386379
334460 494113
110986 20627
397509 447851
296807 4906
36802 285315
20213 7621
461076 140602
467019 31345
395059 283077
97028 422192
325331 392041
296714 371158
244557 384354
112528 140261
279951 281748
9744 287720
357426 54729
250724 479585
451985 340618
17059 253957
55158 353466
483791 266893
304316 464856
282084 479021
306993 259235
269372 167284
259299 487366
407371 392856
349473 349506
449017 472261
27221 87643
492208 206418
365163 483234
131608 434310
22690 314084
283134 94311
377490 333441
194563 368306
41474 277481
114972 453579
449853 365887
346271 372073
351067 47289
174862 115665
155477 110937
269047 17606
10626 37436
433463 104612
375603 273416
331522 162805
55899 61939
486330 240239
254846 249224
123816 379238
222886 233690
410841 192283
324295 385771
248668 85257
441608 154884
431721 300756
305609 439846
268365 307918
72025 481363
408354 17637
242572 21824
121286 230969
118516 449955
335143 372554
442562 38169
396939 432290
288468 176985
367223 164082
88306 424321
410704 96683
100984 104669
428149 424124
428268 123225
142435 121195
411272 348991
158944 7274
327900 457223
108603 467885
402755 444965
174922 376787
284353 158225
422509 412095
213488 35663
406188 302232
167830 374185
103807 444373
312881 194016
51127 210634
393118 361136
114708 478732
242435 166254
440373 426299
25678 60306
24223 193633
201016 104950
381269 173905
439523 246736
276383 429053
136448 113591
140222 193606
386764 258624
86525 463295
163134 447030
98018 132458
463156 36590
126601 165528
306619 326063