1598 1538
203571 83834
390837 65336
33471 96899
57398 312628
462429 255712
51321 421235
181460 5314
432271 342250
9409 486693
248739 47045
405617 372799
274535 139953
370781 104378
482447 109638
89844 7971
236310 161485
431831 327311
227940 238245
3308 174778
198709 135061
282966 70825
233074 23541
425897 379773
311522 287286
298319 72185
319971 36316
96150 150268
189521 94972
362420 475251
477410 401631
195134 429747
355695 401867
283183 475878
324993 200112
168564 150284
362617 152912
169250 471643
244388 319385
255181 380471
260581 300517
164583 417895
238744 219329
467851 198173
427239 334475
17392 309860
314599 342841
121283 471992
113943 61573
12809 144231
63559 283247
442729 104546
49951 194335
58013 58020
46817 59344
394097 289288
34423 353654
441230 449634
392567 261377
219887 430133
175190 202968
312841 261438
399594 362621
439192 273575
266630 138977
227851 244279
431696 392062
5904 61093
359832 463293
362596 492018
475381 393379
377734 348623
303417 219408
326607 163871
110826 16661
222408 436991
392682 299104
1200 34774
477226 70745
175693 30610
270068 116768
193323 396373
23955 230422
103977 7316
373955 457778
121036 405767
401166 432261
491766 395645
428042 42205
353263 207407
312801 425128
412706 259988
297454 11822
263870 337886
99959 184772
348981 83417
334081 355764
151762 224648
100839 174447
203672 175067
280173 451137
155522 228364
52655 427444
251118 87118
421619 365993
79365 6086
9509 203255
462343 100054
249429 6776
345042 223124
139731 48389
406343 227436
284347 63520
176830 423270
274761 124174
332269 54640
426333 130789
84534 348306
354873 112512
113030 382599
440162 261407
340607 351161
325109 35716
157000 75619
399229 170791
429002 266274
176664 194446
77202 450816
470516 265569
396423 167008
370541 397187
149473 476551
145694 220999
172546 105252
391952 46297
409571 494856
115943 428453
108464 35226
103259 332185
229691 467107
181135 103923
300148 123229
395268 212833
213266 299227
109122 145982
474374 33154
166933 61347
20828 162782
215550 218950
138651 335425
455480 368349
227719 455036
89488 9803
300596 211742
435030 326152
39809 339644
183868 362852
81231 430195
459180 496103
7934 468831
159159 112127
233936 345196
32996 437534
214095 206346
343330 346523
226614 333966
147565 120996
496918 436326
216307 164964
176192 183748
287489 267153
455278 331594
123625 220929
336999 46911
497648 161529
171891 407290
186417 429448
250454 184626
491062 184733
82034 229857
221453 86589
19494 138044
87462 400565
444663 461304
144117 45020
307244 348467
325512 52993
465196 492165
396642 470022
262559 293437
390311 3316
149635 211253
23165 179528
269045 201015
136156 177948
336547 346052
492638 428025
409932 370277
76114 282260
180674 121360
418920 57577
315463 332221
292419 283447
96851 42919
499016 420664
381812 190810
233498 76220
100938 100223
173375 459478
232768 174891
195842 394605
419651 140652
187825 30190
36264 313050
202968 466275
191827 427727
335587 191838
155592 35677
205609 455688
330384 276820
482772 87441
128543 140975
257538 155512
351147 311993
134787 356492
188848 479202
134577 416909
389023 491883
314400 218695
470994 140400
152976 153275
86923 45499
201784 153634
131914 476532
385708 42200
119812 437051
283194 94776
476884 407454
200081 366271
212262 312824
268938 220171
333173 494597
208537 141464
143881 89535
33409 196601
200685 66318
371007 242952
412236 5503
350621 422700
73997 140281
219471 309533
262941 216512
408017 131886
170475 477362
378014 293362
466476 58133
99631 270390
68060 478911
21904 307272
74151 399866
225625 258888
306923 31415
440331 47418
431267 356145
475733 413348
41737 341814
117262 37169
316682 121339
158785 430982
128964 389098
107015 264691
206341 256824
496370 128382
448119 493323
226675 50993
29349 154545
118640 190182
82064 478052
388807 329871
181253 415202
153724 475485
357833 275744
347396 94293
171328 377597
353126 430635
143068 195739
33373 172866
111162 495346
450310 409238
184184 263269
383526 447215
183288 357535
73947 202557
57629 191960
121036 17084
12425 249948
484975 117157
449653 417736
72611 136538
234107 72638
80338 400187
347773 357073
242152 149843
471259 271480
21073 206818
105787 37536
450318 207031
421656 188738
50762 11877
405281 394866
14451 357790
34838 63269
400750 93142
281355 329520
105994 498032
221439 32903
259288 147860
449175 202422
459866 224325
42592 287025
141132 496801
66930 424033
173699 34650
347158 16066
268722 415408
277830 459064
454338 466836
169826 365813
327753 395583
1555 305005
209786 375914
224218 173960
30168 113992
223202 216773
52840 194933
349964 5153
212702 28201
97285 19288
212445 141148
492122 384194
301242 327443
379498 217449
297370 334507
384718 364532
347163 269097
274155 328383
4584 109666
172325 18775
98784 335579
56985 52803
79501 469115
277892 33647
335257 93738
429047 105449
249700 101821
429632 471600
128022 56703
436492 147511
376251 422322
5708 146527
336703 257690
50097 177919
99712 151868
123221 317472
353454 204742
223197 118044
297358 430752
463630 42618
498405 321156
139811 32730
72488 260065
320938 52610
384687 29988
79686 321044
271062 145204
300074 56442
344714 364307
175158 25186
121087 274292
156952 210505
112961 252906
209908 252341
399964 490998
27104 7881
293222 162374
466644 166198
210083 61307
64871 83482
388167 289949
470091 208800
142633 474407
58563 329992
149862 283954
444092 67387
96994 481688
102186 455215
50389 384040
321221 181078
130193 112420
365459 268984
297360 318435
213171 430901
355631 378157
232597 35082
399396 365206
58340 291075
388306 437758
82247 486574
7646 116430
254394 394872
402558 422799
455883 420529
353797 74093
407656 101937
292952 473592
349570 421668
390578 326979
218185 57682
6354 45215
182075 381195
161844 228889
231893 310995
357771 101200
91477 46975
424427 276479
16503 35553
168238 200228
366217 86286
242995 491924
207059 410978
430233 476750
495803 267933
438641 425199
168732 306168
186285 88357
105607 62648
392906 124213
312723 57026
363169 47296
320130 187171
204835 20894
211623 48189
314004 310523
338716 123508
231339 339965
53102 319354
169651 497833
20416 214768
239506 334753
491042 478081
414845 99919
433192 402206
109326 428057
428777 362130
453640 333760
57673 328585
80622 369808
206056 67904
173362 427936
2987 150108
228249 137191
202458 431736
122662 362475
454421 319619
196220 198184
187050 269828
203334 496574
43893 86837
327311 109045
291290 188360
280704 285794
316032 247664
184632 393457
74472 453513
140224 476367
419604 168559
291101 130158
191606 303376
181935 395074
95320 162610
109478 494054
252935 401789
20385 120975
1475 370148
255200 227427
302937 468470
235256 188298
119714 217755
212816 201879
220023 497313
394330 203754
329619 121589
336450 441257
105817 308726
34044 251909
473518 323180
19459 64056
165639 363008
168137 467669
16563 340526
345272 309279
385149 53367
228965 274864
281870 11934
387790 328241
224682 489649
183157 104831
420565 394529
210752 116090
119964 31209
262935 106666
360593 98682
461367 324222
29146 199042
466955 341655
412533 229442
475744 81294
249532 76027
125787 209674
74531 75436
242359 23048
309988 233983
473950 146926
441702 373806
181349 433649
231257 291513
260357 348090
261045 390796
57058 295776
53114 116381
230945 339904
182371 168414
26726 456132
221576 8751
335145 426157
16778 66746
262208 379722
347016 61255
90259 466759
33680 46305
412463 343773
168885 210143
136925 209716
391716 169538
132246 275839
349316 289963
125143 225284
120263 120543
216534 293536
293654 30544
271550 325431
248554 11543
162447 390757
455927 199649
41169 120888
201986 434973
160838 64105
265666 384300
425128 359323
449475 110465
238560 456790
80522 103882
324919 10558
257186 17295
301769 159327
451650 95164
195909 39933
422287 67507
368938 124725
77447 447611
243350 373226
402411 373106
388817 28429
181168 165378
97692 166914
38565 447993
257128 294527
316952 344599
273036 12887
409394 391036
374260 61516
215735 93515
270173 455887
169 484337
190746 355923
401227 345056
357340 134324
132884 117989
151340 332306
185181 61622
112602 306812
19729 284525
383130 316525
150373 69183
225168 314675
262475 267479
486514 440766
231407 43524
199045 452853
1370 432129
110694 498065
403612 306271
216355 53776
463434 320571
59582 118662
104559 292047
207365 217558
299009 126836
113561 284634
120714 420898
11783 289402
204859 68380
358026 388303
334481 1497
5922 147037
314501 155726
305592 219992
379784 272077
107511 266544
3353 465892
83596 329217
494407 478178
2166 191892
391689 167432
182865 358558
200999 414901
77203 292777
194869 112673
85567 231951
311382 376474
464875 322613
211285 115649
446412 425741
206925 237143
378232 301081
212039 142705
24392 375189
186671 127993
332124 460350
188035 430011
92645 454115
298982 17643
492650 461294
472232 230023
251434 333827
411657 285519
345666 450225
409645 198543
381290 32472
226248 91863
37617 386559
90492 326631
256687 299072
51696 247368
445242 268024
393900 90642
309934 495765
264991 161176
300307 262589
75084 90722
323642 233079
448529 390884
371648 180592
26102 136049
185386 299733
293774 435357
309785 187457
116304 366539
420053 393749
411721 99300
228719 311751
267981 95431
193622 1249
254629 322949
202496 140629
317010 229232
122268 402383
86552 112142
258377 318378
162805 391061
386339 270543
148804 119414
103169 258476
416165 376965
309406 266000
327317 200680
75572 444531
418610 256657
50435 353376
246063 250567
69859 354667
122735 463435
385826 477325
454817 164596
14097 115250
178474 365777
212668 236350
175780 168608
207635 379465
84726 105414
409287 60017
420570 22651
147726 432071
158065 496145
185987 368008
90333 87365
69118 356458
176320 190013
8121 289033
252445 20198
495423 226350
271301 366947
148081 305603
99438 332273
446130 310794
244081 199050
122290 35991
332332 435690
311157 210889
176643 14912
174485 193465
224776 91088
106332 197657
7270 479941
178400 468225
476267 94708
261408 72268
152075 486078
174826 28052
306665 240221
7193 11763
35053 293691
458850 162914
359785 404334
112489 278125
468195 400875
41729 68395
317793 53910
157398 456796
146508 494543
214415 91138
79455 349162
200062 457865
454723 254733
82781 135945
162774 149036
384625 311025
482558 161646
78374 312320
271718 230494
448629 163170
253996 252329
398091 435567
309861 372635
222568 213463
414664 1621
261640 54990
35454 67483
422002 175442
327736 138179
384051 65276
494287 125069
479823 35177
422160 207178
339843 337881
236161 85624
282416 213159
224915 95853
162379 345621
488496 100231
413821 432894
267732 231445
479654 276767
340416 401839
310325 323799
376498 203374
301498 127362
6902 342278
117546 352466
375066 406563
407917 371658
396445 103555
335126 295965
276002 345673
92257 365424
353139 266269
81753 387405
114089 479393
345426 180149
477918 26085
25028 3874
270100 299562
57565 90123
294089 303580
322446 476525
342108 405757
71601 336202
99441 9273
482742 492811
473529 457931
401207 489346
269345 302257
332384 313751
33845 439853
366575 110590
389134 333710
225693 239203
481607 89231
424219 164543
385781 328416
399374 75251
229786 210428
336935 198852
6462 104183
476345 166883
446295 116487
322419 401621
401252 159645
64206 255680
363163 359459
201613 24435
24275 457702
163879 171528
23007 407709
42126 432430
366254 410565
84668 95855
298373 251503
85248 244901
265508 484151
124567 211305
12307 230337
77421 201550
414867 451310
466266 466384
29174 222500
211270 152262
319215 279437
123540 104828
81261 142909
131737 155217
225802 51662
392917 368880
21080 55756
77102 382301
6634 319322
165557 483716
292543 404312
46166 385996
152714 362219
448872 250247
186323 416562
289189 231918
263854 239506
492980 417265
144131 90146
374579 298843
402180 174250
250054 439463
104043 142527
461328 92043
288493 92840
181486 300768
467149 451422
144728 429464
207573 8773
436964 82218
249696 75027
409755 342764
209159 55737
26152 399088
205099 332611
3223 440627
168603 51090
452980 11952
31034 405689
5253 490159
463784 104659
166557 151941
198396 496991
28911 477058
241976 182980
104922 258830
13691 28959
230935 490341
449831 145272
139238 244134
430460 371946
138913 277630
194265 363460
352605 182583
53222 123210
150799 390507
280266 44637
73810 49404
293903 62906
271356 221941
468033 48840
215424 290553
56937 334602
113583 274279
272492 378219
357251 213450
248774 59991
222010 22941
34552 95828
94355 222214
337495 364676
324678 25989
349014 201732
5576 476649
121541 413268
64910 195792
492347 475917
170955 324294
413111 219331
284663 382794
321492 289562
414626 110346
181042 95307
358335 279180
19121 473055
491464 43068
190620 367599
47596 28459
174628 395398
218023 261309
210936 112112
332259 322093
46767 51424
274948 288690
302735 498022
248278 354231
255275 74202
92977 114494
407846 56336
303496 201
366726 404625
309198 16547
60586 498375
432421 394386
311640 99838
308065 185014
406219 348464
482578 413225
302985 412966
365002 194415
280247 132421
18661 341091
490928 227852
338695 439197
142614 236455
381498 134337
13203 39999
384570 396233
87570 306842
54170 464156
413128 386027
336073 5200
190873 230859
138817 301334
262600 108996
193970 430261
351277 37575
117178 198335
478859 135491
170576 491037
476628 193441
115311 437585
245862 142042
308163 417233
73421 95769
222818 236375
451244 467872
196078 280730
226506 30158
253311 10261
469496 251172
417992 108876
494725 198267
214781 226289
85240 371868
454366 401584
357609 60542
440863 361446
367407 308204
400934 327683
492014 239877
137486 305027
175172 4767
207258 357513
142505 288747
402063 474959
27964 321367
82133 336256
85688 425506
444534 137355
126840 491679
126706 378198
186974 426024
463847 439663
15377 422847
4995 394830
272843 425854
190945 354863
99912 482413
278569 17310
61564 324081
309451 402095
219641 45398
194816 78883
290868 81891
327165 229704
125164 191696
121729 364062
152515 193105
59071 212645
400507 350075
245691 477347
383247 453352
120654 148363
393182 390459
380759 219765
48816 81606
292901 156891
428381 77938
182785 69453
451566 400539
436340 271424
73895 382872
396853 462686
455193 355036
377716 331366
120382 377830
52144 274380
164480 462987
20405 128224
143542 260201
77730 206335
475274 77686
7388 243532
251496 20875
206726 110430
211637 361754
274374 231187
154205 312839
386494 46659
286601 329126
55252 490598
128954 220626
460363 201263
108395 173071
20675 123561
484073 453389
263074 412170
369820 175595
491427 356057
456797 261645
356166 70914
199519 471769
244180 485729
179307 402923
474837 198526
377394 93613
431754 242890
260805 386927
353976 284630
440274 260482
176996 76003
3155 287924
368847 77480
441649 194008
287617 433732
297247 219858
106825 357729
102101 342585
484937 467978
14814 140438
103502 171919
371773 254431
41952 333407
180066 370936
141241 218570
61682 277551
360486 150823
388041 471656
408732 366655
16180 341941
64025 79721
51640 85179
54336 28594
251812 264333
443293 303095
416949 386945
316442 283146
351578 143037
494383 153899
421688 92067
404447 22014
41883 94879
58189 928
127758 53088
254733 77751
441462 254870
387172 144983
47028 190312
119784 290166
334996 462354
303186 65152
462483 434765
77305 155187
175785 44069
50180 125216
157032 224549
312350 458477
439790 244340
309974 463892
190522 379906
481001 399833
211632 65954
168338 321585
452054 23495
130498 492272
108969 74900
373700 75649
233203 254571
377547 100591
32125 414716
328559 295642
361085 88034
455108 197907
402033 239718
183182 67648
478920 132892
120926 233956
163069 393150
455163 28187
491605 421492
409765 395484
417922 235170
426452 26055
339212 404462
490230 426197
92487 462885
124116 192138
148776 86453
328561 310821
62577 131277
193540 401548
482707 331186
115444 472940
386085 9446
118023 328761
54731 122713
351950 264752
327656 131976
339119 213854
297930 202277
114234 95880
338210 222378
426994 401841
16372 37807
231106 177263
91915 188748
291439 301802
161995 239407
316133 288909
166124 281120
463400 475436
250176 23877
319724 208351
159113 222177
169022 9916
866 346982
45568 50284
487909 65622
12905 356296
297547 27546
59833 214728
181281 430255
49978 74037
281790 244218
403967 398160
463126 496309
289168 280445
177979 405543
225652 2482
312873 457845
221831 349636
338307 513
389111 61394
355137 297325
461950 183107
309265 163313
73709 236193
43431 398614
35669 185408
338481 189362
134873 349001
410870 454101
136131 52270
150552 48594
88417 15368
287949 436368
120479 465473
327374 250610
447879 64626
45501 34359
480843 441149
490107 76090
258957 318524
106059 326571
498381 96860
35268 476008
107551 284998
196836 113686
127562 325238
225966 296376
48094 150149
243598 229972
178826 361316
223190 27305
458291 283630
195417 9185
34270 351505
475018 1211
400334 237916
319224 435066
410278 205017
397231 211722
174582 385779
303562 93023
341652 240798
266205 384368
442936 149045
186812 53602
426808 8932
167475 434804
307719 326013
80567 347967
268196 70027
306370 74090
102345 203962
389841 298678
404916 434459
377910 290158
352536 411653
394607 458178
224211 187223
431656 75328
468856 234179
48596 120538
116077 446008
136256 101784
388111 345246
192081 13624
62565 417044
233306 290301
163826 314368
228313 187174
341635 93029
474678 466558
373780 62552
305448 346152
93709 327896
245404 55759
126424 357922
481130 250132
252856 42794
226396 41243
429356 228217
320917 169950
413063 76835
283331 389810
475870 62818
287746 144608
35110 7310
221878 42791
486404 64801
59232 149025
376382 324922
493874 62065
307659 415354
187586 423865
304631 281737
237647 31207
171097 136331
38370 100744
117874 55856
329454 32589
402304 7876
23145 316731
331003 123268
459810 55948
475943 305101
490368 226505
473532 350092
465100 244199
19702 343836
141939 300910
127145 53236
24688 288763
328944 472566
247502 150108
455655 63634
146815 90781
192695 370174
134163 458718
101716 157644
327155 157104
67793 201955
323161 368256
31430 349931
11946 354644
39304 127563
247421 115170
424273 71631
295917 69602
330157 402310
275225 445959
42875 399617
424296 335934
152509 128300
367815 116866
331331 321566
447014 337191
135826 338207
387856 483669
43625 292191
38386 101880
264632 85445
37742 18239
148359 204445
323370 442363
283386 72527
171576 204502
376258 87585
348944 350792
146473 231266
318796 201372
172027 263301
32293 103212
254040 224008
335062 211996
392946 455386
58114 402715
326121 467115
123732 250092
66580 446918
125146 245061
339935 264293
469046 323761
76037 353917
7900 243589
343066 435250
36710 204615
188283 210305
251488 95655
294835 320661
44109 116574
152738 197047
90376 111517
228714 365341
306545 415447
280725 300871
53843 398031
225359 355454
254307 309190
150354 29714
329399 359423
162498 255337
303135 337498
422464 348390
294647 3019
355415 31085
86324 146351
141463 16130
152836 55196
154730 288581
254902 219035
284954 173484
191780 317636
34872 392089
10947 226773
181712 464531
468181 188182
120033 349845
388897 227080
129671 132357
496091 451195
434462 393378
358516 445885
308679 97070
424198 438385
38370 341812
130556 236329
289743 335648
214576 176012
366793 351731
48071 200411
209545 115808
323460 6134
69107 425917
368627 460271
124965 379477
242134 237719
67263 385857
297711 364132
20482 441961
20454 100806
1047 341653
207458 359278
32750 270694
436559 216899
489554 296109
42809 497748
240903 361263
363919 257809
43999 245165
155760 464988
45550 441738
485614 1065
311831 277512
261988 437416
478546 278087
357193 142178
329023 305812
448383 372224
239898 86725
216409 336207
47720 87252
286327 376946
235726 209680
469037 140675
295837 161032
419736 450779
142967 103545
417510 153071
51865 387169
209811 269234
462603 464571
412475 258056
93687 426355
315248 481449
57666 113821
329645 484576
49043 404636
446439 358741
44279 186129
400738 348401
474505 108215
474850 71776
266860 432393
40529 418840
159940 125445
178131 276270
454659 102378
57116 353030
108750 340202
345257 390486
385426 435950
161306 156854
66772 183643
460191 353312
25500 440908
1050 159637
230790 281005
274383 297295
228989 353753
29074 206023
149782 145225
357358 144152
203573 482593
230579 92067
108167 237113
206986 183042
464813 291437
296255 181839
117634 262054
477258 443346
155962 92465
150883 91831
426792 419294
161451 369429
253884 78259
182601 44409
179062 298801
200992 48472
311438 466577
428841 29466
461415 406773
447303 155724
253504 22863
310077 443782
5061 114916
226228 115369
280850 163186
216888 102880
412180 54449
205524 264347
317729 56672
250473 192992
448400 474462
253234 437220
492494 468608
79886 157979
335583 60860
299690 434744
44846 22013
22474 319885
405641 117693
368791 481019
182323 104437
88855 399798
156178 467083
268957 245045
49396 416456
198718 82505
309482 13581
193707 495848
166901 411257
30753 251304
451913 402525
377185 255162
218429 128162
73823 413079
468349 148690
339862 147095
362416 450818
379686 114839
246783 282066
32347 230
490582 460927
105632 55918
31547 292498
445452 373300
378681 444181
268427 485436
224685 416187
73024 51785
127191 1537
71854 321734
177293 381063
178163 159016
239859 385553
159168 270045
275385 11237
483272 222663
69020 88945
480154 351700
444475 56266
421922 263549
71950 316081
397038 310483
376031 211995
389036 399954
451023 108703
164412 147708
2124 235004
25090 305836
233848 227593
465636 272192
466216 458685
439940 71048
154234 228236
51831 305295
341188 194993
6774 470193
66881 38967
424953 328068
197992 408605
269977 406263
228746 174619
128210 472121
73676 290573
160571 106975
459160 330256
116175 160019
373181 176559
74554 474922
49780 183151
467571 405656
14063 231317
75034 10042
441845 453265
246737 332156
305340 474458
8396 149272
59001 170312
88378 161644
10464 314525
26310 149790
149381 92111
311278 338018
387848 23988
310365 238769
40103 130570
455597 65812
463556 477113