1595 197
445195 259716
239860 352858
336630 351588
138293 483543
58933 352851
392846 448313
97576 57069
122114 412942
101125 193055
333205 49722
236543 352348
148892 340766
161574 145711
183814 64746
404080 290487
120405 304787
167085 273302
248807 75270
459064 438278
465823 406481
254080 243138
320677 481498
51236 416579
375767 292413
208397 327507
238171 113259
454426 379080
20807 433472
378101 97382
287721 296358
303569 5257
27202 88805
188862 464786
470542 248448
387046 71279
240452 122963
351238 316600
301048 73615
114223 97926
324852 403950
381471 267775
297778 281000
274476 220206
164491 367230
17043 248668
10696 303198
63542 203223
287433 97772
187148 365974
415450 334239
354393 440545
379670 407526
136591 337930
311021 15416
353717 366650
142007 128322
460639 151235
100272 15591
444705 243776
247492 62791
4374 360093
394192 140536
409717 175773
893 414142
162718 219125
318864 33508
163338 97320
352801 144027
66734 21435
250522 90452
320466 6878
109519 247435
472475 142394
159328 118955
222716 309691
94756 440503
212076 114397
244215 120743
230885 275020
272534 450391
81958 313422
189869 316334
239908 149533
25219 359720
65539 457630
485887 60554
267888 341726
314669 97483
367724 62991
250971 190580
135511 373345
375827 260613
407568 149597
468856 404474
163923 412114
208827 64472
58124 341243
16364 250394
385364 353398
233739 401067
105337 371639
468929 208145
415380 399627
352642 346801
128859 134623
303600 285528
153945 387317
367383 354045
158556 207961
128074 240177
320494 297466
174488 262688
265968 136619
344922 232800
153816 444188
235084 9254
44552 264193
294066 311417
16397 241902
236221 337064
187576 466766
308398 117073
469912 457423
48698 84464
377239 343958
388205 154604
12965 120064
154576 27033
388759 365704
46108 470222
345095 159848
277533 85971
281010 1765
207941 145742
27746 307897
33285 306584
408458 432401
123678 494752
222966 477994
485615 271824
384601 206309
430921 87558
81899 201247
130732 131699
155987 240763
496509 218401
190690 251106
155420 62650
418935 130290
325708 478998
217551 390891
481696 357596
379254 365600
398218 115936
60535 254085
486826 392164
402489 328146
383245 442135
230307 289666
132554 404628
138539 166759
368331 386175
53791 167678
313577 306927
240795 89081
473011 237124
361797 56719
82331 421992
224335 217234
329331 43843
180860 337348
499529 355052
164555 256298
282724 373475
401516 124905
69178 115571
130950 477559
55294 403460
126907 353924
116902 139410
59798 184908
25548 230406
274466 109387
248415 357435
286024 141914
362712 244949
184986 190348
12921 168220
346358 254940
83013 269422
151577 499301
497062 309206
101737 257758
174696 263338
142777 297487
221996 464856
196640 171744
140341 148240
109686 66977
15621 487363
256891 79663
67567 318371
283306 296132
425152 244880
434468 449207
410024 284561
478753 232085
404374 411396
407182 333567
131855 4458
232716 394500
83435 499107
95184 328763
425411 220286
48448 19102
451399 32673
471970 188710
73157 467153
454808 32337
240608 345995
387317 413551
358339 219056
483772 228262
443297 450203
284374 167753
140624 380343
111097 495449
87138 419754
142909 202198
347039 185444
155128 289718
370488 352891
405372 18164
374518 105857
445381 277168
302071 42572
338993 471339
453694 399644
459557 370898
4179 437416
395422 423664
475565 293321
350937 71132
423598 185227
351243 303714
151578 1313
107630 496761
104900 442180
352308 497358
434104 377998
363063 141498
489749 189067
304826 220476
207196 410351
486900 262591
332311 158429
491611 253400
152590 14559
447643 467028
49228 451228
340071 438425
177971 299365
436127 159227
244561 97740
268922 433105
92964 489077
422780 163162
263800 240000
68820 59237
378133 474929
385653 326440
378837 374131
310138 96324
211169 72476
142619 21109
31780 293231
309349 163921
444940 1524
90426 364
237785 105846
219191 28834
71030 147422
43710 208866
370195 156381
478953 454184
224170 483264
293771 142437
35 269022
238608 439969
224708 496049
155458 151887
377559 264967
491331 423538
266979 395619
294467 292186
260177 143096
231834 155438
298293 35465
395182 471381
447368 298774
278748 355838
289383 242137
96145 97650
104146 398258
452913 404496
116762 1185
352837 263141
214580 407440
54728 175574
35419 259731
48580 208798
72393 386900
214637 195916
279320 326999
390404 3246
34804 117771
253009 484294
313771 274380
496155 102685
275425 18860
65662 24806
430859 83789
22840 217869
298552 482112
380465 421676
336310 2310
472726 234494
389032 370084
293493 410219
51270 143966
147631 367571
325892 246982
259976 359681
96908 411917
30153 424552
468635 227768
156914 478373
497660 94005
490478 5881
109701 176452
417185 486959
366031 99631
247498 374024
70497 129799
64093 305239
199893 33265
362994 15622
268525 319146
383935 180968
299077 380505
391478 281916
490540 147683
69022 196813
288903 122794
53293 250919
383992 86174
357477 295013
162914 32966
79106 120101
400205 131246
33498 319449
472310 24799
156247 103948
134978 324457
402602 280081
304030 281196
180106 204005
337089 251271
416334 220846
154746 293614
309402 325287
483930 359291
194182 86390
63274 445780
254264 398165
268067 107003
462013 291737
117936 337545
122861 200106
265040 253359
487505 367150
66627 158762
267330 345007
227593 175891
368035 115695
41189 354341
22786 15096
337398 178672
495750 198261
354489 106757
280486 29367
185937 35659
86513 66764
335722 331271
275747 274644
163070 303317
92084 34227
414450 413978
242313 312603
412501 8763
60185 200315
60376 256783
396275 280408
406360 283141
329399 184348
385018 168926
268085 344520
118594 20242
45539 262568
17179 451360
341285 259495
115423 464917
466594 58603
216483 464831
310495 218746
319140 395619
494620 148258
493456 244444
332723 76209
498752 171034
309193 263668
424371 185691
353071 206556
246624 47161
488598 167580
375564 40209
9706 469130
244278 272477
111932 165277
406032 258872
34922 496206
254605 407495
46551 350942
167682 75227
135813 125126
310122 207942
450982 346084
125972 119060
354840 308414
340673 271367
243278 443526
391515 212346
40754 13514
207449 494834
453523 300019
316314 205974
100518 69233
186855 360699
364287 450327
349942 408966
260085 287129
1306 277328
200686 81980
56849 29177
350900 88237
187797 419767
245419 401912
188556 323631
274273 119597
74014 197710
219423 237223
107402 96881
267315 75042
205175 204269
490659 380744
79581 312789
206808 33986
297559 98341
66215 365225
313042 16614
303526 100345
32681 430172
257182 17097
153633 78919
160802 303966
205912 162846
486571 99531
464268 106834
148231 364154
358710 275783
322902 355975
462293 334383
213635 325208
336493 65858
421081 145060
297097 122760
264468 332041
364910 474103
447669 44503
43568 229949
481142 156895
310209 450397
62943 54088
340743 344932
203532 411034
75375 322655
450345 257171
311672 357213
238231 95135
267161 392788
112891 359750
240840 189712
34139 451865
224160 279001
333650 186456
223670 127656
284773 144626
91009 452799
1151 354853
265734 381191
444473 218115
29062 240228
469777 488443
486762 401622
216260 245737
461699 178086
232179 50719
348029 148052
244185 430585
73119 431951
98172 315159
326423 3115
110984 105335
54267 28557
186608 490468
443360 244716
111309 405364
412126 499157
246574 370258
137961 398034
44747 154147
340258 1745
264860 423901
251635 200323
317177 255741
463294 129599
51315 407550
151301 76146
459880 276209
217585 275144
272027 60035
490365 80499
388589 53036
220552 126203
401118 399331
495096 364848
409415 98416
187956 158912
494567 408483
225318 343906
195485 286886
140511 221784
296079 352493
320733 362569
342376 348226
80102 284927
100133 315527
338554 58222
354886 298088
460995 78418
168763 63057
498998 102925
281740 322417
160422 109394
324219 347070
56758 431434
122796 44165
408630 190131
96303 157757
189245 13195
43165 329307
346307 282264
332188 25591
395564 357979
248228 460210
135051 156934
94752 40245
456176 121075
119920 430350
257519 289605
307691 430947
380242 243784
480546 149040
497647 289537
305211 358312
26492 195313
371626 279687
315919 374480
484881 465193
389210 49198
483766 356942
290093 171722
155668 463523
274986 59615
482622 196073
83564 79521
258730 55621
52771 266624
75673 261840
1855 131356
130592 155828
438884 127631
51098 360504
307082 487878
322850 127682
371205 211885
209038 284920
483459 140244
417967 423635
384777 380386
260762 32574
385207 48129
27162 151129
302346 162859
234648 222468
323174 390633
50600 358266
143247 472658
47379 207156
404739 453392
487923 56715
265237 176718
457509 194430
10997 207671
261234 310620
310197 307143
81843 405392
446671 202218
342295 395759
487323 402907
264296 114224
406277 379169
346751 195808
100069 486381
352742 240497
6597 398883
41419 237009
81663 378878
1099 266855
208524 84693
347459 275120
409312 2648
474854 434887
169025 78898
186663 328164
470867 231518
499367 470320
213247 401140
276267 405041
107296 325425
447903 166063
19443 386133
465093 69336
331925 75038
25227 397156
340847 142274
407685 187389
291075 475428
280471 144839
231537 287884
108619 182303
255982 254918
482696 176870
319626 144505
398413 254546
428791 487358
418971 479289
415225 392953
443172 19718
490993 434197
214460 459065
481068 420081
295096 419599
126999 286173
294085 280049
163183 95667
38208 373614
65348 296744
219513 176583
52065 296701
65836 9566
80960 304275
443053 117443
300393 184220
326952 424062
354579 274769
71104 63974
493039 3666
74339 325434
195703 89086
196582 81410
128684 266580
220921 211965
38747 216567
98825 187153
165711 270327
484883 115694
497228 58414
489186 387248
53341 244386
452650 489011
313912 470676
327576 181418
4463 165514
480046 341131
2167 103067
399310 242742
424467 411455
153338 125899
487650 361860
376790 488296
151829 156026
301781 190508
408593 185092
434176 348475
378333 161479
183542 452411
71581 380209
51689 207132
86207 339406
285804 142278
231924 206469
332084 156415
222236 433204
59 394734
201329 148204
278537 335070
361088 418701
178403 334686
221633 412945
416867 349487
207892 147244
182917 93368
391827 379406
403024 356494
400189 405018
23030 3391
158334 378502
144359 348765
89243 135422
186082 340690
497871 263712
63046 141076
81447 148366
16117 50869
295515 402147
403944 63817
426816 361851
263868 34148
10676 399444
262132 351574
258657 111200
178804 89060
21308 17923
73987 51487
190491 396023
420132 401515
290125 447892
347006 59958
219303 11069
406460 201672
12454 115014
184246 265583
196084 185796
382632 48029
332612 159123
303345 355049
318537 285235
189252 311327
27572 448608
94362 269479
148538 180544
334519 223689
441581 21775
279778 17615
163674 430078
382697 33020
381774 256381
6278 344531
424928 95063
106605 206262
386725 57119
113000 375607
194136 330366
3323 39477
157369 445520
352213 336546
329481 69553
403475 426706
130125 344899
128838 488486
43278 345245
195645 149494
81855 405048
306239 440798
356827 49532
332519 212977
246937 348880
492049 78080
144406 384834
417191 195381
35966 231951
387625 343140
392538 355757
248754 278557
362604 307588
4146 266031
295552 84945
308083 494204
481877 186656
496520 106698
28046 290571
426627 61866
316932 400638
373681 270109
451270 119092
223413 151158
332277 28705
236345 56968
276868 480201
485740 307640
254475 85530
478953 30447
498019 145924
295961 464672
185789 288754
6986 340161
267710 10160
433958 88082
390832 281546
198563 419121
377618 350383
7175 141772
496192 190226
317679 346895
440848 13060
64012 9015
262519 63109
50370 491285
207275 79984
121122 497393
315018 425631
270419 371598
233359 52175
103084 465487
227941 452111
91658 199558
189081 115033
90762 415490
294217 56913
28482 41293
333673 234248
293029 485331
288167 318408
494985 162502
45447 294625
79020 482666
184319 217470
412120 290768
168099 134690
218468 321970
463650 441912
162096 323916
37550 282250
28633 487486
11603 282173
443504 355458
34352 285439
254388 243090
309218 195443
135550 197841
169962 130000
42719 371606
126819 499252
94997 379081
71847 488663
235428 477214
357307 345142
94222 451404
105850 119738
432031 180163
75162 164631
459639 258670
349660 400971
418131 93254
300775 149039
239792 329116
20854 37724
136625 171346
430097 176494
312672 194357
258501 450104
130950 683
115637 196362
29144 280901
182631 457893
222219 88043
177458 203660
399836 376571
399961 342114
449373 116365
169145 452001
467438 326475
191543 286676
353842 443545
133349 245659
415433 449327
305095 71867
407819 295958
76104 444486
464003 296722
1745 385408
80692 221889
323417 462857
324220 217165
459292 141405
17586 70253
492321 10659
483773 188979
373281 402534
439822 135401
489897 65513
318879 376070
190333 180340
279312 332330
149071 461710
9444 338569
12056 58851
221608 477244
223775 250820
445180 318942
327932 67098
85692 290974
369495 210944
371839 104380
139826 214706
248225 424038
285220 347156
61898 219976
257141 84393
302300 146593
410013 10893
484046 271773
285943 147080
272936 494004
422174 469797
25300 241342
175152 206878
185161 260807
303607 374098
244437 359744
180228 64714
417083 384349
404862 129464
177907 436669
176846 345681
91913 472629
366656 486662
223002 372936
403986 147075
488495 38024
446911 458915
64399 408885
49774 424636
263788 18390
174343 201100
354623 160242
212983 237455
242903 85364
307809 495214
264512 463760
102462 373694
482946 7460
273515 103409
338049 472411
116426 121314
119894 306373
94409 417971
480703 230751
442324 29338
380718 460850
108498 174251
466196 495294
461263 449957
436122 93204
319530 15893
448629 85570
7734 481775
487937 72238
397925 250141
467454 407502
437367 19756
32673 354470
162299 454793
213527 364993
71421 167264
362990 150081
112942 189099
275147 280844
326950 26175
137253 458775
271277 388739
21864 178006
460492 90864
47088 154550
434608 213896
460793 125755
184666 238562
424404 130350
158996 228585
107350 129127
233791 439973
352768 342417
279769 42282
49502 62505
94836 191720
363694 381563
212094 376138
266100 63718
247215 441191
205235 86878
409613 269550
325914 431827
406438 355066
49595 464938
195786 344892
387994 340783
257308 153844
389994 453836
9561 255786
15114 315520
237230 156928
326857 248141
458090 253502
363816 77209
116339 314817
349101 59925
431466 3794
209285 67531
473379 9449
263173 406809
112741 208550
23968 381457
258429 439060
475995 340569
351275 15778
185059 95589
441587 62445
131813 399719
449302 7626
42944 487891
479867 200206
168358 228207
66841 27180
394650 156905
388634 192084
166983 409321
127451 187574
444709 257493
349330 161534
92959 352679
256564 21410
493749 7014
144200 275127
199347 96446
268165 260523
291035 23732
77975 335382
61009 386160
94806 377742
133822 109308
102294 233684
432511 491471
389718 63012
145431 126337
7728 452957
335435 127358
355205 161048
425392 238324
294325 35952
4733 262921
80488 377395
82579 192260
309858 264508
131859 477948
420834 67687
285336 90506
122788 317218
375931 279006
412677 205
73064 455915
464204 459580
18532 309274
342494 454342
445467 477627
354126 158657
447102 247394
360508 141569
439163 216009
94190 256940
74102 82870
237163 406550
53621 180409
349078 54870
287370 418414
199627 364558
22348 345207
385323 286021
61647 212405
74313 39021
150917 257478
168205 337457
96944 242683
168189 42026
213858 16981
362629 253212
326208 455283
491309 225740
440559 445717
189276 437821
379637 29439
404213 111265
187568 86429
72202 156028
185948 117297
64536 158781
256918 321108
182107 416520
129725 465146
334492 308365
7241 353421
95393 147872
410382 316518
416500 175552
415811 253104
38641 481068
106977 85100
68696 152796
194348 402598
46321 80620
188520 1896
235402 239040
407599 389953
433739 92597
89344 335593
450110 344516
169190 339429
144279 234098
460259 277499
426941 223499
302998 488752
6131 374702
84831 256467
342001 295800
443602 17902
316233 216426
470006 435922
460362 147637
312052 176439
414548 441115
195822 42536
387667 277992
385606 367366
107272 296318
155015 270316
436159 129997
255777 44663
31707 307241
393157 201689
407088 54504
91103 230669
376364 276224
241189 451949
306846 195811
126553 34570
473155 152879
438419 356998
170746 79438
24457 218503
269521 15322
170731 303389
93714 484636
62186 363416
243362 243488
110432 16044
337361 171308
318014 53737
497393 117567
80162 141343
391527 106392
283620 45501
432951 472590
48018 192491
490070 339466
126057 182918
11123 158922
255132 262513
275576 162009
33097 494182
37040 52920
362850 129991
483072 218702
22894 30198
486409 275663
286980 323706
35962 126257
55863 485934
399649 420232
484908 10719
378131 326260
205123 429991
169295 112736
437733 438028
471615 202062
390004 274591
214064 304331
151068 163170
80878 150765
217415 43676
128346 360922
452928 88644
246734 305702
465417 357084
435643 414931
323544 271671
478853 418996
111694 25671
414849 222046
478617 62400
250108 406834
251753 138257
142067 190566
481511 84952
402776 228786
455339 366062
382897 4180
158669 86829
167209 396042
426044 395278
313557 465341
188242 193921
154034 95581
256104 67588
476976 434756
115227 357221
474009 76053
300911 382449
241680 249556
237295 150361
399177 440484
322714 319420
118501 391848
105055 154070
450379 54223
223218 174385
401340 401751
280530 352126
1203 117283
242062 483065
90987 61562
92422 98554
310124 426581
26703 407476
124807 140729
14007 403550
53868 177979
126771 104517
220278 416982
19376 166328
170727 124069
116747 248263
88093 254667
380270 458222
248313 167783
408667 128056
35257 172402
89802 157693
344438 136098
306421 464405
244637 322340
75751 496617
286449 436669
306858 57238
414707 193728
58139 204412
11138 374319
380328 80698
295074 12579
187170 215458
132132 175242
301372 347464
409627 199845
362712 393890
318320 235701
123175 42345
123000 147634
228264 403558
166090 327784
158843 497314
479284 197180
236534 473162
378059 238163
90403 197850
184928 405349
57347 414044
404182 320866
269882 392371
469704 303745
405249 264151
460188 13085
93769 344581
9529 43016
262192 363982
184583 58422
92548 172905
383339 24349
453634 155858
107887 383624
447890 409604
336556 89119
256575 181556
56719 426190
234928 182471
320882 201377
344198 415019
751 46626
150942 211077
83494 25764
354635 465847
229063 186662
421409 234685
313357 80659
494988 275652
254865 23008
97481 226801
39625 481206
94698 310359
368674 352985
375449 87922
302718 213770
487774 362351
324902 186628
188767 105288
139801 128009
470967 179297
468275 161127
430662 145576
129956 449628
498688 144757
300183 390384
40416 303066
14273 426341
98638 384532
81089 466749
259969 426522
161146 154063
333662 423396
35395 71476
474695 310495
132368 79386
442595 412245
70577 124450
53376 208306
496631 452687
497078 294449
304910 371763
106898 224812
65542 50657
140080 109416
490691 321892
257460 60521
481734 406490
369139 285231
108856 455451
379840 79735
121865 128045
129535 54962
162928 265601
432397 36111
43154 61181
336031 308469
444401 486309
259411 230883
102347 100984
315413 52001
117282 295907
317515 223130
331547 23186
323602 216532
368169 70650
77079 363241
88837 480939
69526 81206
172770 40594
191295 229641
103001 63780
333204 401920
158258 164499
250785 220888
352549 293438
498953 176529
352633 167597
113009 293670
77760 307135
140407 55022
167518 30768
153194 436198
319764 32559
61899 20031
354405 424572
320733 467465
307179 157101
414942 206729
368515 129994
307635 35262
32002 41280
394310 312124
168316 343252
176637 444
267239 15158
442654 62841
164525 141700
135667 456272
477045 192998
133784 284991
442774 351758
270005 304940
21149 259784
93190 234007
331229 457747
18072 439570
383231 59677
418925 199424
136847 157233
144005 148701
414101 316045
238205 251285
327586 252954
207215 195465
241091 263331
187949 474867
244923 190613
374010 196393
248673 482163
448161 175690
263495 448061
247280 50876
57083 201940
67328 35841
394382 309276
365711 276307
139815 319645
210701 320261
228781 135832
303855 299011
162489 6679
416258 441445
264967 242889
139296 488847
239612 63552
410087 401421
477950 109006
178889 277047
327121 375687
158514 169111
485301 483233
139833 278746
121895 451348
231572 60540
497888 225561
65389 198881
238146 77459
492241 130342
380711 15717
70831 160886
49251 452506
305916 350599
198721 483776
74307 44783
14880 169603
314295 488358
50096 132893
73730 151608
499012 136677
178463 203935
226762 125889
139206 166558
427936 172053
48374 167150
168070 349290
433646 410262
367833 187980
162513 389049
418157 85386
433251 458317
341483 377204
429740 434589
361436 42514
150962 425792
277294 113208
123073 361950
283403 465176
17897 121025
418374 124356
285962 346227
138806 178836
369533 165900
267060 190198
498643 105415
294557 344788
30547 336500
483602 328334
250977 271318
245888 332387
480205 63764
303588 426560
238926 303967
28775 239971
341257 24732
294436 408302
87317 168544
276298 414387
49927 124052
273901 236287
360971 256640
493353 430430
71684 115262
240729 211182
472240 37530
60558 6895
446398 187754
32007 284511
111950 196807
346920 310328
28554 220426
395977 188506
60966 13390
201254 253368
51258 337915
201686 331889
495678 70489
176748 385109
285636 328456
45063 72344
306593 303488
472158 165821
33046 11622
181303 6204
431744 132179
188536 416526
207254 187479
195740 76843
211980 21801
460095 497206
11598 387144
370890 336896
322419 123502
322731 271047
97367 74003
298342 133634
66063 22330
1186 291660
310211 328396
489492 363093
93197 59186
149740 5313
88568 214709
54407 55416
172481 440469
62915 386503
65434 468169
311142 121670
123932 338902
351502 3813
239376 336845
75819 409726
192155 494369
495223 367034
329422 489290
425445 64083
32403 473172
404752 458659
296336 352422
213057 413098
321240 149178
367276 311274
196644 279302
93219 281307
66483 420134
107879 65592
280824 455902
33405 432532
23256 98391
127407 410710
28178 385443