1540 1451
58105 147183
400954 80687
100204 452096
225249 378571
283081 318188
81884 269570
232276 91479
252243 342754
111854 39881
224878 300437
157273 109038
440291 486281
182970 60395
223961 61580
34620 63547
68981 4233
440588 81080
350462 355016
70620 368235
54698 356639
439687 325185
404468 14862
146079 465296
461632 409460
285579 418204
472075 494057
327591 353664
383637 188158
358966 124069
222069 450096
40601 286445
392534 127741
37908 310528
274501 329379
448250 439049
317041 27264
112943 66120
347407 168461
353736 101614
495301 326345
26395 200747
480471 334204
278732 293883
387021 175038
171533 385668
269697 42465
419819 256764
289842 41373
38716 226527
190433 372891
292467 272528
67714 105862
360414 434672
339115 38711
111354 471406
446224 184951
383863 164534
187573 186438
423597 39829
179141 163620
379658 33574
179428 2409
430527 300978
128343 390015
297202 210351
4574 221787
95164 421709
484278 37936
158895 288046
283358 253609
472756 86115
111632 281769
204233 261672
390554 70334
159660 210039
118411 264874
372717 490020
332279 83320
219386 100843
367621 318919
224544 459343
190485 429158
277478 93509
309660 417708
157493 251215
76992 115114
191541 527
220345 339969
267736 227021
13553 285997
227951 91060
71646 163694
478268 363958
195451 378291
264350 482179
474020 318317
166938 278627
324187 269887
265211 254601
364646 79113
440677 141456
52557 181544
416478 265019
87878 209164
341974 106746
214224 364153
78340 40681
88073 252834
495870 196931
330228 151537
278897 30545
418943 77561
56625 202429
442395 160491
429279 345326
263341 472563
437433 125883
307142 62920
486221 456885
340371 264984
355858 138073
40064 300891
314155 213373
446963 382216
481574 172941
369536 415297
363029 487875
277220 395435
427518 417252
79721 234395
330386 398504
185616 239131
161426 393279
321565 438429
7379 495015
192547 137826
49087 434229
197983 71856
346479 472123
322176 136644
145380 141759
101133 349679
445378 102316
317613 425154
303569 151733
13847 198180
349522 207312
193491 197515
431564 34131
283497 365627
453736 63797
281046 474531
248078 182110
104366 153633
191501 7654
196351 192585
35079 300323
184991 142161
334947 385766
363122 402254
434350 330593
27569 408578
206764 151209
452432 402691
93014 477012
305898 379878
50321 352815
15277 439726
415661 379726
184152 305215
490709 334867
93084 384895
210014 67396
77281 376916
318529 129609
170401 205938
262754 60603
342017 242853
495612 317489
419333 331353
90447 289584
195659 134999
465314 10376
32340 310354
4487 339612
230744 121110
341125 264350
449968 357188
42486 50051
281457 260271
215454 179398
380201 235705
56381 468682
34301 496421
336948 243436
377406 12763
441755 179517
277614 108857
268600 42070
198255 300826
116466 116924
48417 330579
450873 216516
351795 203952
186825 476540
83498 184084
262440 150770
186102 411327
158532 288588
375545 86153
39690 278128
200735 15674
164035 445806
23871 32833
463272 90240
130625 396265
300882 194359
313317 296793
456268 417377
223534 473548
148556 386602
430153 280299
256822 153523
22672 222779
441677 68054
463685 175814
166256 432567
309384 250289
228025 94959
151808 59905
302517 207674
332243 397521
471115 123104
81831 154731
59391 294432
137554 453504
443607 317995
352616 23319
331286 173626
362446 57580
63853 261525
426626 161338
337545 66824
363754 457627
248917 423280
284613 376244
279004 1201
319846 345662
462841 123765
262701 439854
371261 217409
335828 354599
67455 40220
12974 220067
453582 312950
32369 378582
81124 122902
480822 484899
296810 138254
230186 216235
301681 163667
216518 13328
49183 68033
269659 451785
342650 386845
15460 454813
168364 265490
12036 59260
175031 145899
98426 277985
138122 147741
319530 283474
81561 283763
322446 297539
120716 468244
375808 498937
210487 273564
481877 389457
406539 321093
454443 167249
310899 328496
363505 343749
400646 440246
33071 90657
292458 405140
383701 329648
454856 134202
367487 178112
277730 395415
260524 300278
458444 322841
248649 155589
477955 455235
464392 384177
31995 290401
248130 305168
327742 50081
301732 406380
87820 409243
104981 108703
5526 339693
290293 57259
135818 36845
359925 177283
391173 98690
175414 348799
227110 343554
316539 482149
373005 487300
301223 395001
498682 87274
384478 228148
197112 159311
138118 100567
294511 428030
27432 330987
429976 331759
466961 87486
30934 464846
77297 52849
384917 847
85440 284563
254455 79763
483575 467373
311386 336777
62676 439837
274489 459326
466609 148911
114772 338178
233534 31221
121543 343524
223079 135292
161666 409604
39090 179372
545 246353
130289 478961
481596 202788
473840 56010
201586 422549
223144 200759
304295 379937
358017 53205
233366 81143
462620 50472
273459 174408
118190 383456
333978 119358
369001 180460
253789 195093
329411 334129
198256 199910
226156 242525
233028 124127
358916 237400
302980 149646
1294 438669
399727 213390
46631 302402
77008 47542
77956 195539
467632 267127
281190 169138
355829 497859
179043 399272
151549 315242
461216 175822
114305 233577
328021 388266
202966 499720
248973 180709
293095 499294
81273 410225
410578 141143
61081 224665
223858 224248
416934 367877
493223 168183
272060 263274
285831 66287
240342 201728
252995 135225
58903 360632
254024 262227
350688 448716
23108 339803
71260 71097
61456 409002
223283 64870
76890 379540
33033 78119
19874 55059
130525 191717
355470 203527
227612 385675
430181 227095
472065 40286
34163 112324
65257 365355
449755 22843
54333 135170
225894 103578
207113 125911
293171 464626
231831 104552
281811 209694
251648 441900
210527 253499
198172 255117
8005 438254
477261 263469
489393 164331
94813 231837
158346 33658
172111 337785
65713 221933
47146 469374
112693 495138
163924 329482
244182 351966
370010 391754
255169 62908
415516 324628
376328 278813
271104 468136
162772 18757
124736 461091
45961 437045
63567 99602
174675 435000
103356 143570
472527 471013
6432 160524
139893 91331
68107 484820
377882 40737
205482 50694
392390 306866
256952 217719
15632 142717
188578 189467
97974 294460
240752 55940
313904 296897
440858 181296
248014 67693
45648 462058
280681 3609
54407 162893
25720 386441
225719 201913
454679 47421
381076 124670
93234 31521
204512 199338
136142 287234
488010 494712
387930 68278
284674 494268
142083 192784
90895 13584
411111 427150
450871 253973
278905 172399
11567 415368
108097 429236
356505 237109
382296 264605
329274 36686
340647 142730
31802 463899
479128 396502
16751 190454
440438 59010
457097 53665
132757 22526
14894 468466
94233 155511
287674 32266
52131 216998
487795 232878
101433 2188
374108 278147
50098 397536
423314 237052
278534 166482
158810 148345
226882 442560
245908 253738
253156 316453
386206 52511
64640 160452
483956 167956
68419 192353
483384 317267
28612 235216
451574 383211
385044 3034
151739 34998
348647 69611
431326 187366
227559 452298
441453 425488
464729 183911
261104 152264
274183 164542
244455 379758
484018 364175
247564 285156
257440 252146
242837 110899
103399 112075
59283 322825
49075 384845
50739 375657
231555 165759
111385 213824
108437 463287
370869 193582
221976 103041
115747 234782
341369 147948
47509 50236
272410 302603
19506 202813
322095 310718
13905 255928
326989 288032
276985 306850
311645 116725
292970 400797
172845 28887
476290 283464
213387 291902
271698 481683
126814 198846
315998 3506
196984 37427
243445 482640
317900 182442
28923 32542
233108 314920
413070 410354
64818 359918
88559 392661
478449 246358
265087 183665
14695 135741
457758 133153
258613 191803
403268 385491
224654 143375
305996 478895
282092 274784
45598 6094
384726 234046
319600 58058
76561 436869
173798 78552
74741 336197
98640 383791
225296 46394
352943 265650
467171 174796
89449 466703
470100 130049
57790 110592
182372 12081
75315 236890
296445 223993
445527 13728
394637 27828
458961 214183
346983 309478
175561 453065
475453 87219
437631 347234
226481 21087
496962 135086
383380 274105
277726 287356
438270 8082
153535 134640
12555 303464
115104 15553
450905 266474
4952 371259
408752 136740
108276 159627
100650 271706
424981 120681
452658 364987
215013 268340
121709 226814
160008 313256
156979 176708
25727 34424
60730 49333
28237 30430
211043 315361
86377 380410
272895 320590
34156 132749
213613 382919
58697 92810
67384 127225
360450 252462
340845 11431
154662 77290
11958 309694
430455 323529
208301 424143
44100 154336
307334 103076
321402 290469
207027 33179
312341 371529
203034 179718
65702 311112
400721 81930
433600 232881
31707 294332
256232 281291
195096 289217
41596 249572
141368 243761
347199 130758
163960 330695
94088 224656
153931 73174
495667 388652
20472 145878
497507 258495
150555 173980
12250 219369
391749 253220
490315 294121
431208 398852
122288 422045
416336 236741
152836 414987
247569 299948
319520 414415
355059 430503
226916 174356
163429 374361
14543 385568
443269 221649
74547 13511
147193 36110
153410 92556
101496 175776
301127 452420
358480 300900
182187 209451
312140 288673
427783 393605
179982 462109
386904 440750
35424 208423
344841 486650
362172 119300
425750 338438
483467 245513
139474 40821
392863 250234
53395 433755
364967 122187
331883 210468
104177 192203
1534 288341
270419 222138
426098 456428
314788 499881
489307 417208
291219 234506
12201 13558
61045 365381
469154 412833
153259 146625
354445 135728
205557 213725
110597 345215
220711 109243
129614 172180
70195 394150
350643 397540
342550 152355
130830 171809
452689 374885
227290 421871
447398 50135
112238 75785
231250 171527
262685 286022
30179 106316
154696 99277
115256 296659
339313 471745
403495 199361
216969 20091
73424 346832
196384 288149
471881 384970
233416 12488
137534 337703
257626 377383
29370 254918
356573 26860
103991 125442
19501 474342
25010 416436
487687 276645
79025 373179
227081 322375
95985 416949
389347 98939
147316 10364
19906 324785
81615 409410
382738 393597
173491 247772
76713 89142
350281 44346
141706 244192
122288 210402
160690 499488
485502 82836
278434 105256
83581 145867
120593 387946
331030 444151
206297 403529
199025 352486
43292 120603
391340 265656
191691 449420
423912 175533
360340 435946
126633 390337
255331 108826
231458 209421
153164 195816
148678 220745
17758 313134
71692 345077
439215 268738
48295 417825
150720 149140
139173 311983
473035 283551
466646 310723
386825 481571
37610 468185
246179 87842
127398 220282
394022 343223
309575 340835
392676 1635
388830 61943
22610 8822
305068 256684
216775 490787
269560 7156
454275 191356
42432 472388
393549 389891
246815 157587
65682 47657
407992 123642
257816 107707
306901 20572
151105 418504
117763 274126
14312 205466
271323 14973
197864 496551
159711 244610
15142 247781
441364 210706
69171 75354
458756 467728
138480 469975
348535 360257
86161 94692
25632 459831
260786 170593
77901 93400
465115 258257
3605 307135
267165 182334
217704 423000
118014 446218
226139 154727
434281 462782
376749 275402
76736 366352
477082 236878
451371 177621
176504 155639
385215 36896
367501 339882
297926 353933
134875 388808
494631 342456
443773 382409
320220 97115
306919 449920
198495 255788
34545 229482
367648 494451
52284 174662
269136 347775
376535 469584
37426 396508
369701 322878
293959 169106
161652 477715
9406 481217
29501 156946
176820 7703
440850 17789
77953 23705
245269 459216
209119 488095
39542 5313
328187 467184
345057 296137
77097 216031
447179 428257
61807 219147
338842 465343
423567 16390
297726 481433
261095 105799
174887 477101
128180 474237
121595 198711
468076 407652
47172 132186
261318 230043
372060 102574
114874 65296
405942 179589
131115 132411
136552 330650
95886 261556
116126 466284
209621 311843
326987 70627
472701 39249
367417 267260
404361 475492
363473 36358
490452 25494
379219 469706
163830 419959
493874 312865
168128 62786
201774 298293
313975 331962
399395 316618
337728 34712
250403 359957
461073 346562
455099 101455
389299 168295
434872 122567
114341 110012
207435 194018
489022 141383
34783 443542
476910 361389
24311 468769
247496 346041
227990 378506
205914 119962
283538 331387
416714 241830
245918 351627
87791 330937
285573 210483
217081 17828
162094 153652
432689 395898
322687 119799
473841 38879
206975 443213
451995 474655
113150 137112
167931 97576
291322 297763
135782 109096
427866 452611
3554 223926
379607 736
340735 277262
388294 204811
90460 389366
226991 16109
319740 51372
178784 502
55295 217137
270632 149504
232080 498818
443941 162125
458241 191948
294568 101067
188727 37172
79429 97876
303550 496694
468536 137795
234315 92505
184401 390091
462425 92666
65864 429330
441686 1039
140974 137211
170886 264913
495129 299777
361818 29510
209916 267083
141571 154884
385865 290870
369261 216709
90158 369495
56000 244776
464904 231148
278475 289580
204276 41563
147226 341839
398537 375694
338736 380019
424136 61511
320878 450393
301528 199429
70459 280311
231821 496750
322348 170890
10583 286158
437829 324142
231940 394515
426881 471227
424255 75609
118766 9547
459349 206878
77257 472972
304172 84547
346024 136480
321422 102978
263713 32214
380118 61524
399873 4107
211903 418632
238060 493148
200109 476004
440505 285076
121327 170675
149989 252468
123004 254512
293877 323023
46403 55477
263650 148862
193221 204147
112316 2682
75649 432602
317883 322883
84422 479143
197776 284722
319676 480723
120344 353451
117842 34237
95806 6344
9243 473020
295812 27332
158562 113660
34179 50826
49086 403325
480640 22703
404434 246465
489871 359255
124342 48461
244736 287585
214604 235773
14119 153805
440639 258075
407903 318512
283189 13149
266548 85284
438123 313143
476358 53533
118548 239104
414113 257800
483375 417454
388383 164304
145025 287150
252163 301142
152045 325455
201225 73131
74708 123617
98401 429164
261126 464659
186998 442997
460719 362183
171736 156226
446290 460815
337732 268442
286292 167700
40488 211148
456334 76311
437876 350853
264283 316418
340896 11150
373147 37025
376139 43950
227767 425348
73547 496004
301757 176992
473321 94503
256692 407048
270124 301771
254665 397222
390242 249987
179786 43810
194592 294781
222113 473297
477728 171160
287563 206286
221832 171723
29768 264720
425815 402996
232364 329649
452370 59908
451536 49420
177515 63187
50842 103916
261220 234674
46088 401887
195284 104976
104498 31591
487180 194151
72755 118947
201926 32666
41748 8178
235493 18792
67934 34502
290178 65103
22964 1632
88479 380225
70351 184898
71029 337895
287663 92065
442645 228738
103665 463225
237322 414268
50614 159629
429307 399695
357797 210238
439109 359397
325857 25986
90043 438347
45743 362442
230162 99068
334543 487757
137976 117543
123512 235005
58326 386262
83883 365805
374200 233737
446677 83236
169999 27518
188712 375839
49468 343068
258647 419665
142606 409547
104190 251107
433941 168762
349303 219828
406578 197241
439577 233950
30358 487317
114576 83368
96409 94973
429069 270328
34758 235887
439346 147271
130404 265774
388696 267489
388162 144497
164959 164711
42919 15024
220704 407366
107071 476702
35167 406280
92951 44037
304535 244451
402254 356064
53872 291564
137612 195704
252419 337760
149624 163349
352992 50485
331860 88253
46377 113134
307747 413482
253976 375861
25132 117372
60160 462759
73133 202119
346656 292497
166943 196956
401295 256046
287972 32491
457222 479974
218858 365469
411388 77653
484640 112552
392408 33539
39340 224772
208302 151712
60144 440741
240272 28155
298630 72363
482776 136006
167261 288724
373348 386882
115459 263138
409037 1458
267103 137637
244772 290257
379776 316542
347619 190905
342296 401731
160381 314992
50788 56338
484166 258067
372167 379536
267135 189209
298633 92928
282643 167447
87238 79828
314164 472877
168370 57027
262151 149203
116078 315199
437657 34152
321474 164308
134127 100363
86114 208129
109878 490058
432956 402366
467101 459151
242430 241051
267781 453753
416371 89662
435280 490296
391897 420572
272070 423209
18832 181843
56299 77915
250135 268163
172197 75323
51768 406532
119816 455284
272341 112502
444559 48619
316326 466070
222201 480709
120553 86519
419131 58618
34119 184212
235098 136970
334606 246915
330232 190225
108415 265388
371823 182021
103100 456040
256343 258244
325094 448510
238099 148457
244010 157847
132684 73078
174967 202891
112463 165756
280829 193826
276852 11393
376597 273319
156701 480433
337549 53278
255319 328343
82784 327347
178432 313498
114034 484449
162442 69871
38632 499884
344650 97518
152787 462930
494502 271588
456213 368205
210321 464545
157031 284020
229908 391181
377031 414087
386479 143204
261675 316489
326243 479119
21412 399109
37126 423806
278192 162335
201901 96486
242628 455788
273410 454877
117360 292801
408267 60511
141505 284598
472473 300485
496751 326474
492473 97214
94219 404802
370846 337602
196005 6505
415892 469961
369680 9720
351485 495259
147673 201155
447251 354472
402076 68096
98168 450129
237257 390467
29532 308052
461189 154343
486538 285350
235557 102861
69805 371540
94182 318069
17764 363876
245000 56036
287667 191444
340145 263836
87908 176141
386345 110065
156883 400739
350280 20013
27938 1457
134547 99522
265104 402627
313542 449326
272014 337895
176207 39076
99785 489209
147414 49490
377479 295493
289993 100633
371447 306313
81272 88112
123560 125323
303871 255705
79520 350540
386683 289669
356586 137480
431961 139297
120050 489937
75981 115562
123904 193900
373504 159377
446406 303000
5955 490137
271255 389586
80569 105571
201534 310914
83720 346376
189912 231229
432684 374986
349262 141775
26659 151331
400573 227624
46620 478850
299689 114604
243626 302438
212202 137305
308356 487199
134698 66609
284882 33469
155622 184421
39756 289592
230882 469293
354618 412613
294499 121594
221949 440001
161339 341277
84608 64513
375639 327492
399715 458086
14601 288924
225887 2188
128945 498808
371774 379820
6022 223551
232118 315547
71456 185305
484226 292987
237533 234676
10953 188218
455194 195348
34920 155816
313142 208023
64477 102935
222003 226151
260500 343610
439232 436040
420750 5545
392682 475820
44753 190469
88794 267695
64299 408929
340820 107301
357281 405093
223261 272935
1771 173027
315757 24164
155751 391755
488014 93096
320791 357965
369241 485828
213943 239968
298376 158973
370019 399675
424038 172754
431290 294449
359826 248710
138404 344960
294259 360281
274424 219715
436824 442179
74379 106470
333489 84051
405927 484994
36595 499043
256090 33708
285712 393235
172672 439857
58501 331591
483655 285572
105962 469340
194185 323589
118310 458650
117954 261162
257411 373084
127787 143815
270595 459446
400331 424385
273955 142650
488801 325859
262843 131262
245096 327635
492120 194147
180710 414856
356879 430426
450031 117063
13902 352037
121905 297193
317551 313426
369924 111064
203028 332639
270091 277615
467916 491990
98915 327565
120628 74677
398666 187457
348464 125582
184667 375660
106077 116553
263130 8708
27352 320235
84360 324366
452340 53212
107220 387779
95640 185426
188392 270169
193753 7045
360582 406509
177016 306632
65827 254035
262166 268319
371391 478173
43789 247764
394600 303369
26413 86432
450773 371169
4763 382995
477368 109132
257462 20791
11735 461406
2276 272066
67674 1446
181605 40163
362410 88957
254336 325036
233191 52040
188415 429292
143515 212735
107863 113165
258545 48373
345807 266841
376433 373437
157423 433015
485122 443672
301578 4699
219897 162623
498305 236823
254737 403852
329222 282682
252700 491357
126006 242043
485028 417708
251045 496113
343292 243426
217183 114487
66844 228830
269992 237263
135076 86907
280893 170377
84694 106085
398147 140644
308534 492729
63447 269593
193898 373501
220343 83634
1098 324731
292824 75575
288575 36625
82935 248968
190080 499781
145078 79037
274742 383186
107486 229740
139753 350211
203762 290445
331919 391521
78424 423784
405882 475237
176467 95807
365115 289415
316045 307782
15717 307468
164856 108814
272068 66442
179177 431866
425296 24647
301057 456038
239177 460697
350471 46755
173080 305516
332260 260339
370768 100326
8596 411460
11315 437367
211034 50864
173285 483349
75284 466352
1809 146768
575 134619
65960 174125
181866 263010
108855 158762
154438 6051
325945 254443
208435 278392
141677 215934
425748 337394
54840 478667
454115 188950
217954 104658
285892 208151
14754 364903
458161 377320
362468 204744
229292 326571
208954 43290
97033 387946
436950 355708
474754 208430
135198 481250
309557 420179
84437 225472
319448 469033
232289 323767
23308 48927
326690 42024
371240 467847
222258 488367
268947 457357
190687 168798
239127 243095
496689 451667
412949 450926
301847 184329
235685 121358
485684 17995
214847 237604
345147 153020
351292 50623
141617 362944
233220 132468
25136 244653
27439 247058
414620 151496
324228 150930
479640 470411
195274 193817
348162 491809
353465 393130
285194 311854
427526 97797
488374 459700
332272 446974
492721 15622
374059 37321
429075 409440
345991 399884
434191 434844
357271 425388
444223 201568
139481 251589
351990 55963
82160 304984
208734 220938
390091 375538
422129 337281
321487 496716
444243 394515
119338 422410
114500 219211
490656 136197
400854 7177
43466 400423
206379 302400
195635 320355
178468 19798
23040 366111
348776 105430