1632 532
409268 316748
288959 458470
133842 188387
99709 451759
375849 118889
94057 442361
88252 194084
114159 164681
74411 171863
157333 56935
266417 235562
18344 281899
10578 181022
186362 214969
2046 343622
202189 209816
376993 238395
200188 17141
291734 252987
199512 36173
454476 436103
450311 361730
499630 231957
455295 462039
356718 106979
109208 45944
27780 34706
117389 126253
342734 348694
316107 192460
199367 105819
195083 139678
394794 32568
48694 408606
473173 141887
479767 468804
384444 326315
497507 138726
67305 139655
236834 239866
174725 447958
232094 218986
234427 244997
31055 466315
361329 54805
372608 378795
397805 156938
94128 333882
92340 123024
329632 186463
480486 298761
52870 109914
268690 479065
303168 225051
176104 437906
63131 476648
267587 120532
39220 339170
35840 488292
50784 102635
447641 375316
393170 266691
267604 169596
358412 229079
142576 406990
427619 361207
374347 141872
142638 366527
154617 341362
240250 78266
43261 470711
245053 320660
263389 117338
498303 84542
332606 456308
419140 135475
291738 324627
456176 498344
335476 203853
399323 162745
179178 336525
398362 255370
309351 395071
496445 411898
210188 389307
57630 407031
267448 393736
474782 350640
121656 75412
492513 46758
108091 388140
122699 218489
88677 419169
221557 135693
446140 137340
319353 284302
206139 380898
461958 463579
193403 12204
193950 59857
161596 244811
123288 462056
199865 43783
204105 115357
421521 351255
483620 301258
34744 149268
270317 388122
229583 248318
365275 436319
224882 301365
480153 115534
407649 118499
264360 215901
357527 399
131899 203036
457648 117436
123960 264800
118185 211347
329533 468397
266771 437822
371408 24649
323592 255350
163574 262920
317303 146536
408958 245704
309455 76289
352768 472769
253901 138176
470233 361875
477677 460071
480711 108886
380256 232342
346516 238440
271366 6147
316373 273060
467646 419263
403900 496138
329017 230743
398374 345685
475609 266351
341110 132406
488189 297707
308303 114679
406893 207899
106210 68173
368333 182492
47952 253384
165692 225783
92212 1372
161707 352686
484740 235338
260739 408792
295203 52333
378474 4853
251779 337777
436318 91722
228484 364980
337335 349202
367420 219176
203590 121146
301900 379055
282067 459470
299382 294787
279032 125962
201834 410436
24207 305147
293370 442695
352242 291958
205821 228688
275203 279052
293994 36233
73779 485307
407578 284324
482426 440950
290299 386650
157202 312423
463165 177942
22637 53618
406051 70248
139272 428756
326761 326189
158428 202267
221501 7049
252153 38770
6852 27110
8444 340418
77206 47779
242476 443271
201793 4214
301800 447905
154815 19882
353880 322789
118248 79378
245234 55643
389829 172322
463463 800
329970 404210
121050 98262
323543 399114
452152 5188
291743 317429
494082 179762
232550 289740
110202 227160
297474 295838
198424 334193
195260 324078
452910 257943
371802 92697
215273 472849
169084 308754
151154 239649
299083 92417
132031 436853
339591 282735
462816 167573
129321 62510
69255 357361
247806 275249
116885 224228
77651 85103
330838 134432
171874 129591
180842 164331
355487 453316
470808 282472
103625 222965
468207 345114
106888 108412
436933 104084
189283 172568
409117 443537
435041 131099
132970 484346
245165 29397
476056 370139
161674 133086
377621 360763
223873 301104
380163 281774
220028 339689
27626 286473
393220 307730
38374 262186
259014 216728
349883 483297
468427 241735
31990 476164
413006 59391
236052 198524
429465 1503
464886 413122
205072 378689
459280 306986
236876 317622
81908 477839
330795 302065
455226 35931
188167 470516
472734 74482
213091 353034
73546 99913
244661 185455
341310 498403
290166 330735
360894 499704
295743 316674
9056 286459
431039 431555
421587 496476
276231 8057
476422 12249
459398 130404
275749 44394
358825 130132
313605 141277
481430 73201
382833 189148
74167 320461
208509 299663
499691 487091
244774 449162
421832 448743
184592 69002
442146 272631
194957 259238
40150 193463
189291 437445
396830 242556
46771 278626
61183 135465
126104 104719
15391 122144
212957 197263
433838 422087
384235 248923
491369 206155
63983 383812
182157 374379
220041 136098
132889 299431
431 402681
411593 134774
288195 330933
136278 215216
456020 358372
109618 213052
131291 102993
243748 466227
158713 323423
185699 297510
173743 206021
178486 33304
322776 232181
252794 105078
265598 454153
193265 100724
481840 442743
252460 151002
399788 311555
410980 189704
385163 179594
44849 346135
111964 436978
240567 215067
482572 219504
334232 444102
233617 368607
241459 133738
162448 115579
42406 457820
149225 469868
294145 429792
145386 23723
480596 222142
396776 341773
161014 494363
117533 403970
366756 211806
430079 365778
246861 203375
229066 141665
201830 137544
196988 431042
228895 213237
107029 464251
292003 498000
192680 237910
446169 324086
397201 308960
183379 355035
461432 416628
238916 185032
403449 332437
290135 494766
9522 419762
144544 333081
54331 80423
234737 69123
127331 185901
363346 353405
30469 16772
164986 6959
318440 196033
38342 305852
384821 487342
97666 119940
9797 204342
247069 115667
159341 397279
280372 140594
359741 7014
424107 165681
435048 134898
209067 301349
437526 153932
82847 226830
468502 366735
252852 63874
218899 154284
104183 261139
496456 284629
245501 245707
31920 324650
496153 100784
43214 173869
361396 250590
147554 84229
355602 284185
66370 248436
280885 282667
142789 280170
109677 65246
130050 421814
392646 483001
221711 97423
276108 319905
190796 386277
44876 266625
274481 499720
122110 176564
185028 492236
137217 316907
421686 124348
243857 269935
256619 212005
344606 164208
183429 332492
95927 328826
403432 64426
145312 410069
73989 267754
107232 456580
304879 357055
182312 454518
63257 75153
234383 423312
243060 384077
101665 444028
182028 344370
123308 389616
295019 386893
208931 62729
142426 441421
423678 380145
8473 149157
117979 382925
495923 190799
497208 110578
385428 272297
430467 30303
127071 245172
164659 362743
282872 299352
70627 233896
459267 456361
471813 176632
25833 173197
335132 284772
492932 37683
117814 496695
163277 423294
422248 84655
199999 55773
190945 477726
214177 150208
118784 79348
380296 56717
441108 356637
156774 137046
359884 164518
418164 288265
346216 18974
16872 379141
180194 163335
10199 87741
399665 221614
356681 123598
57351 90729
249572 219498
458266 407172
195415 2297
349079 326342
112862 388980
143741 160913
130957 427144
222134 426492
172710 149993
287796 22820
63728 379508
47197 313396
163257 123163
185863 310941
300480 308597
301104 246653
365446 152265
223077 374679
452212 454596
370466 390025
300103 99297
86039 101975
285169 254875
36666 263216
349670 320684
297105 193201
213065 328957
420511 423353
173916 128402
190048 116346
180121 462342
66622 49131
487305 3995
330353 105096
132041 419886
144011 309688
321406 388058
304160 147291
89086 386610
239580 407301
202844 375112
428933 347799
226523 83148
489948 448959
44688 466951
391681 464536
32543 233353
35793 153165
390227 272170
480878 261707
53209 205954
197844 469166
132510 423712
396126 286315
242744 254349
374347 114144
275925 482150
467378 112612
211165 497409
138261 113298
234364 364769
265840 145944
485864 10537
379218 104503
17238 376668
137887 7469
98507 192263
483088 256003
189862 388110
400703 240140
127329 218530
263686 359079
427532 447797
36125 420378
235526 404707
44244 30472
124560 312333
298860 98010
7454 269209
103112 261998
346639 72339
411697 121818
282812 346511
410984 151522
202236 383383
39287 193519
32800 325508
98253 213893
35396 289542
27742 425321
161098 297031
151422 366554
417858 361953
210578 438406
373271 394660
33713 447953
96275 2284
299193 63441
286050 34638
235883 375577
448387 402136
177202 201953
57743 194766
13782 335498
144124 111522
313797 119699
143662 63683
255222 476406
240835 284585
339762 203589
215686 453559
252764 94739
46954 478007
266155 97992
110498 85842
149215 164174
426824 276053
300533 337122
490151 427633
356542 363638
343803 403093
380350 311420
383433 313087
13017 98160
225823 303369
15792 493810
338330 255594
325605 301546
243724 93671
297286 351851
43346 124292
360191 22518
49605 482979
409706 73079
302067 352952
57904 102186
330142 412365
84630 356551
380396 320494
156629 436964
392853 373782
67227 59675
463606 478996
493388 377888
493710 481216
318696 20403
401526 212983
43397 77136
17550 185365
286890 52610
430659 311363
480088 237806
129438 267186
142258 5640
61604 203691
298868 320594
151332 41651
135445 474345
282972 485287
107665 201678
61879 128898
24568 45207
94668 318988
120497 248503
339860 112277
471964 305386
103972 6439
91180 285408
126535 185437
459589 429345
35146 91237
418681 480053
45563 219553
386659 376368
445840 94874
39719 340318
229599 46351
494160 482428
279786 469725
212306 246339
356271 426097
226399 282986
193118 178867
369560 433571
155868 48082
98425 193473
489432 131070
393105 174594
381172 358465
70281 128082
458051 226136
313380 495930
1846 483425
123302 98003
48824 363706
16074 96617
430432 219909
332514 9981
87747 57769
450493 254011
30034 110769
342653 450535
290809 376408
406999 80878
470479 144077
49038 445017
249583 343720
230752 252287
377459 165757
445712 159036
257389 201880
384197 153929
137253 258897
129956 277730
440582 390111
235711 394719
68834 376769
190276 372639
357219 93424
147750 258420
274565 68092
291031 346388
490109 337411
435562 290795
61009 260123
71097 15375
352864 470520
37437 111942
41197 4600
44864 147816
160275 277016
190244 113533
448870 164604
428727 328508
418270 406029
217134 139017
481140 290742
246354 315880
210343 77812
22309 213836
13839 365866
137611 113577
154896 207279
162282 31668
172040 333872
365480 161056
497105 394600
417654 169861
304352 452465
259989 153304
409867 171854
254355 460802
124426 234253
432471 362475
378813 441836
117672 149858
97724 256673
210158 99047
290704 180787
344225 231486
446520 312960
253149 436330
40097 368815
499718 24127
308544 312997
498469 454593
384238 370451
269966 434982
239770 353598
163862 392933
156190 476047
43021 191693
212672 397483
95132 440898
107170 479376
278972 31532
202676 395737
391265 466940
164117 313958
31806 109426
36291 456930
391205 172347
363928 221651
495686 22653
67613 7417
334833 48815
312151 346096
399071 133632
408682 380812
425293 232483
358947 376519
74654 228407
95034 149209
102228 438824
340371 79697
293320 72942
296446 382902
337876 490705
256899 1756
339006 356923
325930 88516
177242 194511
262347 392034
91384 30170
33042 83118
318100 484316
276405 493956
383083 148621
318412 429606
154179 47866
159542 113124
276525 199591
278500 338898
88885 37511
215902 211853
162004 92994
200258 450861
39623 7160
412714 268599
308803 391169
87010 429332
8704 397843
193196 26962
69462 330494
3445 79149
112915 23185
395264 130018
464897 300255
425568 171797
155977 202824
291320 455171
248114 250118
298259 71047
25715 202986
51188 259226
382611 495122
401159 365004
373676 296479
162853 361166
169073 129042
79232 374135
362937 188568
208808 167611
82663 303272
197712 97969
440375 233008
60462 15007
91280 133019
71323 266522
235124 475576
324296 167649
366710 484464
110799 238504
474360 40583
378421 120452
151593 367558
104681 357411
324399 40673
235936 339683
161292 405293
215042 121635
450384 293867
312682 412987
96306 345476
400005 78002
492740 122573
144593 22642
102199 281843
393663 39483
93056 475845
407873 24462
429340 304211
303113 375623
412656 56909
131609 41893
190105 383554
267577 171737
134434 152839
199880 399467
78636 333454
148958 16270
203011 215865
11676 98068
495739 100945
71136 470058
205723 262440
480125 95396
457647 425022
174496 358795
11732 242723
422038 246930
483463 391286
295887 129654
424420 30671
150545 449808
79990 82531
157314 241052
100240 110767
51036 495195
86094 48660
287296 499924
397649 303401
178711 403005
463395 250512
345159 369765
459439 427079
277247 347386
256999 444850
48974 382081
96158 339923
368187 344100
311937 43068
150745 60053
259920 259652
274745 6672
6325 144550
97762 88237
172283 141524
420012 256843
166596 238601
182143 155401
33047 116784
26991 177812
387577 341439
356361 292376
489235 185288
241337 395358
439301 498368
44876 182320
320954 384134
50489 443153
39507 208573
481265 227169
365605 41734
253558 448833
2682 39889
71813 27250
301721 474632
333548 292092
409368 313429
418733 434814
309328 81267
85751 57547
306356 51590
315927 231195
56631 377085
481059 404930
355219 421675
252823 99902
382016 68743
448941 135974
263353 273630
102230 116950
329507 251631
422274 180128
204167 314739
325515 411258
50519 460444
422636 493324
176252 207351
60987 155490
377256 497741
445936 1536
442469 165233
481999 338017
459090 232285
117200 267622
425216 12301
22001 496968
134853 327241
18210 275809
219899 199341
399170 310232
237552 66613
224325 279976
383396 32838
402671 421136
23137 200497
201263 18645
326234 323903
307628 137390
462309 470230
269957 479788
141932 385599
368395 22549
112194 244056
62119 194252
55701 463199
114095 327739
117486 100945
434804 96085
401660 172498
305063 469953
21096 405674
49247 380350
140032 245991
122985 474242
152069 187904
294845 174169
441768 182484
152146 187756
53584 192046
215622 210803
151720 165857
306503 275998
135854 141126
234977 48962
129650 410056
364165 406
22153 460425
2910 92321
462427 81286
435725 171661
277168 431025
366368 20850
190346 159861
216838 217024
184842 353943
285369 3127
290102 156682
424396 51294
79384 412551
362220 388041
407717 172750
430204 42090
84048 340583
60412 106025
217459 196426
311250 12093
445617 367240
79461 84893
12899 325609
253513 173983
90408 230389
233540 332223
334911 493551
334976 81784
42332 412339
149490 37825
304181 43435
105429 180630
42797 29761
441986 5533
62774 346404
381167 11516
171018 56378
415520 364010
41613 225609
50138 459820
134647 172393
322435 388848
366357 276864
328012 160950
338124 30490
407039 236844
62126 422155
378306 12235
330713 435762
482241 427288
174451 221372
352802 287880
284633 422170
474216 338064
68435 75839
279594 72662
193987 416936
471244 103703
207647 471497
344278 8791
162443 380923
92259 226533
260143 224104
3399 50432
358180 71195
27012 429361
62637 383262
262151 204689
114465 311063
105284 359250
408152 231833
488580 434869
437332 460716
82117 428779
266253 55995
54697 28177
22429 113762
273457 181300
268562 297101
350069 462308
302555 467238
331665 65399
6345 89413
222719 336182
423094 496543
454597 418867
51917 404210
104905 105432
460750 495425
275625 424852
120258 117126
389921 413677
97410 423700
185412 373868
118268 222761
475596 314606
241174 440162
451230 400295
335740 101285
445985 122101
117814 448718
467959 325004
438376 267846
368709 69662
456509 459349
30651 272526
467069 212306
331303 359009
119949 358164
266123 49616
401157 54829
199787 315595
285128 411132
482927 32403
97892 13272
6289 15448
159362 139916
360820 341640
60147 136736
405640 100974
37455 45474
375349 125899
22527 388051
445623 264662
198330 44880
9132 147546
5202 292638
152219 142621
398125 28315
471264 44587
91575 459888
104317 424896
215231 96247
405542 496022
235679 100181
55188 41021
319528 186579
142137 330839
53082 167993
451366 10387
450262 298292
380059 293539
277276 475248
496623 53619
154604 300058
11128 18534
402800 326682
71634 219394
204518 399345
203937 259133
32005 386288
45605 115453
82057 264494
319142 461653
188246 27869
161415 300804
170737 212684
370897 135201
375051 463580
481280 8471
67035 448653
468192 475713
366193 325226
78683 327129
424412 285046
161726 209234
195548 408850
420927 23223
386984 161649
235793 234928
231113 136202
364159 330854
324006 236796
288051 211244
186570 122834
104919 460165
84259 384734
122413 485888
183157 46097
321023 320940
146489 380340
141237 96981
306630 183284
273085 259661
496594 173102
8842 44523
325254 115752
429225 239761
15081 263911
261306 178143
202190 438952
184184 235704
219872 125751
416631 458945
69207 481053
63174 144617
36985 100573
370852 104689
325627 91654
357048 374581
263777 489745
29190 80922
315432 423875
319904 305701
76689 406186
421140 434140
494733 66515
337093 145776
136939 380691
221387 362161
392629 316793
482387 147335
55808 264062
184370 321973
385661 117257
497495 372322
404464 302344
460390 378363
443159 409303
364994 123933
477867 128797
39799 62871
4210 99776
393434 371296
296783 205552
185040 97168
293524 120134
449681 276868
374083 184895
200699 444249
87881 281264
202385 151083
237739 380882
300073 163333
295333 485412
195995 495000
424865 396003
6556 80749
489863 126218
263040 113273
171438 160559
23629 310059
65182 188907
206084 411540
398730 299507
2789 435714
61687 203781
280669 490884
474653 271834
374021 381176
180040 20372
355934 295353
400016 271237
211707 357117
304565 242548
52021 237914
447388 297070
68898 18121
290171 378999
261097 198541
173320 146911
212659 145441
228370 59388
207175 355556
30157 180679
62277 481924
159670 261263
383872 355390
162961 23209
417567 187545
182507 23755
152274 218963
328812 166259
190178 44775
419340 194070
301852 164176
126110 499164
187430 226678
209376 95065
302566 334173
325219 281562
18320 258613
232471 272625
354304 337389
270571 4436
287118 251984
409477 58795
71190 493659
422834 220716
417809 298803
56279 223713
11481 494729
272123 56775
50656 416994
377781 496704
325759 24795
150074 485661
122762 268258
83310 473583
328039 203338
408395 166359
201965 266407
111545 154445
492865 124220
477577 310723
215842 63343
179341 143785
112122 82454
443357 28328
396582 213781
162604 459210
360839 226068
259018 32671
434293 155616
258897 322588
439822 316159
85359 174143
398756 256344
107788 242128
165102 176110
145818 328840
61209 450594
33760 336297
99407 445989
319523 63003
18110 376101
145186 496869
282788 78333
86480 144676
192822 215006
331131 161641
425991 473291
229176 267627
102471 122300
292186 292899
134145 301125
291161 491343
378731 475132
487892 438970
463745 136921
330325 413990
355807 203842
330086 322018
69544 82952
46891 351675
23630 108612
82618 477163
101196 18538
222395 475257
37436 50268
278316 490111
339204 39062
254244 26468
312245 19883
179807 170803
263532 292408
21213 150043
476116 98649
217629 241367
388185 196045
221645 62874
386375 259936
214959 321874
218780 280883
179198 92025
229705 168050
186793 455252
177248 262870
313070 66874
153672 229672
413433 183039
311255 298230
456306 250961
166832 69476
185305 332373
232375 273509
253338 30259
43859 264453
83463 141819
44809 116775
159518 103201
84906 434393
333929 418040
154537 1443
175816 119806
145212 366291
332643 63863
99656 454448
361439 233808
310610 246851
301225 382983
326176 368131
179560 234542
146459 421131
106330 397287
369181 485602
359317 343959
399975 479247
362683 349396
34492 64540
353988 447915
165422 87735
454265 374184
464279 134268
293594 407759
427840 179798
336969 338819
3694 55270
158436 285526
381088 304800
288543 370371
203201 22495
483390 44254
474269 238906
323955 476753
405513 442629
256247 57239
81817 302845
176338 293475
131422 26913
325325 23722
187801 371899
116020 257963
422054 101407
361044 326305
436721 7925
208936 293645
223703 106036
220854 292978
209330 91962
34284 188057
176314 65695
245277 232827
3668 301975
450610 465494
434584 251194
95525 364453
487099 33966
323255 232359
134754 124999
317555 428793
164432 391997
33802 170426
25855 349807
40338 613
412131 142114
259069 311276
98610 235517
464543 2607
124969 272956
479687 26663
82676 2618
100843 148086
81751 456079
470120 283881
38080 187661
185435 366245
77904 166899
332006 472905
64151 69583
376876 338219
457652 323352
59462 183423
324549 35026
87263 251056
62313 80114
434861 104976
108648 432698
365134 123204
182547 104794
54763 52306
220373 103561
243985 394467
69474 293271
152535 130242
76058 352739
307859 124310
337940 453039
326610 434083
347132 101235
36851 30802
379219 357218
84587 114060
6647 39772
201532 234375
52844 24799
113980 20450
284185 309819
367239 183418
285030 474247
96538 360770
67135 119015
365197 240720
125404 233514
425123 329954
348760 66084
301292 81104
328696 452232
230953 433284
409195 189539
44120 428418
77341 71676
264700 375137
325532 418117
127653 149165
434864 11585
74593 280534
398780 219014
254257 7815
278070 461976
359360 608
262984 375183
313925 180277
312899 113547
109151 469753
87432 91786
114963 470046
37701 300062
146680 61035
370918 296763
56605 324945
68298 382625
78429 304858
330116 70831
100935 328166
173463 470847
390636 314792
495240 315507
383034 166647
278769 377369
142621 437045
97927 414416
209081 207674
177947 343692
302840 192425
363003 343349
66655 39038
448753 335925
143771 397727
114283 437377
53548 233379
426876 255736
183816 18336
201539 226793
352362 163379
35501 223343
457624 264198
155427 209905
53494 458886
393524 350724
298347 422634
105112 308468
352061 324145
374703 418161
72850 468278
282426 66378
380574 85097
125864 39925
383028 474139
418396 943
448614 252118
468835 191164
231099 396710
458730 438017
141727 241275
348986 159970
345364 344044
277192 482679
416891 298777
236789 257224
293454 372839
422902 407633
129400 93876
80597 122562
268504 106851
4382 103047
438975 312829
209355 169539
172958 318512
417407 483960
266877 188144
91926 37234
491170 73593
141312 343417
126505 345332
326062 228321
260755 181630
282290 36619
156285 18766
166890 439683
270117 426535
226937 95475
269065 466994
249950 270101
211461 250822
74193 445253
238390 126824
337449 88616
238244 394951
499737 424285
11781 245285
22654 399605
157711 480484
277603 214788
419918 245114
430772 92709
442101 25868
343582 281214
300606 307734
44457 354042
188337 103944
18832 269777
458327 153793
354083 188995
153336 369158
498618 442749
426555 399269
135068 356294
356682 292989
362298 88237
169719 114587
428028 371091
425360 196240
385147 305773
388767 228237
456798 181997
284512 399640
298988 212760
307491 324000
3768 488284
264561 206242
88700 179651
367177 436328
343716 278333
205124 368714
288649 69417
100792 39459
331691 439625
62657 306426
174188 312470
167471 391343
40563 389932
250143 160600
338602 121811
429256 232783
73883 223031
480616 248883
46286 443333
83390 250956
234804 375006
35637 441213
446950 267240
489378 87319
112876 486804
198501 158710
432165 416063
225255 104989
282175 468167
107520 193256
349462 418001
113581 237450
363952 76352
441597 414273