1620 945
45522 83311
22182 169131
198328 114421
216446 341979
181153 429982
12649 363508
310704 146859
476844 153776
157477 354369
53708 436953
261629 124550
352351 195870
471111 434437
331799 427795
437506 296462
214253 432921
227528 443410
372083 290457
104607 26581
250992 406982
404668 386979
398947 490593
307023 328443
313112 389631
43464 350237
456094 236544
291682 140877
16321 242452
162747 365786
161453 189156
66778 20407
265413 462414
425355 441255
406190 133644
156651 186146
49407 419157
400514 271904
18917 158200
161135 236087
263676 13461
52459 344976
409520 325446
27404 340041
60421 270591
181505 288617
106965 165662
438632 132716
57301 218978
330141 226793
227770 294898
321386 291620
224350 362587
2708 393903
324009 338145
26210 75014
79924 185432
296677 361092
16317 43452
307111 249294
14592 282526
93601 256812
235861 71178
78698 142755
381327 40318
151732 442663
156956 61736
411676 335419
325574 98334
387415 324711
160696 44170
109920 263570
452176 305230
328793 71165
369121 186053
59426 495719
212250 359565
341429 222298
238331 244942
112071 287974
496526 86519
348431 139696
111927 138537
405422 167551
366930 7905
445610 393680
66743 240634
119245 487225
7377 362736
111580 463670
416406 315611
451929 383066
223115 175154
306869 85868
428481 457496
30576 318389
119702 176147
101261 93876
431304 438458
378109 496801
492296 468575
215149 425036
371634 133292
115230 433917
467276 256159
285357 128050
209107 403927
41732 190373
1153 223332
147323 53566
91286 48544
217535 274437
483036 435367
453771 354790
133709 251476
10879 285317
332356 35282
217090 139669
82742 222543
277203 271416
428474 224787
226486 256877
62505 100557
89747 246160
125264 319406
222080 136983
255315 287484
403475 452660
383171 485344
380242 271962
294600 485732
466491 436339
260899 204428
105439 115113
32367 308029
61925 231684
463275 427863
465374 220017
59363 341278
134998 362772
212817 38207
449583 81232
30454 448660
333198 37601
142960 208012
150675 355554
448514 3767
29269 153379
441419 54626
279047 104068
332255 178776
343926 397397
162051 379886
28441 102955
345795 46559
146234 162223
324826 85223
54803 403270
454690 195753
377428 93581
42732 264339
431364 83387
337370 227431
208545 251048
471545 342335
353729 54423
302652 192773
446315 342724
399486 462839
120926 358157
31517 236638
184562 286586
260201 278134
424286 54856
494844 199285
54982 444367
215219 78787
17038 1598
86563 441229
233907 482961
392906 488379
192370 445914
92372 316601
125070 157850
154259 348932
227167 494540
349797 390027
122284 243387
233417 1555
14043 300405
128961 217991
61230 382462
232989 208629
482917 290004
22995 265900
472036 110604
200319 260024
278266 71056
337484 220923
452480 31395
309094 412162
284279 139528
48030 469707
317335 168293
220527 156384
364997 432450
71415 313308
459335 143727
422540 467710
39049 415011
424181 116602
78932 419641
108858 126488
208430 437180
323786 74717
239677 376698
490941 208072
280158 334620
180711 21897
464945 376431
151213 362206
131700 94484
333453 163959
372697 178668
230403 29733
55589 184627
354182 152185
50954 259065
267062 487703
268716 172785
272373 70126
396716 485694
411431 171580
126537 429493
470387 7158
124972 414511
57948 283779
14542 217379
257943 75093
217077 156358
422593 61105
126603 121744
467081 350794
226463 411803
71020 179003
321572 1149
30194 481012
431058 35513
251784 118810
42169 13816
494861 107851
63620 83893
447836 29642
498164 402328
406428 347932
185609 304898
141959 281932
407353 37410
67240 269603
120018 417480
270238 116942
490714 405247
112476 85861
440042 382806
146845 242163
22427 447568
95921 365659
70236 339489
287808 283516
411195 78795
369219 78569
293494 55219
181702 109869
420187 181529
383559 206530
237387 80840
333098 17280
53628 409187
18502 329050
381230 282556
38561 159716
255280 459872
61611 107236
67668 364977
382999 99073
222800 341167
401099 124016
478165 95150
112645 100401
6219 78741
295019 390698
270811 150290
198773 108733
251924 248961
224738 307632
136467 147642
149022 409062
378422 277355
146857 395613
417377 464161
106954 201542
304926 76916
220014 484843
102103 237875
464644 359314
347142 42330
387395 265171
489407 429460
333496 330079
203507 102891
270599 459635
108890 42312
115212 8577
423897 499032
302307 396426
91061 464865
137680 241200
499825 11280
373867 448868
129942 75601
99440 48797
57248 419808
76928 336785
201517 120890
370687 192567
11005 427524
266816 406470
239626 405435
323751 438647
403890 443479
303686 273673
449221 6485
485644 270959
369715 70469
117564 458448
361583 19923
255314 300827
105493 383466
458844 465517
89615 270201
69382 60719
339336 143784
115317 430547
392927 96169
114377 107031
257553 269957
350874 109280
21190 206617
224239 308175
31244 191083
397651 203970
59760 339286
267409 341532
26197 10276
65000 331111
488825 14411
217984 242092
260331 399369
186192 372884
206122 475557
382101 57034
297322 457205
183592 307297
316279 274662
408930 334785
182029 417734
234113 109385
278238 129642
136268 28270
156229 9562
257691 191578
190106 272119
124583 185508
247375 355399
188868 461294
458633 310219
148146 475437
317671 177653
193504 188020
249565 457973
386621 490005
401585 296196
392126 406092
215076 7684
295668 427615
298456 459658
258486 199286
250033 101797
189363 55375
475234 191433
134197 429236
497486 261258
231144 99873
329772 11973
306009 244024
366022 118406
355727 80796
99352 152627
172098 19274
291005 323941
28658 436452
369485 170417
145192 13069
12831 118146
388635 163786
3930 279342
321329 33527
162581 373976
236937 478349
414046 11005
149832 357878
148925 37647
182327 173309
81805 94852
461861 390901
387730 396122
231818 260963
638 32684
240188 160714
382436 151085
163431 214613
321028 192364
68330 381381
69297 137312
360951 74566
125491 33954
410112 69889
229560 460694
484485 52955
483046 236290
21365 432822
405990 166926
211194 110032
183249 314510
277494 244773
413706 452672
270062 162108
227170 464583
273417 233916
33854 39933
426335 459285
455302 149316
71780 105567
140668 337434
230492 1010
235048 219010
305813 127612
438824 375394
104383 174627
4252 255649
137311 272305
54186 470806
412912 334215
478761 4729
496720 415861
264159 174260
178033 409169
350886 162814
355441 282102
7578 224458
354559 280028
334586 301641
225903 13864
104972 126608
230443 35260
169896 177584
429054 409565
293363 323051
68597 227851
239862 403315
42606 474451
348681 79522
261972 390101
346322 313629
385127 209515
71805 181405
198571 405548
61362 63819
292328 275612
368532 484480
381569 257577
19849 390667
370677 300638
44157 163058
428300 241877
304223 467597
378433 106227
144227 339850
426063 408338
424718 199876
222536 417416
490684 246690
1199 296124
90864 476392
63959 63261
233499 317235
378670 267304
241206 79485
7486 325835
309895 191445
113407 452565
156274 479125
425866 389311
187691 55214
144328 460462
498668 285541
262016 401102
138966 9158
341882 486969
273890 53226
348315 143446
88853 471836
265758 31398
435755 179125
310642 366562
70776 470041
131821 44599
209698 60436
337747 315884
323387 321585
320539 102961
225117 289701
154665 478592
84883 316667
407568 359804
398740 219200
463051 24772
211814 36357
271916 27083
114281 331452
122215 44369
435288 466529
78088 119377
222760 342179
191335 126814
436038 464053
127702 268152
7691 339111
244497 229125
36995 376654
465886 237497
183497 434304
394504 484855
381964 92980
446300 87595
217819 330182
236677 436589
333142 125374
20985 313820
142954 117498
104699 229746
257227 70855
182139 58791
243319 167619
455880 103378
234785 264910
422190 241670
57531 82893
266164 129663
225824 469913
127989 330517
355672 457602
256002 226142
24462 267927
429706 335013
92085 191832
221249 138023
407385 204608
56412 375024
187148 211364
61577 479557
124703 478947
120965 229653
124125 429757
100425 207642
205255 398833
352139 480749
177514 117619
312967 225960
454531 441688
488008 481303
447059 348312
35982 279348
151802 273101
39368 472346
429991 160256
210248 180051
347506 120318
290101 423440
13849 234557
203062 138501
314764 293256
67568 451788
318218 187151
197643 198143
404130 61420
284312 282540
348211 321174
333092 478803
26349 274568
112616 277691
39301 324599
82714 412773
468386 175450
498704 262721
268450 160404
138396 357065
10851 182169
367135 91541
85215 309999
101576 285209
454492 292829
100393 25484
108562 448495
104131 224299
154991 37519
148752 31069
458917 103280
220797 361444
497568 113377
175514 28311
366835 71573
399154 59109
8509 417535
318138 486011
207421 172218
430600 309101
352926 402975
275629 386464
486537 98718
175621 348781
207859 120235
246016 492167
25227 81493
9627 48069
226122 450078
260228 330864
11335 424142
410446 100061
465103 393345
162116 229229
404026 233718
211719 361514
174430 266607
262382 67341
294711 235463
475125 30
234197 139382
19153 369320
63527 194232
262101 279108
10916 4102
12355 141987
396841 416290
367156 306096
97058 103955
415941 341087
139395 305707
52097 291523
6123 97399
231303 127699
394654 441876
443640 275298
56783 494450
315290 8262
95438 367299
471038 258249
192993 254613
263097 124844
230727 339522
435007 30768
191668 427549
93456 3599
97003 309158
348607 327987
349517 111984
105921 360497
130863 160546
280231 479746
425490 435378
271330 248926
485470 59825
168061 385614
272759 445198
193747 75318
34271 233945
102245 446227
209440 422711
327856 50081
145408 24124
383371 247796
342500 342721
65852 157889
107410 445600
483637 444550
74265 298313
21088 93368
97643 73
435520 18044
484689 52646
468668 427142
183686 466470
13146 441749
283230 372165
131371 462887
300488 293831
381604 188876
3267 274365
10140 461526
316404 162747
337298 197859
463887 81721
299503 103640
276049 2528
479627 326450
129087 187707
251944 211559
382969 447047
10237 40441
183471 163922
79184 100978
289814 351502
414120 221061
426040 305660
408628 279467
169503 414033
305096 365658
299741 488302
308546 232451
316283 205795
159043 468844
103092 448224
471787 442225
111335 131263
180285 119625
441598 497374
42454 255775
107041 253479
468881 299402
169592 331632
195983 32353
83047 432580
478662 469123
150419 192954
131359 288610
118165 304428
80961 266966
243146 169678
441459 193636
197595 17975
289713 56495
269866 258493
451766 148621
176690 150071
448595 239947
350051 455832
172055 219911
487742 415117
161666 476422
104533 299958
342078 199558
270761 182802
16278 248837
160529 448311
328401 396557
6672 12644
44033 185646
22670 259348
476959 318229
436865 338369
437264 19437
291073 44250
75531 160329
485661 134296
113344 9840
69208 299879
251563 252061
54488 67130
85950 346639
31035 464791
399320 98750
293017 155355
20642 128043
229936 369949
120310 174662
221012 224392
341090 1206
214999 128215
217266 474937
257356 126851
294051 211561
471472 274802
211762 113543
12716 257858
302472 78724
419489 11880
368659 378513
298785 387393
421897 140592
334534 270028
388317 110186
404899 84355
219788 365369
181441 388508
345648 385553
428638 407595
177723 277832
338833 495958
403943 441667
3929 163725
16753 357948
494144 114064
397586 213032
246604 392993
284055 283721
445571 443152
46700 491097
425131 195316
84169 467873
18227 277002
192814 39452
220843 127976
413855 119559
239906 434796
193973 439723
484417 85372
31692 19028
106195 176912
238451 350568
437632 246081
258077 414909
438515 278604
133150 394999
196941 21169
499133 8185
111803 496291
171808 371347
218820 75890
94421 171101
416521 217960
422976 7653
299359 34519
143982 299737
414867 93618
384211 391840
461199 273455
388992 349317
84563 476161
340420 337521
443179 438196
138886 67698
139887 85613
387158 3521
94841 462749
134606 385030
476797 475015
444696 379537
214167 45465
381828 105076
89522 172610
151400 164089
107768 408315
56277 185650
276504 72648
443964 97687
242847 285073
86407 406098
306891 401790
78340 476704
194566 484830
48445 367625
217947 329300
375755 97612
296099 18520
160367 299154
415393 218257
372411 443070
156001 140315
461979 413762
236108 243286
75805 375546
183352 365638
342264 418401
67464 311217
334270 189083
407256 493289
23822 303613
146187 131344
450449 207707
171413 152987
228730 252288
99121 53275
413885 342416
432093 137780
461903 43717
344189 457759
275560 348518
450286 22635
311437 271116
289601 39572
471411 68917
420472 23196
146921 205466
265788 24487
148211 309669
50235 191897
251994 295940
347006 83776
302594 347329
140412 436824
413168 127715
112501 109933
242674 301535
42448 96378
323348 324672
40040 328829
321231 230751
354656 477131
417012 240825
288163 385693
326765 309129
460305 308342
307063 334231
308200 17384
441750 6301
136420 1281
46893 413788
352040 245708
292132 164496
409646 348064
76966 244310
493187 53111
13654 68697
173437 401230
30032 169691
401937 34781
399859 38452
174592 442779
367063 440966
249100 290095
485835 416107
380849 354149
145299 55681
384091 300744
395422 496459
34425 171771
292410 351816
328906 47568
142627 29912
553 165791
16508 440690
434876 464943
263676 370723
192113 56470
392416 282793
373857 81847
388788 340488
273613 393445
459928 249782
185576 457501
428772 434728
474439 246709
79361 183800
497388 27641
483945 314675
124576 145192
253504 100078
77622 267299
491341 301961
33913 305599
435490 469099
218143 450708
260758 278654
219826 33291
324259 349045
426160 377654
250491 453598
213500 247171
468307 183568
446533 361872
404411 499058
138063 394522
412497 229551
433925 190142
254924 42522
183305 199304
417958 90808
99421 392979
47017 357305
111652 337914
429092 496976
441490 85816
85771 469120
283314 414347
410324 290038
298633 117968
53902 236536
352343 391800
36409 389141
308096 146474
163778 122307
171364 211597
195679 259657
145053 275274
265559 465737
183711 476242
258405 442599
335966 379375
456593 307196
194639 458892
159997 358985
8796 474432
33517 38412
96284 268303
316745 497416
348318 35456
348506 333658
225903 225068
419176 406945
448832 216402
196485 391591
489450 67641
365971 213375
462898 489587
148636 356489
7659 369200
88214 9693
318385 327870
407277 323605
320342 217110
393040 494788
428821 63952
83245 212451
127560 207549
348338 479734
346935 119047
190757 131681
251524 206249
315441 99622
106560 82512
38946 233163
355334 323257
77127 103590
246751 9037
263282 30321
171422 450573
412655 276951
129886 369729
247983 101019
397864 388550
497158 34738
106349 44279
54732 229950
137938 97106
278110 130085
261788 27009
320652 35006
311480 116502
26087 99220
152522 179661
36594 388159
315761 279508
402526 127042
27557 448739
78943 150247
318088 260346
257577 184980
161487 73975
465100 427944
283680 128302
319688 148369
255682 120791
345563 476236
220640 464707
252299 417731
172624 324826
114152 364640
363035 116537
414073 417372
333814 79404
171891 359456
410146 175368
389269 277488
348316 192347
121521 86354
427061 308246
416166 387244
150935 38559
79727 70145
140092 183110
82326 471272
14228 152372
447789 472960
217891 114729
237018 244501
227344 12213
16568 138155
106180 9811
483340 481098
44286 426120
316304 308731
17164 177268
68382 225304
55070 107823
352697 266190
142916 427727
2400 312445
281746 345754
66252 4960
474891 169632
407468 37526
42146 454612
22411 492727
305990 308284
258709 32430
137784 428331
68643 180472
225788 102425
424811 369899
267934 110321
233300 111562
365246 30283
459158 218159
91486 125772
474832 497475
141212 221152
491004 353295
343002 45161
485524 390809
46098 148071
79279 168419
429514 63897
230470 213452
140469 195406
47376 309241
277211 306564
488964 193363
332766 102508
178421 31124
34588 177735
24518 480796
492510 347026
127390 306161
60539 129024
479734 235229
120634 173914
224356 226301
112033 343957
492886 367474
119619 236931
184292 171042
102543 419018
66977 27492
31727 462674
174749 28109
58488 379450
130003 209088
193567 480104
15937 102563
431092 192979
476918 143005
201577 23502
26569 302300
172769 84030
220320 307648
213104 139395
123058 6
405578 470243
445105 47876
89705 239895
451934 260713
172340 238990
222853 105015
409554 67995
488680 349819
242613 250040
259183 121578
142397 24810
150413 383425
238602 30275
126689 474935
175971 152272
345462 126145
413989 128519
374961 66694
54509 466468
194267 159016
9996 317252
142337 374604
414065 25403
279492 180409
242056 251036
10653 53157
91789 320518
26284 176530
205073 408045
308052 137412
342758 163028
365023 397095
351885 248748
235323 352555
402008 94220
228648 453922
451318 13195
336035 22399
146819 286167
316514 252339
450652 62266
475609 7174
94299 90698
60456 38177
133298 88437
339577 258052
221736 33223
27310 38834
464249 489978
34563 482178
88694 300357
216865 53576
21254 402563
272496 464250
199338 481740
366649 24291
76494 47586
67994 407553
156910 333796
286231 33254
144761 357708
171416 153112
63115 62963
374166 322189
256954 285717
474227 20481
307143 330180
181385 341073
21610 36081
38716 57619
223224 157500
470384 17712
370335 440198
112142 210349
440475 453017
372370 280152
483989 8070
353549 449027
216945 415505
183462 101703
253254 257290
31508 85092
410047 311315
198345 155267
359154 46244
287925 368757
336246 160948
232836 118046
355022 165076
308691 229415
495995 241675
405172 351514
133160 462096
389722 398560
331333 280783
193537 475880
294487 30551
73915 15908
362532 819
498073 36261
466389 495876
330714 100155
101845 35057
489311 283610
397091 166994
401142 94610
264541 145582
258767 29043
296893 187753
493706 369056
81022 224998
292658 482041
61157 225505
342227 359228
335067 27108
442180 140673
222533 483962
180182 369960
396747 127065
259351 455586
177642 477932
389872 265055
492196 374593
80442 438436
156843 351219
430158 264548
138666 206125
1693 174229
249088 352880
443148 332284
41650 387035
8409 198875
425741 108581
297229 105752
161842 207445
400191 175385
184342 72388
18035 18740
240085 217312
449781 481762
366163 266415
115398 346043
342942 279866
163569 368392
13600 192208
310541 42743
151388 28980
404727 413937
94526 376220
207090 239925
308289 351584
250995 388987
236398 233236
442911 474622
330657 172811
223727 292735
159325 495633
48201 54884
1014 488572
384233 469255
218502 27214
59034 482480
312945 145645
130728 78124
371371 342335
360186 295883
316682 187754
13806 405120
179160 287997
250733 351682
451825 106941
495703 327868
154431 102473
107792 277720
332851 15295
239909 77219
226464 383948
463422 118846
457983 202657
336114 349452
225651 447418
478315 69503
220643 42933
98813 407110
202659 355268
287744 408447
331600 336488
350763 331088
267077 44682
278741 194254
35654 157243
384117 1681
472625 243538
468203 350513
414581 136015
422607 134077
294829 60895
70643 123640
249913 92412
40591 112385
88369 60298
68367 138416
72674 149178
135521 292902
305877 392294
386955 158037
226085 214886
189334 415355
355905 170524
70674 407570
242915 366746
6823 431250
45642 53210
385010 107657
453422 388708
415847 380915
246989 161072
470628 298341
137997 67510
193888 366733
374936 266721
415141 274486
138331 318323
262827 159554
216200 307442
411868 410750
265952 187206
357895 87141
126927 94674
453743 381402
209140 227689
62024 460819
40249 337581
86836 397849
37573 445403
415983 337021
127321 213068
50899 452337
376180 407823
173555 253616
458963 175459
139611 461384
40337 243974
421739 433723
395933 301946
223531 3007
272697 34624
396211 495210
479235 271161
156018 89009
483424 99045
263571 146032
55226 232688
145851 163568
250454 393060
496078 470425
363867 349691
74440 212950
233840 365665
291710 242146
498034 412880
15131 86457
456277 186396
311227 490424
47066 385330
87544 456390
410915 363041
333512 172819
375947 131368
3397 251026
171483 12513
254118 277838
73632 404422
35560 187418
131695 333796
126863 419340
425575 157143
424884 184411
60691 117536
413282 497294
265065 473213
362708 179266
159208 264614
437501 350208
372801 256806
17039 86294
456852 93279
90920 184999
442647 4076
295013 372195
85399 408470
74365 345120
341166 382320
258897 172136
464790 4943
451587 354416
428694 72874
188788 31601
396186 266805
271843 388077
181733 89455
51391 157259
330504 164656
78429 104582
182608 230141
187002 441524
352563 491847
31492 383353
494189 341632
390888 242306
2304 251368
309150 477732
446867 87798
106611 209031
193949 25932
266580 385617
79689 273026
475098 331077
409127 354408
171177 96748
332562 237956
346361 19233
101912 138596
405885 493630
224005 312160
332607 494691
491134 48887
365507 41191
63670 298321
425636 87575
432159 36951
126746 475560
222022 66631
336654 321183
201875 487702
151084 447222
42187 241731
121 376492
56274 8189
201603 238940
215932 483621
7142 402725
233968 12615
287149 379220
398833 175064
147326 6537
396586 361504
67316 32557
373475 160375
95040 407762
267615 184075
487728 251951
419025 446140
452971 102673
93997 123423
254212 272583
29180 410392
126547 179982
85023 213421
392828 36948
411791 167327
413109 27349
441513 389064
430513 200933
320381 352317
477126 203920
186715 280102
486880 374470
191834 251597
291440 128770
91278 299863
50974 495894
355334 405142
412573 340486
301022 482059
56892 468178
104103 437330
199029 244028
377728 492387
22748 130892
412846 111362
15154 453842
274443 25653
416817 373886
161840 183864
297773 271795
367232 147474
151134 478584
435865 23781
9167 436169
377859 334268
363366 199707
335956 180393
54433 492191
237155 481805
291966 214289
188902 217538
40943 448247
392438 84250
465451 353986
431984 260491
465356 335015
345381 461518
161737 279259
162842 203882
275960 259977
20220 211952
79568 276639
283310 115563
67508 334956
356971 359991
476562 45408
300584 444360
41796 94395
397695 475832
23034 362954
365824 369148
406304 446997
322632 364475
213975 380450
241497 259010
178700 87442
46696 101089
68523 197877
328737 363702
86553 306620
434407 320326
455340 224224
144834 370285
95944 475783
340763 290597
201920 452776
36090 287753
139783 1789
314424 94581
445748 65656
15787 267274
412421 407695
366545 103454
254551 472444
273162 463572
305397 138706
142072 283320
328021 204615
455810 253303
373550 8863
442404 115952
72782 387451
136958 39276
164143 88296
325351 241540
72121 161429
324207 360403
351267 334996