1670 343
233597 445344
84069 77988
268624 33927
382331 205522
427911 228545
82659 358004
162139 392325
196480 2822
6865 165073
59369 389132
272945 351463
470954 14065
34318 31996
446698 62450
286465 237655
375952 284782
307727 446089
84404 29209
489957 380131
131203 302026
107863 91027
115412 128984
100070 386342
1987 364835
307302 300156
117312 217643
479326 353142
94665 477067
452353 218966
431547 484849
126525 347022
478107 470427
257048 291271
325286 436884
112608 259684
263347 135027
352018 254338
273786 314636
398040 320385
152950 183995
241030 332472
438876 20619
215238 380100
372165 394308
305061 441664
88450 126158
448911 91750
468781 5557
368225 290177
208009 125028
34523 46378
186315 389441
279682 209637
224053 171683
242954 31456
364497 46041
367982 426306
138491 43086
156528 151276
184860 311062
79305 399960
159857 307927
301125 266967
276223 451282
341546 41329
137621 67421
453352 242349
455997 423868
418335 252939
67380 320975
416518 274067
196694 90671
193126 89152
61289 151517
343255 299284
357039 16944
214963 238776
239975 268664
420651 165886
328809 355391
125923 356432
440209 199787
373763 3026
11936 433988
288744 163346
214689 234831
217427 252352
290959 197932
451982 268286
397042 437404
352407 96033
111344 323309
257657 142356
346256 440798
280893 63768
93919 165019
136810 378872
6421 100924
58488 89049
422984 435162
107507 93420
266070 382427
447851 175514
344422 70294
302224 147193
281009 182825
336000 24546
11767 924
164091 18718
47854 313926
389773 177993
203162 4194
252792 278030
76012 424121
25533 499425
246750 55893
91395 433912
193400 14876
292896 33688
380738 412957
371631 217232
448001 395898
5757 55976
67132 408358
75396 153340
205549 325180
32559 264188
48343 121106
50811 76373
479545 18198
456106 438641
76357 478669
429109 359736
41621 49998
32205 61526
143201 465479
294314 279743
157975 137097
228133 460439
122002 321135
157624 74080
400418 32338
383043 431066
129965 16719
250868 286355
230751 491933
267030 84590
499720 184451
378378 495641
201827 29599
313045 498592
160932 444152
456945 224111
339799 200563
197414 106272
498938 295530
444476 317322
287140 246652
480687 421426
405446 298602
305335 357461
453413 261725
145917 354263
133824 13428
302854 91550
216339 285106
409596 6155
73758 464801
50903 118003
343115 176490
87580 233372
113644 416977
135310 240694
450066 243159
133006 255505
393150 3683
125894 295418
380233 106835
432141 404431
114696 429937
405648 267972
192732 171332
420403 463474
24299 396822
178604 211746
436036 251132
122831 273792
64685 413995
384671 340993
115692 452139
414081 155225
242863 1348
341627 34433
485693 479169
190455 446098
484824 483310
4644 336221
474728 426737
301448 201664
319411 213665
214613 284225
149354 263305
187252 491868
477258 112440
102973 432924
316203 230941
296465 40126
119944 239318
154312 420770
221214 453502
53986 376994
305649 356654
433044 186297
359708 140051
147260 83650
320827 311223
401466 282320
25799 242394
183103 70761
175018 367802
125567 499230
219230 213064
146699 152269
370902 26776
229041 113020
107979 122546
67701 471915
165793 263735
302924 219231
137296 135323
93965 141925
412406 192083
413962 358548
355940 194617
85530 171566
164177 97074
410677 481736
274828 71304
399709 221198
140098 468528
283523 81817
178336 243068
418351 93835
343477 483438
380725 335283
417237 391546
400013 417794
247202 188029
361771 484850
100768 359252
92118 346838
376811 101811
108111 235233
469643 255858
427814 399884
392342 430643
4766 350165
470670 67974
24461 361025
429251 276348
468457 285275
176482 61330
345188 64796
171601 73701
430471 135498
452254 34090
148445 380285
239065 262127
195841 450499
11076 471559
43840 149560
117074 97907
475025 240543
34295 279994
238288 218072
432946 86137
155613 136365
9965 354787
424464 374841
257912 11071
138156 163479
397192 20471
181251 35134
473252 181832
284591 417839
73926 125791
84113 313051
270860 455940
428251 266531
270240 290066
70692 366861
15459 418064
457370 69703
92353 185748
325364 167349
232153 10727
244830 228835
212900 176392
369889 468725
383282 7286
248656 470986
403334 166275
69551 372132
211578 104616
343449 228973
49790 416470
450473 400843
17551 470611
85167 232792
57802 42511
296130 356293
319356 330798
105801 16776
418859 160209
403387 172608
174032 208602
272622 85936
406491 229969
361532 348870
245140 371385
24861 321121
459170 473579
315917 104168
4365 325817
845 390427
436953 456100
78614 149802
279420 457053
494030 92314
12672 436661
106574 244215
317146 168654
340465 435443
150738 278556
375558 323817
326112 320840
29160 378185
204258 174032
108672 270295
84168 327156
455472 91569
496965 271912
380473 139814
2104 426660
244935 108485
241888 447387
45087 180330
61023 312742
448473 34101
474312 215703
152519 422639
406918 143713
386408 421342
105329 35594
147776 437602
397732 375832
82049 314646
170335 258074
49603 14790
236998 282037
120347 301635
448423 280474
115439 377052
50286 349421
310821 461699
421974 470951
284023 337797
428199 42192
201107 100322
93214 499623
424174 465114
212110 210288
390840 54356
96919 112658
207451 484695
144727 77666
422434 186663
236264 458188
328820 385959
437882 238172
362931 11211
323203 245477
233649 331120
360301 352491
188363 175864
389987 37546
325777 108697
257207 126311
175538 210220
409136 228002
313686 60389
370808 118341
107474 387013
374822 388730
407669 145201
131703 417127
106524 267133
399128 18545
114683 264289
222693 134449
40095 484691
216851 457093
351303 399115
210244 141432
176780 483115
377698 475711
373742 318649
461803 73840
247296 375329
365430 279400
417649 25350
49087 111263
346491 285426
423182 483308
230507 189776
56713 152861
287268 228791
119196 136560
195211 466674
59241 156729
405492 20998
382758 180742
215335 371149
294391 200200
79380 243969
414561 439375
155520 158358
311179 384259
283304 13580
242742 289222
139454 135343
343612 399226
6314 342538
171463 253355
192721 444026
422701 299055
480288 178597
45136 274636
115534 74336
447342 254016
268953 229400
172808 441714
236836 358671
351867 393282
51802 377467
271377 41279
21318 463123
162853 498201
184604 319773
144085 52195
240070 309147
492152 494674
240557 21153
442487 178559
495387 223316
261230 109000
403153 162775
57279 401190
308853 162498
254664 8297
446360 449986
423589 298348
60746 476081
49851 247446
482709 170498
481585 136058
47369 439958
217646 325467
46972 395874
432926 378212
379274 25412
195397 302149
393068 195667
237604 124346
372918 168789
359517 97447
256386 271097
300875 84220
346345 185287
415118 26986
410071 375429
169079 223753
219968 128993
301454 175982
450638 121968
192994 29109
199607 467426
95639 178232
430282 372985
373266 292495
234395 243602
382271 211155
416158 233469
341699 211820
409031 429431
255048 462191
252660 110250
314936 291544
110663 475638
127898 215467
106466 296725
394959 102331
220512 28069
213066 405190
270709 453915
352839 409937
16744 41344
210917 245566
242255 474784
378568 180397
398159 219248
418973 194399
277629 365445
311392 21292
365733 15094
463847 485
38888 655
155641 309025
287916 255136
404622 238050
187008 164584
217258 387166
326681 243468
90531 373769
325104 215825
230921 475650
17091 342137
244993 47787
374882 255731
43350 86591
142453 223273
148659 330258
218983 397252
368582 42199
142372 218031
155591 202304
121543 486233
252859 433541
20323 180736
18598 486943
406854 392223
300269 137717
344915 459069
192663 440827
262607 493122
179320 385136
27766 481954
145718 229206
208597 227520
147988 167871
57675 494505
314330 78790
199931 101503
65962 170532
240212 71822
446596 330352
433745 206934
72774 351159
92779 25865
304869 174906
452989 90586
358519 151899
348878 362019
443317 307912
206703 271441
262992 407206
145546 79243
155906 304466
231051 365345
92753 304780
326880 380361
234973 2863
292581 64058
144498 422572
112236 160105
166273 94533
141220 467033
179525 32621
439269 425998
373888 169517
343780 14236
54023 164066
352139 396936
485234 46013
18938 62728
12681 252306
2647 91252
419243 330451
484547 230666
8530 472951
97273 293233
312229 136898
103526 386107
447588 105129
86074 271497
474592 392483
205920 117685
260765 356257
364993 314890
183266 340934
183138 31514
993 241348
17643 395211
275466 88905
380434 227741
256868 86943
28419 172677
8345 194647
223141 274580
481060 51649
387054 299723
467581 123766
140912 349651
440612 265566
259634 318579
290496 333798
297083 490245
235893 188867
114918 190644
126692 399590
418673 233060
293626 38586
40858 467980
387006 105569
372963 115756
271039 311278
405234 312292
160410 426985
12987 104201
434212 353910
461314 269087
65177 338480
418668 266019
88866 117458
437613 1749
258247 264367
148203 151492
45694 327793
301302 39110
217687 263978
141832 145813
234383 100353
280104 385219
50631 484112
376757 7193
65237 465836
337618 110406
123877 488108
317941 336305
236491 442856
205035 278972
46914 364029
13217 41538
388748 73388
242064 37314
367796 239596
468 420087
23715 187744
390132 21328
342158 233731
148866 164408
383952 209591
173018 108486
320716 319380
334325 83595
349520 183878
215119 41304
142867 74520
439550 287617
482116 228474
356664 25968
491581 26172
251399 148325
305356 20677
69010 341809
115878 410578
182680 39339
134725 150064
286475 162743
33200 133856
103124 326916
334397 307657
63844 90267
452115 127332
417212 245452
377954 344536
398398 475146
297611 55168
477787 33279
75926 122077
308968 370764
3645 34303
448250 242251
492842 378573
105461 214796
327836 27012
458478 468459
472554 336317
260143 176347
46641 184005
353330 378891
84633 322774
148465 446180
61065 295720
149465 178865
190864 445257
50170 308886
15791 336455
405060 359572
2453 187064
186400 122492
125322 267736
289741 108659
209896 226562
427792 82256
122694 6224
419248 485774
435260 298709
395989 172071
294860 173393
169536 48937
109604 19786
155092 240921
492264 446299
276540 16488
210899 343501
24726 398910
470553 355158
433652 149984
74185 147185
180480 479275
421258 405554
80606 466010
221621 370790
150934 163297
443295 275391
128383 100004
268449 459105
304683 137265
357467 142627
274098 476951
8253 312399
112596 448835
406946 173133
234783 110757
467577 147077
155579 277413
444081 279427
149538 330610
343457 459418
108607 260342
282733 304561
155925 427651
276608 262081
329806 61259
87612 59907
456753 272401
409598 37908
307081 282586
324515 371917
114115 9342
24902 58978
486691 47742
337975 363049
19375 241914
157222 42791
411526 156025
97321 465924
28861 224588
483379 33844
182397 92171
214385 269576
330139 110295
162767 484320
429554 393197
246260 66236
219674 347579
113436 305066
440493 427811
68600 33501
418351 398785
31466 272532
313832 185242
292151 305885
24786 148242
148333 363679
425257 146206
132223 395404
5317 319821
416824 81783
216318 174993
299382 312450
40519 167139
184289 411206
300148 275746
390785 62030
165418 127605
76757 436278
208751 300526
69726 414294
261117 191511
175030 279606
277447 23489
58752 346885
464013 126449
12598 460144
12273 329354
380431 409259
425269 157349
13672 104784
191661 220847
476422 39639
102859 426333
416620 145306
321673 380172
439850 159229
199730 460708
204987 197935
227691 412722
455090 401971
457290 383710
88935 465740
2726 203318
293216 456010
442820 109713
299754 296371
201796 348749
464066 290636
454503 64573
99156 346811
497090 433481
408171 491650
19315 191162
347184 360126
457300 101432
220776 349334
231238 177739
485210 209034
206281 316551
120347 487887
423803 341193
81180 47223
226256 341872
357560 33104
80414 125951
399356 404791
397711 397386
430521 475174
1866 197327
134747 276682
59152 207774
58878 316112
20189 268717
84834 472440
172564 167179
252064 103558
11339 195281
184448 66528
52601 215164
404352 361460
402500 378071
465647 444801
287584 378339
118589 16557
229229 342346
489262 88108
112847 328405
477198 435102
325640 472320
44147 259814
339962 306653
439236 247221
323656 427516
406441 392693
36969 302317
153588 359932
33864 402229
120057 8231
109283 332089
220315 113445
413539 479593
343828 477011
383053 273114
417210 290882
392446 192261
466228 417749
7858 207400
150327 334173
444308 401505
321860 324799
187133 483765
348967 391513
114491 152662
336423 19643
156342 350818
405233 192296
157556 427177
421250 113161
458676 36277
43644 481414
356549 483075
383639 265949
457640 278296
37993 409249
416080 263683
89671 223906
375152 99171
340284 348478
474763 111524
119493 493960
347695 341477
54701 95826
199266 54585
96067 343900
405691 116603
129072 334200
391266 11713
16978 94293
49876 187532
7316 178148
319942 334767
404167 16316
204134 405752
86001 76411
305965 89578
273280 321089
74125 248489
379582 221606
426547 195679
310784 308282
494482 326768
26983 477250
437097 362721
205566 349557
363580 338912
42946 62414
232540 287662
480410 300673
40339 442920
243819 93092
357146 197905
436225 33874
399312 25185
214258 334872
427194 222691
289037 158343
264527 144050
205205 55827
384574 372058
75499 35401
158298 322052
77893 15786
82563 77610
166024 350864
77975 475930
358554 372049
42298 466862
28604 203087
386743 270157
343892 138863
210816 436360
312478 209127
83826 114813
34036 190846
19443 374644
241413 465001
21740 178838
104516 152562
285071 426545
406657 182578
467623 164866
97070 75722
69235 453123
409503 317917
185354 442028
353673 195012
392501 356116
75013 221343
251630 13503
234064 34877
158647 463000
207616 491005
67087 173256
166805 479807
3825 169274
394353 339807
73857 118873
240479 206563
67972 431220
480306 102974
438490 314828
231713 4739
55773 453413
494987 356252
278404 373797
305051 248509
259507 297060
490199 69149
48556 19771
171638 130477
120829 320932
427704 297984
306852 296340
156515 125521
158866 469317
12427 357630
126011 79424
256189 117066
150931 279507
302556 5781
125869 136728
251194 419542
270433 131794
478573 333031
22610 387596
270218 126027
433310 140470
20805 426808
478867 240599
78690 339838
280358 392701
219786 146686
33843 330743
472713 73284
473777 202472
490414 437014
135166 175828
221100 367430
477525 314480
373879 268021
327035 378320
121230 300454
432361 40404
166293 418608
410670 240415
470906 78831
342726 296409
377810 469477
179047 137901
185699 199507
181277 434430
214267 369438
438586 104145
7702 474997
208654 320927
354387 9126
116606 312769
342126 140453
104171 83702
112108 238391
114575 201317
253483 440140
180108 481115
330455 385945
273286 325741
213792 100929
123346 79642
335810 403479
10805 55780
333956 156239
171903 230117
40714 106653
76693 335633
311668 57029
490085 127805
496050 370447
100910 193815
464434 458277
306859 467819
230400 299126
394496 402434
497354 459876
224404 493390
262212 262203
3612 265888
12701 331029
109410 162253
370556 131383
214048 387735
467762 141541
98515 263440
49576 101747
11373 203049
39445 378318
20804 190374
341106 138473
67387 224832
121491 265081
288328 325562
421669 24691
233349 322051
263249 43516
485800 109201
178203 53643
384306 307337
169128 205486
10850 22518
299057 196971
492887 117775
129959 479423
80776 360733
327441 37959
278225 254508
398596 357166
414946 391831
490128 1655
332816 453844
36224 229413
169572 195727
90982 430307
266614 76099
467798 378910
499796 206754
464671 383914
360957 39707
126791 416554
118541 78694
118403 230351
310193 260540
150734 304485
298686 44905
427006 421291
363975 358504
185956 402679
21139 239001
435941 129391
236863 245773
366084 355124
63458 128176
37588 286131
163557 188788
296973 374592
390904 486613
30843 160426
475798 370295
409004 7333
323584 427707
226541 29618
198190 416426
60769 79178
278205 332961
223072 364201
495793 305124
341303 370463
475890 99459
151651 19105
218183 222996
68159 135548
206227 24913
3181 375865
458841 189862
469788 387915
224685 393085
142432 276587
198528 174923
359556 135030
23684 107217
441833 259400
39274 7399
110912 60948
107200 19198
138917 405730
361555 111013
326681 204009
270272 215209
464717 219980
32756 484874
321234 296843
285860 350773
134282 336961
363879 158622
26472 242880
367657 459512
472382 51878
72722 222448
305659 490139
460255 325967
229056 75326
331259 302456
427048 257291
36725 43172
305779 274386
105695 499770
398070 125234
3778 379358
84666 418052
70790 395649
15408 46918
450245 389284
231744 102636
241437 159405
285817 241979
77883 21280
212034 3280
495214 454447
439387 307037
289473 487304
210555 463420
304241 135063
217413 967
45461 96721
375198 28332
313082 184049
167245 63216
114221 87194
217492 241868
338590 306253
53059 276370
320719 20443
415351 119164
146708 139636
271916 39551
78231 167206
183463 96890
26563 348673
196070 253146
165281 367089
460934 242191
286763 443253
153127 50945
42160 307799
282775 435568
236155 364291
153984 80498
433151 327869
489987 363938
379504 157019
58378 235497
136234 453652
187943 91746
169983 445614
63033 201910
355871 497987
431855 339849
255778 1819
139536 101560
486807 88121
382860 363316
86879 269677
349699 248395
95105 37954
155804 459650
474532 257400
395376 119872
15221 499628
370691 200990
163952 126726
341877 169739
316155 99070
325701 255237
262333 258389
410591 314041
93236 337526
273887 187100
193057 320047
37299 185195
425499 112619
171136 239725
260099 254919
253834 308937
13215 265165
437561 341993
309747 159614
301083 35945
152980 401622
210220 451820
481794 262942
178374 10979
121298 391249
167638 296219
4685 160911
417156 134706
185182 307496
245061 82657
149848 279697
40669 121182
46411 150868
198919 448095
343336 243258
250331 255217
279475 267846
139329 100409
155336 143204
380646 438429
332644 33607
401834 410446
452987 412728
455753 316377
377731 187311
287184 35831
370378 299814
102227 24740
89714 401594
294769 158825
239905 496419
334355 339224
275780 8790
82897 73140
443364 71963
212210 32336
486678 446196
418387 479375
197384 204293
481143 278218
388652 113732
498901 418806
337279 206582
49914 91425
55464 492700
367244 251560
144943 404999
179083 104520
489238 325559
40488 441875
446433 119876
149017 111955
69770 259541
214034 145329
354852 209004
170278 215843
190680 264909
318786 388129
354688 383608
358382 474914
165386 325900
417220 219769
262120 259628
163490 276715
320709 269830
428899 231337
342988 251972
175196 162242
191896 402549
254038 429771
441285 210885
205703 48114
212590 367647
16418 169837
346995 283554
57367 423425
365536 14578
249341 301996
171802 226939
74723 437962
107029 213220
215670 252325
255303 417468
12722 484478
446822 94965
379404 115193
232500 136250
172121 226560
149566 45267
410884 292187
132176 359242
33892 360877
423614 230079
295851 444929
452249 201177
48936 406956
77851 376634
29605 157419
417657 310211
458149 132970
95840 213003
90675 253049
346946 312610
327245 103410
406266 409478
121202 388862
385218 160518
69906 185946
372869 432418
23923 208864
382357 498783
483078 343200
25484 163391
339572 288795
114237 292967
428109 177598
333670 332172
157980 158603
278109 241468
361670 146140
65432 26285
466469 125181
480862 180165
277108 63463
311502 493348
36761 11715
493184 268178
66672 286375
219227 210560
419528 97327
413328 399583
209060 250774
417321 387315
442685 89088
192830 406992
411408 123435
418242 118287
284259 97715
225208 357509
487670 251960
410036 432516
479027 436808
264251 347238
219378 24416
493635 265070
271669 349084
27974 357469
267667 464083
311503 156556
232129 76735
488910 334752
207309 85220
32543 122463
13195 441010
126400 335973
64495 79020
359057 284400
226768 441268
369758 484807
157105 263034
439052 408609
293898 80606
123238 218536
117261 175644
499964 215403
453427 123481
226635 226196
272133 159823
459859 139529
68617 171798
287799 490428
390748 183004
463705 157604
89822 6862
420184 42232
428894 488705
149865 392305
285877 238362
479108 497843
423953 56302
272916 204527
408076 408127
1801 122680
280269 216685
92809 439326
137098 86260
214916 203689
176226 6909
479076 150868
157564 443264
92865 90874
490661 141257
264073 360851
462651 273492
451677 2745
144732 164634
187596 215419
352258 106850
357455 404838
89162 411065
414771 26732
319641 320557
98729 327006
35917 13525
469722 94040
72781 321679
180968 410623
157488 379828
25760 257080
120630 196165
301340 86218
160913 272426
10475 92278
14029 124976
229941 49489
451256 220193
340607 484843
311599 299253
431436 283390
205010 328900
447457 161608
466182 489842
34865 296263
351929 398995
69476 33599
241257 27334
60047 490968
18271 9493
162439 352189
205715 309849
281409 213403
151447 11787
206782 175808
71410 177025
92951 7669
495809 10429
28651 189014
484697 400243
454911 383936
151074 471897
398521 497457
402564 471540
378262 23903
193580 95021
93492 308153
476288 199433
163799 267551
131938 169164
194695 462956
426624 210214
444226 14765
342383 136747
56282 492755
307674 346231
44742 110595
98555 129624
87791 68818
246097 242455
365006 52232
468174 436175
305777 322243
58958 168934
55206 81136
273629 78058
123772 334435
96470 343168
165726 254449
497030 332873
479636 161314
378387 159041
44262 79837
476434 191416
440388 114237
257577 66135
111360 480759
240593 75412
48283 248688
456300 454594
363676 303512
393667 171496
398653 461428
61216 312332
45883 474694
453001 296878
195030 369898
338660 158825
73594 348438
239936 256649
330127 347228
304722 52231
13410 271843
198828 32874
281884 143016
34347 115669
32294 423418
286873 109960
32959 474528
202037 269706
27160 147330
23457 120359
30582 58162
257312 362764
111831 498229
48863 131773
226983 264769
102713 90227
496788 475923
56015 36185
446539 428561
487146 172475
371024 97482
385794 10763
28530 404922
407493 3225
50343 451799
211200 149904
51356 128144
429067 165123
26186 362178
45164 439411
110239 184572
354893 21631
324271 483027
272172 220143
264520 364210
65725 268698
237289 391498
75746 112391
72399 209006
108381 335921
311419 57168
413018 179483
213685 85523
150960 468318
220735 210490
397885 223581
271616 48801
103028 476007
194440 244445
466858 430827
27674 237879
265358 401346
155443 389445
498720 431134
218696 122476
353595 188627
408533 396726
195577 490773
162887 360531
182743 468433
461322 490944
460889 24366
9720 452414
457948 444767
428206 162337
229668 25766
477204 434282
303090 416965
132727 366977
32326 107595
471629 296512
380769 197496
269064 406320
49952 115538
489024 13260
366561 442816
483546 442643
221865 389782
34078 192119
236133 437102
335836 239772
430310 117299
21206 461928
412690 19569
477823 430809
14912 180923
195495 424553
182528 86341
207308 159920
462554 356681
491411 109712
114948 261849
464515 82064
207682 72548
463709 62708
207294 20079
333367 364934
253765 293031
89641 77211
450579 309344
89593 158667
393728 239776
428503 420603
126313 11382
193488 85924
121967 319909
103126 247252
195779 253069
172494 221186
164983 203438
222243 405576
36526 468924
459895 404191
352523 493688
95508 381493
321590 482119