1566 203
247022 160687
453916 469350
404941 169776
149897 302372
238401 35596
161541 192251
423018 40128
335492 208126
161150 395077
283888 33835
320838 356826
246969 5809
170887 67234
205662 300596
230222 183426
437488 180493
61347 474714
113470 300507
70841 202099
311715 29717
245962 164499
224933 288912
79012 399675
294111 345328
482678 274704
388396 318803
244945 98804
22401 279644
383710 482818
427104 361636
445628 281407
392779 76418
298922 265
317967 72153
136396 32617
135889 190110
406286 115322
51432 177287
83601 211628
62772 405475
37003 299723
252815 388729
249854 302698
128091 436345
95866 156018
412788 80108
25102 195288
56597 222787
42673 246904
66140 336047
302369 444535
181615 418726
18835 312678
344785 242874
324766 249445
480941 224105
32276 76565
345400 56486
407431 168763
246337 66502
324678 119700
499458 445975
212870 232668
442550 341118
25315 184292
332688 290501
439830 233748
202688 54436
474759 354324
64927 203451
317435 133759
182546 68716
357607 255707
135506 348426
59155 352468
432395 133452
153584 407418
410203 35952
93489 86878
276724 341209
43947 429289
55651 434114
452378 133802
423337 439313
491266 433015
136913 218341
72397 492801
143993 414031
293649 345869
279902 243432
113374 109207
141565 23243
116923 194533
430098 451499
22089 121624
372769 276604
117518 283574
156099 104568
206468 23392
412966 397255
340091 222823
287156 201367
207444 493599
170830 450579
370173 107948
64936 495352
414955 231052
283456 382381
410155 247897
486222 202865
121178 211104
309999 71454
196108 189007
375105 296749
77072 61751
481688 215103
2497 491037
451440 295231
386490 216106
437632 420084
176699 250726
128612 280071
121544 330755
89315 269428
398245 399565
134344 371271
469336 443596
397514 208125
313642 217029
70024 167905
489603 38358
226621 358632
103713 235157
259305 356680
63338 14631
8425 142448
408406 184610
46979 155535
250566 161059
415868 453363
390006 401676
275196 81348
282740 161914
299050 354549
78495 298571
286941 315523
447516 372391
302355 349161
174522 34606
44152 468025
110418 216206
397526 322511
12486 438518
196428 103939
454070 303062
282613 62927
52320 180787
193895 157
186113 368419
436437 287987
97752 492784
341862 433907
270109 12928
303523 132056
209174 281787
98202 42741
442594 133826
236153 112508
183055 95144
263188 144987
116987 316764
171120 368709
77805 54380
251603 259522
216700 308020
495148 96632
445102 163730
71584 45327
184469 227519
307658 375231
129236 83402
405894 42725
25507 332869
409973 230124
484315 345313
239101 161838
348235 86310
410994 14462
405116 419834
25261 266131
371680 329589
158588 477917
91595 447335
388666 35927
363882 121747
342050 89945
346389 310180
273318 196379
88805 10582
472011 476448
433942 361225
153128 159417
480069 417069
203162 178978
196817 3901
396791 443411
182273 115146
97420 1300
177012 495290
465635 156219
99481 326229
158380 248762
233856 194070
429112 378207
235824 305278
44816 41528
243348 246707
164351 484570
107853 123273
342439 392464
267289 372427
208688 3251
129872 347091
317360 19648
129402 387743
273831 13816
84186 352961
230142 356544
24231 389445
25552 267979
159278 247509
105223 403872
337535 120110
148866 191469
351833 198065
336034 461635
315878 238404
277446 461148
80488 220792
386802 6023
440438 29374
307194 150041
494635 456831
224684 324955
101169 294386
123579 279747
14339 254693
187978 334840
212278 470202
251431 210769
369491 476308
362816 489681
8283 437482
40791 384443
8755 456982
197929 7801
326829 309929
139466 6009
77118 34836
149030 470980
488328 347937
258202 339077
397124 423861
301030 84959
377340 292169
120177 311735
421986 488188
34076 479210
196589 200240
112409 132609
138701 28081
111848 19573
359751 317505
148976 104426
195810 492811
448471 174245
142883 441027
440820 342910
118614 218194
80244 232062
363348 126553
398811 122651
74069 212774
113114 217597
5588 343647
287806 17807
19246 392010
285943 3844
255339 141342
358703 217364
122191 376206
41728 421814
77725 80810
66705 448802
173550 120542
463218 430095
112467 224932
490290 296077
348385 133532
332865 229118
68925 452467
33267 137718
37787 173747
271515 417065
235931 428300
348342 40354
105438 69056
75192 350217
433357 173324
244110 77787
188768 289639
259330 347318
61533 330398
171814 434477
441854 331978
114310 193236
340318 132301
48186 318059
449792 276986
337022 456009
372453 130638
191162 42296
110024 440241
166012 199735
227953 35393
174344 213619
294433 99717
236554 458569
476539 230308
82329 384343
144080 153788
102792 395796
225435 61087
71292 298203
55662 344724
495363 485721
103257 33288
402785 129350
265977 246381
405505 335443
407574 442247
322786 15216
301677 458102
281764 96582
350552 379643
71039 76610
321910 120394
337809 757
228979 482196
100344 102857
320000 212357
279194 344991
140360 197325
394748 80165
66325 248471
410653 62240
290102 403661
85724 59674
415078 113596
387569 431132
86324 95820
421450 456279
371923 33837
472303 379600
367115 338840
458333 317096
248264 441084
440942 137895
67623 361072
18734 445578
1380 467114
478932 305795
456831 465349
184949 267882
134237 63715
300155 72222
359503 241398
169015 45823
324511 373857
373181 333751
196124 4056
496543 273208
472545 127029
241115 351068
26969 37468
342820 32237
433767 152741
405040 435542
118783 286890
315828 211630
386218 29559
436045 209772
260808 125338
195927 409450
378783 242285
260937 398500
88404 175230
251665 236200
303137 174043
285202 474261
277692 180267
214284 369967
463981 112513
91739 103589
451206 23227
272570 423888
25856 467994
432480 143902
284446 69860
4419 102758
492765 126567
497511 331529
15338 92528
356982 168436
490985 294300
329786 316309
72516 249438
239405 150383
42205 237209
130176 113275
489594 211654
190796 223647
341166 321451
55966 80062
151401 338013
159795 10420
272263 76178
27149 56794
361813 409481
486499 496008
35040 111900
136471 438480
463208 256239
247706 356898
215284 221756
446197 316056
443843 430805
497256 42997
290985 488457
221440 54443
34742 451076
247442 122422
162008 18215
11549 148698
333807 50859
308851 171232
17011 97410
257376 319320
141318 241514
436519 349400
286389 187724
216447 481460
28354 147082
120384 123152
236652 76982
339090 304366
36698 154905
284781 93595
22230 242032
396173 69745
111166 225887
459092 63252
440647 449020
246386 63603
201257 254226
441725 158095
35735 206040
77016 25602
417722 258849
382124 8151
89849 462681
62875 249449
283639 84321
470101 300435
467892 113893
167012 437909
406025 418023
352695 170578
80297 350412
259326 223512
480274 270818
348155 88347
449067 496440
31486 452321
6578 252149
266797 24842
48692 101646
18966 184085
147274 135824
336771 309022
97619 181139
391827 191858
300251 217358
413830 108014
122673 418608
70898 389280
269751 237784
436458 303554
332239 159764
332003 236077
482578 377613
373434 492909
345965 420223
301986 276187
176400 175945
391157 343229
450771 234666
168818 214494
180835 245340
385788 250378
189066 241146
38228 228929
473098 364269
259383 480881
299101 108989
404818 214358
156622 26832
145826 179667
131339 420090
492011 22521
315642 231937
37894 38820
98451 66436
9794 257
19717 175943
109276 6250
326435 180301
446473 481661
2690 390673
142972 263393
210643 368887
353502 207537
249721 199543
269878 25838
213995 54244
384269 309982
26298 430810
361262 51656
403912 454138
362506 313995
29191 218213
337495 341920
178697 401221
391475 162351
69776 230376
317342 423167
435078 51156
493761 158487
55519 94089
59357 366832
119000 460734
220798 221622
52110 130962
169301 108242
143117 82630
27843 133843
494790 326615
291224 425219
128679 193829
12334 135016
348690 71978
99412 330614
15447 257069
25083 361336
455824 244653
483686 329254
35978 136141
31388 420758
290838 4914
462220 403089
63806 12320
455672 439216
459709 212817
138154 428764
336152 343553
53435 356800
316623 179221
437431 127441
429976 198042
36071 392943
221463 71273
244216 173272
472988 323064
113473 452420
143247 205483
351857 287073
422306 175105
303613 203499
145803 148633
428911 301560
3575 433358
444523 477399
88804 72442
456539 265096
364246 288180
416775 157892
438979 136152
453007 397238
467904 420428
185142 133352
91568 347788
44725 385038
109457 89350
420258 147489
346825 332807
208913 383432
277301 348420
454926 413924
191992 131630
309243 244647
95335 146498
291266 316908
245187 16471
287890 8039
228999 357981
72999 331082
322827 77729
401649 185255
29488 427467
184552 282002
94345 13566
354404 267386
124563 42361
34356 100781
438370 68585
214253 208385
29599 469039
499398 48706
106472 136582
21364 331985
112100 310173
499906 37853
37227 453176
303445 247757
219504 65868
234539 484474
410390 131745
154787 405224
280501 363431
120013 49741
162833 284425
254428 121110
48973 481012
442001 19221
239974 312399
269651 170146
491756 297455
413034 39404
279862 17602
375333 207703
417076 352671
443908 6666
151376 233636
121679 354321
83167 298984
180746 405502
182379 478684
321748 278200
377505 346405
353804 127920
7803 461857
29931 67624
499032 152592
451725 341891
327752 212719
449882 254882
206840 62500
96740 470606
371961 154295
462634 263262
324099 18518
121790 293667
2864 90937
56923 436690
230253 260289
312004 123855
138978 246710
311933 243827
296045 72903
303412 386425
331823 56691
484992 360966
19738 443340
465559 99806
231285 317984
245936 409243
209434 490413
401868 445520
281284 146521
174541 431373
115678 428673
178154 451989
199836 388337
312520 238790
353194 151265
404530 309112
454751 197168
192701 267834
214776 42644
361223 154260
195058 363570
114776 229254
416007 64363
86794 270879
162709 62784
224342 291972
120554 489571
313305 238774
99203 121462
487466 347015
212468 139577
207997 253191
182163 182483
386752 292236
400127 480639
43390 440228
358270 341439
29045 464979
440427 321713
354331 423198
402716 22618
186372 246265
55191 148427
423658 94985
374719 132291
78915 299714
465456 299303
423817 453102
116591 61114
92699 250945
478662 112550
324502 466763
388715 181205
243798 82286
341444 304969
183941 327193
161661 287936
419803 85478
257177 24097
449287 384184
335989 493904
172447 212341
93888 431833
104708 490196
492825 443593
411186 167433
276602 287547
344923 433149
412718 274402
414343 140852
428284 467166
354169 338920
69720 127871
348870 165452
404059 135549
409429 9007
204869 339100
498784 203406
472394 66238
445517 106249
311221 27509
151282 216703
152285 324979
48179 215273
443020 420384
391895 13761
380296 330099
363058 301823
305364 443357
94131 440546
494070 300640
267526 36595
282611 345258
439493 480592
410639 266968
376214 11328
392794 53712
128465 138770
463998 342390
269915 469453
381451 242376
240415 181896
4568 278941
171609 100777
19515 142308
289268 293171
262039 311416
26524 429087
316106 257638
481517 231804
111455 145146
82539 128305
429441 215966
73798 171560
291530 336832
403431 289625
151733 327096
69693 154029
239384 458838
491192 255276
107202 416063
290796 117419
177369 452272
355990 18439
314691 122482
344840 345311
136646 208093
31687 121785
161327 355506
110512 474166
75493 234483
138994 211915
44962 272808
170257 304899
38654 474129
70539 262341
256164 174015
187926 355579
388790 196550
345486 65958
29248 245673
416423 87461
423788 324277
46867 188177
380076 117478
112373 285247
44622 4190
185300 235483
314248 193118
466377 18580
49105 408699
138394 339517
470948 9920
209643 76001
268930 227568
218550 275712
296469 51058
315379 308899
193921 138076
163749 61076
416411 240535
277882 319036
454027 477468
415959 169547
101143 445350
148225 65575
80149 361356
390514 73627
296472 471077
174415 412395
143904 407569
20948 41267
235351 274654
106833 187499
391469 255475
321910 433652
82692 321856
483210 4739
27725 479815
96428 238851
237600 378785
127842 172034
192858 464146
174315 71828
306564 207652
144980 230960
426137 278817
223909 472537
33613 278110
7607 144109
118245 463040
166063 456590
287145 475653
249054 417162
442275 313072
439955 12653
214001 54719
115053 56591
258043 412138
344105 32528
38616 14553
23158 260601
409747 456754
469344 134621
141154 364002
357680 474078
145381 315036
491036 71192
167086 453246
294865 182844
196710 179994
243391 182989
206339 463053
62124 3435
128823 12839
214506 414585
53680 305774
318623 292372
305825 307168
122916 126984
74512 270867
286296 295849
242556 190212
8465 82526
403701 37117
89873 95489
450643 487728
84841 352677
455414 97952
57674 387900
410448 234170
120191 300661
65413 18346
62664 342364
395059 353255
487440 186615
410277 119080
120790 457431
351055 187141
445084 231552
118066 393925
372620 150181
398468 381762
368095 310951
11494 324629
132014 243958
126846 285920
90864 251993
277370 85655
312707 393243
306098 133057
439655 392734
109370 186333
386137 440209
99880 57017
126903 435756
282687 3538
42200 266125
37594 278306
206477 298888
463007 338905
353928 300160
201927 201252
112357 433106
195940 56288
227603 94074
440028 103628
461539 153777
195723 372320
2145 477585
106782 120611
267514 494913
214524 297942
385811 38196
433194 349449
31550 499809
142308 296934
13985 433441
443485 54021
188308 205488
52735 427973
295918 354407
47328 319315
253727 251564
116665 221857
391659 298177
145445 441717
156409 226080
278631 428369
473411 47399
71920 458795
121477 313697
101710 68547
78303 99072
188846 317829
166617 455711
447727 249163
84390 225566
255407 459854
79195 377099
301343 112110
332728 314209
78694 257962
455473 80526
473710 425505
99569 23656
340424 280140
121613 436591
475928 129746
282442 425627
79328 244440
61408 103962
60232 211687
379085 45730
26076 281355
86551 440588
493057 10224
150320 299581
249932 351850
440060 142185
164338 237174
338530 149993
351877 73658
418168 467726
5093 371998
283374 362870
317444 321939
343729 255578
43292 92090
171016 41911
280343 253099
258736 152635
169785 426206
213233 128861
420676 495492
218895 435668
425700 205057
474998 361130
446964 164857
216467 126257
269483 261097
68249 441844
318844 278909
195749 110589
187178 106199
484076 365342
429554 378600
182689 464314
272917 4205
429130 59144
412682 285548
240660 60073
237641 43003
431246 413068
348500 124736
111012 143503
497667 435371
90599 393539
470546 482937
496583 245335
484933 268400
40509 238160
11055 199407
146799 178007
138253 158489
177220 467391
266091 282557
284302 158640
405519 277838
284714 311882
429634 45307
74531 124397
448728 376180
355044 39345
254893 115159
416038 204495
285248 67709
207813 235094
201275 213120
2835 264450
281676 418530
223333 58109
40499 409677
95634 154450
492704 50631
302402 211695
372302 62135
16441 178290
234154 464107
348603 338113
220618 365796
184790 203668
259950 272454
168845 242095
2957 409019
97930 332203
265870 365436
266028 483346
419583 21607
111566 381696
150182 226923
97662 14499
377020 182807
467035 70203
458114 156564
443160 67226
167671 44827
77020 310009
359737 286574
492290 229465
172874 188780
59512 275066
128888 267066
5137 285139
403611 480581
219665 295364
236236 77883
34167 399314
75546 361951
242961 216954
171769 406917
70799 178543
253290 377140
468020 277592
471451 66562
111556 17869
475196 167237
375573 473605
258494 345081
492770 228806
352552 119365
126807 139391
356841 94562
420373 463378
341767 160634
83007 162851
38903 485271
347985 165082
372900 432452
306590 458198
269327 61258
358104 11885
300992 476543
141142 103822
173963 361103
343259 475900
323669 19370
495642 31543
328481 222400
107119 144726
461464 344664
419986 428165
67414 358261
451569 74549
257786 498460
307667 463770
494494 422746
419586 265210
352924 89710
294227 408405
396841 322299
24702 206800
9308 184639
82635 143354
162903 173839
425414 391872
370379 417878
343206 366114
432739 361935
327697 486032
398896 169719
108629 42265
469163 152944
436851 495696
229681 366544
300673 476257
256506 346825
77128 462500
461917 417574
172479 465554
78957 477282
404803 451980
313825 50581
196483 470433
202287 134776
270039 164956
348746 251016
77748 43013
376981 284947
406937 11922
107985 46854
41104 1257
454834 273494
495592 374851
280303 317825
325938 150839
293332 297084
346550 150349
147056 208729
174965 495719
173663 271915
126809 28534
81448 286316
60092 151372
250881 76228
370056 79597
2197 401918
219205 8886
285464 351085
381195 133715
400307 355725
456667 136286
158394 205467
110290 263070
391378 299318
320880 176175
257841 416220
15607 56814
9743 362879
63594 489589
440704 429469
194361 273384
146193 187279
86767 403379
296549 24403
480391 24552
33510 44598
37453 56337
379764 152264
477364 400274
428353 15455
489642 342219
6805 153889
226969 287205
162559 448975
20661 21940
73700 324595
265784 352687
240375 18712
220796 100677
114246 408569
60895 28181
153228 459
489065 453250
212904 333144
184387 275837
283614 407139
454573 69858
7168 138016
258571 495870
263193 261758
4304 436937
423955 497945
284828 261856
360699 430256
229473 197155
100700 285454
354039 308872
285679 389911
137210 119770
190354 366846
200009 437649
438526 37530
219544 387433
191165 212292
353279 391080
112519 8673
383303 97858
177003 75286
390588 49730
147351 131611
218162 317325
142951 64515
263139 426830
142201 298175
253136 233072
120188 423661
43264 38886
336479 75379
368759 175020
251134 165215
228438 155901
48286 281948
104414 36481
142172 94424
444093 73232
120843 42223
300325 152725
75168 413959
254700 15785
149299 384239
239691 156501
480124 315421
308436 156216
329150 498183
355652 8618
80976 470002
278353 182663
391815 349416
174365 113111
202040 323032
350363 418975
374962 289032
413284 78008
471834 325673
351418 11879
4524 263674
376367 132556
229653 438470
251899 427294
97982 158432
118448 393300
313014 486423
27775 474848
461001 255005
495568 497865
334584 125098
225821 146261
31443 408955
379055 194983
79914 276922
253616 108852
379148 167161
492529 199938
416058 230762
382203 436393
80119 313361
169786 6284
142110 165240
304640 426919
322029 98753
55634 448875
487030 364226
498303 28621
161071 400762
87814 90535
258161 273896
162092 430959
358848 457327
129098 68704
214062 393370
324608 72255
105523 170287
43736 114373
137053 207869
474124 167104
76659 267293
259038 109581
207295 127285
124407 93303
422675 268126
160090 447541
283130 248317
173748 157086
404269 97196
170734 455223
114602 285730
391880 10038
147361 58455
87548 405335
488494 7204
403722 428697
49805 4594
478088 254150
26087 499660
390167 158715
33747 498585
90925 64223
474645 3106
326646 307315
157473 496504
108596 305455
400970 141980
155271 384708
332663 127792
413325 156598
441211 83240
490457 363466
210579 60148
491300 299720
150629 174012
62289 460186
396082 38205
447618 466719
309936 264382
441535 325609
136035 26392
37441 20767
7552 285302
467099 226315
472032 379178
220220 387550
301937 378597
355251 342075
284177 384391
133630 467473
484877 463711
460031 481720
333133 215757
262545 403280
426679 18643
174664 431876
138022 452651
297898 78433
195148 400197
266727 57695
250623 201692
285423 460347
42593 103623
260388 301993
242098 47386
121833 301965
39437 174520
159884 226566
22557 181468
127487 396896
233997 234382
311915 255754
369935 341413
75324 131420
328479 209999
135784 363218
318457 370860
387983 389280
395498 280636
106235 318253
337067 255512
311064 264750
180655 368763
466804 363526
120702 385260
31721 83883
234326 434943
186432 310866
310739 342482
457012 336574
18061 382106
105540 369132
298287 58113
321368 345262
430243 226518
46993 168094
348518 39651
265597 293600
498870 100904
404816 218138
216703 103056
257996 335636
307774 86283
381203 118190
65347 101518
403162 169655
347995 298856
400602 76046
451058 80410
63542 68021
383104 41749
229749 452483
163418 177592
468628 371910
42312 55601
432233 79797
47445 151135
469699 446246
92400 249882
431949 458721
428241 127936
214677 453684
5982 278934
264183 441606
148215 161490
308730 189653
70267 85866
106351 353431
386570 37502
372830 346011
121168 407974
161916 364967
173677 191426
468177 143920
3569 221456
12940 128014
343711 187031
89805 298121
416785 77414
225995 330961
452284 480062
23676 314909
444317 480119
32747 357240
481433 375602
88703 291442
176831 308120
140773 487768
483662 416892
234982 152482
348201 238875
137285 4573
362783 367173
428618 99770
558 152331
357153 419526
272954 450293
242124 466296
239182 490458
371606 101654
242277 330011
173813 204904
232917 291072
312998 237526
424546 495550
434787 378083
140486 337804
165058 76718
179374 361751
62923 165292
258914 62307
267601 67186
373274 249323
369084 208143
319566 440266
148837 238103
7814 310376
99219 286323
159186 142022
469225 239036
48442 194579
341683 126390
26693 232439
61294 276636
175630 210665
116374 290575
185303 485764
399609 86377
445046 112484
484181 325920
187853 145561
87521 246876
241515 494040
263251 430735
390473 52525
151024 286101
275419 69149
85148 448285
154142 355429
211823 428854
481716 346975
480548 249723
460905 83773
177483 452592
71893 312126
231751 434742
228477 113949
2969 427493
340248 89204
412671 416763
300747 476433
240173 403948
128119 440637
121542 344212
157949 364858
117056 479605
453278 441769
33023 440797
193320 190846
28446 53339
160797 173090
284876 354745
458120 286189
354721 127407
404062 329224
314079 440317
497340 382593
328671 496897
102927 191950
32990 453440
314966 433559
425724 255441
187104 166166
85348 349620
148341 398630
59505 17070
27212 226625
374971 314375
342527 251852
16765 445219