1561 46
311735 413541
38428 35656
354535 489781
172161 224220
465140 175906
296168 94948
470488 337263
428240 136520
25882 212809
390160 133342
211744 99398
108206 311731
493497 287352
131563 458658
341521 332895
50694 136607
449578 242122
236022 337189
289512 73127
483537 245803
224676 6647
178092 87122
237618 424087
241911 17585
124159 15724
279014 337750
55921 6860
328020 339765
151356 456963
382578 264898
279691 437080
38107 118290
341193 315416
169501 381650
130061 384733
447584 125338
471250 484432
34787 12133
139234 112300
252921 327005
453475 310524
214322 206104
404174 31213
380157 150470
36626 287672
78186 89363
80901 230346
130234 393722
482853 215290
269249 114687
455526 325025
402898 489354
42140 146419
496559 17529
46271 394240
55232 88870
354816 282935
139011 496943
7152 40465
4226 358785
471466 193864
6516 249862
366455 497768
277022 199120
83102 345899
238303 250474
497555 398774
61057 234706
27405 132685
498302 476885
118174 125257
421464 462149
257301 323475
144497 465137
126222 24350
378957 231346
138137 424907
359006 346953
296141 403067
438417 269646
131913 228445
444052 145900
268198 355079
338152 258408
60917 16027
306397 441217
242035 203100
376094 404908
184840 113619
204681 434958
467415 103502
274418 419215
468689 163390
351484 38889
265115 369721
293630 474924
310219 407209
209835 445849
469430 473562
336543 297146
425418 416956
207610 400705
113255 21595
352334 23694
277859 216374
443912 16998
288642 80603
287076 274319
344286 91346
37857 23661
62196 468269
380660 495624
14347 446990
462157 247507
397676 376492
17832 172260
137481 71564
176182 132044
96118 415577
35624 63686
305699 394593
233481 403663
481948 356662
268009 259847
350685 128597
362730 398018
467191 363585
483209 379777
23526 268726
481249 242825
41464 172741
470700 294859
223950 102044
498240 159722
357490 270011
331127 426771
247658 203467
62231 128540
119078 108842
488048 173858
35317 308832
239749 482387
295970 212066
227981 374269
293119 7780
180331 32498
100885 260812
491051 494277
20849 171628
92247 85522
298112 344392
66299 2342
433351 248126
378982 174142
474195 37024
245914 480844
150051 483079
497168 157260
83274 333157
58546 163027
246108 48392
6647 49132
284712 447184
390590 382691
275990 341897
481088 354021
756 74112
168179 490022
483517 38125
433854 36060
11803 288893
240882 112920
387213 102097
187667 177871
196776 228032
132373 28052
16878 166545
472833 463716
9293 489711
485196 468046
92924 86431
377971 169230
201090 159524
407962 461919
188062 122724
491052 72690
476138 27704
385796 389747
251525 464171
265943 223007
334697 155731
5716 267799
85919 415298
224332 255777
470987 483406
162856 404803
6220 140478
413680 434502
104184 251738
302471 394512
289137 20213
6433 11274
309025 476703
222931 296875
466559 65882
421152 46182
186946 478010
400583 114938
214215 176472
133095 283450
87504 187843
491844 331463
214878 101466
416661 446265
174621 452353
152110 188852
427348 287619
379882 377795
5941 22811
154490 129849
28698 136781
465698 435248
270967 44477
469640 456380
478046 113870
410022 130178
30676 468149
206291 216200
64194 119797
223809 283862
156559 498094
301571 234562
9289 439167
160821 25419
14840 203293
136856 384926
175744 128342
7332 461644
354171 284354
236537 491465
295898 97620
419781 160573
92622 476720
452403 286717
89035 366874
402215 183493
298376 309916
277810 267541
20700 476581
9285 209599
69941 185874
130872 442716
250085 493533
112444 474574
35591 379454
107166 32865
324923 38482
257903 304085
347458 12913
83821 203289
205714 90836
322278 126047
375900 290459
396104 151088
355362 57962
50362 399210
288470 403735
139728 423208
471871 84308
185853 487835
75291 374829
3741 176483
448762 75733
192028 373015
307576 156743
54633 377928
307914 104771
102650 391745
39129 355727
492159 108872
293514 471465
291012 452299
40624 365265
292940 54602
105968 200922
59928 467358
448019 440971
472823 402373
186120 312292
124422 181550
385610 402704
2503 451202
494648 55337
380892 134469
434408 33884
377307 48356
449073 234391
81935 110524
331230 422727
80758 278518
188146 133277
351998 425545
190458 421821
449892 490582
267778 148379
395485 463114
5667 263030
200087 104174
475575 65200
329891 210937
239457 83875
122813 330922
16770 354413
320743 176898
108748 62957
379345 270098
294015 184426
465638 69303
451633 239018
168951 496695
366190 203486
423172 15645
70015 237771
12969 75434
481391 168490
268522 382910
461497 281713
288966 388986
221949 450450
15705 62831
46120 320248
351555 216309
145582 173647
25237 259228
209682 24577
427109 367169
350441 475873
189200 260207
190698 382459
48470 380871
380262 154866
264859 340976
483218 315319
299002 36624
317928 245267
346709 312220
256999 10006
263937 16091
1829 124747
43179 95282
128291 119951
86186 51514
458298 478080
389446 121918
482082 6066
152576 237467
12397 11938
9162 28240
24392 159788
312761 222445
176060 244423
171469 395886
206573 209751
163969 429012
21439 113507
21103 376685
372111 249825
236405 213834
453705 178888
201399 41035
397109 41409
217796 471951
3846 387535
193297 169518
339205 234290
10779 22988
254052 200965
298937 310595
143608 307907
269272 388408
408581 440459
368063 160859
239853 290452
229393 308913
258890 186912
398104 235981
336307 91732
29870 82628
412867 296942
263442 299653
44199 244909
19045 233540
140380 402445
307286 380194
311352 119839
304213 307046
238161 340968
17150 33620
326648 192737
82470 257684
96318 309912
228841 34752
409445 499118
449313 415147
145547 264294
402773 233012
385435 151741
465055 428950
336432 449439
252476 184715
405613 258186
249941 80525
168933 480555
346717 2071
243545 484534
93424 134358
329073 330238
67112 242771
396052 37013
96729 291155
356579 493361
121979 193835
127739 477396
193071 290652
198865 349546
22991 103660
408770 204749
365360 92991
32380 257379
432150 58933
136553 184242
311397 69028
355003 64545
283767 352751
82311 275666
5054 195262
284667 103203
320463 479403
91280 92006
37223 187847
329849 50732
42988 476780
316165 55219
457404 277169
187765 195866
413613 498079
17956 162419
83271 256239
467038 233986
243778 274916
472306 476661
48024 488589
181199 166013
382680 266404
267580 83816
444796 222535
370969 277900
398930 482019
91837 128423
7908 74038
390145 335020
165221 235263
318390 248467
284605 470996
269340 434197
53809 288594
294968 431053
405434 63433
242137 88248
149986 281335
223578 455607
352905 424479
37595 417796
366262 68315
214517 419900
247977 347039
158772 344931
294052 344275
385797 46438
262214 233829
360455 162873
168113 22606
244191 286035
491912 286947
390290 30067
184165 28166
83466 103328
288494 388476
18804 277327
50809 493391
237478 98212
147079 305465
451350 6
29494 182893
5901 85601
60574 7395
307617 53365
5784 300278
446582 49986
357220 105464
35653 54054
24291 423075
17651 285420
39558 400290
78797 189467
341197 98415
255461 165373
180832 491128
258389 467190
341191 265069
51484 325791
432515 446331
133377 50758
108614 407178
398768 268320
11093 152077
478620 54123
229062 15346
417762 180103
209935 180765
40720 59182
252642 273901
106960 383882
488469 169086
368411 26659
346781 223981
213359 336979
431634 157872
10442 304785
118611 164521
398400 474701
264094 279084
91830 244572
13743 414231
227653 373512
224810 310124
353875 430414
345431 132162
415417 494753
186490 370394
271315 436575
285413 314154
375817 196046
415566 151455
229426 316525
431349 25805
76051 80462
165017 75332
358751 491162
341602 162342
230812 66173
341300 115678
496774 455301
46822 271990
357134 219759
477384 64645
150877 328215
82343 177291
432346 226387
274996 117606
155328 59789
119964 1532
307116 310063
333203 196844
206933 59712
251992 196843
51723 306912
139076 151645
34070 455455
122242 31690
152620 80474
133271 214448
491455 278001
291894 104171
323878 89669
12881 58603
93267 390212
413210 141455
224874 286266
282035 444497
25888 34454
18246 476399
391439 421174
3867 337334
456482 5604
406323 275744
439227 237281
234261 220178
307526 413438
246384 464732
63463 399081
196829 250800
112157 466770
85140 79016
477028 42863
187460 259367
139216 473005
90130 254536
343233 173067
165620 215752
164237 91689
142725 48468
327196 207021
396636 65124
148725 230952
294633 64176
211906 474044
183855 232351
317146 54779
453649 16765
268286 412489
345935 431133
423005 169008
462027 20058
108734 424155
144711 220131
363116 328424
132142 326606
27831 112455
314306 355178
55559 405948
153330 204807
286316 495926
116606 253603
462579 134698
421785 70432
285178 9306
70749 16061
182735 322764
174497 110192
21866 105914
371979 356159
107588 360894
452216 384428
474380 22543
211299 254360
462658 405603
309045 128197
174714 48124
210190 66012
276743 249158
60721 103456
484376 90112
73474 462648
155187 401070
348344 449456
289621 464335
379707 286632
203340 238686
420119 379875
170352 316433
98601 386037
222254 79932
448228 279754
12060 137470
326356 321019
79706 320465
224613 286455
325613 325830
420655 127312
279426 143534
462586 53169
72477 482257
248473 151900
444633 363731
109218 452627
420434 423969
134804 460367
253265 184328
397913 61213
470189 382879
372755 460528
157988 166397
52172 345973
64214 82578
364152 148437
130704 49772
113404 70624
476512 65204
375132 264510
18711 68323
489575 3666
117251 100001
322056 178951
36847 101275
163409 434441
372212 193808
337283 140380
221493 440758
329338 207258
475705 106877
294678 221391
72430 32042
223653 101519
140931 151382
447453 130287
256623 75582
414846 220847
85286 13194
445671 369236
393783 442630
318420 452655
109332 263587
315528 160272
491806 73863
33781 274303
257581 190633
48984 300435
148261 150319
136106 171009
94943 365990
443205 478688
149573 147151
75572 497395
465097 169665
473468 98168
276212 405540
356732 343209
119872 271743
123816 220564
438021 274954
322667 33129
10044 143629
487531 86598
429935 423289
273380 55795
197148 41912
457293 43902
187397 475725
440150 324958
299417 391932
144765 269480
312437 289867
445122 197087
206368 7183
54507 85475
317813 38274
136994 394022
424049 219274
36303 57232
79704 467428
478597 474499
139239 143584
4797 437690
43701 439782
114851 420804
56520 377687
356681 148296
99273 478959
204343 115655
485616 60436
10559 117548
431705 162392
351910 161514
189820 362701
32470 488818
238340 66436
459173 67195
95949 226690
323841 252833
456418 483669
307128 435170
174943 404943
350543 361328
218833 96618
111077 291554
42487 450185
130848 324353
106668 137727
228791 45429
468121 142594
350513 12629
334959 355638
400323 58121
82966 101208
405870 117812
412855 160033
303594 439580
277795 166563
46140 19617
11171 85561
286163 425705
31877 398825
475624 221478
32460 338373
437218 348166
338859 461233
141912 193914
113627 39476
392395 190615
367106 33402
156482 213961
93359 302587
420171 157556
70982 407347
380823 349041
117831 259336
93636 94967
490365 328329
135794 307896
117870 200092
87846 110296
52878 205141
186146 238908
409673 197600
4097 75060
115970 373151
325188 122195
317708 309802
320470 155122
389865 3468
197101 118029
382261 303063
252988 294023
261426 493790
49689 429190
280494 212726
129162 2933
401527 99120
79892 121726
477736 52337
62795 90599
41715 457619
291070 228996
18859 408282
233793 258420
153709 400506
349187 447984
316604 184867
267788 259051
248442 327578
375442 240767
75894 492186
306580 478340
184697 147728
275447 276227
398598 202328
30434 102664
158039 262088
209754 414314
332482 480460
158620 329318
195005 20173
302941 324801
257802 81698
38474 395420
440291 328474
378698 467027
488494 173298
224984 456997
851 9857
417720 383135
298953 146492
154908 314401
265787 212988
366812 156630
428440 115643
187168 272035
125166 274246
66705 454755
296311 215482
114581 6271
178022 216060
276869 296101
428402 425140
328969 480067
421223 253352
414694 3383
259765 370850
349505 214112
399591 237152
165686 112033
255845 298102
122301 303267
219048 219064
124029 242441
202374 141308
250958 125331
121669 171165
448088 69693
71135 293217
257834 151399
141864 1344
97886 400815
261613 366271
28618 33481
477503 151056
398039 78489
452957 289311
343091 116747
155173 365962
43558 130994
260214 127107
83090 243155
404813 48108
343353 265905
386184 266376
196294 10022
100901 199210
473553 361969
469618 45094
255694 371220
337323 350984
302197 248166
360060 43938
146568 295770
13011 96807
48748 103025
71164 162569
164883 187657
60671 58861
211541 353056
161992 432805
258078 317248
105183 210579
454867 438558
53016 492505
498809 253670
399961 165230
223444 429112
370731 325511
474522 235882
236045 232855
78681 171657
70134 302810
129500 82263
51927 343693
34937 164115
295595 205053
238443 442414
371684 154727
78130 18782
272604 152946
355996 358995
15617 164896
423315 265033
136108 195304
485733 128067
477715 34350
431854 266064
10057 227844
270421 213667
377719 332182
165486 406102
345539 452598
195348 91409
197021 341476
216020 292196
401479 364559
450658 327070
51361 181927
447537 465818
139042 24355
380736 496743
391444 99142
262978 7512
62298 309532
148186 198251
44802 201083
238367 310109
485422 324353
58667 225800
31415 195093
443101 23636
309336 126267
182652 315329
347043 207518
120833 368597
58286 378491
20995 118148
125229 446129
354514 415519
287220 400059
299466 366815
11715 315060
277009 202982
115554 6788
249076 197706
135599 119111
496448 88399
271834 140376
10510 233578
249003 125924
486157 35225
258430 276180
396923 165989
59734 376784
446619 452359
440907 152615
343718 308108
21992 405435
355813 387416
206278 438620
226472 265784
335687 33475
352536 281186
52535 131160
108321 158156
404601 352334
42905 446054
477599 423355
234012 439557
52009 166781
15351 427690
454599 386916
225925 21394
455036 477858
447424 206529
427411 348270
437636 339773
30882 176860
106030 386721
191714 216627
458855 293465
20046 29847
490316 227334
148156 165652
174349 416890
196805 157534
358488 249821
122761 444140
155008 115671
234635 403377
480606 351377
31329 228962
31482 15499
386737 211012
184182 181845
454734 488599
323755 354647
320138 297453
211171 19077
253259 74512
82513 91370
238400 58210
43395 194536
263932 361700
296232 177582
359946 249561
262257 73109
391799 363375
24183 27044
138433 285624
102734 182288
198882 87790
242110 22933
31204 71699
204007 363080
436620 248209
172551 370006
443640 214712
485417 320261
173054 182909
421524 219021
389665 5577
276329 134466
57301 161757
121259 102261
394945 378509
287547 419771
285239 69496
224985 31691
152765 49796
382924 400859
438826 293117
288080 358389
68120 27120
258382 443965
379995 83328
102965 446675
330592 72672
376839 183011
400635 189684
305023 98404
241094 73457
107326 364356
447184 444806
199489 195996
380060 354465
344432 456925
95767 64816
234973 41182
434170 164895
365848 45020
445520 84502
147813 340456
54790 348870
494324 464114
195572 171365
491261 140733
37910 23870
202360 335479
170643 375705
459523 201831
364966 169521
50878 245187
431453 29974
169038 405952
66207 206672
233361 281970
301876 80379
339226 398234
98820 274330
10118 63279
20139 370560
74635 335344
339504 25364
404056 288615
189650 124632
466177 488718
415057 125135
267235 482250
408422 356845
378717 117001
248143 227986
205702 260492
424739 454407
21549 216843
244611 96451
95903 451517
78271 139403
89182 329065
480170 364709
39232 242785
195947 492237
277097 181073
497845 54526
63000 492497
221075 451749
39667 281763
41657 70031
312851 444650
483053 305625
3441 360434
128740 114819
13869 80118
155182 285989
218261 476907
461440 125802
139945 104964
365361 132830
332842 275565
68658 390226
435426 342213
94167 278839
106548 332749
374553 145776
5351 488710
262555 23979
98750 420619
320758 415765
457100 403140
485094 16735
103086 409715
397804 99029
188168 163723
27172 140569
451359 356044
232699 199385
292742 301647
91043 354826
156514 194673
40507 320377
398244 285742
22381 205875
451339 363578
287130 434015
235561 137582
497393 84637
435932 435384
121528 198787
430955 131295
348498 61344
230839 133358
13923 459991
15408 201159
243618 85774
495970 398154
307498 345976
469061 50626
495313 54015
356651 90851
260805 471762
315758 451792
290770 231154
277337 251492
141660 184410
386331 166978
136281 466262
32861 320994
413691 329282
351574 129154
438350 274983
149571 409803
52927 164313
364215 20555
240238 340786
305645 343248
312785 481607
26937 62610
200968 22875
107247 448814
422364 315937
146721 49169
216427 326679
328562 321470
184988 236538
316084 271479
257499 341863
291176 293848
299529 368047
412123 51483
213859 496691
59274 308240
180280 89568
150619 115708
76713 182856
344625 411407
205594 89393
162490 359945
202590 37685
314224 374671
426024 23977
258584 277064
467659 407644
61418 229527
394665 403237
109474 357699
111586 132792
407612 82237
312114 153222
91922 399645
421349 482760
424349 266657
163391 406281
121320 138758
475409 453268
278425 278943
199991 131313
296929 117823
54935 223644
422410 432826
488593 402282
284187 104555
443503 20826
26008 307010
81028 141994
30833 414471
290617 192796
274632 352221
117817 188838
163921 288851
72291 109782
67532 170679
79942 471002
49314 190075
467998 272003
125273 228111
317693 365801
2620 302419
10915 432561
53164 362613
387892 168160
462680 262119
365801 114300
135936 336550
441054 493495
211191 194175
51722 276909
156213 478674
425832 433167
417804 282360
114860 175818
131972 196258
117347 484495
404990 82999
164695 191183
262983 391495
265834 210626
290632 139605
488656 171430
1266 430426
324352 298502
331602 144900
414896 351738
219510 291728
85521 120143
124738 233704
224496 159416
456364 355823
377437 211928
132660 100026
481436 21399
325485 163633
46463 318413
344941 303187
280679 284012
233702 412973
264741 55890
359990 202500
171885 459088
167810 23702
450047 6296
299365 167676
399951 299998
472471 9074
90250 429508
303896 338730
275895 44838
135087 192431
131083 305199
352969 345348
422352 328950
135872 488791
25921 161402
47402 106960
260728 196806
37529 421198
206277 273983
378184 395031
13142 424772
71228 254323
294416 465849
409550 349572
253103 31716
37873 256437
451974 326699
271130 477743
313274 104026
248162 51776
63875 142430
309834 39661
67497 493266
316230 457237
331169 277877
79223 232903
487284 207341
37612 247324
416574 414021
184341 91870
192379 34805
317813 165019
245444 202519
218659 317501
107940 23321
261435 98883
69299 475394
437215 121875
310573 414004
87158 179733
200995 246794
262584 341713
70838 446348
482505 161226
257389 38488
222152 259027
100417 293507
12108 252500
468 130006
426292 340790
457563 428926
308939 169189
321854 292165
163501 416864
31342 293211
305358 454160
315007 40263
210454 485317
366730 227305
337987 388339
285078 29041
338764 111388
31954 232987
67714 47659
72581 232991
488635 42106
181608 9462
252459 166882
366455 463946
218014 456612
339832 450721
262968 62755
358815 49165
429162 252314
422008 471647
416411 333908
12388 140391
481341 309877
224697 440756
333463 117623
195475 490140
28116 67513
158784 20545
161714 449105
104487 250311
468550 402566
226960 37967
128710 228784
95157 108461
350886 297796
221321 383036
78946 273854
251254 199011
158117 122830
246302 17042
213471 166946
33674 139250
239938 447871
80229 67910
187926 178964
108246 262278
129745 277827
456443 438637
296987 25287
102751 300961
20341 244983
377796 57453
376278 489871
320092 497184
48098 249571
302047 169668
264266 89642
100751 71260
253013 48746
76781 202691
393460 101696
391144 125305
59221 466055
173906 386933
270006 105095
6296 119565
263418 325385
342775 71693
386241 440033
225430 34449
369228 210776
186416 470338
199008 265929
135787 48479
4161 388884
54356 149010
79730 467192
413870 127808
459554 317061
111481 378093
129539 369684
386358 265581
409986 165369
319958 211003
354815 268141
324379 429969
154056 237295
193945 208617
235574 246168
381952 266795
174720 481879
78795 175472
265863 408550
137335 222163
265369 317926
17620 28293
210547 247083
375130 400420
12341 422390
232359 452122
313909 386746
423780 475006
344634 492662
977 186680
296934 40788
136722 339834
172818 320368
3514 479689
32444 317778
259535 337985
476297 406561
188293 116619
305829 316783
132606 117543
446004 115561
175035 308958
300819 270487
369496 136205
384250 472391
445734 57903
161637 100049
126958 247957
324979 1132
228675 326117
412355 98035
492404 425129
258293 279074
212368 188863
370486 267514
471247 278201
315604 99347
15602 34253
267592 403568
363341 150960
258976 363800
284999 480985
145636 263527
207309 141415
404281 344463
198269 263169
309439 443379
354200 97994
33813 128434
194140 172888
331615 39570
146356 207079
387076 143743
74836 156392
45327 293638
365875 122617
48475 87803
214010 333129
140147 132107
112195 429537
132641 445111
21161 78970
385940 340976
301991 245636
426449 206301
78714 470236
217932 58018
497574 281121
357397 308110
192058 283114
341385 432507
351602 3150
15773 118693
154001 359430
337142 53815
123562 497281
166429 5531
303664 233429
459775 157211
124901 199190
340390 402590
413822 335461
485354 167394
235747 167287
394891 312366
498377 98188
179789 68409
335799 74982
423169 488224
114032 250375
468629 35010
397155 467082
355872 371575
171739 497644
303364 287898
380453 157625
13747 208056
306015 405841
92666 233326
43565 322732
167055 106544
431549 466549