1635 1603
98052 221027
396277 497357
198416 338432
51087 494834
384737 347512
427707 397912
403920 410239
430059 462640
260407 225101
487538 161817
287771 447567
109322 34721
18323 1055
198233 403058
46929 19820
283024 344456
200294 413576
261015 199873
480437 131107
32994 205281
463172 299414
15654 452622
471638 472908
423878 433954
247855 225359
279180 493814
72746 39206
328314 421243
426684 287633
116021 100961
418867 42858
364985 367430
321706 204976
36970 244509
467854 140272
75472 247436
481121 151769
325445 327731
345625 214353
271375 283331
277744 323509
73809 378886
250804 6266
271662 220235
287132 395581
440584 80780
446243 138340
196052 118808
487018 339300
220282 405963
115979 412855
494902 402088
445495 109383
302129 404938
276019 43052
315730 59387
403519 106139
302911 143238
358958 58429
411114 303728
291423 349410
245740 378418
240554 30550
331459 323491
129009 346263
457291 445595
495149 459650
9511 328854
469343 275178
247843 343274
51176 459554
439719 119242
410115 144446
331069 144151
424327 477730
49548 176642
495569 107659
330078 397872
325546 146040
133320 15033
381239 313872
439598 437445
428271 30057
73674 304585
437220 475532
43140 162850
154133 235653
381970 54683
169831 332433
86080 417703
342009 358058
23258 162619
75646 201111
258223 410448
397379 474297
256134 124072
253983 182128
109115 39001
414964 114771
162774 362132
163574 207653
398624 55354
68543 100645
261322 214533
149916 251297
393728 393342
9628 352704
447391 172412
327905 401193
22972 223362
160535 307373
487767 469463
119891 40995
233499 231197
51209 151908
125758 118851
206817 70172
431145 165302
214688 67132
55426 170460
451497 497737
369311 190568
377914 400926
497249 124706
371041 138994
391798 334613
254675 286810
357127 430200
287269 475716
211023 444689
390581 344824
174135 265095
78380 465176
3878 289518
303362 348353
402718 339066
92356 367862
278241 336089
28066 85699
208804 69689
2284 455559
143709 350463
374707 326621
495234 208831
326172 10103
231321 134292
280387 4866
41854 297625
450898 193935
334206 88546
9908 419860
47939 294319
151561 404881
270085 342551
170951 362105
252607 412868
118885 152809
498694 129593
432185 329756
217816 445139
351280 284364
319748 156850
349410 411460
447057 132354
196399 210390
72411 263637
281182 366025
29005 312152
127317 118152
345234 224010
248598 263745
139007 98253
251071 102061
402543 104103
415015 159734
311849 14296
481785 476643
388107 67068
485011 21497
415291 342438
218706 195477
333537 308451
278116 263360
341719 326510
93627 493481
159749 179285
316367 275393
157650 327774
232212 382543
391702 495086
143687 469921
120896 254070
361021 137113
46935 5547
206543 228972
11975 67854
469082 17379
1618 354231
393269 146060
303346 217557
387832 238193
72586 363026
425947 41994
58133 52989
477541 39065
479920 171759
444254 357062
358027 12456
349486 214019
83530 66484
315929 294519
443555 212126
413462 270527
195404 291233
274969 169601
155000 404123
308193 275988
141441 111158
349800 427751
437824 214465
127511 248638
238483 461977
71899 464144
163679 249310
376020 147122
327170 132469
308583 441080
415925 364826
484253 472456
87895 493613
153012 192921
19637 175804
293924 21385
235819 359337
151489 289529
60575 499834
456936 279553
269291 422333
395221 164121
98301 295839
256620 8454
294117 210988
388730 330106
292541 227449
298612 193217
327917 174452
497517 450880
202570 108167
464044 359692
20182 215261
428115 246728
239795 31970
195816 82451
433961 481058
406664 300954
329794 234339
431204 303957
219677 416451
387706 497622
140807 295300
154029 244400
424447 420938
87816 45924
457721 147704
495712 246145
393962 41915
336439 357521
85364 163991
423474 61221
441939 224751
160370 198573
115856 336363
18281 162752
289368 452679
379820 383934
54994 486173
343106 395454
139303 353066
197565 270604
75399 361217
155894 342115
480159 275766
98901 349951
50629 119333
228663 146900
426456 166381
294967 371776
237866 434532
220311 446979
337995 418269
195386 473488
15630 242415
218495 301600
300928 176894
415595 99767
275714 265794
385440 457757
220035 119999
101781 482229
212362 4120
262259 165606
123063 130327
433511 185866
364972 60424
175566 162600
375096 166825
14519 454383
57670 22335
190726 48560
427118 402525
277536 84861
366741 305851
297981 238373
104191 491758
201234 426090
225029 494115
8900 288830
253886 247404
289002 306882
259263 129879
394066 257062
32405 439633
210424 498417
302897 408298
412808 375173
137801 410089
113261 112317
315285 471660
433789 373370
318732 383103
333102 16644
173656 448825
357831 172617
201703 283255
67146 159565
132317 350602
491926 257087
454153 112829
213493 138032
340670 312657
827 450742
287082 155445
73444 385270
139898 117160
485824 396516
466701 285441
267188 416281
95225 499398
104616 285693
255976 109272
249619 448554
429166 67622
255891 104336
493048 268987
461612 356094
186967 30679
49601 359119
166311 144652
484214 369100
139922 151998
272279 4377
139306 38563
14410 263488
487206 327804
38984 330528
285243 295597
360648 142709
291486 111478
444983 72152
197584 203693
23884 402683
214479 188375
209114 348237
106469 347447
60173 230692
266086 213258
115105 203090
42397 336707
243590 183198
159156 307402
87747 215455
74535 474829
316467 404487
218969 386035
354264 184706
99961 68076
109867 103777
311548 384276
22382 203539
72000 288306
27586 182944
126203 25134
200847 211847
482748 134804
456471 102284
308173 301283
312322 464644
188143 331444
430589 272661
152078 63757
231906 404424
66416 437695
441519 85212
426874 452918
430742 180584
190561 137588
211307 159741
353574 427702
404639 478443
145362 408962
84047 320728
403848 465884
400227 60663
267609 112446
361793 108943
155542 337918
335861 141411
311178 424035
107367 218175
466476 74759
309809 485321
295101 212372
488501 476259
236348 485573
265953 171205
87208 111405
202354 407456
481171 59468
455381 465605
495501 56566
91444 235280
273202 55201
270130 62541
64558 432200
467718 50609
281419 461175
349695 75853
221362 384368
76552 441623
443607 168946
402742 84638
6118 497664
467948 341756
452219 176583
469452 243309
138868 100081
121598 467311
14184 409945
461049 332585
303 422361
261190 246056
311011 180473
75757 300599
111541 159811
93670 88160
149121 79758
404366 40852
326002 414115
265937 305149
383757 130309
195190 72786
418444 386160
427648 40817
182812 229325
361961 269116
242756 327659
241732 220792
427269 346112
90702 346043
38156 278731
446978 240820
230907 477212
63505 184807
125146 65284
393374 401894
110068 490941
339586 74603
334900 344669
336922 373902
178914 349045
396787 202272
257825 428770
447557 121684
381330 51841
490014 265022
245254 39861
448032 280175
75652 102886
420884 3229
29116 91509
425925 181162
150777 118439
229248 262655
407917 198387
97404 30879
128440 173216
273907 412411
181893 193440
125671 455910
316449 185149
304075 99867
234312 328489
276876 265882
499326 228163
492746 250951
303308 389084
333839 245399
86444 246270
412611 481026
332084 206561
459318 232459
250003 175421
409166 170032
427724 332476
334123 112668
29640 125882
45414 215744
295772 355181
381327 370287
147865 270658
394046 12049
332980 142178
109889 371233
471808 147508
351330 473709
333964 456634
234185 293390
449450 21826
48427 388167
56130 323195
436239 73060
20746 475132
358915 413753
205756 467860
462934 76553
224958 148532
263657 219998
471110 8714
312105 205186
402376 494286
181068 30125
56773 351581
466521 318439
311422 278111
276705 3125
337506 326030
488815 6287
440167 485120
254247 5022
360896 2117
240445 48181
418986 217563
217497 448439
386052 130275
446579 305960
193039 412691
354877 326216
12537 84634
378451 274742
251239 232896
283464 359056
450735 45853
200837 352448
105064 481596
343947 210150
215748 96438
212464 3574
451133 223168
413467 448768
338565 92556
160119 113148
444144 108229
476557 351573
333516 140197
200008 17292
463336 358538
224471 419166
288937 301828
394354 43121
335224 26898
348750 260365
87282 267052
464943 139797
376723 80045
212495 274442
466175 333232
157074 110685
56702 95919
368739 159600
283222 306160
388575 72628
167894 388965
8955 394958
88700 289447
226837 145557
234007 471819
328528 383352
476131 37075
398300 82880
377372 258692
30804 328940
190595 46044
291234 216988
480421 24884
80784 126996
477744 349095
194894 383897
82093 464864
464488 203545
275220 369291
77031 125400
228418 386405
87249 355733
488951 99766
317057 109914
234062 157792
75845 6875
276641 356770
151888 233973
149041 302096
428761 2101
69842 200254
300940 483238
325933 220375
218162 215786
339009 316715
121671 273507
394476 393458
209 157056
151640 319480
329640 238704
310256 262741
153031 303199
328449 313162
281900 305822
477564 489940
449072 76356
102946 281078
254781 363797
94883 180610
319319 116950
448830 134574
476933 400732
118922 3545
181809 416395
416369 49288
495771 258607
58173 74606
485169 47813
56672 13163
288676 338192
401047 493604
456983 179558
313476 30200
22167 240940
176403 452202
476012 237810
284885 409360
253732 296284
446979 324814
282761 274950
318421 245094
391220 70279
176358 443412
442518 60717
178263 251702
456627 124967
344225 428143
32721 337471
287005 479221
495900 195899
21764 164083
222596 31235
122685 410929
79255 485223
52230 256065
481433 233378
43092 124566
58232 154945
418095 393234
62016 413917
56756 488200
190765 49574
373090 323665
15460 96117
307042 164145
356424 258487
398074 10091
263279 56408
91712 290645
447917 261380
392301 119902
400721 447994
357416 63200
256599 447159
490648 203378
219736 354087
133876 40282
435557 70136
92355 231219
107624 297508
271358 154733
198950 189493
429992 94560
224848 370042
368298 156262
435654 60268
316405 353330
436638 396215
136948 41692
349629 283037
230012 475777
75673 177647
234290 118499
152268 423550
81313 144156
496773 227061
208372 293691
448732 203739
170613 148577
426019 454641
13513 397083
313801 380580
315237 146025
444324 104324
96015 95850
252265 176060
481273 420328
403654 96264
377794 387131
48873 24942
142907 174998
271093 199905
323535 90903
157806 394703
241619 286986
431310 19593
472091 404975
406617 160572
142614 143586
332843 133666
134405 376104
302962 306590
81081 466763
21262 18939
98727 155573
54470 331615
236828 480267
117072 285565
480568 424843
267067 302474
57165 292381
313796 140730
146559 44701
205360 84356
110297 226178
52576 70937
419470 469081
95446 153889
100639 394689
429437 373251
307747 219022
70477 405369
236932 58385
373865 469189
186674 93538
482131 57452
62646 188890
20621 183343
478863 190213
294896 184258
163498 261163
59151 156781
425431 124915
372436 62545
132032 75954
387153 484840
46788 174429
248185 352138
57682 494552
444463 407397
201199 123390
115091 468774
431350 449070
309496 50101
107005 379347
437927 260171
265738 127911
321097 486019
292078 299139
46311 256082
405805 368704
291066 90318
241967 291328
83143 478531
395201 296128
70742 132439
499494 292793
166265 394762
271429 120275
273457 378812
350039 330371
433810 355950
94219 169690
472045 211972
168449 498792
458561 259295
229803 356415
40625 224338
286921 221563
397023 8755
164152 419298
104518 388885
119818 171406
10878 118041
331027 165487
488218 333896
195772 97351
315205 254760
431839 207497
32996 154795
103883 66010
199064 472085
442453 57593
227910 403675
397869 11502
91174 22623
410979 123374
15354 499060
153354 378356
44276 369710
384351 140729
360502 65621
249150 272678
293335 101819
7351 49286
206597 302192
179237 123694
155480 462764
28307 116722
50346 85836
318896 133224
474795 52943
240283 255685
20727 452069
449896 224888
36735 15235
377740 269066
288640 338497
126198 332045
147140 233934
78318 393545
344803 137113
167391 164323
446073 256639
368860 35034
92459 263407
430257 456962
496798 481664
80976 495347
115833 220536
292163 137353
238209 460829
484014 432951
226296 361558
399129 492331
109805 324644
453846 446463
205988 41900
478107 93877
403906 427041
135097 170503
392809 298309
35952 367826
265840 400479
456256 200899
271036 298824
194718 67968
351327 370337
468483 280411
135894 309823
461367 285077
363597 459937
140864 241160
392934 412263
149136 89690
53065 321903
347051 108006
456816 278242
103767 190474
114904 492878
461391 39587
448447 411360
211185 462705
69985 28292
43702 137864
262055 98528
55838 419995
27532 430140
361843 399542
309590 389227
497009 351621
428965 115356
474931 372985
247190 132505
308326 382621
267463 250077
134822 230925
283537 4967
84184 96026
37757 151438
5941 399954
493227 279378
491442 36316
477793 415659
493394 368359
234971 217727
457509 78053
435733 355222
164745 68118
285163 154313
434837 432387
31724 454191
24869 382938
348955 138867
285291 208425
230223 72531
212518 211405
456100 244917
280217 61448
311619 200266
377655 379957
92942 131666
453323 343398
344156 360783
424109 404150
432245 73692
46264 29163
274984 135288
469069 80159
123996 418522
4053 487506
305108 311874
78990 264569
51694 314586
473952 110450
353760 59859
211981 287575
249954 43369
342473 450058
153076 240555
473865 417114
294304 352297
339061 59442
432761 148169
160448 185683
69700 83054
135285 437212
431926 372534
167222 366793
388723 839
456218 215565
498742 404219
224822 162648
298383 83055
81670 409837
155431 476736
244663 176060
319206 48114
145578 187056
181413 94471
21901 13901
29202 418366
474788 314051
46963 96
372023 298824
346914 424165
143262 352851
471505 255558
54684 390924
156276 146131
121294 222929
480799 379691
26347 36206
345748 7650
279693 490317
210722 437929
432266 301109
37728 259788
55139 159808
66153 299947
311224 454724
464016 484972
63615 21096
146688 334965
223031 135603
232045 374915
389307 123603
121945 392831
202416 359589
93347 52140
19580 411039
28316 440087
135260 229416
432180 141451
477136 330179
248102 57268
290854 378187
418982 498278
85606 147053
390123 22142
61564 285594
441275 247224
75699 114307
196761 495547
394695 52218
203828 158298
30298 393571
497253 53900
422724 270309
282272 257000
46785 419181
358272 242565
34408 325469
97131 388367
156157 144340
218743 160010
175438 57776
480119 74971
221932 390535
153589 352158
192187 217930
89570 435267
368149 222868
350730 179781
91350 51732
125987 196083
208455 197673
448726 64405
14629 49996
405051 328106
185433 24180
158299 229051
379175 348674
122813 76859
217999 372359
187718 183848
201183 334522
453808 297562
341365 57863
178558 7908
95050 465511
37028 489153
240765 369091
325832 104524
475460 407026
386005 316501
110953 31370
274522 14275
438557 251351
365962 248445
373468 64881
495793 249131
362940 112605
37595 389583
76048 145971
26455 98134
400099 379351
17351 337708
50760 343470
361737 79021
265010 197969
73953 117799
91270 227035
167772 378538
294146 12884
23017 318122
418113 221045
493566 440622
140062 94084
223732 423935
285244 35948
170580 475289
472675 430369
362055 67957
50576 168488
374048 205268
83056 201990
25359 389249
85299 207313
306061 45540
102153 390098
334554 63657
453485 153712
388255 160340
441360 478017
332039 152031
393227 499413
284996 374768
149150 292912
196310 418852
308128 307727
228381 446627
132649 71675
74421 173275
421046 467578
450819 98777
346848 422324
261553 134066
120022 345527
386940 198298
91890 267460
219067 78652
284326 257306
145895 450118
450880 459688
292701 402205
157404 1133
386551 412189
473913 150470
367902 217051
359549 414741
99284 218745
199224 5703
276143 16933
478794 422909
399751 199974
47238 95457
345552 410839
116961 269753
340199 353958
49987 149564
218008 447645
351347 160979
266561 187253
16944 419593
424589 484595
436873 114924
347914 58239
10710 7874
213939 284343
92014 472226
157456 122066
311966 339135
118983 343637
341284 245874
101372 267412
101207 285892
165615 91872
234241 139960
246019 152410
481632 293126
450398 68239
242077 442035
400365 198587
269295 452158
292488 418614
319447 120002
15360 186750
240985 477103
146479 134880
61557 21703
182833 357081
45490 342296
270104 462278
226897 317856
180499 66791
347962 404604
454452 262122
97610 291515
451804 107431
483530 334107
206155 24612
398144 356084
216588 140115
215525 481039
312078 42624
273557 223312
168785 294901
183543 40314
401871 459334
93019 486757
149992 57511
220693 405923
338651 187190
439113 70178
98524 35750
416818 116985
251374 73780
16366 147053
128756 44697
171927 479474
153276 208476
139164 65132
253224 231144
57748 264411
267843 103810
481045 18129
484430 366228
139181 152928
300138 358757
308665 130378
450790 105808
321326 108211
244717 19596
190884 23677
317090 260356
325109 199343
462122 340700
259767 17896
193179 23629
52564 140209
489947 240279
337178 368915
11685 420650
122670 340098
59365 74020
457887 346831
233742 97197
472088 54170
114942 370613
422176 92681
310560 488987
470805 51077
380546 319292
381212 217418
431578 57570
329422 426690
289544 194178
460566 154927
123275 271361
310110 291660
317990 377882
272417 370089
16099 439479
151937 420589
193648 120974
60142 137804
422036 497517
77116 374313
72810 484620
268418 44676
131531 78947
260334 138212
345282 103216
311937 382653
15009 342431
127110 158800
99006 304244
367091 116829
110188 136622
483187 263740
317385 460395
471243 288782
128596 31938
194678 178209
143848 48374
458424 432316
437231 410063
36342 137081
167890 385935
260934 465298
366037 341243
307886 460656
34095 193511
169552 182236
468700 298460
188834 225654
25500 208350
5071 69927
92571 447760
2212 44091
348685 267720
34207 225936
182205 401196
408760 194877
12989 119948
415014 464789
81018 31886
310170 279118
31673 188661
308151 410223
26483 282501
239579 180526
15227 463545
279687 299985
41717 194306
471439 33705
38476 385465
358595 434272
451790 91654
470108 157190
285787 211501
321402 204400
185702 66542
24589 146243
222361 164751
82688 491123
391963 414414
245011 381091
467574 414306
169743 413602
95111 483351
79187 216039
327644 282891
425378 307443
31620 471587
59017 122395
111491 435133
53167 433191
440103 158314
12469 480074
157144 182411
183260 287501
222305 315152
10924 266453
19690 215145
359042 128769
389522 71640
475568 244783
124254 475497
66000 209020
284948 476859
14489 424574
358385 316121
23335 413968
173535 413322
195396 89228
53734 291084
298886 474042
324556 102737
359863 434072
349710 201763
98745 469595
281821 347107
57759 495000
314941 300976
360807 288862
248208 234272
478859 196258
1835 407434
45380 166711
10725 248917
180638 485982
416724 156228
165407 122524
226271 148756
417427 360849
223112 181731
430103 104311
471682 230278
256614 275802
39695 192821
74295 408825
213728 163293
398051 298745
169399 448689
170949 11844
360597 336610
430492 318033
42787 159736
98402 365676
63449 136967
77142 392594
420315 476209
162212 33992
204307 325362
137241 117912
329452 453116
480969 208062
468499 24509
85704 55585
487992 364851
113743 45470
40820 243318
486675 393364
181859 444669
33351 316133
43621 66618
245489 352985
52809 350997
167896 307849
21574 363272
10313 133348
273258 102650
155091 316539
127048 23658
447461 296444
491294 376842
341722 319096
39766 115219
187282 457470
193231 339568
438657 202264
271323 319460
377817 372491
402404 286893
131732 325725
287335 433494
427482 273941
141943 334893
72009 226372
155813 220618
297541 317436
241887 251782
482001 468923
401322 24442
22094 343284
443611 131787
322811 210156
321403 67276
171002 74943
139142 316818
111446 369289
171077 414596
202525 142865
158690 382335
233039 145227
27587 392877
20925 280955
206553 146890
180469 177195
395378 415507
371642 269798
498346 311750
292461 8127
198359 184602
440750 143349
176384 276321
255312 346030
232480 107985
235668 458281
133426 391563
470449 171790
305902 325733
199447 430559
74355 222073
350198 55673
252550 412785
347064 417865
380223 345829
173571 208249
86337 333274
101842 342119
32428 202489
87488 456333
20960 109705
245735 300641
187112 416972
304677 101705
5803 143211
111189 109784
431092 167181
134892 444534
429113 245726
490832 49873
392205 56151
470258 167291
452519 38496
408293 216473
100052 388263
488530 57040
232166 385473
184382 160648
25464 305483
200916 285464
38285 224805
232914 128550
464560 464566
277267 401225
70829 312411
36923 324674
40290 40597
151674 268698
9056 59588
21103 397256
406137 436743
182467 251735
207424 377459
340168 70100
477463 448859
71067 462180
429619 216995
107592 322045
373061 276128
426735 469618
204589 463645
154247 337578
198033 341124
452374 367361
286868 119614
4876 133691
382938 304902
32086 1412
51855 35955
11067 317283
96935 66083
232400 291500
378450 242236
471812 457244
258328 263512
474205 330304
300911 243449
64478 107306
68245 250230
394057 71378
283878 30031
490355 282728
423834 253258
137959 235778
330743 57263
109455 67120
477417 137452
280434 190305
291195 244640
489677 74785
297698 271728
474827 80706
249135 112885
431285 277189
396918 300992
229703 186679
247947 441244
3330 438475
335881 359459
413492 469865
412701 145583
240529 84080
172653 195111
207551 388158
295104 267724
20344 66736
333155 161129
434017 64614
439875 128742
1268 168966
166975 268913
421791 298983
997 370592
255895 284460
456077 286821
479286 60427
494459 364493
4245 346713
23916 45604
201429 391368
340018 441964
28084 258090
398072 198527
308876 457154
394507 442668
284958 156306
275658 333048
477417 379128
128608 227745
243805 178125
346716 344708
161682 379720
56504 369627
141128 129063
54286 106610
83701 227454
483513 118670
409023 70670
218467 450772
4063 480298
130268 73978
235748 22079
316484 75541
201183 405349
170309 438396
78301 235399
12425 203466
158868 371475
350907 447600
176299 441724
346230 278824
469679 390575
347077 107413
263446 346614
445765 22108
439525 237406
446699 241420
112180 122895
424921 309963
398745 48004
274416 177571
32738 145322
39886 465839
17714 482198
48258 219648
465364 122778
26305 367886
225731 354897
10673 408818
105215 449660
271717 481647
278572 235946
456298 247636
329212 414394
309743 102937
461672 8600
220218 322227
102695 158502
111433 69681
451187 444145
265331 264635
189202 146878
31366 134677
232057 205228
446103 389759
391881 312612
64177 327079
197963 67188
93266 172444
274970 262944
259959 65409
242698 431586
368196 254799
58168 422264
285354 337007
106523 257563
16593 447353
244748 340677
384302 9432
118875 188883
298467 484832
210417 342586
205230 154563
86152 340560
267196 175559
133134 334653
359439 130227
323962 264735
202849 165861