2984 2323
279909 232294
167543 161935
141842 70823
51616 214954
76464 20174
86728 4714
70538 139067
149027 291479
198263 132515
140082 266192
279241 246598
258047 237081
221222 29025
213955 152421
130012 172784
31837 234434
80752 261302
246136 36427
50249 262148
229971 198777
278773 43821
263595 249641
297581 276191
253706 110973
22366 231077
80978 41677
197633 236092
101386 160103
279973 229655
51497 79037
66393 73737
263292 193600
284814 154019
200124 48736
24588 118847
269752 46923
195586 126525
152165 266582
183997 273336
269388 160357
204028 236037
291232 110641
95400 20580
219730 66821
83317 90107
134937 62395
127370 6103
257522 11072
165 11882
266553 128862
90054 69924
205942 162498
18782 11972
42973 152157
276789 197133
208850 276625
54173 96336
85939 34874
82933 33622
143877 98603
218966 272247
97202 110480
5858 129270
170434 139466
102383 258765
129591 105551
181533 201839
35249 227453
184908 271141
77278 259204
223061 64510
244671 131359
112292 272493
204036 262374
36587 245530
34756 4759
189182 147538
95851 208400
62464 124413
155810 218103
168452 212939
60980 151610
256431 244489
275920 148746
195108 127409
255108 18218
177906 122811
100855 53969
225874 77126
122486 272197
48640 235023
186824 40492
128474 62759
86875 207304
77655 112653
193729 81988
164188 96154
268539 73666
63725 286838
147043 75635
201869 96787
103260 33297
189544 98649
226870 2635
67288 189989
273168 191212
139352 67533
13145 154265
211846 139759
239008 232010
33492 147239
160857 101731
295886 186954
25868 59117
182783 103971
92813 58449
226175 120351
67034 96781
43600 243998
199466 234398
162801 38555
91134 180681
60641 37675
64651 96721
223702 228080
41739 230805
127541 189592
207208 210919
126569 161613
257979 250733
62390 187498
1479 261816
178296 84301
271861 16337
17074 222753
190592 23061
14880 9744
99891 249225
101621 123322
223851 237025
4703 299593
233277 107266
272751 9053
79819 25170
29468 100171
239195 21436
289368 282207
83797 20918
105321 94287
57290 267469
61649 188639
228802 281761
200958 66966
166497 172135
139447 207587
127018 260472
190166 240389
10784 173526
275655 95754
221967 134926
204802 129879
259642 250962
222045 89090
36596 127590
100733 45703
136591 153180
117029 239669
35853 216564
192520 49846
66899 272568
171164 60957
217840 281091
226525 283286
75629 135524
284141 28717
101689 57243
17115 1173
246674 64438
176542 289343
194693 122165
36986 65350
178553 187043
299957 114407
283694 115147
6930 65265
175673 64715
253166 34251
105572 277128
102203 175940
253641 120973
66066 142027
235149 160539
214104 71897
64527 166976
4947 136569
134040 32215
56822 33693
116718 283398
121711 169711
104485 61374
192168 126796
218697 108890
242701 119255
231745 234387
194199 2472
30744 229316
178087 138261
26097 266365
9165 90855
119742 96069
283478 94640
21139 198360
56654 73392
14353 171687
52663 6131
243503 225656
122410 131987
262285 66227
39009 70636
32207 88318
246761 221287
207521 116339
136186 170330
86750 170358
140509 15834
80707 45774
169489 98833
201008 47738
122404 252938
224880 191521
247377 83603
242200 147689
242945 94339
231839 31338
256756 66642
167574 209484
194557 165450
227919 284303
288843 33387
40032 120150
14958 154854
89524 19453
146600 191993
69048 121733
197382 260276
184743 11234
78806 216388
243843 241366
48718 170827
30684 107102
212616 188568
285484 167548
100448 69727
142300 43971
293436 145779
26751 57364
293364 18091
159883 245807
221004 250683
65309 273480
294645 112828
31379 260817
131357 16564
291668 147182
279735 243284
52501 32569
114179 103511
65319 156408
106528 257217
26472 233900
968 41975
77195 177346
286530 274529
165918 28721
271993 34752
125353 274632
6518 219472
24487 171045
264318 159409
20637 32701
95951 62941
101001 117546
100324 178836
202707 90796
227361 41027
228369 209918
45575 9824
284763 31270
80409 174740
56709 132260
65880 184883
186965 267781
140083 9118
188695 197495
203125 233686
1965 45374
89504 184405
51234 61680
3600 66972
175800 42213
100680 218490
89951 181776
183406 4559
262463 123771
99403 227592
110455 286752
52970 90094
226298 248813
263093 12892
1997 207864
72559 9411
165889 217865
117426 90325
46702 237122
162191 297244
149177 195294
190734 228896
176734 200792
197181 91553
228283 19500
299190 265371
221484 284469
204981 291608
183510 238945
191198 61618
246124 67921
47770 2446
103033 288491
273369 35102
88722 65200
74222 50318
286258 281625
175224 114562
87878 75310
279069 245140
166383 249231
250578 63798
223165 22049
6309 20416
159364 41885
99707 88757
283920 180049
135 11197
142523 20027
177531 172467
124793 113798
164872 84777
199558 205169
224530 235359
280699 163630
248853 239090
291746 85937
103763 236952
242152 66074
128237 26036
143412 125212
134915 165960
80672 116399
40924 114336
65904 244150
224811 191668
184793 184418
161239 211932
232575 3289
36529 18060
295781 157214
29385 171375
32531 139715
122223 48391
155283 7623
31254 231421
235164 41577
132353 24501
267943 13144
79038 21742
154704 107883
283507 36649
235177 212522
158003 78049
141030 229898
157491 6331
277620 172716
171502 249206
220305 273427
89806 180050
40099 256215
22060 140919
275049 135914
290092 280561
81765 159010
186111 296781
119814 201499
18871 140744
176699 130162
68697 215452
134159 14496
27990 105873
50121 196233
77544 9823
70554 261606
162690 165042
285679 170185
232551 63371
131072 51116
254195 246308
44728 259957
123637 251378
6253 243370
255450 245934
249883 298110
233885 111530
206127 72879
204274 21228
187178 197892
275273 253809
258783 137817
19148 9457
79451 43318
232124 167963
32208 99450
165235 174020
184002 177715
256993 140938
77385 206116
120687 174524
154088 56287
46460 89871
179499 282406
102457 243989
43792 144755
126151 230046
185279 232468
253233 108883
595 230074
226364 206244
293017 222403
182180 203176
283409 146506
14693 105953
61671 74422
32032 255960
237020 92145
12823 77277
234866 85585
298638 202035
11087 244138
2849 78797
243749 209051
22995 240155
2179 287273
41060 52667
22610 5540
77766 281444
289812 220169
12035 96980
52399 243283
118018 133582
133516 260838
154076 248917
271416 11790
78198 126763
206919 9786
130654 149514
218484 49504
198156 108847
132208 213085
43050 292286
277632 154746
289122 283392
172970 246796
89116 244177
78421 56007
15970 129053
244555 274908
98308 202534
243828 162765
39014 132903
120629 241420
138061 169202
87655 105838
239067 227191
259088 154915
254347 272110
277893 32171
264983 268777
79274 84759
198130 82470
164102 50972
73689 108940
30360 7572
186962 73244
251670 238886
41222 46829
110123 203318
172628 212442
14293 244531
245641 181425
208447 203977
105129 181120
212906 179665
286044 48764
77457 78289
270019 88409
21397 162261
121414 49016
73056 37971
190328 235945
256018 72361
180694 299148
68284 127856
25340 248195
129523 291604
67595 277781
146705 237820
25331 118075
64811 37999
24536 298927
69347 77408
173797 118348
188176 244830
27462 285671
33393 81284
23643 46186
272616 257198
153031 181250
201474 208852
7758 168329
22819 233538
270885 292515
167552 224062
125476 51201
22534 33962
44256 153540
38316 24157
119908 132793
251342 200517
180704 164890
257272 118507
168164 40188
119350 18464
12631 102893
257388 223478
268602 121959
251280 162808
293338 249586
272292 38984
241547 25090
66191 83594
24309 269492
218998 165534
28612 294871
70227 29576
177009 103728
205682 220945
71288 240443
1062 10996
225885 275944
158296 169141
249021 83947
252761 188806
18508 241462
106442 75414
129934 62365
118945 112647
175866 208064
109707 272517
125411 66118
173381 60394
51497 37341
111237 14891
207529 1883
160720 236929
171356 106352
35071 154510
76427 271464
135296 46961
34221 46121
194795 56537
213070 58717
100102 65093
8528 109031
149115 87466
176385 279139
230257 182135
272350 159016
52686 11501
31678 86450
80826 174459
150382 26427
293669 21588
126129 277214
262835 253983
247645 120169
200194 297124
160144 74332
166996 217185
87128 198922
21475 248122
31934 162878
292984 264347
10495 48649
195742 163156
131584 168183
1420 132698
144527 110584
114388 177596
105121 237209
57019 215673
33110 275481
259968 201138
47141 51445
295651 172655
294935 113239
187071 250364
3283 281924
30135 5331
122280 88713
180808 97648
10494 5680
275282 188157
11708 29927
87609 19925
13089 218476
254527 127889
260649 100736
250659 143861
80850 268100
16849 26068
119503 165638
229920 298696
218839 296913
68975 84083
239330 116900
218950 31555
46575 84248
179281 27266
192303 272168
129098 188651
118647 288208
11603 52236
67790 205011
195899 96750
35803 113756
78165 88224
18797 127097
41555 177620
666 124624
39240 288754
70816 249824
91388 100811
202819 209466
192300 50137
101309 259391
34307 229308
150277 158401
131571 247823
226426 119443
185243 145002
243930 134127
295381 190181
287300 154657
61760 165327
207848 15888
276858 48935
239100 60250
152110 114171
54959 276667
209282 197462
242499 126151
48969 188131
130658 261630
145960 33856
129356 91223
51440 77254
77071 42735
171710 288757
286663 86731
180146 80694
77236 59170
28416 89205
162477 92866
161680 296456
253872 152341
55341 60218
28240 259804
270072 47706
256849 88701
137217 193799
87232 67424
175159 56686
58066 2062
28444 254285
154609 123674
24734 115981
163251 9214
224653 241557
275551 247605
283638 253483
152307 167960
253256 203937
51007 75254
71485 208364
267340 148471
282332 25146
2271 142980
260798 275589
88901 97287
89186 261531
177925 161926
148104 222196
189627 19539
293121 157754
138012 125937
74191 25944
124593 59023
213554 228216
99596 241444
63691 84313
149777 56137
198799 156018
220795 25162
32807 45987
125871 189865
221184 235674
230226 90049
261522 159725
241835 296361
147552 207627
156132 159397
97699 188524
194256 18376
116491 24899
205337 146796
181297 170571
52711 180942
86965 258814
163944 204455
200423 244465
28478 98462
200642 207474
288563 282162
139715 273272
180683 264474
173692 143584
120595 223610
232958 287391
189978 202495
197861 2766
269866 41064
100702 151653
252114 277690
37732 147410
65906 125399
183684 224758
95398 31957
284663 288247
22693 234903
165387 238462
241267 214754
237577 112196
94261 254464
214472 4380
97776 23062
207578 33700
110335 201291
109533 90012
46786 25716
266881 113197
157215 292118
165968 76393
218417 131499
299396 99791
86330 245321
8087 283933
245557 91458
278725 287242
125364 196108
97193 15086
34923 80920
175126 53681
171045 37735
142523 260877
287593 170152
65797 61350
85170 75079
64503 246373
109872 272758
255930 106376
195751 287055
161330 263697
109025 289880
234590 234683
257302 31708
131773 271681
77254 188047
214997 231284
62899 119950
121344 76558
93398 100259
154818 251121
111332 273544
121089 133554
184248 285169
289487 171857
239667 127231
133901 42069
277101 161376
139500 285997
290518 243369
175423 53768
105402 281212
237200 63610
229904 214384
234935 29466
274686 263300
285154 129792
190769 297972
81053 113128
182436 133942
154752 234851
99174 62528
287084 88088
288232 7365
77165 225060
35271 28094
256194 54917
21420 9960
163211 98936
48798 61904
51328 89761
116881 195025
21090 17896
177866 100088
45672 27675
26811 109201
4787 273408
64867 294497
146563 263653
22504 76827
48887 173197
13613 224445
184723 258582
68387 186415
251978 252382
27314 296579
117636 270931
209533 18616
195162 260416
86497 27075
234472 270900
57189 34102
128848 200392
193551 267493
186893 27857
212550 155051
124376 17338
115218 35421
142848 164326
78228 124479
94694 297347
249191 58072
267314 154231
27561 299472
147640 68725
196883 151700
173869 86903
15515 90391
43325 260055
7644 48691
282155 253230
167809 270041
115607 85117
98377 68032
283974 104491
91651 132103
183639 84027
180291 200179
116662 122138
127394 244497
104006 236489
287937 79025
167125 254099
163832 178426
243292 234339
233517 173738
22651 195292
58947 193973
150654 205753
188259 253485
154327 12502
133241 63594
29578 284173
158344 49689
171429 230416
4225 127000
83679 206512
78450 288060
261494 143258
259633 6047
228055 68003
90432 25474
190592 56617
272762 61248
292603 134730
34730 13839
26066 272255
273602 154335
272706 31935
206064 103147
288842 275369
123644 231187
250072 288833
13668 9760
238727 201307
228116 204744
293715 164579
286894 239815
235790 216988
9173 275769
75633 212001
14374 250208
223487 127016
48928 105537
95638 165853
204854 129662
100533 151269
244460 147356
272748 83205
144379 125273
235508 82063
51471 92330
103815 279703
208770 275348
297935 36295
289568 88812
173773 113545
38369 75429
128723 70422
96961 199275
158261 103408
77513 244997
204702 78096
47698 143911
112018 289090
269328 297122
182412 159044
50197 98516
135409 104393
232731 264538
180796 72939
100047 40423
59964 274520
130438 211523
5871 200591
61954 99943
122726 157251
178309 267515
148193 79121
209967 25667
183640 256840
9048 142400
165518 77604
225247 299519
208949 173558
44712 35289
118277 123704
14369 64614
182120 97649
9649 221915
249091 24310
48259 118556
224623 236311
183933 3554
130948 173671
61889 80867
3750 210533
48829 161339
21021 198565
43134 58949
225126 124910
96338 64961
36967 253498
5590 207246
5188 270753
145593 121133
108302 195064
218402 101351
63956 280789
45912 29225
278167 52681
76098 258112
228198 75189
299302 292744
260842 47580
226184 114032
30720 134480
169933 149009
173662 101963
171580 23175
293281 216997
182927 190525
185457 25100
253831 289409
19749 276197
43529 293837
114956 76620
72445 122742
114435 113359
93975 109955
196590 15833
56926 6862
224240 154247
10491 98535
48243 214478
245679 243763
215571 16704
21024 153383
179586 165353
296900 181131
3855 22209
4439 63316
21514 63042
275897 278561
223776 76245
91630 129149
57394 260716
24704 127567
249234 200902
56501 189311
131339 260166
16105 211554
257394 291100
257428 8323
11558 223534
115987 88521
90123 117840
250084 38008
281341 138111
208633 131481
297222 275347
126521 21608
124976 279731
281179 201061
205738 39815
42664 119716
6043 173337
186785 193057
207329 183837
243886 147494
28218 208602
30761 256850
176344 228601
177638 7779
25241 270173
45157 106623
226166 2453
206280 165597
148026 131653
193494 294243
229259 165157
249588 142310
86747 14508
74396 102224
94979 37329
258588 145908
45057 289182
29832 119879
84486 116659
83900 215090
68383 271064
271772 76119
191242 91087
124305 122442
209842 253903
12892 140407
258153 1224
294908 75979
287545 206649
42917 35342
76075 117929
261230 235396
248910 215182
117740 29595
25423 128895
106580 72347
78828 51575
5122 212232
182597 127329
266429 293792
193991 162892
146727 71078
154838 24552
33406 3718
273938 13003
179324 63176
176909 112703
239320 106344
240406 84650
288196 149907
113374 188156
58054 144304
111979 6386
175090 7398
73967 272010
254874 36158
198617 281776
228833 198840
193123 155819
266665 156393
264340 285030
126141 246382
185345 138948
102635 178343
293793 213521
3599 220201
240588 94097
188002 291665
245179 218938
215708 203182
3060 906
127138 129348
204121 138260
107607 231748
61920 240758
77255 156789
274905 282923
27162 103344
172118 78539
250034 194115
232715 250573
240927 178599
204439 232484
286710 41148
243446 230514
210507 236056
268766 1442
285980 14252
147827 175811
284325 81289
99964 77230
229364 133563
210291 164732
251407 270605
160760 275663
240241 51568
168683 78446
151857 240938
288481 253961
278015 189810
152323 266510
124437 184882
181483 167216
68223 96074
61228 73841
62988 130416
94085 172067
38155 213741
40904 140689
67793 111696
200788 180291
255794 93186
269131 229580
293232 228574
61975 181706
39901 108796
118743 1062
216694 267353
214557 285291
61460 24632
214145 274503
257921 90098
13916 42708
153198 157207
264126 269416
248372 151337
132771 69627
13214 137810
69314 176394
104872 98123
146173 114638
49438 60197
181867 120949
224614 260630
35008 246569
56238 114686
148797 202006
82457 231887
216934 275954
77920 193430
139384 15169
35634 43256
132359 178708
226110 271359
116355 207364
81599 142546
250501 73859
22994 290098
147313 213286
232589 36484
163739 297460
278746 107900
160903 243394
172197 206880
182602 123988
54137 277417
286454 299999
109123 282373
75350 186102
298152 280468
197043 198894
150840 138228
257846 56029
60711 226294
156217 33864
232628 177244
113171 4193
103442 295184
31853 166564
191788 59314
276155 5040
47068 102341
248498 73462
83006 196471
290591 238220
212576 3577
121214 100321
183492 292966
161615 132125
121308 104038
224636 263992
292263 6714
236638 299492
98917 6093
59035 90973
55145 145983
126946 234793
248442 139837
219164 140285
208089 82732
217261 193316
175135 219315
33331 93056
251439 154147
180801 298923
84774 192271
184915 256976
118856 153840
46619 34072
126947 134975
197572 94113
144891 164786
85473 172254
114261 286407
131297 153234
156935 228404
212504 61697
45494 72902
134798 274815
44631 177068
189413 62863
86637 139612
153763 282543
128054 67090
19542 194775
104384 151564
38716 109275
187911 209658
226317 154304
10838 42249
3452 88548
7730 114154
21921 104115
113981 15465
100418 255858
142422 174821
39968 286925
184741 35186
97242 292523
275597 233065
104352 152044
39574 290716
190318 177224
295024 119018
96153 247900
288479 19961
190283 67999
243223 265727
296736 93202
267077 47334
66605 299335
103236 141107
91246 128370
158561 74645
9749 30656
157051 210294
240962 202388
86598 273811
92357 231324
60563 64564
30641 55961
7768 198132
152692 122285
166952 149378
187644 32370
277118 297560
192621 209413
174504 294027
67435 210378
76075 290052
131576 289303
4477 222103
283141 156978
48102 1323
20682 73484
214865 129090
170897 176070
114387 188526
125104 147738
254072 111998
174399 126028
58789 273859
21692 274365
66363 163670
218362 138592
108719 195647
254060 69201
168905 162602
161938 299711
183524 162120
180411 11972
185602 102750
32693 56434
82803 226307
147922 215543
21524 208069
201295 296159
12952 220559
222599 184043
104870 75970
6042 280205
223877 195500
115661 78025
76240 18552
279401 95512
270743 160816
207403 41681
297576 116186
270591 123366
151645 3999
169639 287150
88567 253335
135023 122585
23537 105581
274015 283719
248773 289485
287689 16047
214951 280017
17328 243206
268223 155596
274676 240563
241250 82183
180146 16340
207748 181278
298464 178985
192304 198993
270121 56924
124456 284869
194118 204435
187759 183220
97218 129262
203198 144233
278602 130267
56404 150427
254670 171035
156018 46548
253266 91400
54562 132196
9332 78342
145686 18817
274584 158833
120449 240657
292771 201081
215889 263120
129318 281424
21042 31793
141339 41687
197072 203228
129888 226643
293019 81858
259610 10987
240387 34023
36727 196867
207510 131045
130851 299698
105189 81363
219051 36046
120205 168989
171397 297948
113769 38310
207518 159100
25255 12807
37079 173747
252802 214140
240180 269678
96598 174652
138867 17886
242263 97512
34891 5035
57338 207813
191088 107163
70939 130560
193673 276255
15810 154763
275980 184594
59726 106742
28417 27848
40139 58766
277432 121145
117937 138868
126826 275218
191621 192705
76025 196912
284861 71559
178842 129902
69160 87328
148390 98791
116252 132037
270663 265664
82343 262054
141589 248716
48261 7490
208725 132007
174691 88038
69046 278998
11154 135493
11360 29477
193435 69798
134645 263501
216685 189983
286689 48851
298847 156176
114411 299139
154135 89094
222711 73804
8865 214480
240540 248620
82596 118139
292276 1373
231722 265453
43704 279190
223475 62668
261014 23539
276121 54478
152530 245963
2238 197523
12381 177224
28953 167031
114770 197146
209923 104822
215674 24127
253055 257915
144974 31993
144707 56396
79815 215919
52950 191717
195814 204347
134188 10420
285978 9357
159676 252273
184651 148390
278509 125609
62348 58725
99362 70908
23874 153470
18236 96733
107273 86009
258118 177464
205818 176326
125671 146756
137909 57109
61244 73579
79667 127894
80972 149982
218420 45181
296988 36663
175271 135895
260213 174828
162233 231380
229762 146591
292755 165279
67226 220670
3777 214597
115982 40042
139081 165788
276692 178816
279582 185184
38244 177000
262291 108742
81936 175855
71056 206169
159907 64024
138291 24637
206330 105096
119762 69554
245109 290719
69721 116148
297038 124038
5403 265810
278581 168997
34898 126903
260070 258509
200387 50361
175988 169665
229919 212510
135195 226717
175765 217211
54198 1382
262810 137217
130952 148495
145916 51137
277736 218505
214348 81102
49830 151840
169657 174989
120243 246940
206742 152235
295378 252988
198082 147049
74262 20812
36597 136964
60002 278833
182964 148734
124867 181755
19015 98928
269222 88591
31330 47987
119000 79825
222238 264494
226267 136925
99732 202932
246708 272994
143298 44847
77714 24436
153576 136940
65226 51329
292906 167196
297297 127810
287466 21336
221466 157683
101080 186740
226439 299140
57661 209997
46226 14598
240557 189740
136974 183608
141504 226718
198226 120315
133101 197132
166096 266154
12715 45613
228811 265081
284791 199448
90852 53943
63961 107535
239423 140021
291534 280896
88271 221143
143590 291489
217456 92895
90687 147908
241028 103174
88167 274276
228449 299146
214276 160601
212040 216650
34529 169565
171074 110021
290776 29965
198425 44098
26980 295699
149549 132563
158342 169713
290629 37229
10561 261577
57476 109539
29606 52638
183013 89562
66712 41333
3304 201013
203748 71111
245741 154551
27472 68594
90133 225912
147619 191859
66233 231541
111191 124188
286581 27582
257600 38246
243239 242116
60038 147865
182317 9832
177447 235154
227152 104575
89219 141125
220948 221988
295191 109661
299117 242401
216784 158570
248547 40029
299708 72761
254770 140447
280059 113799
216398 296940
283002 217849
53406 209761
221349 203400
215645 49834
256202 194943
224017 270161
249873 225040
266594 299039
32308 272406
206470 221137
62844 207280
1816 32723
185056 275951
246341 140645
104923 124811
249704 196968
48945 5367
43313 212367
156700 14318
11421 239866
184577 226660
188170 202602
174689 64490
241367 16685
30332 151865
245389 194672
2118 266219
66445 59280
162411 257232
283200 138989
27922 118537
199057 198245
222592 149814
188670 130807
238208 18505
198487 187029
95711 133874
244236 150305
197433 73471
98761 169862
62120 66453
90178 299889
137618 244090
189624 260070
62746 265182
21867 107319
88041 209361
219348 89050
294503 122591
244154 43014
50357 75424
257467 285706
163208 106290
147211 144812
254793 279468
241848 91334
136634 164688
201481 45192
166507 157261
201718 284988
62473 167405
44593 179789
193057 59522
18360 268330
215007 296291
244810 100982
213842 141465
239018 253645
178625 18876
128039 188564
68774 222683
246708 279360
66941 246459
180445 98459
248293 131503
223112 267531
281983 82693
242741 278887
230238 210186
144069 44960
247465 3902
150179 100780
134160 120479
200938 52205
149198 228597
207118 12539
199499 105338
162785 104797
260397 139467
170104 77872
5699 35524
4428 123033
244578 198958
33586 84507
248370 279615
126612 199851
246454 239556
115053 184806
187244 203700
69794 47659
131301 150941
60381 206953
238999 55266
11533 129163
99773 299537
134482 13345
259221 193970
159561 167176
214096 203055
253851 113043
268578 65776
115133 173025
194741 72015
87113 231469
75590 42543
195387 188138
88057 18664
198990 66971
51257 116110
176152 124560
242986 210770
287148 134687
140169 161513
115350 189866
227332 248933
266344 289375
135144 258014
292302 68374
2903 101781
101331 158730
48896 172512
114352 131977
184031 138069
85945 233093
88747 23286
89220 298848
40102 116682
206991 169330
600 15675
158813 98422
31365 226341
123117 29710
258731 236414
111808 113500
171059 111151
157740 77239
161254 128310
182502 167642
158907 151821
189963 38292
123101 43388
285341 187116
129243 245974
150800 219836
76207 110165
268707 289177
97163 8846
251727 258834
37187 53988
229337 198579
45027 149538
125974 297925
149143 542
17254 113426
253588 77776
254507 85668
101173 284559
117805 32139
259090 139877
83373 15730
247140 46556
146814 168680
263557 203069
281061 245302
197397 62424
111239 229082
152289 169567
220116 235831
291075 217585
55530 268498
187035 116456
125314 150984
297925 181960
201603 42571
101012 125657
83126 190373
23231 243548
106673 104282
194474 198832
230769 26683
103459 220127
226113 79013
1570 288439
85250 47667
258547 95042
254859 172434
170798 144642
102617 62910
93937 55781
192912 282473
60229 242096
85979 297643
151458 200018
283086 105546
220896 804
263326 129362
49760 194012
102477 71320
261696 215458
202127 11244
182386 101199
238008 897
66456 254493
179276 175803
224569 91541
298282 295177
196578 46671
79785 185012
249659 36248
99162 58541
272093 44017
132608 234939
130727 221327
8099 26228
20703 278798
205645 123267
211999 66513
171216 77491
278215 158324
241416 161965
247211 74174
282531 221331
211331 291724
209543 101739
110850 223333
73662 226907
25523 53224
20965 164483
142935 72646
234945 68017
41535 258249
249965 296536
204269 131630
215056 112072
211712 270485
285314 57450
68201 193111
202744 76053
222040 89377
216692 99089
19553 24429
89101 195594
176653 11726
281961 73627
239334 36657
221760 10328
114845 152915
85610 76507
9433 122490
80836 159608
94519 42825
290701 159697
239705 265769
239878 41820
24686 29952
183237 180450
70 217220
99837 87327
55574 282389
200495 177914
120162 52594
157709 118017
188050 146626
187245 45252
213024 177383
212931 13806
250207 81286
147054 280222
262418 275083
224487 239637
6165 44947
106316 149343
167850 257027
113036 74237
149992 121388
103981 232861
281938 289554
141547 234415
36514 250982
129852 22506
21539 106579
288092 199105
157874 34090
94311 239405
88374 12656
287149 264044
254985 145101
218012 152664
110934 192642
80824 117297
120678 156830
30338 236747
37551 116428
25829 189555
246634 153442
30797 17328
193847 290030
190808 184110
144955 85764
241411 199134
146370 167970
282931 133880
68460 102346
289084 243074
123158 8275
21444 109995
123205 29673
269848 273545
112301 257812
191268 264818
224101 179436
277761 211810
15830 94983
230909 274380
161236 295189
294624 237086
80411 294352
173804 167125
28086 150854
134548 186005
286991 260890
183994 252165
81269 260917
158988 263836
49663 49796
240718 247837
174451 158548
30710 139960
169690 152114
32042 246454
131884 262986
11674 90083
265235 297579
176515 58469
232994 175271
97579 213157
49327 246173
34681 19351
162830 273909
168620 160032
277421 299564
221539 128420
187178 68067
255933 4138
278016 248326
21336 256124
27112 113996
64828 78053
116949 276485
44735 196879
120216 264055
240483 169482
286561 133636
203585 75109
6703 94633
122409 286579
97042 279136
289932 90434
144500 1365
269266 276322
296347 236439
112372 95978
180880 161433
127791 17837
234513 196547
81768 186351
280087 46976
107967 27972
114866 200336
20769 232868
283071 38082
214781 222547
241589 3118
30110 263551
290624 100931
197025 91486
183621 283921
208884 184556
174690 194573
121393 162014
137122 216433
5254 254435
106966 298345
106570 104340
141552 214386
218437 159846
209791 103351
281953 85847
102998 18996
247292 59710
95539 145473
270716 117522
34401 219374
29098 187116
49445 294861
55750 159313
185519 295200
96449 126469
112788 20529
114274 163482
270562 114105
284 91243
230094 139349
248728 86446
141592 111147
93829 37823
138322 143432
36377 66315
104254 153366
271532 79655
56580 274219
52158 201581
126042 31687
22904 160978
273152 290604
98057 26639
230925 298041
47269 61586
94600 50632
156262 270894
134663 261184
254383 135867
296476 205708
290926 189477
255313 19453
178956 49987
112367 275677
277438 92750
255083 17294
145999 280566
272525 225635
185576 90286
45833 104691
95429 204726
42572 108646
244674 108985
94612 218809
227507 58121
77531 24299
135097 17753
135608 125839
120200 30112
297073 266784
119195 88694
9159 260819
269434 214453
17852 65351
185772 164026
175105 78971
61660 40750
86183 177600
296682 196779
134572 273014
5362 253164
127362 168165
77899 156504
244644 140523
65464 205434
40260 176601
190287 8471
187620 241028
135379 161693
111931 155842
264460 271480
2947 90450
8369 299865
222379 186737
189527 214755
98986 66545
151612 107150
104925 239305
125244 137079
258886 286041
106408 180090
191307 125274
95886 56158
172748 188063
295242 65854
272723 287668
264732 158037
231335 116799
280832 209597
263406 167641
150669 107285
255259 64886
8535 279650
202906 64825
59834 61690
172090 251737
44 127065
179357 226549
187871 294430
80408 154257
248940 202813
11593 51654
293443 233110
119185 181252
6895 241276
253486 292171
55679 213212
286441 126229
251964 263232
202930 204906
115440 101167
282212 190734
176563 94194
299830 240651
160557 101581
186880 127915
163640 33257
125892 297426
48001 29647
153582 8793
69964 153129
75113 77391
175860 79669
23474 116002
11493 257472
183269 92856
238002 135581
19298 161196
239101 263365
278171 144271
205833 155478
13877 245512
53247 264570
18007 263440
2923 253535
213267 297179
210889 189790
270945 77194
236711 101087
259682 8069
64338 41160
120011 296852
141856 30558
84086 103160
154371 249497
176990 153809
234110 287928
87461 211723
231772 50765
161162 96739
49427 23963
159368 186389
219195 58507
40619 259026
92051 289826
201879 138575
42667 210431
268555 57799
96320 222107
19072 28838
130999 120204
85878 288964
267363 290235
237252 277595
79627 291898
187940 216799
23739 69982
7332 209760
2656 261066
217307 105804
240509 134995
52188 101757
125437 15883
153147 42466
132560 101155
82589 17271
177579 263896
28847 169757
223664 294230
140377 165681
263548 117510
87744 232994
37931 229592
59550 232347
232508 51314
28397 68161
216650 6743
157200 9181
33430 189626
97453 31576
246737 56502
160846 215481
255592 106293
223319 163278
69277 70373
38013 99192
218541 71987
272819 297237
298199 113295
100680 134089
112674 201463
258752 173823
202071 231755
95884 32869
56720 197149
48754 156411
98783 91602
152594 164850
279862 106777
221481 108167
30645 201604
174095 202141
36806 291976
285540 62669
175856 155826
248812 190460
117350 226847
190035 61915
168515 20212
19452 205920
114194 52221
199557 125368
110819 6786
159914 227842
185952 34317
148993 35997
203004 44311
3018 278044
988 210209
219621 107203
243138 36841
46127 11267
193947 275135
260995 281171
53400 35615
222538 275579
152199 25216
219276 116479
115861 85702
146453 73471
13232 195386
245324 133864
233832 210370
178859 32612
57788 233230
207647 109692
100182 270934
129823 142887
133862 99547
234423 146409
243166 51832
65958 89951
281344 120280
146136 19079
90135 268238
289693 264904
76073 269435
95911 268938
88078 108419
158089 250664
164880 283103
62034 33724
17629 134318
117354 9489
156322 29856
198824 58338
272374 278964
101308 180577
97134 114010
138907 168802
189589 189896
50186 10517
21238 170114
104951 203087
29841 27557
35254 1429
67441 70485
17897 116192
70190 227254
270327 212709
288820 29481
87787 143
242450 125169
128205 233500
87144 89472
239305 293701
71644 153041
135569 219358
64110 13293
270136 159335
250674 200642
111624 20555
175277 270498
230313 141281
66653 249381
130926 75160
217858 281312
51189 296211
200825 71463
269822 221985
158180 44171
160137 249434
243308 107783
26693 117999
227528 168793
280412 196019
202005 119551
231555 33392
137167 136353
81775 20686
45447 181579
134805 28575
91968 118458
190149 217324
28725 149819
11339 239419
21528 191163
249708 282450
268355 80644
268480 116366
78136 146462
208282 220849
92513 147811
22134 22564
176393 67988
175338 12418
91638 133541
225351 88249
19056 118033
247344 211325
246876 2947
297262 168914
65316 229904
12599 280675
254691 17713
217852 169461
71705 206482
127216 272206
296154 218111
185144 90204
3818 94484
126269 141372
225987 103076
112460 132761
150859 174103
174023 146066
148836 271951
248010 89667
203482 56031
288083 237700
9524 68273
177217 196263
296566 277949
14746 136130
128181 287345
32868 44383
148630 128914
205548 6817
164855 46748
100463 1386
45128 246981
227133 113213
234576 278758
21774 252057
233104 43188
143393 54799
34710 25250
193174 146507
44644 171262
29519 95222
109850 58712
299257 298118
43954 299624
153616 227407
141863 198073
294059 153264
180664 168410
249394 195861
290069 234592
59659 139358
94671 45341
206424 148482
239328 153698
221473 47727
32697 61358
86085 181607
80169 153700
47168 264892
190865 278406
219547 125060
229111 278664
148450 185516
32846 198243
208482 191754
147077 52854
1214 16544
52098 203147
71705 235864
125998 193626
222511 81974
278511 290052
265630 164277
228175 290005
109406 197443
82896 248023
290334 273094
243451 277319
117417 96823
152379 25411
238641 40980
276701 134254
261602 195261
101240 228766
157610 278885
120781 186471
91297 180024
57453 297009
225621 292397
182553 114739
290396 292307
256555 33460
296361 48357
213454 108666
149023 116612
149239 49622
13259 277344
68277 200083
290506 165081
171060 30345
145639 26963
189447 212147
144215 84826
170490 141678
180014 259660
47373 247192
115547 152694
116718 198522
71066 260307
176469 192319
22605 53817
38705 233704
245882 141316
64630 251091
294832 256378
198418 59741
67930 239344
192492 234574
259723 144974
285280 202884
237605 46786
192542 6336
103118 57457
156162 257619
179530 91515
86104 42574
41720 103646
161500 163667
67451 219728
231891 277732
255107 96147
195651 111772
97036 89767
78143 26254
268955 287312
175955 109649
47637 120410
198633 94846
20048 275254
220019 26204
203211 131213
161840 176982
253370 130522
194665 44012
106620 252734
119930 87032
43460 208215
264917 244008
109682 70698
73534 151327
191288 110257
217136 102328
93945 188935
211351 118613
60661 157509
107852 247289
56341 259608
242527 63140
43464 215871
533 273250
102599 67967
147531 23379
35813 280100
111273 10767
295338 113396
195393 179493
192764 149292
85366 268991
178209 270294
12078 216052
167960 168965
107791 77356
160009 237409
220170 192471
85642 170373
195745 271889
82456 131176
223653 40577
203729 20691
85857 119470
184010 121646
217952 1336
126982 121548
119102 44634
74387 256450
145025 200859
8256 149325
167870 110316
266634 183588
116576 116767
4583 292982
105214 68223
213102 22967
185113 229768
46085 50986
94643 213973
95818 195493
162416 276317
280040 51119
278152 32170
268685 33407
204964 66108
170067 115379
30510 84236
182227 170661
70684 58516
13765 77846
71959 240562
132087 5191
128488 54161
156787 235204
25594 262596
5984 107624
66026 48002
137934 159342
27882 299992
3876 93713
61086 189702
169530 19010
281627 30149
161991 181329
172962 293200
211722 70545
218986 228807
101396 282531
76883 282712
187960 284019
146788 25671
272633 284816
30822 147652
200860 220201
209053 115108
172882 48844
134868 147709
112630 70424
278423 215873
32689 69497
8724 193440
192394 141857
195110 206081
187226 278202
131750 153620
136757 161610
296681 6048
129677 207714
228481 105668
69925 60010
54103 113506
54 152918
64797 280723
15156 63615
102969 43805
45791 171040
91483 298095
134767 192106
259028 221058
105118 205791
202248 42931
286870 212769
299078 147547
275583 142544
249381 118371
70284 67277
111033 31372
117838 189532
208556 121004
40057 60660
131738 153721
128744 279675
110000 77089
246359 102596
58402 287585
171091 142338
272160 201788
53415 231997
96793 90899
168273 211750
152620 54353
2446 90475
259286 119722
280773 218106
210609 170410
279228 282873
15554 281948
120998 161875
2311 209237
126431 47728
106586 137476
56100 61842
87200 82102
123149 262571
157448 202962
54202 275688
57753 236396
36858 197960
295754 299911
177497 107911
133742 68726
35606 200949
76105 175379
110140 133673
202299 171940
163805 178636
32350 113759
243619 278515
11219 277482
194312 62112
299514 38797
211302 210647
191977 234436
190928 164902
243311 296186
209021 290564
87752 281603
68383 233639
296258 100459
67655 116063
127916 54876
133979 243004
236132 246106
158144 96470
147419 49843
248613 106126
215508 169019
157541 34716
213795 286966
34197 237298
164125 55775
82329 292384
90382 212629
44042 240145
263099 220731
19747 121357
72210 110321
23557 14683
57646 268436
227024 166978
234160 9219
168124 103150
90293 99777
146770 100987
44832 59547
109502 737
273248 137073
210944 138250
29127 57780
283307 51324
140316 176113
134168 213184
188321 222972
178809 88082
179600 168967
133708 131787
74948 78619
18358 277096
126117 299287
237534 194105
259870 85601
91952 285729
52560 13286
137138 44010
78929 181063
232390 105282
41178 123496
22756 153884
62569 103491
117047 38322
16035 220227
112696 75892
177559 164355
200680 206584
237237 125823
221335 188752
10235 188604
20291 74958
208305 267309
16739 256024
232717 164424
123246 128835
145282 181347
209368 231894
220692 271110
95409 8307
279039 263706
6707 10957
235620 198538
164542 199170
289448 170050
239630 122229
291635 284475
31615 153323
280078 229566
196409 112785
62210 162917
10595 62077
187920 5133
168225 287694
2702 100930
234253 275942
251337 161245
95566 192149
227572 213178
196325 152376
163052 115015
63596 209157
189838 91313
154485 137093
239028 292835
106429 141042
96992 242445
212953 72142
125278 47096
67721 216049
209037 260420
88714 230747
107919 12943
17493 190505
211838 56222
264466 107705
263484 4255
123438 257374
280494 60758
185493 25523
126522 196493
149591 185263
149500 286080
201960 118454
146409 78521
5184 168440
203277 180959
62789 84460
16256 201
221115 264486
207812 240180
253124 125730
124282 213641
245213 12827
50661 269953
196998 31492
6006 155175
49660 250783
291864 223944
103880 161242
242166 296402
203922 159186
74444 247750
157365 285677
40761 284195
88911 115528
288973 15340
284255 150054
91884 178459
141952 145019
268195 295200
237567 60890
211531 32792
197300 94386
187362 211829
267771 168445
31981 218905
127393 54007
162963 247311
21936 91479
60340 258206
295783 292985
151799 32166
220982 60647
34630 51326
246511 107772
258370 246086
117929 270410
192447 43385
216094 63135
109359 288609
43052 45367
124811 154496
101137 241605
47657 1450
46697 290427
12645 244670
291055 22679
106568 206946
55673 187622
282427 278095
182187 288346
218083 150395
166976 33588
264188 255228
76027 202038
75904 287988
124363 8416
279396 96376
285726 8833
147687 230938
295028 208449
38228 199509
154976 116399
40408 169933
5084 221375
287409 270634
83600 39756
247384 193070
107550 269872
51581 116802
250797 75307
12860 161770
167096 252084
276244 224298
212001 272745
220953 260291
297504 168257
72084 24734
229566 243058
140424 28053
183651 185976
124116 21587
156927 88758
186330 87200
161038 127849
65577 280013
171313 239048
238084 229434
51099 290419
12717 94200
113911 112451
159701 131279
203514 254196
134557 197548
115807 120315
176469 216121
107001 24175
255500 227793
190246 60162
76784 297805
44359 82921
7957 64612
24486 63371
106414 196219
168404 290975
76701 233269
81985 165410
48631 55867
33641 112353
176965 30185
288749 139840
197751 81229
195801 99119
221470 87214
227540 147504
218941 28722
263971 31184
254648 157201
119669 39726
149418 153053
88732 204231
288177 85996
180545 272300
43898 36102
117902 36068
58341 255295
291398 158274
3899 86303
249664 86753
65818 98064
168272 281121
100262 26656
16073 241384
79217 294495
18237 45375
91516 124805
96419 19861
107832 46803
19865 146676
49150 242817
266996 37920
150742 119064
69583 26579
251371 285180
198225 17896
19676 176459
50310 20178
272623 99039
8601 101158
147133 65457
150186 122641
66619 171589
259733 164830
238238 193054
273169 44418
97655 223664
93307 178152
88990 187161
237114 96334
268828 125534
250069 275462
256782 224865
126184 151233
143272 215464
33602 218725
142037 195513
221761 150452
60810 158602
160020 12483
16375 15038
8043 37382
286440 143183
48790 287657
209003 135964
21167 68385
22790 13580
84160 14844
2392 36869
250417 235141
221976 13280
276429 97377
125292 79926
39679 164431
166759 141705
106783 459
164103 105754
81668 42526
282215 62369
180041 193197
154022 1720
103193 173194
96916 64564
1359 248553
27857 285730
163916 284951
160797 145319
267753 248980
239690 207380
206922 162394
70280 39127
64055 211278
81833 7710
243080 119372
26733 51086
189882 277519