2736 1713
105904 280082
104332 39154
205483 282162
258853 49286
96629 231866
127881 59029
18163 123530
83041 201259
40772 166496
173808 94040
246166 214975
14527 77093
79012 243025
123075 105869
157642 289969
297153 271508
153098 165490
176403 86617
89155 100054
92929 187703
5619 238935
208138 284058
122747 91126
260136 299020
138185 274627
100724 81397
146048 157446
211652 16913
277933 130453
244895 80133
114990 177249
86577 151583
260237 145415
207238 242130
68072 44232
127846 90452
246126 206007
282490 162317
250559 97718
130704 219939
252897 293807
3077 171325
221138 82249
109108 274194
2440 275060
136061 275571
251255 163038
127763 88977
133134 202921
204709 57635
290259 109443
183555 32651
33083 294285
9999 42669
278693 224282
176880 144262
106021 96761
183788 32774
276070 98969
79406 73773
238016 274665
18317 258117
120327 51210
36210 153539
179481 70799
112963 156221
14372 245869
253860 257519
34892 125187
255217 120867
219160 115316
121059 221338
60412 150951
15331 286641
189344 87124
257485 15601
67284 170460
150726 160412
220844 280035
172488 121378
67819 8114
222374 177320
256015 4804
153748 68119
7735 63420
131563 268824
105994 38198
249415 45008
54059 114323
281466 87727
219074 214863
275745 258962
177719 236381
209815 43140
111335 204988
19387 247633
209682 201769
193399 17172
180462 39918
146851 243416
231242 125513
227350 199518
135700 174755
175458 77061
68854 92214
118559 292803
63982 52040
28803 197225
44027 188168
51307 278652
76032 49867
245479 263110
45551 192229
165514 81897
137633 257785
44871 241045
127255 252872
286822 14325
16303 69297
60261 195060
102091 130622
99200 248610
55626 230215
27820 276670
279417 10412
156109 294503
2120 78146
129617 224302
295922 175145
204228 292382
18710 277705
117817 252300
221301 92760
122365 196089
208688 135079
267500 18667
280023 60113
207155 209998
141086 197462
92221 227574
118093 205956
225344 41596
102749 112501
139911 123279
116210 16362
35449 147605
271778 29168
167521 218542
162917 36313
227846 106040
44767 287441
207681 51744
281886 62203
104038 264535
220023 225188
72300 26899
292318 187401
48324 169781
81256 229939
161401 248897
201195 126498
267817 234766
199924 196442
76848 10146
9133 67229
192202 5624
69428 197244
92413 157611
179367 239294
72990 154060
235924 186154
268738 166040
96893 543
263305 214944
92597 31625
266257 121527
43197 287868
62174 92489
46679 211478
178104 285258
210749 290829
55665 223047
36966 194446
108557 216480
137892 53983
148284 247
290438 190177
58473 143235
248553 240214
178807 5139
93672 270385
13831 170475
25126 178003
140094 10004
273205 161098
198113 269130
97544 172082
54139 214731
2203 171091
79042 138745
231325 32544
110482 225420
172979 207015
130471 164240
248212 282111
154884 55813
40628 122541
60691 288791
159145 245079
180178 113338
281053 92062
151825 65121
290574 180730
262534 89309
242291 188745
54440 158972
186793 162142
86468 67943
224134 101816
107000 23793
8270 246601
181963 299185
220607 143209
138435 185474
148392 230018
200059 94016
58107 87242
187766 31001
197577 282908
221272 40616
274103 86248
250939 26352
249699 229148
258531 204426
281045 254865
217847 168277
44670 129143
163736 223633
138390 187695
17897 226324
173735 66627
8965 204298
233412 209965
253084 34667
59115 99862
57555 107938
174446 37928
82933 94483
2020 229773
152170 225239
133329 123063
55715 139375
239425 276306
116670 188451
42959 29780
87879 120859
157891 75707
260689 163038
287203 67681
173582 96439
241407 126980
214640 12275
189354 31647
39272 221348
96660 22007
263760 80101
207055 59908
58670 129982
95973 45969
249305 95086
272321 112949
27673 234484
3740 98883
228705 118370
265783 56413
261876 13880
233223 46370
148009 245620
255732 190703
223466 77562
242035 110197
122722 261343
183031 174487
32076 259267
274923 67672
291031 274328
144096 11399
251113 61148
150220 75410
118340 283457
48351 86614
206578 160440
187437 46696
92633 64757
191468 5335
69756 105541
47608 216249
62561 198965
69944 75452
77413 268991
178677 186377
204999 198076
54289 219031
10070 65717
155121 233590
270473 219675
28328 74306
83944 9641
222584 285954
254247 217559
275767 41395
196674 121375
131130 27506
258790 215862
121832 177430
241277 248677
57807 99082
290349 192285
130881 29764
154663 79928
215536 11617
7967 37910
247087 169309
128995 148651
96079 263478
201839 121666
155163 199752
14569 16392
55595 73761
30034 158414
134764 285134
29281 123570
238882 179488
165748 77965
274808 25948
252325 114346
198987 178483
37230 79120
206974 285650
154578 195448
127673 5496
148673 269860
165354 96888
208536 186989
229118 285071
29050 245885
150271 1656
29373 181240
112072 244890
134415 27629
295770 178324
254962 254461
130767 78150
21963 231112
220856 80218
130980 289094
127900 156102
55305 223586
172135 133088
185924 121159
255826 97230
200847 255822
30553 66962
205291 158511
264426 183864
154119 147993
4582 283702
157527 23206
120228 266660
65510 37016
191088 255669
239987 99759
270643 85640
262047 44288
33196 242078
192782 96233
231461 88163
130672 105828
186714 235678
208718 89696
190530 265419
224558 166978
8893 142627
279215 41272
267511 58683
266306 287974
50015 116049
148042 133469
237983 164556
83167 103269
252011 232467
168093 112478
17888 211517
289658 30838
187585 198941
176204 51864
121215 181012
265688 77792
148429 117044
41998 142044
215965 155404
137895 257968
139566 112533
93719 162631
25879 14504
257121 261435
284567 194471
63528 222632
131501 35405
129345 94414
177880 235830
271488 45551
116572 264658
123254 5937
230201 131249
49534 142618
10911 248784
135281 18866
147829 21948
133322 299213
49623 226914
149538 12695
115645 46798
239766 250753
28567 50346
132328 226062
169645 85109
237354 42361
273201 150359
97559 208914
94649 133577
288632 196802
111141 90241
71297 207432
11953 107082
235620 187737
205261 169178
141769 72691
69369 203879
32729 180083
237016 195356
226459 209199
219369 127042
43780 263097
33407 134869
71775 101455
95241 233804
211575 176274
135727 275908
24524 202501
282799 291773
178132 254909
64245 198338
63836 265562
70033 121155
83542 284624
75947 134997
199001 181272
167164 183332
206231 95739
72785 21140
19781 156566
107324 107862
163834 80912
133572 250764
187384 155645
250679 164113
150486 20240
180957 13515
48465 223382
34361 296767
160256 179877
7330 127157
140234 149152
233677 238890
169313 138759
92593 28786
11454 154349
90904 258071
118016 145047
45383 126356
44896 24274
75014 174123
67785 54491
19860 232122
251766 98395
205030 86153
84678 201026
117228 242261
250389 154924
285131 147527
207662 181461
100169 5083
5216 103277
291080 168854
127026 293021
254989 174517
197957 196029
175034 173314
196948 173675
192626 143207
181878 290182
119026 292468
100328 143922
289387 29968
829 23613
40033 279705
133353 91576
132837 40659
252974 92689
179593 128713
21819 137895
38275 200845
200789 295522
22392 53562
167820 138802
235038 36314
20664 103020
280405 22056
27381 39753
201193 67589
45939 183559
131680 133833
295222 160716
154494 251689
133828 39747
276312 73427
183548 3531
186612 28901
9817 102826
34072 121949
150147 86002
248390 122967
55101 34634
228290 122957
245604 234046
155017 20801
112484 166170
81661 151522
9605 260824
85159 159828
144084 96090
198186 277286
232944 110632
159303 9141
84913 137842
270858 292731
30008 54915
44719 46377
257440 91042
299450 100573
257719 220574
197250 13585
227884 20768
51985 79487
170994 261568
5325 243577
265292 282862
222822 9007
132595 208510
36340 236977
66751 170561
287458 66569
95540 275678
168105 290641
58799 218499
119737 297838
206034 195111
21111 86724
91802 170249
94313 9917
80909 20928
197034 56379
149623 262824
168293 136029
150534 191470
216708 46656
83066 144576
62584 146188
150202 143204
61319 42728
229440 217913
16130 12856
290646 153097
50274 31053
155576 89161
99493 134420
254948 4814
223201 174804
138493 21960
109027 188862
272325 145743
17711 257570
81701 93630
263934 212748
86295 71009
141128 200745
61265 118853
35591 252956
26685 295465
62540 151374
29522 96832
30855 5630
120930 161511
166736 284173
187919 139933
216361 166404
176925 279838
151847 114998
288650 20426
16433 3787
276845 263216
162077 152550
115036 29542
148304 15193
113341 237861
46235 220635
88188 179090
133378 225358
120928 253406
95672 75377
6932 149639
85218 63519
165155 74067
267661 15545
152765 275900
106238 196107
55555 175445
73345 143785
227605 21523
233601 187644
195760 102823
57569 204459
245501 136291
63341 270910
134151 271660
67551 196698
67637 173523
283847 232806
6822 127717
128582 231749
17168 238228
276582 238658
121793 69837
140958 139846
150774 53546
103122 5824
208686 26123
164650 28389
46822 217617
286457 51282
183052 138653
244124 296482
62904 44776
102594 83849
282243 244359
14216 153382
228015 194798
15432 282777
205038 254457
197494 172229
54420 251289
102879 49582
224730 22159
244885 281723
10622 105378
42514 126883
155948 140122
24270 73975
115862 299210
153480 202509
91405 117233
213950 82091
266654 103919
219858 127396
34944 14865
195785 3567
161473 15431
90874 233903
102430 134227
79804 162704
120938 245564
297654 155166
12541 30157
208472 157001
102646 216953
199978 83196
114764 259077
191330 89458
103519 91780
107156 239819
113880 76561
288877 46132
284665 93072
246811 202695
147020 154601
221967 19554
243567 55174
246284 264947
183732 141609
3442 182873
24080 268707
55225 264955
188875 124395
221671 78893
234627 220638
174733 94464
284092 278159
109077 107591
36441 276774
65289 131311
253489 296272
213601 63909
61675 244754
276138 148132
240364 191263
156831 53462
284604 112424
10920 122551
219243 277027
76883 39569
148592 179854
276160 273904
217002 13436
297717 254781
113498 180543
19490 277185
252973 235202
176408 19607
122698 231223
247947 226013
27838 288510
222609 146670
54758 61088
95515 299907
290870 256780
273919 35256
116071 216234
88134 105728
278567 205593
113206 156564
185704 294838
117328 282575
187531 207260
145528 174895
135405 34492
73472 124233
21127 107946
102367 107600
19134 200874
135954 150317
238228 122154
11917 109278
28970 291460
47114 126359
294375 222696
31572 71949
84927 34253
258921 35650
75806 112045
20461 162716
166989 58750
127459 111471
192071 297664
53615 137019
33939 212661
98344 81431
121966 199592
169204 88870
9703 275607
190333 276739
18518 178440
203538 12366
93309 58251
27837 33732
26330 122651
96371 140839
83331 299043
269129 73218
274292 51424
44475 8971
212580 271217
29578 259815
199475 179875
225769 262130
288926 85414
161065 116520
2005 118665
105265 48760
101247 32380
109806 35919
233900 162849
228054 220387
172413 253857
258355 44073
31691 158693
221866 56464
56437 85468
85609 207784
120219 44108
259589 11672
99390 264069
284683 54072
89239 186264
17719 27550
173005 95449
57960 213727
95854 10166
117892 277379
215323 298402
218792 230394
77540 131007
106683 98322
242273 222951
125026 163472
241598 220461
93713 40404
31259 223606
265926 130295
44548 151470
212732 39525
103315 261344
271912 64008
241809 122247
169752 169819
119096 295313
120321 163644
235085 240632
35855 72445
173511 295987
133582 125306
6313 140740
158571 104319
53377 171426
161707 252993
264145 65957
119412 183353
93470 61826
67245 33743
676 74629
209493 144584
73005 212586
131597 289114
282638 92155
109438 176706
95377 275268
291184 83411
126676 34913
54047 80643
85480 263187
264816 163596
4354 254975
145077 139714
55543 193859
157558 152885
176780 177989
225852 119935
222173 288388
80518 1148
114545 108439
67060 259051
165751 22511
46711 19804
141833 169916
114084 241671
98591 219039
221396 157052
202607 9208
115236 378
56606 286877
133698 137922
129439 145424
144167 21510
200728 22161
85528 176853
267099 153025
191217 157998
267239 236295
183939 129325
168387 45808
150670 222962
43271 80203
39407 250121
234690 150413
213098 110742
293432 214821
180961 102390
257349 206244
129157 482
202501 286689
72552 256829
162149 296310
22605 99878
12892 299169
128664 262406
90605 55975
186742 94944
223094 229265
154730 163236
92812 255934
93442 79505
20441 128294
26932 44729
170992 2002
105812 205311
33153 136734
82387 196125
262544 221766
281848 295850
260843 81294
172679 296877
248127 147313
44173 272872
111310 170713
215134 230524
108561 193523
34655 109317
163526 236306
276368 153984
230653 212210
272946 241186
118806 294813
88560 152212
82630 249680
112561 174029
140844 170386
83727 293161
252781 48726
90928 118643
5968 27534
113059 8971
281239 27788
272881 13712
117264 12987
177554 153485
86205 47945
88397 30273
153263 41784
41595 267450
137589 90951
21620 152018
219049 42494
193107 256230
161124 222579
270951 186299
49221 33970
159175 67514
64828 148841
211453 136312
76211 16818
139433 145650
86105 36325
160084 15106
188093 177345
135646 181182
91812 188742
290509 57437
162258 181148
180612 159852
167661 265036
167102 76171
110751 229252
269783 282524
266758 120718
58452 53296
210503 204528
252069 87381
235069 73906
100649 163358
57861 207858
13312 161158
156982 244030
6966 186063
20669 223171
140197 279178
50641 26662
285894 243123
224273 219052
240151 182669
17458 149398
210506 187145
75158 61691
146915 165445
55113 111900
57959 291680
95279 11326
91288 54128
4087 197683
127694 127290
225973 127413
85323 68985
226213 138112
245207 131819
150994 120477
147419 97795
270260 34533
42164 31103
237598 91662
38191 241164
222137 121680
176972 239325
10385 112664
63403 107157
37105 156865
156990 77262
17920 128812
123080 87625
154379 298141
11132 34135
161091 169712
236309 296012
148852 43848
78532 89561
155037 240271
18226 91602
187524 59990
253517 134522
112326 173808
230443 253760
95426 70698
125863 238360
112225 275442
15097 24295
225054 160285
228159 5184
164007 298573
156241 128494
291989 218759
96784 232382
250565 106960
71496 76917
180978 140574
176746 204829
105544 8936
62433 23934
210726 137775
292491 238837
98651 288379
16980 276972
237403 78816
106767 20287
186973 146028
90946 207266
112015 277094
255415 256123
274773 12980
205360 251690
124849 232610
143726 239276
189937 11310
111096 86193
145546 22276
251673 172159
54059 120113
86817 28467
36800 45404
108133 29317
79638 63744
14622 227727
7905 107637
218533 35359
18754 80786
54865 238549
3107 184278
83681 60165
11010 123932
214471 228490
109713 276153
114415 61267
195322 117500
73373 150229
27565 177540
58581 176641
236608 83115
150689 221044
196114 284834
273283 20252
251757 114664
95135 68286
246964 54219
120174 95027
268593 230923
99863 172853
167055 120394
209249 38211
242950 88011
9805 100142
188843 178443
107007 28177
235326 180298
167355 230034
248356 159162
76333 205838
208049 31128
80850 164845
14569 123209
272622 267627
76053 166458
28475 45695
101859 267382
276191 195365
276381 73368
224698 93424
163284 187849
21648 84335
175307 278488
50541 291082
85671 271414
126090 139262
54124 241527
118918 132717
44006 202947
160280 229536
235301 107929
290571 68732
42982 266137
170303 211857
157083 293260
241298 285460
65225 119789
124767 160280
232578 299739
283585 260952
150830 163238
285141 165493
127001 36287
192928 237723
187307 253327
196554 45842
259988 209294
38475 133039
80213 180906
229414 123985
30499 210866
122339 7197
164485 213363
182345 240828
16535 225417
42888 168984
99237 86362
5003 55140
112435 237987
180127 184341
204904 73403
196498 283691
22420 262712
274549 294740
44931 289735
67821 211577
22705 226197
289972 269463
289027 107891
258295 277533
193602 251127
41003 98123
157563 205113
64741 275389
294619 61558
18460 263936
260232 84363
107129 130165
129242 80406
175661 257069
16470 19306
255253 33992
152454 135575
67077 83850
47111 99623
203458 172829
244366 244210
273770 5304
193539 284168
154910 132541
188175 66779
167097 90122
211250 163541
176229 27239
488 161860
214984 226580
157783 192166
97468 73047
252081 69845
271008 95973
231600 77334
296347 6381
71223 17204
178814 246025
151246 109997
209361 140580
264500 11827
253824 87914
53949 194073
193595 80178
278862 249854
14417 58841
244164 45653
173014 137822
77531 90799
174975 149824
84122 190168
135344 99451
135795 292999
109123 124502
245925 7946
269849 189271
82451 213208
242296 285657
54889 276494
59552 232071
169206 181472
199171 86591
207851 283135
288874 119758
163374 163126
255394 6849
275928 290555
1794 169087
162477 32102
39981 224798
218505 186701
245788 41678
53235 27576
225975 37460
233005 160781
28896 185759
125603 299934
25270 29911
292437 58866
88451 268297
45088 240886
138114 94872
214893 70359
289777 186934
15933 125137
82049 255828
37709 134070
126071 136967
47440 111233
75029 48425
224390 156454
138784 39590
114669 276711
233328 137944
224374 210961
294782 273393
51815 116568
106861 137155
9170 256180
54823 229916
46336 53342
231847 298038
192364 234248
191038 260701
224230 125792
275592 180014
110547 212153
294120 16838
117154 256600
238138 190050
6380 19098
237809 20594
140533 73436
170787 251408
142814 122287
256446 276823
107097 291678
54789 269036
211239 233944
64063 31264
290566 179398
147385 103318
191041 231177
24837 134056
197103 253062
169749 182219
173099 26275
153412 151584
257663 226585
216646 101786
168055 166818
276897 122199
210470 147893
64098 285287
54406 259908
77826 126125
147989 149533
80884 249854
257655 208954
12878 131696
109385 121598
142671 145137
125455 161334
101786 136576
141257 271828
9371 224493
246220 19367
92359 164246
412 237555
150658 101491
75074 178411
235155 146762
245905 97688
159279 33373
78297 286483
210322 129167
207477 49370
285780 107408
298542 16996
217173 154368
282559 259092
97507 108519
291302 171176
28010 6659
199126 48536
216347 167805
49327 177406
119675 130803
168868 190415
275147 276550
138960 270573
141719 194654
256990 184295
276258 31743
172290 296637
139399 57669
173835 73181
7013 25604
181701 71137
129214 198500
180124 121877
60346 276650
50812 78779
155624 78523
98108 271647
28508 117319
89771 211832
159936 31949
163750 57004
61575 202383
119280 266174
155332 286208
103488 283987
16032 118543
117052 256741
264701 112155
237679 76896
117616 187272
6420 216182
290281 259522
197183 51524
299862 229666
163735 224148
228002 119225
65206 4331
218609 194994
164404 203204
187517 179545
243121 181718
85758 195766
122746 8685
42034 25287
206797 285900
275129 38337
165718 64639
90454 89830
13101 182802
125796 211946
274761 259543
57006 233066
218980 173268
71296 247635
84542 85960
10628 253291
178320 204806
286439 206782
237511 17668
287352 288357
110775 65155
235900 259704
123179 174415
160383 118756
267249 40564
53908 224207
176887 193101
111384 9837
176480 206993
177071 275817
3759 89955
112081 280083
48026 34319
120308 220089
264084 244484
229241 237490
144387 154879
85651 168240
29973 214940
152581 101687
274253 276439
9701 46921
70131 176910
8189 8465
53231 271288
113414 240176
193217 73341
250026 54568
157137 235913
17626 18867
15336 179172
288302 84759
62295 124131
46689 249941
291204 96837
57594 1096
241228 197673
292563 82072
113996 35174
193434 261833
155217 185787
94927 287890
248178 280378
105113 263028
148917 199307
194086 113417
209960 267158
110433 107821
3894 56267
262720 223086
177788 153021
82283 105010
190383 282083
99016 44392
71022 11324
45324 183414
231727 168168
209635 40102
69714 226291
53547 90683
292547 273883
3886 6299
49155 140681
296819 1435
257530 285394
189849 274796
234472 43760
146195 36431
143669 98046
276598 259779
9970 217632
296649 295373
277896 23084
120398 76550
2855 178034
264317 155472
220475 273633
190292 108085
283592 174178
151514 280343
242105 208029
1867 219819
110655 67865
82845 297360
253162 289637
90892 171762
169857 276063
102184 293203
247848 140932
269035 201528
228365 195066
253777 8561
136295 278794
35239 196800
110711 153767
248522 55414
118287 82498
63888 186753
194121 255960
173521 34966
62643 186885
158543 187088
24290 117874
243692 155884
298117 211986
47945 55120
57973 174299
55950 203921
86582 98979
254091 248970
88858 4261
96631 232518
133343 77040
137854 245627
211838 212199
108231 96241
27912 151371
297978 271493
7823 183925
284080 145174
30916 160871
23386 8708
94366 121391
67424 18222
214974 199816
189613 259369
218807 91640
107889 9900
262494 144567
56111 18084
15764 51272
94415 179166
70235 35149
90900 90365
181083 266270
119593 215709
40366 282950
3334 95162
99654 10605
215418 227078
268641 70995
199716 219084
119013 153557
208263 52495
111845 294652
25520 23346
189115 284724
269386 90034
72194 126525
233000 64350
256050 91153
240021 204366
41840 88488
119280 215190
101332 59194
92932 293106
295792 31127
223912 66571
201472 64107
102163 126221
47028 250093
159202 101340
41843 14224
209877 168811
218841 206597
163542 149548
150492 96893
46829 180312
108855 176452
166612 290930
229905 183801
190781 51705
68297 168673
90916 143127
39429 62401
218665 88247
164224 270339
232696 229043
295541 182570
58830 149085
21019 167994
55398 164962
164690 240039
56868 69494
256661 27565
216116 178900
61226 261245
3216 73843
254152 247336
239894 197112
20509 99368
122632 245693
186218 68216
77697 43100
47356 18034
260038 248145
78616 139204
22888 63741
101029 165512
256949 298785
185360 46288
290513 90757
283202 70380
246125 122837
51708 261670
232995 208091
172091 283167
172645 158679
141826 246197
203722 81861
257284 114406
14847 116665
241028 199700
228076 214081
68492 102777
236239 178868
29205 178848
273833 6914
172353 94710
246746 139890
149854 143940
49200 106802
40713 69443
278288 162915
266680 159310
171601 106620
258828 87560
77803 150148
226159 159926
54795 7386
281201 37037
254110 74799
55860 47950
165695 76814
42806 238987
294284 46190
241113 251410
26540 199827
290909 222954
216105 140587
224710 295273
97807 251475
280143 2278
221722 246906
100249 279927
195567 236803
223676 163622
294556 150041
152996 269204
194766 89155
121969 145943
82294 272249
105102 227772
178330 101953
257032 200267
117288 13087
59978 77470
197366 126482
167727 275084
29487 244477
195183 182302
246241 85120
56564 190224
173352 217792
73901 96962
122617 58383
42849 30631
184964 56130
262135 238796
51566 131474
276892 148775
85656 197527
171353 61123
115809 184021
163134 272870
260062 14484
111745 108935
23225 218605
170270 127839
183776 79948
254186 298351
196583 154465
177350 53844
293577 48096
277508 264486
232288 252705
256409 123850
263185 104656
206351 181827
193437 224074
30139 20396
210192 29315
9171 9686
271885 31798
69311 37714
10023 268189
191475 64591
106100 44497
223583 236089
272829 102763
197372 298610
54957 284428
185746 92721
221777 26347
105513 20616
127729 195992
248182 36519
270280 174531
100583 237836
106303 288214
221238 283992
56549 55082
171288 203071
102102 137281
131127 116
246962 222088
244542 277073
659 109327
14110 145090
185273 230486
260801 176392
114817 281095
174432 58642
63113 21215
296564 24673
52143 181796
162513 79021
41510 239349
98334 69293
233283 212949
240153 200827
110772 3409
109882 249274
263227 185550
206718 3471
219234 82232
179497 172006
90160 141399
257092 56287
273915 51931
227036 3551
226873 279442
216052 160898
48279 31367
1708 80078
14342 245874
295874 180039
164360 136560
78490 63243
37644 19448
274800 196105
272307 65897
153713 183803
118636 22547
82887 43531
83903 260806
210798 114219
74199 105739
196081 138998
25430 210871
202952 189617
294642 65357
177404 174939
113783 81400
176491 3982
238413 213452
62930 14131
160430 211273
218789 223642
271893 177545
282593 277683
250808 48273
272063 200288
94776 278096
25655 226999
72204 262478
289928 40218
99218 57304
195500 27948
111321 91735
124300 97530
277842 217810
220773 91887
260102 106211
177000 126670
197971 194222
72377 211440
100976 99271
155378 103120
259424 76035
180393 51961
184925 107544
99927 29596
147084 117305
109419 219271
96269 104140
167997 59906
234226 191579
259154 55449
35252 154402
153501 161281
16162 23784
106753 289767
182862 193004
20010 34225
51217 51610
82766 217745
224382 6823
238583 185423
113509 96062
127415 24070
59055 90645
244224 1073
172693 131018
223636 145581
174573 137612
8090 214443
256818 95772
166246 40920
3305 167136
181447 22952
209143 19645
134502 1721
50193 146371
51057 293975
124298 86828
259187 145151
80332 113579
261994 288235
40789 6798
178292 124134
136935 149583
255769 36469
155927 83621
269394 250990
205814 25016
285458 89092
258606 37598
253363 113523
277322 58684
167394 227689
212807 113273
87097 5963
210048 168152
159437 94434
264668 25266
64138 251386
268829 268277
181850 210804
39798 153067
48514 283958
250133 181399
261212 139365
128504 294770
291312 33096
146629 133328
187963 69571
23247 208436
40181 225170
46065 137828
268250 23425
21968 209901
42623 115629
91815 190615
18115 73613
97766 172999
292392 67261
111760 57895
193556 245313
108884 171064
231820 90232
172526 127156
129864 39850
123 171466
25934 218786
266794 80158
136336 132326
231213 103885
191540 269752
28047 154808
26279 187989
173945 206059
68640 55586
162515 190823
217556 245156
81674 162677
30272 216054
143256 66128
235470 47129
232817 12682
172051 70952
68488 284004
140619 59897
76528 19284
34918 242390
26398 230484
16317 187522
254394 88885
233168 49781
233858 111843
98764 130448
179107 190192
192333 59285
75812 205552
273250 17904
195802 265074
143868 261380
147939 53822
60691 30098
262980 17172
23275 50911
242630 216116
45158 50949
172810 283797
216348 287641
52107 132065
44809 68324
28726 287084
230136 245347
61285 296605
71759 60370
62163 291478
69126 223819
71804 6402
155031 15290
167994 20120
211382 129166
195858 80216
136068 158168
140310 43462
126602 59541
294694 181644
140695 57400
193943 148914
155195 296509
161183 169198
289189 279051
133523 151149
297594 220743
79831 216127
64988 57469
61411 3891
171769 113044
47075 104269
25286 61133
86294 86527
102306 165141
143728 262449
270885 208970
187745 272711
299327 167322
40651 230593
47457 55273
236116 91272
135879 190148
33040 219833
89701 216182
271562 59922
2685 227024
45025 175355
54944 168309
191205 287111
187619 170724
131060 80141
55147 220461
11229 246084
183268 115165
81826 79771
179863 298268
42187 256780
3324 293614
169301 62795
112695 150227
113198 15628
25903 128475
281087 55634
46518 270705
182103 46843
161512 238643
124943 116908
179526 11871
240027 171174
214485 85964
131413 262228
89039 256753
192371 28736
109602 125719
23162 117218
22884 255944
72376 95755
221337 265979
51789 232852
194179 184566
54036 248356
210714 244223
97369 185902
171015 150965
133680 18780
242494 271201
197650 276793
124991 216104
216385 264842
70240 52174
88687 27059
59882 170688
46634 105706
175925 11503
56590 186964
47262 211356
262357 20209
61055 44295
173582 196265
220891 189822
219511 31807
12418 149532
218128 82074
181367 169180
42091 219716
9362 133882
15516 7919
63233 272736
102229 215633
271162 274959
9639 178960
280760 278275
207873 51312
204476 281504
245370 294133
247600 237591
209008 207307
234969 9384
58326 235224
149959 296239
251111 72259
255637 286076
152762 33370
160180 22238
261205 11838
33799 78023
23431 182873
208352 235024
243773 189735
173039 55619
273171 217317
114686 263103
160400 248836
108636 167245
152224 275885
117127 216681
211996 225448
4001 61095
217740 256942
264095 42934
289275 187447
206558 58571
21866 98945
134669 164408
43592 82147
214401 117005
97256 30284
72166 66032
87695 52062
192434 283997
152951 285299
89334 184664
117865 156493
172334 31475
264650 116276
222349 172773
21400 99127
100553 244575
234583 7852
125401 266188
276620 79198
261909 64939
93010 51040
268889 56652
295829 207350
68037 130029
17538 144959
79521 71466
265996 266243
4965 160256
5194 128556
132892 80468
44451 77667
58193 159361
231958 168801
285690 101046
114842 132739
125279 12677
113019 198635
76328 1757
75788 249136
203676 252260
233912 210720
128335 268912
119749 250107
200914 236810
90773 220641
152778 247012
20269 159139
44651 193931
32963 267768
242988 13182
27183 25914
226163 128225
86135 259803
116563 246703
9093 111202
259327 26233
60533 173873
206400 42541
46499 1162
192777 194896
185357 288720
207931 3304
221160 154004
71023 272161
92070 176878
160593 180359
50850 231726
50417 120212
28969 86268
188819 152443
44099 214772
279716 229907
63496 285098
51017 118036
274685 90330
93097 215503
113968 36792
17533 123282
171157 221097
195555 74727
268290 95989
187886 87394
231458 131894
58236 260826
114023 23290
14062 258641
21590 220733
88813 131001
61040 230289
283829 242947
195541 37664
19898 138404
39259 154169
105396 89124
112184 65236
82726 86311
231786 89317
102566 234874
257352 205514
28582 39221
265130 248763
230258 239265
292817 179243
253368 22312
43887 99309
22111 167094
246771 297263
87816 135833
132869 21843
42928 163607
99880 170406
147689 93118
88129 160861
216362 264036
252833 93462
131619 238881
188535 195307
139609 244963
20349 174109
47144 163826
87458 138748
271856 2801
277715 4222
19459 164783
181071 293201
220461 95704
56882 261331
32061 105561
49096 267361
33250 40836
27535 43658
296358 226322
142368 195705
249835 282832
73189 167028
66530 19403
92173 152674
62122 227721
34888 268436
214203 5190
51671 30767
240221 248762
273957 195027
23490 199990
210312 53954
273889 166773
103764 287083
192700 279822
291965 136737
242515 149793
86538 71845
79488 258835
113183 185257
234213 99232
192834 106157
41722 201738
111193 50948
98445 235406
296562 254977
117669 72212
10049 203889
262411 184110
230974 281285
257179 41235
145606 128777
51483 33497
107897 266705
84700 253118
268659 266785
78971 157701
153393 200845
80659 51015
98299 188130
258230 278689
242500 253033
208134 16869
79751 19873
172962 228812
78355 135403
182070 121356
241214 237012
271030 125656
281531 206677
88816 260463
214875 17313
96051 139602
279373 137876
165771 276341
279571 29289
33640 90996
279034 26172
46775 35273
201818 146354
87862 49778
83324 111346
5882 241385
190238 77897
8846 179378
268248 125485
46000 116926
298306 260745
2759 183649
142543 159612
150922 99801
101750 181910
55987 227096
111148 105649
67001 245769
145619 130963
213673 229246
16217 253629
217034 116496
153251 268967
179369 255887
11670 214169
13098 55029
286084 92315
200763 90148
40690 54943
256711 81542
71714 67608
127786 195461
201443 144747
287493 144465
259376 131327
154030 188678
190938 165307
210895 18492
141155 263561
89168 71752
102094 270670
81076 275850
80331 116294
170921 35723
20877 156347
75852 285978
158438 59034
107680 118673
26772 64187
287327 169258
235132 105875
77492 88896
48880 114905
18886 125316
201346 7888
220341 289347
232862 261923
185587 19194
26221 285434
39564 202283
146173 102519
19237 91435
209306 270446
238176 258338
36550 133184
237864 172447
37521 145608
111495 278569
23886 62323
83465 142937
73043 220684
4097 180431
108083 214176
149359 272329
175949 275400
147382 284855
35276 47700
299079 18596
89271 148567
206797 125008
192102 105506
86641 49088
111210 173128
56604 86355
124080 71784
275490 56665
122084 153933
242916 215136
189333 67939
132262 82150
158128 226884
241409 7689
234788 150429
293223 281970
134368 86417
56409 158979
224492 144631
192847 124735
157585 269383
179301 258847
179056 30207
281159 6476
297381 194989
281161 147781
6240 128161
97152 38322
252105 144000
36255 251703
275598 234778
259031 104335
171172 241278
29968 111524
208133 211025
260393 224606
168327 51280
166165 277818
89315 189518
140804 215679
172098 55221
175444 78063
85953 271935
222521 16125
171639 59039
170372 76819
143504 209574
176732 198867
239731 184114
283531 138688
165685 59481
49862 12532
23452 222266
236077 3306
133680 90853
85167 162882
96493 231570
287914 65097
116935 285144
147805 174170
254636 211318
41680 78975
39847 238447
67475 164488
75659 69159
146490 228428
236861 241603
40352 126592
262970 113644
18310 48517
110134 79752
186578 292181
38769 215794
63204 285573
93925 277846
30381 245341
158814 81724
30387 13999
244776 91834
228925 161532
253929 237225
226692 234985
219596 98695
262315 248589
273840 299125
287738 82585
80799 176420
209148 91629
290408 175937
194544 125646
285878 234396
30313 259011
35999 290090
204689 218203
293433 88554
96861 295730
24743 198887
224334 26398
181108 198607
117431 161423
285782 100466
219182 191501
109839 93465
48864 141978
66895 42264
161346 100808
258377 45599
231746 122727
8202 111426
250013 120815
13182 194780
288849 254593
252475 217102
161022 145819
136292 53207
161014 197168
148696 13686
54165 278238
103672 180389
180595 213524
205530 49363
93678 857
30607 260251
16157 108388
227342 243353
212300 175638
252614 161322
181217 270047
50619 104139
87281 82745
2217 248489
292031 149565
94973 83851
217991 281942
111753 194698
285820 228788
130115 286544
85306 103447
237080 3920
290345 4927
154032 121268
258941 228744
243549 273267
41159 249248
141564 1152
200074 117391
27179 108223
195157 282651
35342 62518
66572 249978
278632 62671
106946 40016
71216 285969
239903 238973
51181 152139
142030 112327
163379 96146
126281 82595
185216 145607
298077 10013
190659 109193
76840 220348
123504 21527
95615 163007
37416 65382
278438 76528
200526 235355
204566 299271
22554 84803
130121 93841
243579 25921
137022 47118
90092 284450
226856 294122
96909 26307
119189 144108
113389 121362
264248 67104
280891 277030
70780 147960
44556 233173
44954 242485
124623 43048
227356 262931
79464 91062
229595 204092
262125 255977
252796 293173
220133 66404
47416 208728
133341 76798
155867 70499
284216 153583
79469 295196
272898 134961
164744 289114
283909 14759
239603 195125
39835 273606
250374 245833
224379 86209
281472 255707
74149 23757
39097 203466
293960 48267
79382 39028
227267 257088
40723 200376
116999 267249
162874 15385
195267 48117
20893 217242
82605 256010
564 38272
280857 33754
164970 154302
22841 3280
247061 143415
148544 34929
134235 105775
62652 47400
116174 160985
99671 33398
147455 273315
216649 166384
47542 62884
61074 58729
230634 73332
20006 264365
197168 138624
243271 52388
254433 240742
220913 83809
140400 132621
105132 190644
283400 282518
50645 116991
188257 131319
85093 46538
110847 252728
96790 240687
245633 151025
255667 172440
296830 27159
46685 219504
211988 91968
260199 163514
122042 24448
59102 3939
76638 84306
100096 203969
66030 142667
254880 126196
122360 206229
9898 16397
19538 220919
138680 282728
119277 15089
176582 279087
285993 37485
27343 221509
43932 122303
253285 281159
40939 17897
299228 32429
285194 132300
77213 26265
298454 196944
47801 187523
64565 289127
80141 108237
21542 40878
205817 139443
291868 197571
154731 50407
143640 28807
152386 21091
147427 185130
124852 207576
108397 73143
64977 97428
24537 228482
121833 1392
92124 76580
256123 212391
99079 32941
251334 206412
73438 290638
284058 81292
55926 276124
284847 95510
249372 202723
272013 206568
40723 131238
26758 55504
160365 125042
258891 255476
131322 23856
266638 23148
71048 179426
111525 235944
73265 52266
53048 24577
245694 119927
143294 124545
228161 241054
159094 19828
226574 88789
69664 274086
32194 215278
199908 290378
73092 147082
82308 139303
246678 87077
231243 116753
61177 181743
142524 98389
25307 299643
211039 177633
166803 296678
69097 122316
67272 192375
215126 180011
72413 51015
208703 139246
101734 53630
261220 67189
13773 89469
232281 295403
227994 152266
148405 231007
38272 80269
36212 242297
135986 95523
153332 26161
171180 223705
22073 26023
130273 35702
148208 270488
11070 258230
298015 298703
78562 204998
79643 11914
21844 253539
129378 130838
189814 174640
269134 64748
165215 129225
174644 106457
32892 246621
52694 31106
223674 19072
257805 109234
85973 18781
54569 13211
25425 129776
103096 115839
85489 98384
269134 41534
69552 94266
261528 298111
228452 228170
70889 117192
109891 166708
50954 17966
167206 155068
154808 265396
187920 2385
266289 188935
231841 223906
270881 8975
15241 242662
279363 121241
157738 98254
210807 189948
288821 168149
123266 72368
110457 101534
121846 105910
173268 152848
275925 88658
50445 169127
122589 280891
152705 216779
213641 238401
246985 29135
28249 257128
146589 295900
129511 60558
78677 285411
171285 3305
231686 43731
207904 43024
297211 103408
146700 38045
224760 92722
61047 165601
133458 200900
50402 243656
23362 236134
119533 43591
297846 124049
157567 84453
156408 292325
23348 265427
280996 219181
32860 40224
299166 61183
117261 103581
106734 26297
178247 20418
286604 32446
96140 246630
47633 10780
100133 45214
226460 184206
2170 256528
24901 19557
276217 150001
128604 234708
109369 120495
253003 189162
239860 51812
126557 256791
172870 19671
27836 105803
110293 294812
180523 134244
205819 285815
271400 271210
226760 240117
268051 287498
175231 160676
177118 125892
55508 276517
183752 5283