2956 2768
234076 69535
40873 66055
240467 98117
129412 153007
198290 145218
59762 272628
114382 172928
57563 255625
245533 235344
196371 84629
89120 147068
60719 126783
68614 15971
107891 253886
223040 139171
250618 211386
10053 175015
54108 70353
105837 148512
113427 242667
1842 114261
244087 152690
111112 81549
111070 266234
289512 239186
48396 13970
73088 67996
150222 48782
212259 257670
264920 121506
195484 50635
141468 227321
132674 226789
3024 95067
190150 160164
159919 110128
118919 149081
262548 28193
190377 38155
1704 222460
28300 61666
183262 295558
49626 172898
60456 215423
96872 287938
177753 185999
19806 129113
157842 266271
152674 131332
190247 9000
167705 241623
120481 272168
239925 98908
238335 229874
129368 15894
7682 150577
240337 208082
133626 90799
141248 43573
276644 67667
208230 45043
204580 20729
164295 93829
281834 299731
253548 31517
53705 176553
263173 249422
222651 162225
111587 62343
103014 125786
22938 138211
212870 213801
95913 187901
113643 114655
290112 253982
179488 174213
210331 265329
265405 246344
239572 97972
164073 159081
60501 67502
243379 286737
284476 185291
92330 295915
185796 109990
243882 5120
260246 72911
115263 163169
276460 100739
11926 254199
266932 151387
71656 140962
299058 169493
75795 157553
183999 69423
71096 228729
223100 248907
108406 284541
92336 175170
70456 258890
108437 262307
177426 212409
91946 28061
266955 115011
150345 97679
187971 94893
42749 22056
56117 295489
20752 144369
104572 142721
121301 86756
157939 139089
92918 73195
106141 213255
286495 5649
118475 82323
47646 190365
275302 140763
72122 210388
7939 136142
256164 107100
66384 79032
139199 17656
167748 296115
281701 33107
19203 92862
18798 247377
278340 215428
261390 124862
248599 169660
19034 161206
67461 209440
271931 274722
137684 263044
123119 184332
57858 134906
218334 27864
299983 233176
82164 210459
180914 42708
106201 222941
51870 205099
298658 37461
7607 16420
4462 221496
268754 27484
31997 19439
146547 246678
263656 156776
126174 595
122857 122208
277429 215373
124318 115938
35433 24598
275587 156989
267321 64925
133044 60696
135338 159110
229217 39309
86502 143585
133895 273626
224647 168743
85656 294016
226542 253913
164286 26553
136716 101908
189475 103785
47671 227942
41931 2003
203792 170491
131884 170195
94381 209548
175923 54740
30907 126958
135617 150282
175003 100832
29633 206921
1308 52382
274064 23401
103754 136405
223726 90245
260314 24778
104633 50053
173057 286527
76117 5291
105061 277713
170214 86393
26667 137205
189364 204172
87546 182012
118038 61280
76507 129066
87007 285179
125465 81557
133533 196105
224128 7673
46173 128729
87624 85015
134163 281721
32326 19260
148635 134410
276293 295715
59983 121926
9807 45894
104823 199760
262610 122674
150391 15968
244479 168437
272032 77885
278087 213678
119185 198951
291362 167660
21954 114353
39383 167191
57843 101237
130101 65729
272989 253081
96386 145358
137683 97788
176802 87690
139747 210957
99527 88487
212199 147435
14280 182496
270183 94188
287256 110785
188117 279055
125887 112954
151207 266481
103627 9966
147772 293790
284053 296821
71992 214967
61076 128974
28331 267908
262760 66787
218971 206089
286054 253784
180923 257492
263684 267472
207699 259742
248462 119677
46685 62331
87534 70968
23356 121058
248610 96241
114425 138954
289176 243399
20225 173621
87015 77741
141559 176319
281130 183129
45585 152305
185097 18522
98024 252508
233186 33684
153481 191549
10590 234374
70614 42406
179421 281840
284661 220914
131662 42408
126188 79815
219560 35839
164619 11874
238892 219064
173544 260494
68959 63882
213011 278137
144697 159248
146277 178572
222666 26094
39027 95663
55717 129681
260524 294139
68473 181431
144565 257673
15520 85210
144823 156842
179194 197433
93880 173361
130656 73327
65413 23918
191856 291783
121245 190427
95607 155017
249758 13722
174065 42101
10046 104044
164204 50913
117615 27609
103262 294165
272661 146840
235926 22322
145010 283270
285520 47063
190343 179906
24376 15825
107112 91215
159811 19988
172783 123102
280177 149040
155244 241000
121271 287715
109272 58036
144215 131343
33324 143458
238244 158380
243493 136516
46657 55757
162211 10034
105989 21876
264671 229208
196062 214762
181470 32702
13679 214465
185874 271533
54837 73218
136495 292583
181848 287338
288727 75663
178531 189180
200355 73968
87126 250020
286194 227522
198570 92401
231605 43439
72043 160498
123809 169034
235459 249200
292515 157465
120499 157421
209592 233686
148957 264652
127022 287036
131548 244338
246636 201343
161926 271852
101494 173808
237625 46288
226824 144416
109016 286736
145338 244878
47929 7641
188289 43809
55078 108590
179475 60169
129259 174216
168095 274030
148558 272517
283440 200751
95638 205086
81940 79644
95116 151447
211828 32335
76777 169434
108940 53798
176448 291613
257825 192143
46286 165961
48236 294255
91342 211039
147875 84671
277252 181241
73458 144408
199689 226598
188595 196965
87386 62070
85928 1134
179215 256196
248752 110374
246193 290785
259007 159552
216560 25562
26730 55141
212894 91133
19259 275934
290900 253475
21281 34105
265489 25254
128372 257155
236841 17820
191306 192803
118725 184491
11447 79181
45698 254238
32132 3339
245278 209721
163951 149
237265 201634
251183 145030
81747 163944
156563 53231
138847 72904
136961 136149
12077 213119
26937 109383
64693 119230
167651 188193
51553 38664
211641 30448
39073 236841
263522 94672
292403 119085
63502 192456
25693 192058
148599 105389
280843 290724
213568 213827
63146 142912
128238 32034
182359 192003
246168 33108
213089 287562
37569 160861
215943 132288
222336 40302
265408 197902
148486 255844
183344 98452
220228 205063
5985 156167
228817 15464
182941 7015
256910 294043
225321 26663
131876 215435
199008 175466
162119 209128
253586 104038
252153 61383
229740 74951
253255 165201
56198 157968
241105 110761
202903 234922
289719 37149
254814 119896
287169 266047
48446 49341
275890 21395
287540 261318
167053 257701
282828 108602
46558 13324
65406 103179
27744 293832
139443 111197
208231 240720
11570 146033
227953 51505
262852 74225
98591 155896
18800 295983
71755 98256
251573 51650
22939 161291
92751 169528
43748 293844
244655 191037
46674 157394
255631 235063
239177 206761
164120 265844
145177 147393
261576 191457
6209 116295
190672 184236
192461 291600
263927 47580
84530 267948
92168 279285
104017 199891
63497 213354
135785 121064
204126 68544
32352 93261
251840 9135
21431 24288
190332 69732
111697 101299
260370 238623
293148 82548
75607 122308
82010 285143
253636 38758
125469 288078
203103 122488
130987 64822
251587 74124
229261 165110
288784 98618
274470 255875
127668 97707
282646 283551
291732 47683
116422 243223
168464 206474
193842 142782
243452 122308
20603 24408
139257 7139
242531 272508
71676 215510
164890 109463
299855 225658
75338 178553
9795 177919
68358 43020
283055 46515
262185 177361
215437 268275
202128 266267
30593 158352
233936 133270
192060 203316
11308 107553
21717 154639
97827 7335
293100 72161
293257 232989
96162 259640
172979 269408
124921 184854
129681 153491
150497 65339
293463 58777
70865 155930
251089 201191
68639 33169
83298 174451
265718 33608
2429 63239
210441 91291
282284 102781
48758 91049
7068 137826
57813 43952
95748 135629
293115 186581
90650 246951
234568 57051
221866 106565
85047 295266
295669 132516
221035 36028
73329 200482
54772 94418
249188 38112
84892 109762
202486 190979
87768 117430
125987 34963
69163 162127
155280 260941
145683 234329
233068 248227
254915 87252
32691 206983
284155 177132
74968 19913
87049 129934
93118 113250
222310 248046
243569 278417
173880 189708
44405 271517
249977 166345
211914 254423
137209 154590
27836 29742
35922 76622
116222 101866
77475 232028
29081 137512
208147 284626
94169 185959
151295 122285
266184 199027
207056 264599
124854 6863
51145 133163
202908 254860
223891 219404
246926 169953
74277 186034
140365 96525
256633 291127
269715 122664
188363 205228
138701 108834
111253 169285
12136 220370
29961 108263
61189 84176
98086 146248
63800 82298
202263 34377
21330 8591
193950 42718
116580 83350
163762 136903
128240 29
30802 229086
144570 222767
29958 203813
43448 90879
262953 259949
16873 89049
61738 105401
57918 22250
67244 119633
282977 66166
131090 183077
46901 64781
76413 14955
175931 91319
37074 144975
149419 15687
172987 166198
75740 54825
183184 165315
216380 276644
161112 88161
50441 151930
155621 98197
85149 37710
34332 274846
248603 127888
7436 131399
165925 259331
168979 49814
53527 33858
201000 201458
96454 175293
148364 33434
179306 122827
103902 95491
268809 257067
122297 232943
291901 17569
84647 112534
16456 24756
128171 205057
107311 193467
438 146761
207520 247491
91946 16631
252355 130710
64187 80449
243603 102547
271983 26667
285442 163930
197716 143318
20448 256209
143055 58824
148027 188012
214904 164049
130609 20898
212916 233722
264529 209972
240663 205588
235790 295883
57731 100035
62856 80492
243564 185038
27641 79036
176643 64553
25143 180118
155417 162218
63296 292165
165051 191598
225933 155943
115860 290401
245339 18256
38402 46601
61649 270900
26991 2733
200386 216732
213397 203534
292415 165763
183393 127727
255524 17055
274489 127740
288751 295465
130884 284963
265097 231986
219051 205142
12829 24293
193538 138116
279922 126766
30934 157411
165709 200238
284084 144626
152695 242204
1582 261712
154330 26962
121979 214639
277588 297806
9022 162544
287454 46144
210766 262394
141808 173727
157003 12891
20718 286465
214162 291804
281054 288631
130164 290506
166618 153165
43256 122668
51486 164698
42574 256340
237110 125226
155612 181667
111478 299696
65627 112514
177764 172383
296445 250168
242244 74719
112313 227110
261167 235349
292354 3134
151086 181511
243408 157250
159039 176370
183104 105767
46990 114281
215434 13044
123840 70477
84550 24125
67249 87476
163714 32632
174856 39211
129118 109490
44910 167895
96521 163074
189644 278218
128279 103532
197129 175649
230435 6969
256699 182654
110064 258089
99176 268592
295232 243578
152017 255789
189021 225056
81169 258003
170925 100226
297298 12764
104613 147000
112692 47706
194503 189981
165021 278244
174578 296596
242546 176984
221059 109570
258558 178753
159309 241462
250559 15928
172297 191113
68999 41940
20399 25818
148802 248298
211442 30784
62102 80853
130488 118666
151240 244756
5329 42136
295451 195826
78257 47778
135205 4939
102263 100928
251536 229374
143193 144422
152606 50594
133023 108087
157937 210409
156729 16641
129756 164108
123965 102920
34314 110806
175239 155934
145303 63683
103016 143851
251640 151801
296647 57869
122459 99503
58983 124516
280882 245493
37296 195657
247796 104387
22172 107078
31607 203857
183255 120657
275397 71954
141451 149831
17016 144675
203540 209192
148067 128634
78805 280569
290902 120418
49131 164689
123428 287826
214517 261153
43223 270740
214933 132555
110479 284865
224562 161364
181205 35933
145383 497
197085 8290
185358 264255
53921 89701
183915 46439
245965 251425
297464 81608
54684 117126
211146 282806
108073 16168
219472 212808
232311 10725
138989 30776
160016 159247
288566 254251
256476 17417
216087 106241
277300 291247
61467 282994
36337 58658
51137 210947
95474 77796
40373 275888
225634 243245
136109 263850
232324 188
195950 114416
11049 272255
156690 248201
40311 220544
82669 284531
179177 234344
64176 45675
54469 140249
144938 85470
1251 158442
147867 40878
144889 155229
110415 17593
240149 108288
118302 126482
252993 81794
157402 127674
99581 173632
98530 90719
19043 258824
61084 262327
97337 240617
230387 196279
39168 261984
255026 148315
152815 84649
165088 150836
286887 177941
39336 42109
184826 133750
53511 177102
289260 121066
150793 198443
226235 19616
182047 102976
36494 289838
36074 72718
11224 136025
125697 57273
57330 219268
149805 293365
24783 249147
272937 50026
101748 13690
37811 31604
185609 288039
260082 166378
134634 25729
65359 114102
153176 210486
130659 214268
31360 127660
117755 77524
224571 149316
95962 180821
272884 169194
252374 4403
145115 224676
123844 116625
32229 239559
81635 57199
98874 126958
49263 216505
285131 215080
231422 76218
295100 90780
63273 169075
151527 249377
53368 125485
176430 123326
211272 123922
81475 189218
231295 98464
64983 193404
289625 189285
138001 37834
35461 15009
263805 116461
240624 29649
75097 80279
35963 65630
1679 278721
19873 215466
159349 142964
232784 155261
32561 109548
76935 208052
177868 236597
166993 91568
154370 40495
34622 198736
175260 202619
202572 31914
145499 45228
200284 196615
285566 280649
83601 169978
164118 87084
60609 136879
237083 167257
76387 205499
37215 144320
27684 109155
74360 264646
132580 155119
104392 116361
243580 170821
18262 29721
98228 240327
288307 202294
283433 272970
212252 105695
132187 178547
270215 32797
61894 95643
1751 83403
278160 218220
262901 206313
15091 84035
239483 291436
245654 181914
292794 219186
193264 170874
19276 139560
88469 97384
292563 104498
212946 256870
263827 167081
149692 280480
8454 25875
269571 215998
7800 9850
151869 261894
3583 191819
248335 125029
281539 96279
10247 267055
127328 170840
299875 69546
64009 107165
52063 205036
147399 67369
214644 182412
262805 77497
165214 159568
109264 127414
71827 164333
175610 11471
51644 168572
263874 89437
25773 262928
246383 81284
217644 255444
94530 7932
230936 273742
133144 36605
198589 259790
174953 32397
98200 100410
180947 125881
278630 20320
204087 278183
127674 36523
287152 176481
183803 188928
198187 288487
33478 106357
100372 278777
34657 92826
233392 78066
217610 13629
196004 5960
139842 202136
64349 181794
35191 139882
225367 140254
77416 176634
10343 195356
92898 252263
24054 291824
30439 292812
163473 258388
34139 27989
231401 295394
213218 156711
177381 96356
69385 100836
136095 257978
64368 242338
33198 137824
62526 95642
189817 58347
107548 50513
116261 31263
199184 264213
176381 279699
174578 145493
120342 249783
39495 28905
150285 49184
268783 214799
278776 164269
179381 173863
293188 226122
139625 196706
49373 187553
100675 126153
218130 255288
9011 46574
251278 270247
283147 292042
162141 158146
172505 150351
263299 214660
12292 39921
265088 239577
220138 184797
98433 108504
190570 6390
96664 261615
141509 198295
55049 219204
246299 103243
211725 61877
16336 235994
299092 35867
203342 240211
199592 117812
58685 66582
99941 207559
141485 2421
279428 3448
21751 87108
58782 79497
58021 194925
19807 290535
296865 87312
140224 146756
67489 297819
209777 29545
43090 105014
189956 171535
34295 245024
195717 136717
46777 224558
217504 25472
268885 209240
122837 159251
38173 267460
100588 156296
42730 185348
181389 58745
160752 276833
266115 29022
243042 146292
49737 204303
52134 97148
253409 64514
95818 6779
242432 279100
290295 129235
166240 273719
199603 275901
166013 205676
269456 190330
40008 259148
130138 159951
41767 124578
125484 144076
68097 167429
165306 235896
145776 86944
296359 188550
249465 195582
16325 196866
5217 79081
137378 147166
116239 133757
98072 238934
268784 165757
185002 220879
74726 98423
281989 13845
52002 166865
135067 276047
111366 216568
224312 77778
163556 268064
296516 180120
291374 215042
119129 78506
293956 212669
132643 67168
245136 239516
49846 16256
87933 221878
118525 264414
277814 77749
191732 49361
186230 36970
154298 76285
30523 143067
206938 23117
235255 48694
263199 135981
152855 189383
65207 86044
98141 38386
51593 68384
59060 219513
39912 135177
88753 274938
80285 190567
47135 266695
117932 288193
102742 91685
259734 45091
277336 7346
135792 260186
41063 276151
121513 174043
56341 57672
136296 78804
71045 161341
126136 200603
76379 21477
118202 32912
207417 207473
231534 237008
5390 51719
145192 159846
1567 208821
183418 85248
154619 20097
24123 280631
229397 76744
178834 117399
297434 100618
118667 291530
154921 130195
8906 158081
272728 141951
183224 238606
9567 285784
21688 192878
136823 154639
85682 20957
18467 216343
240244 84255
162122 210390
188914 283502
89097 238385
249167 164590
172724 48649
208474 101447
51782 191563
191460 26873
99511 127195
218135 10897
46264 210071
98015 226164
214414 225759
46344 271514
259999 59861
184451 208475
51905 43635
35602 115921
124352 25681
261804 198177
132329 287906
102252 120083
73663 84485
257529 293356
33309 65431
298672 36114
138446 272230
38345 276593
235919 131573
287516 218048
69877 52229
230646 33916
58767 24688
239348 128802
138336 180890
208117 200921
284884 9405
2757 161431
96038 113870
280121 152394
287796 175886
106390 158889
81011 236339
1765 153483
117227 56342
68287 131596
79687 59996
284032 273554
197783 58824
78406 28861
51745 221776
207139 168175
174482 175249
239677 143442
132964 216628
286602 179079
55394 82471
153803 70027
161887 17762
69178 28642
221958 42592
121745 85449
33625 88809
136889 252520
158850 254248
99490 53250
49305 57145
257608 181820
24139 25304
106321 217257
180558 143052
247290 93334
270666 148267
164928 75931
165172 257201
253780 164442
185330 290991
3975 163414
217451 141133
136723 47775
288791 60109
149452 82227
105213 216170
76263 137684
180448 131819
4635 15165
196566 235183
232584 274223
115914 213748
166476 97846
25706 221233
215147 179115
256699 149544
31569 199521
90828 267530
168741 185490
136974 256165
97733 202972
245895 127862
297747 48967
74142 231539
202728 35999
169101 288821
227425 181749
99744 50419
208084 38103
116341 85393
75526 197745
50893 61307
251817 131942
254821 235965
291148 296013
112836 261561
82944 150162
99452 197165
67279 91998
233284 52585
107533 238641
148446 144050
35760 123240
42838 242522
80551 263564
293771 26899
293925 211595
26748 225144
229320 244225
143689 255880
283581 26369
36023 152810
183360 109759
73793 211323
257593 165839
160756 213151
96392 285476
263588 233355
12190 186270
112957 27948
60391 295900
93020 107053
193781 222851
259028 198584
287163 58522
253644 40364
7398 106850
290564 266656
107188 205084
42078 96509
90342 99040
51660 150761
5687 286264
272054 12722
104657 36096
156480 208324
96814 57699
281990 71732
99074 178268
237722 272573
9189 267356
70797 169539
48760 227334
147359 95755
213684 167014
270825 130049
188264 109122
146661 100853
91512 67096
91522 88872
208815 269245
172315 242491
159420 210238
153102 181245
223471 228810
218765 117214
109907 143479
29554 168922
141274 169959
241089 100142
165095 207752
49482 74546
189599 274752
264977 11040
67573 84677
274068 122119
61595 164715
242575 269932
167845 43736
291057 76175
8319 241337
249373 37174
87995 15827
39219 149419
144979 147362
294828 274256
288174 168017
224234 112715
62038 124727
103401 242402
56752 104811
160002 157745
208460 189655
281346 68392
231906 78098
100443 284293
288192 37243
77693 86127
210770 258152
114367 207616
176323 226289
106161 175531
42645 123830
236046 73959
210390 48495
197506 221073
125926 71337
134970 200855
61773 13938
165203 272344
251278 53449
74822 5198
54087 236298
76243 8315
33994 281090
29351 62789
152179 297944
145150 219174
152586 55170
17763 277782
140362 152566
237008 121318
188899 173774
222516 101555
194439 182128
281559 185280
204968 261467
107758 125393
46082 27927
230007 26380
251773 131992
35923 282788
190349 92354
220028 42991
25599 228305
187380 287203
161075 215757
78264 69291
289290 264064
250782 117893
13110 193404
244387 56223
299581 187356
265632 208289
24170 46885
240903 273731
115751 213321
99797 230518
43028 80210
259780 174341
44739 126795
31997 26375
67087 19263
171997 112704
215883 273405
33434 45144
19059 181409
17884 176524
50410 137286
92538 116998
170682 67571
215403 251537
262518 144876
146131 179299
173454 178616
255103 277625
166071 200739
204686 114767
100691 75211
13359 276512
190115 3431
222983 237277
161970 155839
119459 46756
7728 153465
157633 216242
32016 44318
176827 242095
176141 204653
159659 284728
225683 214
150444 60988
11096 203153
147584 9404
224726 53326
134256 253324
92111 243365
287725 167700
213471 77250
95169 235353
170173 213195
12110 147882
177247 187675
80994 252700
4573 181800
157909 215817
181359 294100
102518 259203
66293 271072
208988 149785
285927 132083
291922 111898
48701 267374
26475 59522
27286 245509
163551 184830
53901 297381
289329 108412
163278 47380
1384 267431
251250 117400
76936 13993
192739 92560
105748 65969
86929 35083
166965 70693
34787 3829
239478 215912
257258 197859
81088 162426
187175 242058
2001 231068
256008 139980
157815 241418
100053 149822
204202 3715
156272 63330
202799 266705
248746 13936
217875 148891
227663 5794
123808 208758
297348 162517
12303 134389
231650 137560
16347 224399
44120 280620
118358 97222
13363 293400
232461 217634
173001 221453
157265 143538
13963 73720
71776 117013
147770 157223
192167 164849
112771 158868
169359 76097
6272 145021
200372 104884
253530 152947
542 267378
112114 88320
206709 124589
245456 188888
213027 49475
126263 250719
52672 168898
189838 139518
232028 268253
48222 112958
286799 297348
174477 12979
291898 247909
282812 110388
32063 74190
104889 24228
194222 25770
90387 7726
14928 207763
220281 184624
169685 177977
133964 71762
223241 227676
154229 211160
124431 277058
213490 195434
192009 47245
195533 60625
238157 22338
86753 32120
29940 203515
100338 226390
120498 11254
280478 290902
129144 76506
263105 104049
260278 92064
123956 105564
169449 253894
255218 297856
24757 165336
114157 201020
2218 84660
53568 87224
183433 270371
114639 261265
273582 119865
140152 103769
206313 290316
220267 184815
299970 284173
237807 173404
260974 146145
27353 284653
91170 25923
6597 87239
231323 20104
167358 118914
24735 249641
299167 185015
181948 195240
284011 159643
215157 123954
256936 139575
146544 16515
175684 233482
277309 220666
271778 94851
106769 288589
184850 60924
150007 107127
285942 173600
54553 33510
93972 244340
26183 71469
281260 289794
63062 123239
256322 29855
256003 169481
280005 238913
278800 206279
95657 144241
16961 127700
3575 61468
274435 175556
292655 100061
77444 180642
52986 151925
28921 70961
83347 239822
234634 152920
66855 177867
42063 264246
218085 249718
94391 184088
2749 116404
38223 240359
35255 261813
147488 279295
80998 9522
42751 149764
286213 130191
113435 289054
144944 127693
107563 215926
270940 137999
279422 258746
228854 101973
46458 94315
51589 3011
234011 142516
208207 136775
163124 189207
150674 125049
92961 75058
141673 239012
113188 183313
252297 112419
94949 126270
232140 6690
231547 70251
292535 63632
58177 280677
136027 172137
257496 54143
115414 276970
245435 271113
190839 257856
13116 129400
140995 104177
264995 133993
89620 214582
122252 244393
43443 6471
69751 54471
90319 7526
276890 121201
2822 185281
241670 224826
81719 203036
240422 94569
169632 177134
79059 273496
226943 54303
18682 199383
127832 220983
138228 212534
286672 46541
213326 296286
147911 39166
284563 48329
80715 57590
194117 1439
282160 279055
247697 295517
86120 188119
67256 123982
203538 109759
250518 120863
217383 258695
270680 204314
145589 78218
102167 72123
185368 241042
249545 289236
226992 210571
87055 293115
137140 39009
80375 222551
89694 161514
127172 216901
272499 256355
231816 219228
106007 531
208518 47483
15894 290924
222875 240830
232884 297318
171387 260671
9512 173936
129147 32216
1092 105230
11130 52313
186667 174232
70490 147492
62580 156318
128351 259152
114468 33370
132907 169440
37180 47160
228116 73630
289392 139311
25062 44043
103646 192375
6570 167103
284723 11251
30218 271133
286181 239594
141400 66648
284068 239494
265464 299678
184488 63349
1972 288837
104969 246898
135803 3513
15407 160716
259413 111
60491 132741
161963 117743
73935 245808
4983 195354
137705 148520
260454 219721
180969 72291
50636 174402
222379 46786
262742 205907
47749 31356
141831 453
273609 52019
109088 168538
174357 295617
105231 82245
86362 55752
204771 39162
140203 293591
190257 198656
294866 292893
70330 69567
141159 83990
208888 254669
293368 161343
63107 818
217610 285100
143663 86812
184644 252657
269532 12682
142241 23679
203167 282325
1671 125535
285666 174818
130264 244941
197909 158486
228874 41669
272901 77709
15162 7104
108145 239647
68256 1069
12148 177838
75720 181718
91609 67879
72895 159437
210469 37633
159183 273957
281554 174114
13403 156998
212139 30137
37268 173358
38527 96885
68391 166440
293501 6648
9247 282153
42960 290297
174550 151438
55919 127201
67111 155870
294907 126046
21385 240490
193621 65623
52386 214101
142324 34759
97295 1304
186174 127297
197353 9213
193710 124770
25787 230962
229423 36082
194008 36204
163438 230063
117441 118379
283024 68257
47456 22304
81237 120121
109766 88607
109122 261347
124595 270481
127455 78086
18791 125566
299125 34405
9777 275937
259249 223389
164303 54396
204662 238980
151967 30209
119134 76933
31400 164463
294531 119759
99213 50344
177452 29721
225315 288788
198711 198230
164738 53526
155382 6301
233571 113133
235044 50295
100198 111034
10370 250986
222981 216206
53219 245812
180363 154738
154833 184305
56425 283525
89899 141560
134758 154933
256079 209144
267303 83571
20756 66130
210935 279483
49555 12649
291842 243640
75450 94793
293244 80858
179317 158417
87215 47257
49907 273379
152295 251020
36333 274413
191205 131405
225053 162240
59256 98473
129276 263072
6635 109787
165459 203046
92118 177411
170240 183473
141402 79038
74643 34812
216310 187761
275953 30537
218899 141232
145225 21834
99849 169273
81810 172387
136282 129505
138680 207069
8713 72424
99407 144849
22443 127185
119379 14586
98795 120512
87520 41482
146580 99491
58697 8617
289422 53899
167758 184777
102610 57451
67344 267909
208829 125692
172699 292116
130491 233819
67741 262916
25071 15705
143272 218258
15267 44286
28814 102767
264622 236430
1297 167390
11581 231123
47258 15139
19533 37845
143223 190180
79000 242592
295910 231938
248265 296303
172796 144741
167268 291364
231522 8708
83643 87405
289011 231084
44362 189233
181212 178614
70462 288252
73074 92151
170935 27083
195583 204836
177345 289125
62389 218455
49498 258817
3289 269643
192808 68242
50922 179042
196542 150556
277607 94023
79034 111987
119439 85644
128693 275452
25689 39294
176871 95246
6251 59405
58827 199148
296174 20942
196207 294353
196059 83842
213294 215170
7326 114175
92132 234900
142908 19348
287170 256369
139852 53957
90095 113188
37433 47807
133864 193989
59259 217398
62108 153510
75740 196860
290412 299095
279945 253811
272412 290024
230269 222029
30045 293932
55494 161465
106143 113482
157167 165300
40609 10744
211476 4063
260731 107632
108769 185803
135095 199505
97445 78965
294609 133522
252566 158155
60909 147856
86676 138493
291979 18505
207677 295183
248405 107809
227351 25336
187840 30454
115278 136253
44937 46319
101322 123384
113600 247451
184140 84375
13124 282654
183131 152212
221071 295680
88017 215616
288750 191146
68151 216246
101067 20714
246946 22571
19749 295015
284553 16122
127080 196608
252037 262981
263589 96388
230277 13900
111464 3118
96848 54082
3841 58630
199621 195555
127775 95201
253036 234716
124741 106658
77801 299673
227467 135342
51132 241318
217871 51745
169987 119311
32161 33199
177642 51498
79344 75733
201064 23943
25708 164299
115427 123848
68694 228338
276301 117814
50087 74056
290341 129337
185103 129298
178141 182400
19608 232609
201094 96231
280989 215144
117124 240309
45109 10933
78545 246594
34665 43752
127608 98281
68409 236861
68305 215672
126271 205709
228630 64447
255754 253112
286900 218281
107269 79202
137570 87629
117831 203810
273547 104253
140332 74415
127359 55889
155104 64412
57726 246470
197575 118833
156516 35253
209779 10236
240904 101627
28459 221400
25473 171709
266119 114732
252542 12953
74607 113864
193990 266477
119449 160044
74149 34168
107121 262760
225741 179430
108688 247681
170492 41788
203766 25996
248190 263096
212918 23090
59800 198872
95723 81315
285727 261969
218110 16005
14766 207568
69713 291190
247052 195450
66277 87865
168258 73521
124222 62237
55332 182001
177607 64979
29349 34831
296251 275331
247496 9503
115227 129284
236624 187462
254497 117629
124434 1397
241603 58631
83730 199760
45964 19889
78284 114480
288541 227203
34216 16807
3084 225411
225093 250383
274162 237264
32870 279815
155791 77010
89282 5880
102931 257964
41147 9857
57615 156898
272516 268551
202579 214114
35622 290513
260093 210359
18573 165805
9447 219021
155836 94687
263844 90115
203655 173759
110057 284083
186902 296831
34211 197980
212436 18369
258960 275722
81882 204399
165454 57482
133431 209935
76768 206871
31931 46294
259657 118933
24391 134295
223761 157491
3865 298569
217369 248433
219268 50349
85947 292212
109102 265357
290240 197789
41174 82437
20236 269471
76978 23605
269672 73070
31977 114754
38832 22234
284788 78376
200264 271477
9883 233541
241570 262277
235637 23680
107028 67278
147245 110149
149781 142993
31941 226346
91601 201838
123023 164142
75599 186767
150129 175359
59084 96016
74700 112571
166837 276991
85304 202092
264329 197993
125933 38758
111284 201030
131859 31751
179337 57940
8930 146563
2457 160425
247486 185238
150104 43066
128331 272892
148187 192197
188672 104676
274112 90334
107178 136986
231586 226072
238659 139970
281183 232280
127158 157817
65699 248442
134568 262007
209476 117990
102080 109975
125976 273249
49166 178999
110721 138324
276926 287715
175800 53900
35819 110009
206782 154585
98386 131219
47003 271383
68749 254974
268119 157932
231656 255692
204591 174857
62485 297574
289204 246414
209291 212859
229011 92112
242741 245097
285439 34017
51857 1291
24455 9120
68202 67612
152830 98832
69631 98814
245361 162488
220373 65904
212520 69941
194479 253899
117376 31155
210082 20742
12005 88189
136181 276419
207347 131697
202297 55412
156842 154988
40902 17028
173644 124850
102091 35800
230934 199191
62554 17451
160524 212581
228554 280265
241581 164175
175246 246365
80369 216654
219842 252734
249177 194646
40742 26950
28283 57980
66254 252430
14992 200684
205754 266675
160958 18791
148985 8033
18461 43215
169751 24653
26247 196948
288937 191129
208085 27119
146530 292102
115817 71525
86192 151094
154851 95335
225730 230707
93613 234066
258045 122294
225405 287105
108802 202757
293781 115659
93104 293898
169702 92507
270846 257681
297982 278976
6878 215189
45953 219355
100044 144264
165591 26610
146261 19960
6833 235039
62086 82521
19284 292528
37711 30222
252063 23375
50117 241893
229771 150397
184698 27119
44434 60543
40929 128788
286391 114826
195920 133170
111887 147415
214100 176870
209924 97886
111841 92320
216726 58376
79367 91240
67355 244904
224650 235837
41610 125710
268179 218865
138171 240213
238868 159624
101296 252787
94155 255481
183672 21305
164837 22497
127299 195722
189092 190990
107188 144644
113790 55005
257286 115867
37702 262618
154037 212454
97152 294175
123826 85534
82498 198928
96849 248408
114361 54106
231431 280377
7488 195141
208030 215701
17193 2972
224863 257945
256205 11220
259683 165594
292938 175401
123164 230855
284021 228575
86574 112545
265760 133425
151690 228085
136702 105769
285034 21745
248558 93936
238843 130564
68536 155226
137989 218794
64538 209202
275147 238142
12249 48057
196553 190903
233573 254255
18559 1191
64429 245523
45372 288683
201506 199168
57812 134167
119322 283580
30165 116719
181618 205134
47660 22813
15464 4651
140040 295101
18714 122607
292947 35217
154670 70067
50775 84667
71888 264113
123114 255795
217674 286108
69048 44442
235529 183468
2209 169952
248041 122870
6925 63550
214646 140605
105069 233230
122527 84032
273581 5031
72442 183185
103621 426
232997 193678
84201 164640
225002 240262
27123 248063
299655 294736
113373 156872
169398 42423
212111 159538
123352 148477
219787 176041
134832 32489
29699 276962
208591 248821
169362 276058
274569 270949
137863 240779
98772 56361
102577 298904
56981 148927
151875 120306
251465 236049
177493 144710
273127 117232
221542 57622
257173 38722
184254 78325
76940 237430
42859 203574
106767 104350
214045 2605
65866 38108
190786 84272
128357 230252
116209 5017
140598 154242
124532 209286
7563 123398
279550 112149
152497 210655
267579 80131
24125 152899
277670 251604
207990 6770
125354 165720
214564 91972
124033 80000
210146 299803
295384 293241
56033 53389
22463 110290
141431 26997
54224 274429
292665 77046
261568 187885
295613 265263
16347 224327
151624 247585
222540 172528
289570 247113
124824 22534
112113 197231
248829 209530
208746 146520
94548 281043
49797 212707
19874 160816
185028 276461
167112 68300
173316 151179
2447 198785
227272 124419
232407 203729
118211 279844
77821 218061
202482 265033
6805 104073
26361 177439
98452 81627
108385 120046
114714 208244
100690 218260
163213 158349
245789 270895
241561 167086
193145 127502
117237 279835
293444 141354
123925 53037
251964 216595
153887 223613
831 140805
169469 77616
261576 53153
169237 128167
253737 246252
26633 105223
124254 212982
19997 118408
35607 261306
238295 163155
88277 62028
97530 169826
111235 201573
120942 233054
105318 276110
118318 50299
158844 198359
281239 167387
72935 18470
221049 240420
211032 235592
27336 13701
161283 152909
99481 100346
51013 204838
297875 180070
120869 204910
292108 159460
131698 134290
275124 54353
159434 8879
50940 152139
244852 73081
116227 197496
221125 248609
141361 213079
29085 18961
167582 65699
70577 96416
232938 277404
200215 89909
254285 160460
42581 202377
184543 109859
108332 219079
57632 183815
267248 284440
283451 218277
83536 191462
193821 153549
154572 109761
99395 19592
195948 128755
144529 239050
237439 48827
88145 228635
125479 135061
214464 136044
52830 253432
190214 118362
49816 191301
83687 92978
42809 239492
182110 35615
288840 108109
162247 84613
5408 262102
201629 21180
138160 98016
256578 226958
163402 77319
271054 88116
280224 77823
265978 46154
134284 157917
155992 72216
197980 262269
71582 227075
107500 273800
4765 201576
85084 113306
668 127896
197830 205197
212024 65775
117703 226670
223659 97148
104192 47831
143825 97461
86006 117248
120711 143886
196422 299934
17135 39923
149530 120536
288373 158418
276943 69918
187939 175534
285495 125520
250931 177714
274373 115617
43920 117991
960 48640
87463 189277
46863 73532
181495 139940
46008 108564
25425 290789
287151 10017
12591 203693
46496 58395
193436 136757
188973 50041
140916 278224
280939 55996
155242 125279
186337 141992
104223 30517
26209 210634
162277 268364
219607 214815
219335 29979
139353 190434
81283 144681
51453 266220
51600 187409
120375 109659
240887 204073
134556 152034
220926 51205
272900 26478
73044 177537
22205 118439
284741 171893
233986 135805
139938 263314
173103 66580
96397 198176
135141 294155
39277 70221
278143 261039
13088 284476
288324 121178
16450 211229
44437 291817
91089 114085
73561 162893
41285 265137
244653 298919
122561 194175
153877 94412
64409 181247
233068 130033
299390 294164
167781 287525
67114 274283
242509 248963
180687 10121
132056 217630
30551 124899
285807 169692
196247 47832
177401 35371
211417 114090
261114 10818
117069 104486
161166 145429
176062 226406
24944 226088
102352 45574
292207 268857
142640 208500
112018 208195
168563 227293
48409 149883
102544 204988
128069 269957
226324 38289
201044 124555
73743 286675
263156 264121
83615 4829
228790 116883
227644 187883
174399 31366
202418 294221
183430 258495
276675 233249
205586 21651
20107 283875
114568 209449
96635 36925
178332 40889
229082 52373
232587 56779
236761 6403
79098 191027
21258 77432
9923 54970
8954 291514
276146 65990
259418 282385
26951 80426
279648 206487
252028 199528
228661 259834
3544 108289
275956 124337
270469 164533
244265 67608
288769 218479
278783 119704
109639 28999
150943 221773
106591 257365
28181 217123
55332 282545
253108 216409
33985 4442
37065 109442
211877 195068
13827 54708
282503 190007
154460 23021
260574 128643
254572 22458
62293 278133
171876 260859
123532 116213
193976 185130
14351 185095
160468 153480
191702 17876
219193 66042
253117 189544
76937 53940
114735 12790
110527 142716
213756 250163
6712 84727
252649 48695
110749 64104
195259 57757
108993 226836
298853 124793
94626 111161
199965 143776
166103 239397
84385 35861
39319 148766
42451 160712
116073 103604
239853 260409
220274 36190
218651 238926
173391 294803
132596 178870
201371 53981
68850 41498
262311 195248
143420 123290
13735 37215
160487 208598
120581 102843
126272 234507
250304 88301
84819 43740
179350 126913
188653 286218
276779 26332
8879 197624
92143 77207
245438 247698
69349 73788
39504 30326
274985 292689
180532 208827
106944 29376
177459 210983
42625 42855
537 251391
139368 296228
52908 105051
8804 273720
17825 45958
293046 228462
66621 186706
67569 74208
263285 183806
141392 159035
113821 118093
122757 119168
146724 270862
58094 172831
160531 289443
96605 115719
142502 273168
286531 32097
296444 207917
288838 229968
29132 197147
204178 12914
262015 3767
3070 210536
143885 18751
192571 282657
78131 95921
99282 109928
79927 299809
248500 259504
51206 63556
154646 16241
2111 260207
66102 93704
162988 7233
116850 145213
142255 114312
148847 184643
197819 206153
187487 289410
296665 159118
156440 173042
98560 126218
20295 3686
51299 196853
108944 208086
59884 252181
219556 236898
78171 290120
28534 55849
269755 133369
104569 42722
64992 157372
222482 297506
281742 186387
124077 284785
216813 35480
70584 206017
25362 207366
161386 88507
27853 110114
160938 197320
111453 112255
227033 139195
230216 108875
39205 828
167592 199382
34288 145372
201252 210074
251526 73552
135394 221101
47669 298497
205880 146486
262388 230067
193006 138817
85053 94710
29062 50049
183285 74127
128091 185930
253227 30171
77937 277138
171665 26487
33433 144447
83937 241085
195125 21584
105041 135333
137206 284759
191790 67509
150963 4462
109170 173709
46684 68417
19717 18559
240225 154747
253462 5526
25414 45509
91455 263304
113060 185244
26557 247962
229592 87511
11232 54621
158077 168862
8082 166507
227650 278713
127391 215791
60397 298310
50228 51490
160810 78033
52187 51915
129501 4073
269197 254051
293595 105100
127394 119945
264882 183918
260527 83677
14224 217326
160381 203320
275965 72419
271771 28126
249758 30820
139327 274903
79699 122347
111651 175269
11667 145684
28377 70908
289298 121955
196803 293534
166022 71719
43873 291713
127723 198956
85747 99501
169861 171075
177948 265667
226808 51339
3829 168597
276580 265523
20611 22953
55329 97452
48930 65348
131370 219158
85571 76137
292792 80114
243115 247739
198417 131256
75725 191763
108763 64256
62162 14490
282670 284895
236930 45853
199731 165859
200188 294351
7989 204804
298580 277451
245891 33218
141657 179270
174503 242388
88729 114559
68306 197900
145990 34326
189646 270510
226481 147493
139965 282262
233964 70878
144681 148934
165024 8024
64174 98109
243922 276654
290931 25498
771 102209
125857 262801
148744 196348
29513 179324
193695 148380
146321 84985
197070 97717
34717 43977
299106 94193
270314 34099
110781 174978
171380 249142
217721 231463
251585 74591
122304 125991
263839 68037
152891 189903
264159 150759
279229 15971
174057 198717
81518 99838
7567 295388
86504 270992
156937 198710
191384 1768
89931 280508
55225 289160
260591 194234
117168 169158
80986 289045
257981 147602
147931 284297
174072 262162
25103 290054
161771 66320
47083 268157
54812 186591
76897 62121
119682 106311
84678 11143
278978 197738
20967 120660
155287 272667
153124 264609
220286 163434
285768 93733
245237 68302
29071 263404
73207 67686
102935 251697
224600 199470
233012 11945
184720 133373
141573 81165
235174 76090
110617 259840
242609 4995
97092 156826
89637 210781
268687 133855
74105 280120
38541 208350
148136 147115
145857 148305
212044 265102
197852 799
293031 248599
247933 241189
277849 39366
237691 263521
61033 7361
6178 8108
101426 39195
172627 97215
57845 43506
162728 288272
82450 290290
36609 289970
228664 111236