2948 298
247696 18301
22257 221416
67720 821
90619 225011
65395 3397
271161 48782
206871 279629
239283 299095
251457 34169
8013 82158
113742 163607
110602 61701
50666 298213
286136 18728
72045 168752
46448 140471
94401 151036
159050 252481
217273 124155
208799 94398
147483 192598
148343 151314
208436 288463
186289 104677
246020 51878
17378 134742
189175 156994
173546 6935
10387 119163
212382 157237
29721 222528
121158 263588
131460 231363
184101 294777
244601 280548
12615 155194
36531 120080
7838 19787
124388 284721
233178 224386
206906 44181
55971 109653
6336 276279
5184 29167
278680 228525
102761 275047
55680 105767
218010 21190
140298 225501
247395 120339
298010 108740
297909 115937
89553 296145
148880 68816
102824 98090
55208 209047
93458 161387
97776 105925
222791 250205
224889 2945
10392 165275
108139 14612
28682 203748
194346 158983
66209 122059
71448 166640
27827 238501
90409 279703
30267 71748
52129 147839
119724 4280
141125 30223
214791 195773
269031 259886
108513 43034
134452 193008
92419 137533
80853 50114
166074 208365
202249 290995
269193 176221
170117 129100
236511 259276
246 222227
61756 273826
62347 52830
70814 80513
243013 58117
115411 5700
292475 118126
299689 274022
129360 201473
173192 33458
45308 178613
124244 16686
35075 206620
251132 42244
109665 210907
218077 234315
31829 46402
169474 128421
168234 117060
37494 127297
223572 114087
206495 23954
5471 176448
32235 260299
266812 22723
160733 258094
219582 169237
213448 150326
136446 166498
270769 135172
235940 252576
216578 232798
12659 286200
164027 122247
187568 196607
287112 36275
95718 168455
155334 85684
757 87488
12633 58893
7866 288318
68871 174557
140963 288607
124956 257708
23917 124317
12448 16023
224935 43229
194835 202384
64600 199697
263603 13127
275595 245170
88029 3572
212630 51619
255706 119723
45474 74656
164677 42337
144796 212259
136988 180979
87636 291358
183513 216536
220140 63961
215461 212043
71735 290179
81087 7655
275145 76644
208919 22220
268777 64343
222541 162284
97316 177101
179732 294851
227189 135118
56803 71895
266914 290169
272259 126642
30207 53933
131887 32749
108835 218674
24526 208750
48853 108683
229509 123719
32780 232758
293662 108593
229216 290433
102272 165908
98466 179909
38785 8601
130609 132233
138330 272656
246129 18338
244797 205088
244661 195567
57158 136228
151033 25817
8822 133852
279796 87285
185521 200975
237938 185279
51046 299324
216278 263423
283377 63969
231143 34408
284959 145917
298556 175437
119722 297416
243844 14255
94877 79293
22198 297483
59245 104899
280024 117263
200653 1221
73026 145555
120922 128753
205378 23303
271858 129339
121151 211442
83052 274537
262934 91020
168495 95140
55742 121642
57778 118538
117659 39450
101558 170114
219978 230569
170432 246366
108826 81561
69355 31282
253362 255168
237445 171771
194137 248652
47640 187413
122389 133524
105911 9651
47402 281233
233167 145086
173823 5918
134160 156317
94467 98890
243549 298216
255427 159945
192476 27888
277173 12208
64094 71190
147338 175325
227663 218235
110332 226126
155908 176080
162488 38515
144859 168182
129821 15913
17889 178466
221660 242180
219510 108904
30099 93443
226243 35120
19580 68510
205388 232004
139526 13230
61624 232635
57309 172806
153540 51447
23198 23870
7450 98262
130297 106024
198633 163692
108992 271810
69013 67804
295379 74593
38499 17848
262758 136659
216259 4174
299096 278765
186540 291689
249552 217933
182981 257727
71891 76176
222672 235752
90676 209769
252992 288909
20156 246192
197856 163041
40802 277169
240328 166192
222243 156175
50593 146249
185161 142539
275702 173161
139840 45902
275551 223900
201508 131324
151944 263582
175923 156832
214037 180705
183949 298333
152396 231345
46971 186965
288037 149531
92322 157665
293133 241289
108735 268306
233969 156124
176825 2680
87953 295996
70322 211996
205527 141195
262881 182006
25490 171510
123157 163147
267743 273830
267067 279210
299502 208270
37738 238990
162769 149166
299008 164017
198469 225295
12061 266547
174538 266827
196721 252354
156614 185109
108971 229477
121039 107477
224175 67423
183524 17492
9352 48630
137943 171597
273453 213502
239894 2468
141235 257463
59642 252221
174054 65426
43488 294688
288029 233598
213271 104457
189467 83455
138748 116012
137268 259471
60027 19832
122969 129513
176679 42872
147157 279073
73859 162690
11772 28219
24569 162843
40949 181943
243638 282750
21805 295639
122599 93618
45040 296454
39390 119679
177723 3562
72252 225726
287752 188095
256293 251182
147786 103325
92155 141805
214497 169059
235342 194190
1883 262766
55198 52110
232366 174132
141879 144249
12014 190690
226180 210809
107627 214770
128601 18523
247693 6234
286263 285107
52515 92739
264449 19583
37686 35509
283851 21172
105423 174702
190686 120220
99965 72548
78399 187186
293526 57736
265469 241893
11557 203087
47782 107774
279500 44876
149331 131295
179577 175342
178938 213109
165148 112344
177344 172067
127500 149370
147945 171243
176904 10635
59744 204928
94149 37464
51038 142616
297084 199022
125230 249484
22110 262487
298109 257338
68917 224537
120285 257093
149264 246945
177848 152213
232540 204408
132446 229148
257350 88153
26768 115482
171746 294229
64488 128540
68512 143652
177070 284340
219 262579
118269 260683
265716 131152
81102 288014
119504 119425
296090 194387
261428 269800
255923 135496
200850 162776
218768 261983
118555 206238
133553 257044
36299 193264
193001 285622
147219 291572
86181 107408
284603 255483
146966 22168
38703 97115
259060 294857
254404 73511
23552 91952
200526 201068
143420 36507
151086 124890
42436 43385
185661 28484
124210 75389
103591 146793
126976 33131
49206 9725
297507 39477
96613 197158
169309 292424
254569 298967
17790 89318
191447 2448
227311 141769
85628 267686
275015 192404
238529 40150
281647 158509
105497 177163
293002 151518
107687 97864
42163 81033
112047 36847
73033 132571
52414 197427
131409 250838
134047 110812
239795 33160
264814 265544
35167 140322
94859 37833
187805 173314
189125 279361
270237 44107
114452 3178
19429 135133
104193 152993
235830 96501
272808 176707
34330 2621
134750 193
251383 180380
7003 11593
294747 81247
250111 142595
298582 254654
200128 288369
91231 4292
174899 8885
52560 226757
176822 174588
265072 280511
195777 99545
86372 210707
5258 55712
121404 50647
257956 156398
117868 230291
287863 243730
86064 210983
121656 103669
57286 42880
2696 134003
232051 233101
129207 251804
29433 179939
185658 20593
141355 65698
251978 35801
154280 103049
67149 218147
251451 202612
29137 251918
254861 125317
235085 265278
173433 82781
216638 13238
70033 68539
86954 230821
3950 104094
96255 158724
127723 214250
175745 7870
254853 99897
127446 265337
284186 169407
60817 197951
266060 293847
27002 262763
12432 111491
150117 247309
244025 171613
294757 183177
123609 285448
267702 203578
298842 180816
201590 121428
122361 55346
37198 34199
62645 18171
269082 128827
61407 200241
4263 75183
73115 176091
157690 125479
287691 24496
15638 136405
8470 264964
189704 19535
248218 211931
263545 70075
261291 180117
190928 50752
80998 278159
250687 18787
55494 223587
9787 105110
140789 139778
193282 229955
194263 281036
47748 137413
188407 79471
32344 117141
205014 268555
39757 184516
170632 47888
244878 287177
224663 298882
155461 42341
201949 71691
296349 244604
197252 87553
101385 276214
84832 141870
199912 83000
33555 252907
31110 100494
142769 93584
36133 243511
181307 275222
188348 188745
49425 56236
185683 146359
26950 38581
212749 67539
167488 185916
114502 412
78229 103521
130644 15889
9955 231392
282370 101932
75483 25204
20234 161571
7200 218960
123180 69863
82094 171095
87522 3054
294557 223785
190483 229831
266189 215713
108702 298483
121532 83655
284775 290269
227075 142395
272136 292473
132173 225204
136820 223630
61977 174028
201998 286342
11852 284194
232292 65289
223662 113583
110555 183056
231794 16478
136290 129423
86067 296851
180684 2965
205556 296062
240199 173853
282092 247661
65866 53499
120663 159232
9958 133430
154615 135461
274678 210903
53986 95180
11821 66168
90184 122596
189586 257401
91475 13882
236038 47906
23915 250673
283981 197783
132570 287028
22700 186554
158092 281208
69597 81307
56857 242460
209873 104645
262144 90644
16319 11075
13853 46734
240618 48999
68959 145904
124957 82422
83108 286841
181838 14160
76926 193649
242498 143600
71464 41480
174571 114559
265131 233499
207232 164809
240704 22763
228529 185088
107381 96175
21378 3670
214131 243709
204814 67526
237927 297466
29426 178751
57829 106211
22055 111686
59317 208419
185190 50806
272985 243115
297720 164867
149884 198695
217026 237227
80317 69026
99793 211152
207864 245934
38286 207940
100450 143115
196592 10161
123893 29004
255529 149772
265534 261275
241405 25136
2114 249713
109000 159263
164046 294778
141978 34910
265699 239129
141202 53056
196916 157813
130128 76440
179431 13435
37137 84797
39111 4634
37084 218303
201865 202822
84122 219052
167156 23902
237626 237757
109598 89462
93242 32971
138846 103649
149764 77912
89781 206885
175352 245544
187865 145997
246035 147493
97806 197039
148792 91317
150306 296439
135099 201598
72931 8511
66219 124315
189280 2415
31175 299851
8362 177955
129332 250635
210406 230922
85899 217174
185947 223995
110024 174040
217123 197368
20622 212154
112773 121198
166785 87341
105583 27316
203624 7074
287240 95246
235912 52202
77161 63644
107317 55803
85033 284409
268367 86736
135459 259334
257099 283333
23758 223198
70933 243598
110616 128576
296234 98919
259952 147354
241587 137723
133785 23900
37629 259373
205044 205881
12740 129605
189067 6797
141581 149383
112755 154653
179674 189380
148505 2141
187118 109008
210576 26173
71630 275111
181285 97374
266529 68148
25447 80671
205560 189484
126668 197414
246807 116564
24222 18089
50127 237190
70790 114321
125377 76789
5026 199156
126981 156116
291691 297315
42779 24014
41269 24753
145126 91797
58578 16295
9362 247508
35261 220130
167941 32173
164786 17844
69620 186570
219271 193468
55298 235871
180522 247994
103875 226662
226196 156966
81882 212122
265043 158428
64579 123795
82742 190873
150730 21840
258657 256977
77072 6145
161173 227698
125895 154835
105308 52483
68318 57941
209759 149317
8389 8940
187481 121017
223897 91203
241156 106398
210940 136736
171109 155998
256093 226601
9568 112841
117332 245058
14523 124160
126470 288096
222499 215093
70164 152215
175556 104607
89080 117077
175730 227814
117243 191746
219917 253312
63192 17264
61520 77095
83922 162338
21960 251427
232937 125149
94733 203334
47642 4058
106182 178767
109623 168993
217936 251478
258900 232802
159473 162317
43909 92587
295468 112043
266266 152434
177475 163495
134079 228024
19280 76272
251443 105172
180488 80789
76280 187860
186257 175263
223354 98470
54197 104604
2415 178097
227090 208597
217346 166634
29724 64180
83186 284314
182104 2929
265917 173035
5707 180313
270535 20374
22526 126909
45391 59347
295273 80828
271308 59720
159569 72940
7809 249838
241829 298016
297688 124095
199886 127933
139149 45069
102443 273548
253629 94687
41405 105827
280692 111933
152980 143984
156963 38589
1798 234109
223935 276
106455 112076
153281 166471
140658 279246
53384 151590
176110 154760
226930 159754
122480 286676
118792 17401
188983 115051
83978 35424
188109 281566
166452 70227
228420 116853
259943 26027
37589 79322
1801 141350
181262 259199
196053 119083
63336 131579
79527 58662
170420 28292
266291 17171
168369 95106
171906 107958
161906 49265
247297 73958
120745 112425
212842 239283
144623 234788
270632 67103
150638 82001
86122 273672
287342 227337
132361 10304
199357 142467
58313 223120
269392 170981
252320 167119
212335 46460
286715 120424
240839 26308
252095 96928
194616 17979
3430 208566
256481 149341
62853 143015
208969 36904
224482 43995
112811 2918
238925 53315
140142 276784
201371 98551
226278 56703
6566 179034
193811 116163
41766 275727
67153 123853
227587 121123
68842 233684
23173 276211
194297 188652
199450 224710
167451 226727
148143 290478
65954 115304
205326 4747
251134 195666
134007 61584
88413 124356
45945 198170
263867 233152
286677 213325
61607 130657
268972 192605
123835 291864
174736 223003
110916 104336
87094 264884
105540 117809
19415 3495
54509 111040
77085 65823
29262 11957
47252 116885
111312 53962
172430 144099
252935 163828
141957 216428
33285 241321
211718 120067
122527 61016
181710 234867
59793 291297
127006 257848
4776 253853
96588 145608
296947 29098
172445 277974
224925 107256
239461 191867
265263 294196
28895 222079
270943 286434
33950 235726
155026 288887
154803 86779
214494 109109
238185 121320
182085 23426
183069 108346
276445 231192
232738 46676
125345 54225
187015 82297
274251 2786
162865 68723
267503 221376
49537 156032
68220 155126
28643 204153
140412 220472
163666 160776
175449 231870
193955 238304
15537 246092
97644 105522
255324 232447
158971 135969
30712 207997
137043 80297
181924 178361
43227 53235
25459 123621
207279 79752
68621 212513
144322 11698
217537 161376
212077 119061
4963 28282
295953 17723
258168 12046
154919 81676
154633 52034
256111 253027
30986 255408
293929 145179
64484 209841
150823 27695
131009 203597
172906 79094
269056 88518
39750 247917
108570 238952
223514 152054
195111 150122
172564 197684
211913 175997
60019 135145
164259 66848
271989 149356
287669 242581
95638 299380
25886 190446
286767 245933
176971 59331
284982 278870
246615 249674
170047 264870
192289 147394
299072 231448
171332 120070
19079 4649
113478 43307
59527 132049
282700 212838
1485 81097
72565 199616
15429 23869
213591 251769
72620 149468
219633 49047
5562 255768
122866 132645
249589 8232
227006 99121
125260 133742
131099 100625
228365 119798
185118 71147
31247 198786
274748 186845
35401 149778
207602 123997
252583 52475
264187 212948
38983 194378
136064 93342
6938 281974
41226 115408
38821 287810
179842 36323
98895 84228
84418 163730
252438 264667
251840 208295
50662 48331
47361 23484
183045 242637
56041 140293
299354 177512
9814 108928
279944 265605
18742 262565
213682 240651
185465 114379
93531 130015
109570 1024
165295 297781
145867 98672
293518 47702
230013 123203
178531 243782
293651 52033
289385 12013
100331 231949
145945 224441
248967 273332
146736 142641
114752 188632
229844 71484
142341 50110
135105 183344
106785 286129
189833 230155
125807 90528
8970 252860
33683 249327
184172 217655
213059 177091
61575 268400
112048 129620
18022 26145
227498 103531
167252 75438
6613 144185
218890 126964
234856 55066
120725 206072
52420 197718
132207 93185
79498 218537
297286 162252
268218 201281
14504 217188
199847 198026
84600 157843
76347 159019
230516 197383
38399 248841
187144 118812
296857 141103
114714 25174
171415 99688
283883 292711
148040 209189
218341 100837
148274 596
254153 158964
115792 201625
241945 93198
253009 54703
258710 139043
158890 187257
96559 83778
78240 243387
147745 163924
53718 255356
217263 230682
270456 72075
176412 44931
137990 26025
160162 212383
53727 183963
268647 31060
266271 126381
81364 263010
37114 276417
283133 74311
288929 21780
242437 189295
178397 45390
11536 94372
103147 34315
46751 142460
122315 40382
200869 11690
64661 57701
21105 71452
105477 14265
230981 284969
225115 107524
114013 82955
11151 220802
99317 275834
254774 236558
185781 156937
104171 291443
167660 120644
220519 130790
238636 88956
266910 118723
33420 125525
169707 201921
81406 238426
17324 42748
156977 26928
51165 15356
230147 42643
108427 232645
179193 142435
130434 230126
93187 133802
153137 104387
283396 207522
63060 175045
2534 113531
96324 67100
183818 31574
177567 193684
139965 109587
89089 29479
260197 115190
1513 187968
35818 284496
151282 154007
52989 57302
44947 33585
115197 143160
38766 6752
264752 144814
28415 188440
173290 127003
19896 104219
1829 60165
260769 243175
11597 169969
12693 160934
207488 101946
9167 86165
161381 271032
190266 246020
80163 7967
153593 275265
290838 175541
169413 109551
52967 254590
49627 21292
154046 34756
38513 281789
218782 269228
166211 111363
99056 96
23125 158166
114980 248803
186505 264598
194243 156416
152752 72764
269783 123327
172048 59532
299473 12556
208818 293673
58191 20363
172247 174646
139755 73491
257278 88913
218445 199195
228146 87676
178028 178073
134444 72443
126124 80941
119009 40291
274398 218556
171372 151362
134608 208883
27882 274109
160950 237543
148415 58696
99738 250653
128103 194367
58731 297754
170910 260040
157106 193686
166174 163602
258623 146647
6774 225925
244127 3951
87674 126422
207277 133067
241266 190714
144125 231368
269450 186868
240432 50516
97588 278404
80271 257406
273638 28569
271136 248596
263960 276317
17759 140491
195478 20516
196194 202099
62919 164749
111573 239175
294301 272297
29218 65216
268960 114877
281528 156091
51542 275266
112242 73451
248098 227220
154699 179604
120375 171338
210528 175201
50495 26273
252150 7891
133716 158596
67769 251917
185269 206362
89666 246611
215113 20772
264273 109550
45371 150408
55595 52144
39446 188100
5525 174910
109320 248398
146664 243117
126186 192646
76355 89394
299726 112839
56012 263434
251453 160651
32603 179636
102500 125803
186201 61996
176238 253466
161646 259721
12974 235714
26941 237967
15579 267669
157373 48882
112939 226380
223268 183191
13954 126409
239704 187179
108024 211077
161248 74985
218084 158853
41494 195128
64724 262126
252275 291498
38828 197144
2175 34123
263563 191542
120180 299057
295781 193219
206440 277734
261687 163911
36779 226253
82122 58096
47553 160810
199162 234927
239088 168405
39687 244901
113199 12813
198143 188985
299027 185973
274034 272555
285729 143771
169218 256387
265520 104189
116090 194666
284641 201920
164355 140263
235647 116780
119043 104864
275356 72522
209964 196920
41447 143703
35722 103080
201543 223973
127930 111960
12606 261796
130624 64992
176953 296905
288954 103839
287465 267187
182883 35205
150479 286015
164341 240121
28309 29142
183500 62851
79695 170541
49867 71407
70694 62572
229178 161721
186231 194088
133327 49281
33814 45611
259492 262404
279577 114589
227407 38152
63135 208196
119058 224179
3405 142761
51584 258921
200918 39208
61544 25762
18813 119220
130959 19884
160814 267495
100031 194717
194913 156331
48589 34469
191138 119271
297723 85742
277950 251387
297944 211427
107171 209821
257999 210293
153618 106712
235060 152240
272435 275099
62809 37615
242764 182528
201121 101185
117243 270722
254327 23466
225792 88958
286305 60177
56196 49316
283961 187451
245421 18601
200869 258977
268058 30184
192899 18297
246604 210077
190494 130578
218624 74917
272178 295327
56920 254115
81939 54460
288505 24913
175752 110156
148909 174586
9281 291162
243550 64122
117235 51533
84235 204071
201457 140695
279432 138758
108138 272829
127700 112007
219714 187975
59915 214744
180384 214175
152911 223930
85054 286948
187967 207021
256627 122213
174531 99304
88299 43373
41257 144654
293214 269674
193348 152418
268191 166620
186474 142070
145421 266566
49861 241504
41285 117520
213641 237128
183812 221388
31185 34130
51996 276880
231106 101984
96315 100130
136380 35970
32353 287723
127930 145534
69751 39142
143181 251519
160720 209557
13341 181370
154586 176544
235681 164218
288545 88095
33123 233655
170715 260377
109896 30878
3314 293784
6455 148931
286667 203222
205706 75986
155686 101666
229222 21220
167982 116870
158728 113406
101001 74856
108169 212093
230429 95945
193248 132909
126501 112761
266890 72958
287762 194891
242828 249037
282922 93772
193046 270726
267212 253682
564 176680
225656 296204
23062 32900
251032 138556
150973 100510
177374 205233
66809 121137
87900 200389
115202 211636
163268 269207
233738 148208
35979 225387
108816 151364
214 148472
144245 210751
85853 155579
85873 293337
8731 246390
60666 150116
52722 97476
94771 281259
282580 18361
248694 146821
97349 192538
219254 192187
54307 17375
21930 89373
34342 143238
241788 88558
201854 124409
198641 40531
174298 33266
79713 209635
294821 274010
197919 85811
226256 56442
64736 54720
277669 109752
180522 220404
248912 249691
137302 214959
108694 122769
25112 216602
61206 195682
259245 186796
169956 201475
155516 289139
105626 296438
266248 268417
209825 103531
118751 128233
57658 178288
159075 73563
250377 125512
76846 203171
78008 159383
229848 32074
297213 51266
188721 109933
35154 288245
148120 1758
282868 179120
145808 113172
72183 133769
271264 262096
43161 166529
165759 249101
137051 71719
43751 113568
159996 78347
70777 140322
60049 41726
265144 239667
20330 189442
9706 188667
266452 282807
37674 134288
104649 139391
27624 223013
144808 7695
162218 144778
134160 83854
136307 204211
137429 206465
162689 189262
252245 117134
230217 122013
186616 48458
273322 153401
107257 258939
264935 221287
280962 91361
299898 284556
40505 225040
155580 99819
102813 129222
22212 193000
169455 27081
253833 77166
223563 267337
20037 127505
126264 272558
78707 285726
75800 75910
414 160485
227255 197656
153513 70416
225253 203859
19103 51686
111991 147427
60269 37822
164503 189027
276380 48226
156737 279564
92680 72641
277017 186323
252370 121645
212087 10698
244498 167603
288001 197694
180511 263062
122969 250953
272702 227955
166438 145048
161009 247357
151812 242085
70149 88860
289118 141983
190851 137862
134412 209095
250129 70977
290748 166594
119094 209466
190095 98959
58995 62941
214311 115285
164524 143471
227874 98723
59383 191917
107074 5795
284490 218629
252044 191376
33653 103463
292466 270657
289948 288946
247519 72713
95953 119125
8664 81932
162832 14830
286734 206107
115403 279588
94190 80211
157128 125947
223619 12950
191691 190981
104623 108663
111835 31413
257226 148209
178943 41530
126641 194716
180731 199718
291422 28567
276763 92518
134664 85368
58157 59289
201598 282875
78009 40825
99141 96896
244357 182232
165765 77519
238417 282141
127801 148788
104129 37011
84360 181538
299574 190119
240292 113305
175154 145134
44337 68312
280416 154378
7709 269006
189722 16183
166382 17969
132681 30550
297059 267016
29940 119486
204197 33631
135012 137577
292061 92965
199381 253859
6180 7360
285503 52778
284182 70379
167934 237205
277913 297211
293161 99804
47979 4829
104285 147975
299244 159990
22669 138054
142026 153493
120556 15679
98379 97323
286628 32119
244170 144297
109476 280597
34389 174862
21276 111425
251261 43943
95121 151547
134358 134125
190544 273077
159565 296096
194455 282726
137389 161783
40322 234365
172782 140186
134339 190763
253768 104837
208660 126672
198201 14553
85301 180086
150010 62167
84219 224834
258031 182630
129108 65578
57974 65506
231761 47706
198499 245962
126321 170235
198979 289589
163920 221231
100886 154528
232851 48183
77413 195275
202681 4285
122672 139062
289111 281121
134917 207276
15074 289472
125486 101603
105201 293776
116983 115748
79322 272300
94685 86219
7496 113742
165220 229094
55803 273443
129310 91917
150570 251902
141489 205466
284396 199522
78053 164039
193068 106854
24777 231709
75822 250085
62719 279964
189415 56615
31726 35005
136774 54854
237326 120572
150373 6081
126639 99321
273912 166257
25501 52873
200176 188986
180235 117536
247142 196107
65638 8544
207775 204925
116015 154557
127501 158079
122940 44572
33907 122737
143739 289181
135580 136863
292859 288629
163255 8641
12699 288657
119787 71585
135808 90675
45649 293718
171094 213772
230509 142496
179031 85463
165755 131904
283393 159300
221076 112838
5251 220579
97633 170511
128337 223308
203519 205988
253648 200091
126514 17081
3278 15996
230332 152684
89451 208070
107790 253010
80265 5487
39788 261063
241823 27978
48920 114619
215793 161320
126626 149171
132254 275516
103437 208234
244555 234011
294167 116270
32554 101043
209481 73140
134389 18228
194629 169471
250424 218080
194807 244570
216695 108282
21373 127133
148964 187203
109402 77183
183734 184367
129080 65725
91280 256942
79800 103555
149780 31445
50239 175042
179650 275460
16916 78001
158144 178286
32023 24696
225462 226318
27590 186409
296076 246068
205824 297149
130322 186704
238216 299200
130046 228447
69908 254276
256378 65142
74731 103909
241417 129213
42065 10829
16024 187986
124283 4642
214536 290230
777 92043
125731 111390
33632 171676
251464 190501
213029 73407
93986 14914
112653 274480
22258 152052
196730 11261
131081 274754
135105 130628
266857 152948
24266 287050
87849 30996
260112 200729
105442 66406
43477 23899
124838 46230
16542 55387
111151 173149
131173 140854
100133 19641
29288 3937
269444 155142
179512 256539
276667 272943
26662 265163
209680 169349
93228 30433
209728 56126
140231 164092
222131 117583
168950 107676
281790 60232
216312 166951
203372 177649
271657 70604
258049 266972
80067 222806
146206 133271
48951 255489
220449 235482
135076 86435
191234 196891
166083 127555
243133 97471
227856 299055
223502 253070
143861 219383
65206 290052
113158 72365
139226 156660
189148 101855
43845 25854
160867 125301
195420 96781
234603 130663
110478 251787
8940 157544
218183 136119
157992 148856
250822 124727
69586 25745
260129 22930
296246 237130
155519 82729
700 46357
96271 296644
211131 130808
92747 99305
9505 30443
37140 171113
81330 256598
220308 270422
129368 292099
62679 176178
272085 173519
126804 295206
101551 57625
176969 135947
268546 51627
209681 59308
128880 286855
268638 182930
70809 3588
281155 89914
65190 155120
257177 8607
92276 95149
22047 181572
12658 151458
36253 242614
131622 166639
80292 238826
109515 172163
79698 17416
218666 201564
148707 187410
234376 258991
262829 198326
231027 286692
279534 184342
2495 63220
90199 113686
222384 142954
265980 34069
78608 40057
286555 128783
145434 68794
239558 31015
35892 210113
260717 99501
213482 279648
139032 263348
236125 241823
172785 13470
172752 169964
229810 19376
225428 167635
283014 138584
206610 201405
167428 290511
243748 137294
51814 70706
46459 272712
1839 18448
266068 205284
281368 280196
275916 292131
88216 94869
14779 144884
282682 72228
285566 75315
36410 133054
179323 53717
191936 90659
94428 266688
22045 16355
211659 148128
121561 228784
237815 28979
168407 142573
281909 5865
283768 11812
218235 232161
156797 201684
19342 183418
227870 52954
131314 10321
201582 269677
245824 55492
1514 8863
52418 36762
242421 183240
244382 296156
62900 277504
274301 103125
149944 16350
156978 3010
95819 188832
199162 114904
200089 169703
137945 291864
15701 179713
265445 131858
160307 76283
149890 73194
201851 221607
19308 212128
119472 297673
143930 243413
296298 12631
73849 208650
260934 40072
13655 186168
244052 29769
257257 85654
201668 187278
94374 51170
106243 198994
147344 185913
117563 81866
14186 235368
46713 215335
219657 227936
146653 129373
81249 258686
270207 251442
22023 35849
87825 165916
152974 211879
148138 244130
147513 72523
121654 227506
154490 293837
128136 35399
165771 64627
282134 277774
161273 253588
6912 219456
292344 39693
103760 59100
257533 200429
265877 291462
261374 22496
42074 112822
121940 138079
246586 282105
9937 135031
257852 213351
70716 219142
51805 83125
40760 126969
192833 122066
17445 13530
86912 199352
115641 107536
179792 256895
126597 103737
197469 28624
173547 3485
176030 70451
101093 206409
127039 114199
250330 35723
135707 143764
284408 96776
38861 104056
212481 244526
256367 37349
22182 261409
252978 75513
97583 241149
69805 227964
121383 47032
147077 113468
118685 210077
146092 25530
8926 174072
228711 93766
76713 122372
285309 15011
279348 36298
36463 239736
140870 292186
213288 14482
180921 61281
55524 1495
166458 272909
192857 35760
188935 271258
58492 166517
42721 123437
27071 144223
298750 220364
237509 190787
141257 191967
38288 274676
228442 91108
53391 165330
12940 49506
52045 57318
170912 132523
13388 285361
54887 47508
57748 171615
259891 237896
124446 226030
261998 53459
189336 165028
18184 77899
101429 103149
25160 295563
162064 147603
196091 235062
257141 80245
117035 158543
32420 179723
147967 195515
171435 192891
299543 273067
126634 81481
145249 141867
47807 241423
293492 159452
299926 57676
273033 211577
71601 262664
44805 236630
102786 219590
215865 244089
231477 39437
223280 124040
248172 89759
279962 229683
289927 36589
288496 191856
148408 108209
236966 104067
141317 29375
117929 45457
267841 223055
274730 200062
189736 284209
266943 6211
96791 152486
1911 193092
103702 170988
2920 122527
216568 1273
274308 170868
35804 165899
37614 31326
198807 31100
143529 165288
139417 26979
152901 109905
24091 263049
142705 173143
161429 8297
1627 275678
204341 120531
218477 113834
131826 142184
239376 42949
80509 201494
286508 225146
250402 105590
253309 173813
155841 5454
268113 115558
119972 127049
22188 202051
246546 168563
93565 12431
134414 63503
41398 126026
288616 229
221875 224897
88697 66659
230838 244860
265009 205750
296849 123204
77830 198540
179023 114532
81754 129897
228729 26522
84282 258186
41850 119196
122604 72
237134 140250
241834 212154
116830 108005
159768 77894
8057 278782
203159 223649
19034 4316
147687 273203
277578 173961
197292 214210
280436 162576
281375 245941
218032 256221
56639 290391
148244 19915
49454 145259
164515 82971
267066 247197
186524 155045
107470 204507
264408 205186
208006 181980
33365 235506
118021 268735
166638 209060
21668 133121
212257 158559
224244 152432
20019 204033
262750 5921
32631 186832
298039 163590
71286 47013
30064 272624
65341 198988
296581 192355
131157 227476
238387 159040
258255 210561
114892 205328
93649 216945
297467 208869
299128 210639
122949 279950
112761 157970
207960 108363
87125 229217
100 284489
98430 96182
258310 223919
129473 142798
25306 1870
107877 194075
91079 237327
244306 66920
19443 250326
41700 281591
144188 166172
292639 196545
141826 37847
939 199138
40975 45462
66631 55630
138057 281224
14456 12475
167781 230735
98890 69413
32086 164459
275978 15042
299657 121859
77510 37563
270997 117907
102075 261854
256534 46781
1154 170485
76434 102074
224419 47400
110538 271873
78021 9776
263549 229888
277373 31833
256213 145932
230755 149949
9694 250496
104344 106074
145219 225427
97811 151936
155230 264563
149070 153147
61251 54909
143332 16353
28039 121566
28972 256312
20924 121071
222223 142691
220432 61421
120258 274586
239426 172587
281505 88859
232397 225329
131223 208916
275611 39998
223217 169841
56374 206692
103246 100210
26060 116331
228230 173271
29102 166694
289933 268065
71904 226904
44742 2757
174735 87665
67512 241118
2163 112429
137830 107907
27023 3623
9065 162698
53591 265845
29755 91281
56270 158016
112603 256324
128867 113452
223464 62465
229675 94437
138718 60665
215994 53851
194676 28005
195582 172344
299458 23649
61198 252940
276713 285901
215413 183344
137905 228146
74542 155579
103949 286851
166852 114935
63349 249128
48521 259981
125263 183451
19756 97186
194013 204334
95678 151297
126519 39885
160849 166956
255798 26443
80274 226096
13007 78272
136111 118499
87965 139752
90882 165522
294409 203180
38368 126432
5373 8544
204747 21537
276032 200455
17581 37710
101218 285542
54458 165915
157012 297021
175484 24275
251836 222809
216319 59439
286767 105674
132268 214748
57025 282978
1333 54756
157418 265378
287755 184311
286748 191454
117344 215260
256279 111429
41522 269281
266352 104965
257863 181628
272053 260482
264163 9665
296976 234699
88717 31286
298077 244776
32284 129816
206911 280072
28855 161364
5815 236399
58137 242929
72658 166079
38460 41515
15984 162722
212788 134245
258066 257055
104949 210508
277758 78980
63184 180114
183885 50611
241585 202633
295901 271568
37164 31588
113665 208453
83844 104462
184289 36347
53555 121433
62764 139206
72250 48952
209347 70575
211227 82856
262698 84268
105000 158242
257385 18058
188020 268625
86718 191476
110008 212630
190887 265926
25837 188824
169634 60592
109727 174285
69601 72280
57933 18763
179504 36478
50740 256667
205188 12788
18187 18872
44951 88350
81414 71582
238348 187983
202908 241782
55451 68206
207296 280805
261037 230001
231151 154707
147741 95114
202365 53079
115926 109364
42146 130985
100346 120203
190751 165680
191992 299352
252429 293219
140195 174211
288085 223611
230697 157205
227601 189717
19281 186621
289086 221971
232201 14201
219386 98111
30102 90779
41001 293208
144001 110716
185560 144428
202354 109869
11889 92458
55273 1604
261096 128882
68974 116434
4829 219256
79908 18392
139686 91664
71616 242812
252169 122393
60361 46438
39806 24522
258565 190787
129241 50845
153793 225207
10435 264253
256140 56592
143586 230084
96803 34038
243876 32621
243262 28905
88549 3105
65664 287667
107985 229716
92398 150744
28005 136404
19810 280729
180903 16488
210186 277269
245629 175807
64598 75903
283173 224602
37454 103115
16430 177286
89665 6555
166672 197165
273450 203422
254946 185235
287669 236512
2159 199063
57137 226121
281994 115430
286653 291429
258813 50853
247359 201851
209732 236163
173334 236431
104409 34639
49663 58395
89402 10676
257570 212925
52989 84459
81954 187911
53469 62665
95560 276464
113633 30534
154443 141031
96553 30600
198690 249210
190643 53394
190337 154287
250531 21542
153703 8588
17428 167341
63023 234209
107351 116536
133504 177908
260274 45775
160188 21201
293415 57373
280134 176812
238521 275673
98744 213426
94422 279355
182495 260047
70245 115778
51250 180431
79824 23047
151325 226737
204505 284460
82477 275571
251154 200319
105020 242060
118625 3840
235307 220356
102479 21740
207619 94499
215374 96690
243037 248341
206273 272338
198962 238349
156643 4337
90934 30535
166615 85702
216041 60718
176587 14283
85647 24934
205221 273022
196419 201478
248301 246508
56633 43775
65580 212934
283856 43973
199681 130141
155589 282137
292295 231424
107611 113586
167053 65319
162944 221414
118127 21654
204016 68698
182572 283444
82853 191942
144486 22580
153346 13431
251687 298491
157754 239131
246121 225401
247395 3868
103687 196702
275494 125336
238915 33845
296474 227458
296525 266770
293576 106027
23367 179701
182076 231947
31621 93878
114227 142035
281248 78014
197977 55629
45379 13816
268694 126
171782 242615
212167 132722
242226 1028
78044 102532
51748 126369
199442 10915
4622 212161
44830 183813
101290 91730
137575 65779
92381 141377
143368 32418
82331 132270
116281 195399
155310 185793
46284 270959
45051 181776
214745 172183
65474 150249
27109 152965
104360 70729
83571 8666
102586 231317
181047 56968
191478 280433
4205 230005
273440 74291
25076 275787
241071 213340
67971 184158
121785 974
283924 299974
227397 219877
169190 288132
91675 117847
287956 46728
189338 22836
163918 183608
26614 123874
97964 27756
72606 295929
154048 223132
274307 172132
79099 272130
247691 58847
222733 143306
244420 85531
122965 199751
284572 196855
183831 211090
296674 292281
90116 157643
230850 99514
220237 147132
249062 4965
93735 190818
103047 169565
102942 283394
155828 32021
38556 39509
56945 152035
13179 38536
2121 98981
263063 22604
254862 159588
135907 286075
255884 7098
101945 252227
63179 222685
105106 72492
228981 279111
207880 96197
209795 72461
267162 113162
252824 146782
248249 125763
230944 246494
139742 272748
51600 487
270396 65444
137995 225056
264550 87008
106995 24107
35961 46539
95843 58622
148420 26036
172662 58431
35483 169057
228092 109918
208124 53524
287520 241892
268944 65469
60920 115338
164619 291375
207283 102231
115256 145417
221435 284008
220079 206094
11224 17293
23406 67419
131106 237578
205271 43285
107748 124357
252758 18813
153415 87625
113073 133587
186144 63250
211224 111705
75485 120353
142448 206720
20346 202106
98699 19340
278313 238893
274092 86935
180894 134275
254032 113585
188220 228898
209915 51963
19848 270317
261970 22117
144819 161470
37710 25076
237552 28379
252603 234392
180141 285975
64399 178257
72226 132844
256409 121765
76134 28812
183580 202187
287849 143464
229349 210304
56966 164828
99045 139649
21281 268294
29820 223451
262297 118221
26829 231787
192098 54232
265682 257060
106356 218281
75818 188965
299970 259018
236708 258340
7727 147755
134006 275766
100485 170640
98079 14478
276537 14061
132903 263549
162609 125850
70526 95264
7231 132039
43050 297454
123656 153534
241128 248893
223081 138621
68282 260851
56231 11319
167589 33738
47056 137917
46669 56545
174770 35928
238582 104289
263761 223213
229038 42957
272325 87000
213366 249640
222440 257802
5855 10572
204974 277419
44826 289415
298546 10518
246239 211968
226715 37637
141485 156873
80812 51275
177890 103899
157474 77706
116462 114383
270181 271219
80656 154907
140617 258717
249509 77073
98678 239001
55373 278676
34427 95510
124743 116253
260773 238117
50729 238467
149377 246842
156353 16923
189745 21562
160728 54003
205692 72866
75199 39032
41822 44353
232579 282857
275552 194632
108496 261372
59816 105759
1571 61693
130408 181530
5246 270915
157096 17252
216910 268056
269902 129240
97700 79320
8639 297213
33846 17014
45409 152926
129612 150034
275010 45929
150922 225648
193405 13080
123495 129903
293662 81543
22902 187008
79959 55597
253517 5518
116316 5893
276012 33085
45728 41544
112164 173353
38793 54956
167610 15083
63687 155630
215602 73701
270648 77683
22533 127862
106842 286198
102893 173496
157634 170445
199290 263266
27806 120433
155593 51082
167555 227560
148103 70758
113923 78304
186398 14297
188734 229080
225257 151207
296093 63455
36922 228498
249097 210233
108031 240722
148167 110982
118600 145018
276654 32477
226540 14436
298893 209414
191544 157551
268827 197507
36447 139111
3625 183426
261233 161716
222668 106382
151643 299271
153438 75687
226101 256703
250383 243993
231092 112875
72406 53959
37510 85146
53801 285147
233869 193138
244570 153844
1928 49668
143768 169506
68552 115317
7490 132442
14660 171157
174297 144157
38140 100210
264438 77177
131378 186950
130578 127727
211065 203209
92880 94114
171600 42208
27287 139484
6078 235490
93903 115212
276048 43626
256105 152327
263415 126634
99609 16876
214809 62552
100826 2851
234415 259566
142885 34695
107867 76895
104563 66555
66976 98395
136132 110992
79965 251243
121990 98704
194539 54170
236853 213860
171793 967
49793 25987
237819 34490
224831 256730
257813 253307
61276 246705
104238 117839
189833 80113
90525 57138
215498 150778
228769 298276
134635 209270
84496 86481
159194 151629
181284 153919
35202 196632
23768 97358
265770 80366
97795 38359
261004 295438
35327 176980
34696 62723
150401 269637
207964 10515
192104 60990
3399 137000
6983 99657
202023 65881
29213 16213
132012 138400
132234 15229
297746 187449
232086 132273
139261 269227
179817 195655
69124 3631
3252 246816
196041 175659
46209 210193
174556 50633
263095 42326
232340 103129
170377 76363
263411 133723
257145 124297
12383 189050
74424 131718
230910 172880
31211 262705
279802 294199
7623 245299
248824 129609
46108 180878
171519 236038
150676 83502
273473 245377
141415 6054
77156 132442
128457 24904
247757 61787
194604 121050
271590 178022
280969 120399
17790 162235
122264 147267
99595 298095
89918 4502
117781 252906
214762 14763
117674 73486
79038 212453
58460 198453
49670 40671
24015 27488
211086 283735
222896 140599
24770 125172
274880 240032
146058 173967
190024 129135
146062 238518
133969 124077
101813 149662
105385 49440
163590 271729
23183 89197
118550 18212
276054 148255
130461 288121
120286 228562
228350 88914
76463 39666
222524 16690
71864 287471
293486 105307
77435 154466
233032 198969
76964 141669
61857 88967
202637 260097
299766 284123
49851 261430
255534 252407
1616 23297
18026 197534
46507 29649
128582 94156
24418 84950
202951 133539
4198 237512
122162 43837
195897 66092
214864 110303
192642 85224
220411 168686
197154 55661
37933 276602
233928 172647
89773 22282
75290 132909
27400 98874
260046 57185
185312 58668
74711 133209
61855 155583
132567 84034
187568 297251
275657 138541
15076 206631