2800 443
122244 94828
101110 151001
199832 291671
153202 131533
118558 74510
237341 95082
225938 186074
83140 168582
209683 234569
102019 213820
226347 284957
189507 68866
41354 296708
183440 52648
159692 36687
151944 59843
103926 214767
198403 264288
296151 95954
179448 31573
262769 217306
290643 31897
265980 14951
78823 68060
7986 176831
39160 186263
230575 200979
160955 155096
270515 32883
256397 9895
117602 228426
39366 211482
27656 26384
123239 155568
35145 147058
283302 266598
72842 282292
202921 246859
8038 123148
293297 285347
228140 137490
208966 146147
140616 290446
23454 63186
235341 127254
277160 100850
151503 52543
152909 142262
82827 9502
124853 205734
189367 291664
113747 245154
126231 18899
67848 118244
53345 60969
201964 252142
223711 239881
82855 138619
69411 120640
233734 100871
112741 251706
158799 152728
179317 169099
276958 106357
206120 95671
85520 220205
20699 256732
69147 248471
6995 249220
14734 110653
231951 81744
148283 108003
140270 122108
135993 85595
179885 68877
160823 42332
147993 117907
80490 56974
71797 278131
202757 110410
224880 4341
191342 9942
157473 215314
278631 138704
49273 233877
153302 218445
148946 97195
219708 92630
189655 265025
78412 66779
165138 201813
272426 21464
189724 286315
138136 164876
231124 153694
165099 48977
242320 39482
30661 11829
285115 159607
251423 124546
16874 281314
80500 259631
166988 20733
94505 197910
108033 291988
94136 92477
21039 164296
148297 254517
124998 98558
40217 187098
147543 246728
196693 172903
14801 12156
43362 125191
259511 142525
173553 233286
3615 159593
40528 236379
220834 94722
23690 200984
281857 240005
276618 27681
6560 22145
69169 274147
268440 257455
230263 24357
111398 138452
206985 189625
99142 164028
260966 179933
158832 9022
129605 265864
289684 15214
112216 225761
23401 93392
273479 13993
227058 297203
190994 106162
226763 236066
56903 153505
106542 97400
203911 280412
291455 270804
5509 162569
2070 118133
263534 125646
234823 89954
272268 67508
36668 71502
109840 245332
145023 144654
179638 2430
264154 96271
234821 230954
91432 131529
264490 288884
153277 204597
293250 71675
208384 214136
220973 243135
69514 51218
275580 214887
64008 298889
141699 63776
237514 3336
248211 125914
95338 55536
174819 167737
57618 148875
6801 163054
145692 197130
238821 213897
145742 79525
251066 135595
166838 13183
168781 88295
81113 76379
237987 59827
244714 164302
124899 278116
180338 235858
134898 242281
258716 252589
147690 9390
296417 116311
131883 213349
181853 72859
106819 131234
190860 229602
34770 288502
102857 159433
244752 156960
50949 146943
88489 270633
175189 118056
221010 241049
284434 45176
224898 56658
242966 17627
297516 90473
158368 171811
246299 219315
137624 271573
47305 196697
70877 108550
81047 164319
167396 80378
180757 94384
227443 63559
161702 44441
123214 272664
190932 53358
202150 197240
15040 201498
237527 275574
264335 123039
253346 73599
29519 152264
2867 234531
222993 74476
269301 204484
130882 29644
186547 155884
222651 228347
261574 227647
199503 162364
253516 136189
228699 64444
113134 77031
249012 106897
182361 62224
78881 210719
114804 238883
164107 219187
62840 39452
153993 108994
13803 211665
23029 153478
126607 166875
55506 257418
159076 167962
71913 163173
291011 181693
257910 252250
261062 47860
114089 43058
204068 139647
34985 274313
217640 146709
97662 176889
235623 199183
26697 294934
80967 198152
103043 172903
181195 276701
145771 98012
194595 16460
19756 282482
167197 230997
18117 22784
247430 254123
247392 10209
95484 281009
266501 90092
123324 217763
272879 102414
21424 151615
281094 184682
81507 39601
86556 272743
235758 29706
187295 168736
4551 113918
194299 13990
298369 55834
123385 273511
239705 21183
186089 33455
180021 33062
136205 281590
168135 115579
34 222032
227561 218335
134020 95575
137675 224279
109280 228536
207154 223061
233640 179774
183727 276450
107482 27535
35333 150134
240765 272833
258209 153071
292680 146139
289962 18535
27104 69283
229389 235706
196461 94098
143080 4682
42168 20806
124239 22675
20892 269556
35691 248309
33327 169107
39700 154968
244395 55021
214824 49530
95923 89720
136405 211970
247266 79639
22813 28633
167357 288600
272144 112794
247132 164843
59197 45513
209172 203392
186590 143101
58738 27947
12961 296120
220731 207793
257485 77323
127251 141485
112657 15889
95062 107851
114058 200948
296078 278735
288002 258099
236711 225794
286550 75825
142524 137721
42436 271212
238889 103388
138844 137409
4338 201354
117336 200995
82275 113723
206754 149528
281865 154863
135020 221125
211516 194630
255854 152777
281786 113548
295549 111629
196071 124341
100075 164316
134366 274283
100961 145764
3718 163772
281785 52866
133071 113569
243964 215248
107486 78219
262271 110477
127437 266017
200732 117147
53090 243376
295749 72419
87408 60979
63065 260182
179733 17516
196064 2240
225729 151653
119521 299392
261223 96394
47085 100966
287809 262789
234026 286916
20436 78687
115881 137901
120257 46872
235147 152341
243576 290892
97473 240647
98507 236448
46943 170246
213702 47669
287573 78182
250689 287304
184995 188142
238957 290162
270312 278905
255555 218482
182399 244049
227086 182699
181509 128799
118109 81177
66816 214250
181355 274494
169997 251699
277462 94977
5266 198724
286956 122854
126224 142268
45697 291271
151234 227147
186262 29006
245902 106384
77753 289148
290908 99992
195663 705
261673 190165
197387 193389
7364 291466
170417 109023
187434 86738
122144 107169
57460 293113
228427 239110
64233 259519
70715 149630
116688 72714
24244 242085
157929 298809
20294 244927
186846 34627
229821 73254
296226 40847
213802 260386
266867 251480
218570 208148
95670 65738
53821 65655
216756 4908
146701 148414
35965 3665
29956 242802
181993 299990
63085 226287
111022 88249
75442 123706
222766 50818
122043 34387
4705 166754
29562 145909
166848 21414
126227 228702
239436 23024
5852 34953
73130 254859
11857 155547
228675 125162
262100 276264
73745 52679
19209 33473
119665 132953
276479 200850
165147 198191
156648 25826
117004 268663
121580 29246
191059 209069
182740 137360
55568 281508
87897 144110
264476 230899
291863 88505
188702 103197
244415 185703
13703 288381
106214 148155
162893 193427
6535 263667
113178 79722
294991 6236
254650 89421
80547 23239
130541 145057
158485 235808
116339 173645
216568 226464
119708 203543
22407 290084
284555 270031
15047 110165
105625 2587
289142 261700
235345 241140
254856 111043
223972 123110
91803 165301
132201 40080
212654 156355
255562 3359
106737 280204
51491 198283
93197 165757
245961 244220
278257 38262
288185 179750
96519 127236
249652 35500
70135 105466
49633 214226
275391 260088
194073 115163
260735 126061
258769 223167
172597 152015
34333 202520
215669 208159
82222 297615
5556 10696
299531 255094
267656 94268
116661 207655
113454 52096
87392 172978
267155 137771
50900 181214
113459 224784
99071 199363
151185 31926
92048 36506
207384 57590
165205 93068
157133 8926
168745 66771
122540 231239
194467 262584
113366 296323
211172 25520
92427 139855
222230 59500
133084 158430
69799 253493
275256 228527
198995 247625
32046 231660
82263 293124
131303 171414
206539 222366
297849 264893
280279 69079
22595 204837
267087 89768
36682 287447
221602 43232
163688 295411
172180 27086
196539 50942
113746 142259
153922 134330
240902 202051
135720 262231
197872 268200
11472 129612
167445 142490
210806 119109
159736 2050
282542 101688
272473 258888
49390 20446
100605 33978
38334 94493
257772 205060
178929 266190
59262 99596
98680 253265
68785 148214
225376 76623
233367 220740
155866 2282
88894 210008
165412 211256
128558 87543
194395 189978
41224 245875
196531 292725
124685 228198
286913 138029
136822 97982
219798 39121
102329 124284
115182 216189
252411 49501
240282 101830
147037 33663
38727 145899
241315 291665
81627 118257
222919 180133
154679 228433
113640 34718
36633 101178
64325 160061
48326 196423
39193 128930
141750 285173
81836 295607
290684 47159
185321 206503
83938 182392
151003 198112
246692 19356
95367 97806
267760 147994
247198 230260
197037 77297
63617 125789
12115 174264
100890 118117
243314 283310
212918 272032
110747 24512
24515 110065
121865 273229
153341 30322
156504 281294
128969 225583
49415 45100
209739 79299
200024 12753
34913 117864
200704 44336
235417 189061
260765 206591
182780 127825
120395 237593
70014 72182
98968 148051
218297 142499
185646 390
80555 107974
247127 183119
270718 115481
32569 261310
240891 149181
154615 33506
83509 21528
103071 81717
167356 121993
284630 186263
270066 217699
178838 144539
25566 123470
249772 101152
212550 72152
11445 242567
105187 287804
83916 96357
138202 264518
113436 254307
107169 277914
219121 205538
96858 108705
261047 109156
229252 50620
203302 198633
238013 180494
228043 273653
66006 244168
269471 6781
38019 129143
117410 113731
274467 117869
294306 182862
293614 82861
287783 215743
9537 2283
136023 149077
236479 165880
264559 186076
79833 215211
139358 271942
171689 111899
275949 117019
171480 20081
159620 70970
231212 227554
154203 189388
233795 134958
187517 152334
281224 233812
165149 38353
233903 67323
239832 176318
59933 220287
212011 245844
89545 204217
15049 248522
102562 56583
227447 267957
9470 252465
135432 79382
181020 237156
10694 98129
143561 237965
7068 264764
217609 253537
160505 246524
294681 172242
289242 223309
178190 182344
117416 8839
230469 107461
149810 133189
146759 80363
36310 192617
235128 210617
208028 16280
2846 285670
240945 94010
209936 5074
263267 181701
107525 145143
254216 40926
65491 290742
176077 37017
174360 258556
241963 8458
249487 76270
62331 74775
190385 203666
208966 12331
190124 131548
195399 287047
32576 145497
249900 271922
213865 262600
37654 66374
163186 106758
80456 277611
99606 67037
251163 5756
162633 100788
234992 54134
85713 259831
48027 108381
15675 76795
272591 76436
125568 73424
262669 82161
56266 249882
68432 59433
225907 47038
115975 139772
158013 27579
176763 6140
186837 265097
253892 148570
122999 68595
64710 57587
195617 70257
286903 118692
203221 60518
77793 227865
17223 166828
73534 253359
206637 3031
195679 65752
104225 224124
134009 248969
293410 91127
173272 190713
164938 94210
277449 266051
81521 119699
177632 290244
176734 256675
241813 206397
261580 183028
161168 163465
92256 76987
227226 66842
96084 286115
242604 207401
117590 193649
102808 187471
97792 219761
193577 248318
147807 119521
295690 297972
127699 214808
159106 95143
285877 64074
181242 183850
118013 275812
279609 205495
284032 263980
168315 287184
101895 140770
290535 94190
299544 46408
291416 264235
246615 79233
207297 209951
90673 128574
50205 244066
147103 134347
277646 217314
253292 278420
38028 101723
90578 99830
47095 229402
55472 199855
61201 102064
262253 275336
194727 29317
35380 289933
145947 238473
191739 259342
298117 199323
79293 140276
252534 143031
55511 96389
275431 188344
28586 31200
295354 88042
71550 48081
137797 197709
167261 172418
63329 188494
75084 194481
125794 16332
213565 136256
183012 181722
281085 200415
194376 192312
182320 238871
226725 40317
228525 120238
254186 162309
7798 91665
199143 20205
299597 263846
4739 220319
114540 82198
105672 285631
93601 35823
22224 169506
16458 230273
295939 196868
253096 218595
46498 21158
145720 294561
287399 144886
123515 18564
264222 124046
197164 198323
248085 272500
221442 176623
132702 195986
145931 147658
93982 195401
4627 135896
620 219848
66245 25011
198242 29294
64886 246681
19175 264318
140960 202490
278953 27980
32355 118819
200532 63764
256597 252442
89158 289291
1996 24456
204962 214321
12244 101628
129764 260939
256103 95312
91626 110541
97077 169167
136516 138211
246663 275505
274582 17177
182437 281900
127928 32151
220595 246035
281299 152706
126810 143168
102190 16433
268216 226347
188480 53547
19301 172200
39239 197641
211159 2221
16887 44661
204687 60979
41471 79508
54915 166205
85949 227089
104504 91372
227741 5491
40899 143699
126912 178572
59731 68938
48937 146840
114165 198402
293755 284531
139373 265584
109402 292926
69213 154911
119963 182554
258621 262932
165744 82481
103489 259354
210029 244637
95449 289378
195084 121170
203866 238396
36575 168456
250852 94564
171214 80238
99431 279859
181612 96500
123001 121282
232251 229856
188644 281872
64541 193073
52395 207503
78247 135304
257399 165417
136847 251689
12726 200092
198854 188812
157172 169509
225348 221184
109634 234378
44931 276893
241568 298834
228632 123485
55661 24068
101793 127010
238419 142147
174851 269606
21862 167537
89336 156372
209223 210375
269799 186184
106015 14853
286844 3345
295302 22572
174199 82690
110328 201633
55257 58115
136717 73809
160091 2623
95612 167231
100153 44480
206588 237338
278006 134334
147027 25766
144943 144533
17133 18065
94482 175455
254044 38497
223589 113309
221897 281982
265074 105187
222865 141792
28227 62447
122605 294115
161787 60746
151433 18776
106858 184695
151113 198042
5956 27478
270855 61802
32045 162022
36055 122876
85222 295781
261089 164768
55130 273414
288685 98171
169220 71604
94443 140336
11861 18531
124041 38612
185072 221347
131005 29646
143732 18759
132416 205834
195322 169443
18213 186763
174066 199210
164351 148570
91692 71490
26046 178241
72937 120129
146870 214678
105809 113068
172075 53179
9174 201790
164766 256481
134414 284982
191588 247209
278815 63313
120133 204952
269734 176470
18225 77356
204301 109676
262121 84135
108543 29000
66084 202368
96253 174675
39942 247140
101500 163303
241755 240759
45741 34324
296917 3798
213184 230572
292454 151586
14365 111054
142959 58817
4379 199804
127425 234408
160425 293563
171659 224994
15436 173327
167243 89853
89909 144330
64078 159762
89014 184693
219336 260700
142017 175260
44044 230934
75989 119309
4326 127505
3961 92519
40477 171630
184669 243927
6830 139828
132341 251033
89853 109659
111275 180288
180415 276670
216320 80103
172958 166167
277056 25985
255914 91026
250218 268443
202549 108218
282665 185606
45403 290403
96506 110734
956 162919
48839 164457
133718 112849
287655 13934
155170 84922
159767 62450
284347 257514
35841 258445
95752 207689
34122 292778
29619 79588
92683 194054
193927 276183
201524 263593
112739 3816
25276 122278
182301 79153
299068 193507
96123 74434
109898 136915
12819 44852
184137 288707
266666 150111
165744 171249
74257 144328
139774 217316
40658 73535
266960 127556
160981 170521
138615 170901
83139 109547
154231 43174
97439 47118
22155 123052
215147 174551
198443 33621
216198 114812
103574 257564
273201 60884
135546 185804
107122 169289
111205 75019
177970 274099
67739 243434
13766 5194
132798 287212
77426 275821
131821 64940
65706 130441
73374 285393
295464 58600
209662 159277
216908 149249
132492 174465
187787 230034
51440 154966
38701 111107
81863 92970
127096 157499
4548 215317
223777 230725
83771 198225
182462 116115
248164 205550
5700 264897
254138 60200
38348 275406
81295 287552
53260 217514
229823 285843
201956 158588
147515 41823
237244 87567
111761 64144
204251 206738
179586 182827
2603 273404
60977 266021
280222 26991
259376 110780
210059 71441
200017 196611
258429 184128
57339 265923
234947 236521
274171 57342
39147 155118
275218 225991
166930 133099
101600 135473
125033 150967
64498 122944
269174 92231
81838 257128
289247 155014
104901 36736
10037 151347
200630 93344
164900 296281
263096 295933
172745 211086
248404 118703
141632 93583
208853 103796
47327 42315
196163 56493
151732 290514
32487 181882
70394 6350
47517 130457
244802 251226
222793 180200
15462 31215
32153 53078
280277 4472
90715 14447
97158 96632
2664 115511
92173 81566
33119 75915
289976 84812
86667 241547
40215 4683
250079 154899
287296 70816
269546 934
175292 134421
95063 17093
152965 190507
132101 266870
249570 152866
162815 208620
101267 126496
266346 153572
245151 93605
64760 261879
144033 116345
133383 269010
270006 278927
261732 231011
102819 259105
43816 227511
9352 291252
3866 226709
292461 185266
31497 40753
93776 270936
22051 214811
145602 116449
243848 211947
262495 130052
41933 74004
74671 144931
104312 147508
147016 228185
222524 120389
289920 160471
216280 240434
26965 64351
50973 224819
47312 136446
85747 232530
199566 77552
128042 298176
284066 65199
41231 283978
71322 130455
175001 74956
128543 280636
121029 243975
204224 211953
281194 252981
84284 118472
291158 95131
103133 111208
283482 60809
46094 252738
18321 276886
291789 286337
209187 18430
268189 120190
223954 185652
42379 122739
193658 218272
272340 30117
294223 149304
96717 150103
242994 222821
121021 259823
108830 235610
58854 191301
42076 218418
275777 57008
193846 58937
102409 101795
207239 22206
108064 226611
68426 214499
93484 191063
52370 199747
126404 190159
81461 177
168310 225657
78569 77
166354 100295
4690 281942
142823 241111
150535 7531
154697 126378
76284 659
294952 71144
136951 171365
251218 247095
2275 36911
186965 129105
160813 119734
36216 48885
241823 226818
191675 46138
24113 127086
110640 271951
8414 130625
251310 108960
39085 116393
211774 129568
113970 2599
187379 124087
12925 23470
73748 21587
282757 259023
298373 23721
279969 294618
59844 111296
6514 39011
77927 156175
85379 245494
133676 292961
238045 116224
94263 130608
105446 269600
106439 37899
10263 197471
109327 291185
29119 15681
71997 206989
274591 83251
200335 193580
133287 147694
126648 238964
268097 11947
63154 224780
169163 18025
149086 128584
159628 266944
237581 212729
256008 20125
229767 258119
10191 219297
273083 51810
177832 15426
31000 116628
283827 18068
278284 203806
150265 261103
165404 261055
100664 10064
81419 85016
245560 186256
85000 205094
88531 14861
239720 226987
249996 160740
263925 268283
97624 135273
124612 208157
30164 295897
124036 143400
250811 192019
81079 99244
254292 25383
89605 199982
23073 88885
271938 166864
38851 178161
23610 200090
248430 178042
199313 290147
92346 183912
218402 252327
238907 87795
146476 132435
157767 201751
202526 246742
220635 124397
228945 256034
258049 52667
9636 54877
214669 227009
192675 73032
106067 142193
202583 108545
158731 109137
148426 146229
176038 70974
10790 169997
97418 36866
183281 153814
176854 246833
95595 173565
129051 30220
55382 3056
282641 37030
162166 212322
120062 104219
99579 133987
208531 54293
72924 165808
141742 70239
3913 94150
14767 29193
251067 278161
212562 81688
25913 168707
287235 166026
30838 131468
149831 98286
54833 144368
275329 212017
59436 236627
271874 148384
43786 290525
20326 248307
223559 229017
43471 180020
138198 100002
201434 267314
83875 107977
140892 689
55363 28483
165651 265977
150700 279984
130125 162953
246957 294060
252829 101235
281081 156909
121275 91375
203214 257301
244000 231384
142401 62248
264616 80068
199405 118549
70657 59894
256451 171845
271203 270872
298245 122698
205954 121878
61561 293133
52793 138093
60585 155001
251333 21164
173148 246917
168831 106648
84243 177678
177185 174285
65814 60311
126069 72686
253054 21099
57619 10940
274487 74153
21340 53132
60390 27963
56379 235707
116611 144962
41567 94672
244836 197855
204961 217552
52453 63120
282837 82333
56199 68519
130580 266056
233886 5088
287322 239225
288370 259581
269198 145633
163205 210043
117880 237394
251507 178562
72386 249966
122824 274531
29331 141511
83104 166276
21740 228343
183069 45658
299422 244829
145370 244331
132579 256701
84066 184696
115539 181738
179881 136421
74778 147208
232348 275511
203818 241457
295028 260094
190270 229239
263784 69406
161184 18024
273124 163374
3217 14527
85975 280608
72903 235201
272193 130596
225314 1167
49003 124919
109361 267898
62805 184888
37061 95241
108782 32039
38342 78236
146332 211592
193205 145375
74216 64194
167878 24501
190200 75368
226134 30566
172657 110425
192128 43725
28147 260589
230030 2270
38487 259951
49094 259712
231791 29488
124452 7290
264866 180537
282687 121259
120801 287864
245307 178575
118128 132670
216095 24684
265789 32721
225665 8830
108977 57252
222388 93781
186651 28774
52361 142249
163587 194456
262354 265357
251064 101968
254091 191057
110502 225648
106300 198690
256941 54708
32866 197108
52401 246710
154909 292547
31563 143971
179951 43691
221181 93931
119862 293991
122702 282632
296288 295025
87127 122835
83665 9640
60378 172198
249186 140057
279624 50720
286911 183691
39995 272433
100714 97623
48544 142378
15008 145369
183920 93065
207860 185667
46351 193201
19810 37410
225468 106206
244621 150209
33459 254691
83768 25156
255184 82413
99396 268757
105971 51859
283840 283198
126229 10786
104526 114595
37193 162368
31222 194842
104009 290380
155534 271072
252303 161306
50214 75626
233502 243647
195652 20445
63100 95301
20800 149660
83507 229858
131096 175653
257663 275488
68416 244307
205908 204951
21757 115208
148447 187231
292646 151518
12189 104923
246357 203219
222478 44057
187070 16415
20345 141779
138986 5664
87287 178170
684 138858
8491 268819
105551 79739
9664 240725
296467 283983
197395 208098
83267 158560
243316 41712
17228 10131
40328 181866
20720 253330
119435 271594
76316 174089
236667 203882
183737 37410
84080 130409
34874 13263
223511 218314
1600 285555
77190 170392
85247 173679
10247 18177
50834 186201
36955 231214
206086 215038
14121 254869
276094 148895
145505 23643
93546 58246
212658 26418
11015 98516
122103 91215
147067 177406
77262 63068
26514 283065
169835 92596
254563 206860
64474 263770
180688 84910
155065 134640
292846 270007
252233 116813
163464 47429
160177 208216
43627 137547
78669 268719
238524 43947
242902 15779
214728 21537
45135 106307
156039 189748
199436 287718
82532 173162
57069 18723
109201 76620
52905 145924
137723 19542
77346 15915
76299 217411
188259 101397
110382 252704
54959 38055
241922 213193
257548 235099
59661 18039
53528 253834
219904 276390
24672 44862
192315 185688
175238 283950
294390 109586
160037 152323
26424 248029
10938 120568
106182 230130
12931 217291
56786 247796
144277 41888
103275 120394
175802 95660
123987 218289
48222 52238
269502 237717
115572 223300
219847 148716
66789 133701
239647 193298
10873 48184
281439 281155
41956 6612
184882 227923
108116 235939
13372 63403
194256 29502
247409 299000
264101 244600
121378 229016
188515 251050
191821 74491
291079 42580
211672 93591
207446 107957
9341 267875
5912 110763
173892 49709
93673 140451
29224 153138
132286 167624
228619 88357
89086 29061
271334 64377
242711 204614
190176 247749
105042 200704
4958 195902
261719 171203
143650 158694
140048 55216
256111 33178
250162 83915
126197 267755
201014 161689
187435 102041
229280 174410
228687 234100
233180 51795
190145 166284
127012 221968
98320 142382
228511 268701
225149 98808
295223 114709
149912 159176
139394 82281
110932 249798
248679 62673
288924 23746
31548 58051
258180 94515
137693 218121
70080 222718
196428 298156
298366 234999
170880 127997
232538 111528
196187 100600
225051 103369
244869 221860
291485 118932
170398 127933
114581 252109
369 100352
6388 281350
176154 63332
214890 219748
299114 84130
194900 227962
238588 76118
50915 39747
249122 77992
107495 252713
262151 9385
29060 188183
299069 23116
48899 87665
120437 65285
185823 120556
298672 136820
107249 13011
50587 219872
283299 89961
117907 52627
58822 37638
140976 83781
127713 228877
53574 90921
85973 229465
115378 99441
234856 171196
27418 226492
245067 111243
213720 156121
72823 35359
281883 171656
169883 26248
53976 278156
250806 210320
157682 105727
236405 256394
84265 62369
279507 93267
78143 1800
83301 115552
10863 16998
77339 201065
130836 175414
47567 158435
94633 113461
172337 186970
295234 158051
236488 127823
228808 124072
8118 87319
272135 226982
207890 194168
249362 248218
203142 116975
90079 114991
121269 259217
25693 34027
156158 165094
95421 113206
171060 43810
93384 80049
146911 2731
206068 252857
94330 72159
109277 56385
93641 118550
155628 191269
23637 192789
217952 164762
133217 79095
3342 51994
168204 226773
288295 19550
169667 190347
204397 238985
75283 155379
129249 280402
76402 249101
59805 153119
213921 241822
266486 184563
235359 99659
232399 110310
261732 35896
206797 139225
296108 236445
260762 280360
21783 101143
32974 187858
63874 240144
219555 130466
34212 104981
56558 190206
140314 91308
3007 159548
68138 248624
185782 29902
275099 284977
12824 267243
243959 64874
224184 170894
151603 250851
52661 200361
53986 2382
257091 272100
190837 191906
15473 83220
97907 198180
216792 265475
166885 234115
131770 286205
293049 155602
12606 77370
202116 217483
257068 227570
268234 80983
256115 145545
188700 273032
39465 104725
237343 148803
289221 199197
208506 54464
287390 37410
57800 23220
281216 115564
240031 272670
183363 164835
112296 43190
133226 5614
169101 47039
232401 264290
219670 264434
30079 27929
280141 203856
171632 235772
88880 26675
150381 55991
17117 12051
206455 156227
258193 3362
24879 179293
152857 9443
53937 107610
278134 219146
13495 293009
28593 127527
103314 224156
81579 79169
264814 19911
13926 87349
243076 39902
282061 115565
288415 40985
162336 229167
283513 196700
114965 149296
144684 248017
36719 50297
284975 222069
78899 183654
289458 167730
233292 242694
237253 151391
195703 164409
74044 59073
180671 124670
99 200216
160512 260917
170719 177899
172691 270759
235355 31634
7978 267123
61863 90462
14544 161685
109718 46970
95556 32970
243360 88677
247499 145863
249763 16880
85983 226287
217529 272384
3204 176346
62029 20053
198366 72147
71735 298549
34182 287217
85148 10630
201416 132542
189057 290344
270439 251506
1839 292038
54220 121161
72418 45705
108047 241597
69922 72111
67422 201740
173527 142748
271235 26180
48687 1902
187074 264340
165701 132227
29012 85000
131809 264234
20532 110887
272369 133772
47690 288417
63938 283540
53022 176348
10076 66696
249699 289932
5707 100251
79147 31853
169430 83117
166258 148243
51457 291809
49247 32918
241122 268731
201445 90468
125722 22233
15413 252289
64598 261680
142168 1008
7133 199841
299627 136024
19956 150260
171273 62166
187047 86898
46505 250105
183967 226376
279958 134838
90426 9004
105030 94657
91573 226671
99321 175338
126724 234658
164630 274842
186285 152405
125006 262705
12055 212841
48800 101879
111423 104774
207041 54164
28774 98040
112717 140638
260378 113391
256712 177356
28797 1517
161236 235713
85077 130788
218333 172483
162060 227746
202303 183680
282229 286730
96417 263153
119679 22678
141484 77425
242475 67342
223604 184101
269055 128054
279568 182592
132239 101967
114780 4010
171347 221811
96050 165744
233849 186702
82946 122977
161271 36335
89503 283454
200373 35187
125629 294047
219715 210072
97653 25387
12810 275108
117651 94257
119443 27475
131960 48612
150388 237643
207984 221871
58472 253640
127153 105972
288458 277326
183542 228653
151848 254963
289924 64389
93396 162717
211576 133248
204870 25577
289321 299941
184219 27768
177175 95831
93943 282347
271765 263365
22675 162772
7005 128476
108942 80879
138553 152084
124814 54884
54310 200250
192912 208133
95079 39955
149329 104464
242763 3659
289000 216839
206933 121522
19127 78339
197457 16892
125999 148782
156326 115174
40876 153228
41114 142426
23933 102158
224388 20662
32738 242498
30590 64804
97562 113967
278695 142845
253229 84879
59708 245756
40341 75849
283340 43450
274482 165799
256129 295348
190650 45697
197914 103616
281515 30456
150188 68981
40264 236627
247368 145858
112546 73048
271252 207757
205952 156703
246447 171511
12803 90322
43376 246078
61303 33806
228839 195334
149112 228400
126278 31261
228205 141307
190800 227978
145807 199077
2929 235290
161400 287321
298404 79088
294361 256523
80315 18866
207626 125616
57260 92231
232306 250084
270916 166085
12833 143572
221589 8474
269238 237003
287180 134364
106115 180010
106006 63290
53607 177884
174643 128866
7399 213972
252916 67780
13912 19528
100759 52363
39228 23731
79021 86798
37867 195473
264006 98638
239922 130919
123514 191789
155212 100118
263825 113084
145783 85547
224113 13556
77413 233209
285674 121367
76381 3815
74779 276711
256436 44510
186516 42545
121638 74005
188232 7164
253472 239041
159456 252133
286128 263116
173162 180279
198758 217644
200453 147582
88268 225024
35417 33028
257024 143593
94738 228646
285445 208988
213736 225047
212182 281822
275144 75268
153765 196532
256111 30295
218621 196361
6067 92437
226735 217724
115686 45769
244923 2493
286543 274680
202816 201144
45141 129775
153372 177593
64703 299416
239903 111592
15741 294681
258408 270260
180029 56517
158946 17009
4866 253189
116716 224871
241269 53255
295175 102783
16290 229222
172973 255939
105384 185288
207160 50063
66265 233132
29916 129948
129175 264713
272495 289781
73427 65296
189949 101574
51343 243716
275971 212001
41718 176314
4703 53862
146928 230970
233179 243100
282997 183224
227352 223662
212705 59428
171005 249869
32380 54666
86315 214113
295645 67799
48302 131252
65459 212062
53133 41393
34381 170300
270648 285546
82966 173031
7038 151101
230816 45853
134003 248967
48728 127951
115358 228601
81427 99762
283692 269523
223104 52379
194809 299807
288438 196864
83682 150988
100693 101233
145872 109105
24615 225320
240608 54294
148383 186568
172638 290280
235785 213073
245399 244151
252039 72331
118378 140569
30494 42726
30534 107899
73968 238317
275050 69515
213663 193274
84261 227168
297091 55540
99700 65014
238567 74330
74409 242554
184691 127445
231009 267781
209889 92476
15406 248233
74916 107637
170443 234947
215245 92854
25282 31727
128827 170137
205030 80311
254334 25532
15977 49988
253987 11787
21695 233266
180391 166480
69192 20352
73231 4771
290763 89902
203847 80861
20075 171912
215164 243193
254537 206194
257692 252101
75507 20808
88370 222961
197126 107932
3321 199369
105634 274525
190399 178254
73274 41248
216458 110352
286153 17840
85576 119073
188065 240311
221220 55054
198647 82197
258999 67565
242100 181758
102690 247397
52311 191445
285367 9401
208719 115209
105271 54268
12928 284045
110549 187767
99500 196447
5772 173056
240175 164696
273855 294300
123711 180900
169304 172263
39834 155808
140999 206292
219592 16789
24502 60201
173758 191242
156096 207116
286859 22558
236574 175012
283614 150425
230295 195707
177020 136649
6268 183243
120642 242702
250344 265620
33592 63761
295928 102680
227152 85873
251642 8605
287110 19435
201283 227865
88111 23417
209147 198095
261292 8663
267850 80954
189897 77360
52635 3610
269590 128175
80858 67664
246255 287660
21829 10327
176965 52355
51078 65802
47041 10104
41603 99597
297374 235582
68471 139194
128401 121769
41068 221473
47231 61521
212483 176915
282986 118686
249459 75762
153986 124990
165775 46605
271900 91930
153823 172470
239253 32369
35503 138988
14248 167699
65700 52184
6829 154827
270406 232501
169679 71342
186248 273929
73581 58356
17766 229387
72623 121055
278032 200512
28985 15490
135452 234598
116114 52963
222183 129441
34567 166311
272335 89508
271564 148667
100881 127942
58007 125642
255573 39427
183840 260624
74636 256904
70007 123997
264082 98986
125622 143584
253170 173868
216936 277931
210678 169808
243715 245626
228841 298225
89811 91864
62521 125608
29106 277854
272398 295158
119469 11205
75267 48045
32141 13495
277776 15086
250158 25476
205579 165669
239997 25814
60723 273
76226 293227
201540 79161
254683 262484
158708 76393
112503 30551
257595 78755
181303 198389
167824 181082
173937 105605
27966 208913
160679 147837
218797 4699
29124 143863
27780 146461
268525 237337
252991 220037
224747 50209
54738 132728
284335 164899
2626 165225
50789 87333
223131 117414
73768 281371
126938 240675
11542 283929
20906 90360
269152 299942
264434 131569
155620 36302
155558 206288
126046 212562
192653 69436
81091 193295
73504 108396
7447 179370
150600 2848
117932 82456
111765 110543
170742 9015
179281 19959
104524 168232
268796 178600
218703 144632
48454 127889
63525 174475
251968 72339
154497 208290
245336 282218
130145 23381
272659 41957
292348 290012
277932 242952
193489 193349
168174 231939
214098 185521
65247 213674
53341 71268
231764 98887
176412 2626
289065 207852
214358 243236
26164 190760
24146 144267
240681 103754
272363 84360
271058 290290
205653 274695
16598 288853
251376 266054
142472 261464
58095 14000
265797 266150
207456 43672
7498 55030
244325 120371
124719 19191
214102 55965
69050 124647
111831 288429
280497 129527
290073 170121
136780 152367
47857 204813
209247 120238
76539 101291
109606 139531
21328 98168
142904 200195
19461 154847
186328 127478
5201 175833
215784 21909
269350 188741
227071 228701
278561 37870
274705 245229
171559 39853
87249 61058
106607 255288
266968 162133
227205 155716
214642 72880
134132 152015
196040 165343
35629 191246
9491 290598
222195 115727
123227 124180
198859 215512
255113 236045
266819 108469
129585 100342
4758 164308
233007 122767
72987 34064
110806 288984
208226 49519
236374 227368
236452 291546
109383 46870
160855 246818
97412 211657
286410 247949
219201 238530
192976 128203
216124 116796
120554 175580
262874 86139
231913 108540
271059 272021
203427 196458
165680 172137
19309 145186
6883 90796
277319 114609
273595 272259
185683 211364
132941 242107
267457 28627
101689 135375
536 230979
256703 47826
182280 268467
268259 148223
11171 190596
19841 219963
217351 154505
86490 51291
197180 219793
287706 105159
124550 275497
40867 67415
264348 266253
155530 264793
64110 292396
217970 5598
108100 202530
182712 188175
10222 247776
298222 230372
92836 68944
84836 30691
42455 56593
209866 225656
277226 254696
159304 169983
183904 214674
254301 87645
76484 53732
272523 101192
85134 165447
272054 34777
39843 71150
75368 24037
109317 211834
26573 103976
279923 92379
139844 108642
126084 45540
61686 109312
200343 228163
289153 267619
172693 213820
90905 64722
270458 200713
203269 15748
52989 135277
6250 1552
170278 215746
297763 258874
273937 132940
288145 98428
276426 127228
106690 22027
24866 138598
68014 50016
217012 279892
88711 220945
18767 167214
49912 6991
14123 29409
75921 236445
127593 15395
33790 154042
107198 78998
266873 173828
271962 220084
114297 202330
224949 128718
280964 238514
258004 227741
136793 3635
185919 2521
88347 226418
150086 44964
43292 16483
43544 18566
59283 14465
12648 132570
230536 274985
129997 283136
30915 182901
73337 213929
183441 20117
206416 238553
82299 246012
291322 165393
96986 90703
158080 24643
249739 150924
259600 34919
17307 256451
185926 65451
47881 12672
93443 225867
64351 120405
5832 53049
239073 221171
171407 22287
65004 287286
167814 55880
193223 133855
81624 163477
162332 83467
132741 10945
139339 51103
4677 109256
98634 232429
190250 249735
274489 79292
231927 17918
176485 76385
229583 77260
27081 296245
73790 166291
171572 9963
274607 17383
201721 292833
252966 73294
285508 27481
170676 127085
121491 52898
185405 272986
14484 267866
35344 79113
153213 19645
287226 292830
279108 71825
154009 191758
78975 271143
228158 164926
11933 111212
235072 37177
7755 214681
122578 230656
190480 137632
167843 85478
154673 55764
32563 279813
86905 127740
55482 126713
187942 138506
31753 145468
55842 21665
158146 67437
176503 173043
231213 181552
78088 77270
66545 273746
77675 47645
257034 195821
155433 255919
86295 212913
286757 177142
45904 148488
1058 137578
190233 215506
24178 254120
175163 245505
126522 186263
196013 226521
247645 67941
26581 139180
156647 86221
75599 211203
114454 287440
153071 124519
59322 147792
123680 64679
233389 257888
98881 156660
179607 168720
249740 78916
120859 206927
65464 275477
178083 27397
221841 95384
160952 137473
228813 171929
250857 254055
275270 167170
230331 216336
85050 282126
216188 195256
15007 260725
255177 126439
285590 223600
286668 132112
197 70187
284885 218324
131328 272490
281521 59413
193105 6735
72203 81278
214436 98277
201309 93648
278298 99168
172618 114274
240041 242255
255191 242346
289815 28647
137910 38280
14599 201892
288608 26381
40172 264559
242069 65744
183098 137518
94287 36908
101406 259471
256920 237141
297550 188432
22944 116763
291187 85854
298353 177431
31224 136755
167212 37566
74256 275367
125440 72868
89611 99197
47212 279426
64673 280001
158451 267652
80660 239426
143089 107951
151009 251285
106445 29915
142769 77614
95174 257081
107353 30370
211494 254283
176235 163839
165798 140849
7874 173315
37214 22846
46890 182983
188645 179066
50666 289155
35709 83642
93432 268177
41331 57822
96733 277772
164538 88126
155100 150723
252064 241090
188045 90067
158239 251693
242024 148471
218295 279634
30199 84013
294004 94988
157930 274861
212006 153286
270277 293216
93537 146822
132631 48657
95708 243620
285082 269876
197596 135113
266166 125240
9415 20416
149719 71935
124797 160586
55311 122463
186612 46383
59689 173128
13270 44295
179864 244795
12081 6862
157282 186464
55118 258628
111061 287055
174689 44620
86711 206019
278593 36937
92917 222155
243409 68427
270894 44139
266552 169814
51187 108181
262681 265937
249962 97221
294264 190085
140709 299910
199408 186091
108025 19173
87678 277676
134088 110650
24787 11201
26347 258454
238720 169897
52056 94101
139283 235029
263458 20236
142077 211873
25621 52326
121628 86178
240728 225990
234299 25235
190480 51779
295152 110973
104143 183539
175561 12700
3774 74144
134679 1348
126970 226395
95546 58668
286583 116135
194072 98819
59548 269065
100859 28356
264703 61858
75953 97650
27189 279294
75750 45677
194516 222275
171218 19665
202288 35826
105692 107322
239934 27240
71528 88560
72935 12843
123212 298863
199300 38484
263569 91081
215287 294695
69023 191765
78797 156863
192475 208056
289731 113386
51692 220662
150469 218721
19161 215010
166188 79126
162887 207265
116592 195228
5268 293071
131850 89853
35902 47043
150296 229586
195706 160861
34889 293908
262053 50804
18813 4788
67135 30906
266431 114735
77468 10743