2823 481
202141 186049
284148 117278
205787 84361
128470 254858
92928 178755
28580 196711
89938 237088
108263 206238
58698 95080
133340 75935
15376 59966
212119 233280
134632 199790
56229 120909
86367 28829
68370 283635
92264 139272
256403 194543
263827 281775
4996 63817
183664 154183
18836 112183
53026 69153
16464 211442
168810 155760
252248 170228
278745 269742
141897 207868
114240 243375
285427 288680
100859 84571
166383 239409
45499 28133
253735 161923
95063 221433
199147 35525
198539 43444
159480 222691
195073 243855
42973 46146
99396 105904
115265 141656
2080 222805
121373 22455
144447 115830
14337 1433
83665 170822
136616 180580
130437 291260
156977 166577
14145 161818
31395 48041
273051 72475
220741 24745
190776 226764
135505 39008
251375 81253
278487 129355
246520 194357
48367 275042
189658 243966
34992 278819
239729 20012
9078 89644
56138 30137
259640 235152
126667 24770
61067 181998
178202 27612
39111 212007
133305 249074
136435 197680
157933 83619
253755 84819
123342 145324
235424 65140
289892 220853
201775 15727
29636 125373
127643 22856
249278 84671
12602 299913
35535 190528
59573 17583
8030 78810
207884 186642
166562 241747
231169 203781
250183 202633
254496 171969
289429 271173
184880 46657
293289 39683
102559 111653
205935 267182
88406 187743
218706 162493
117337 137359
52972 96724
245906 293481
210983 148414
40760 63847
46904 279601
111038 77898
111399 121832
211809 234359
56339 220533
68454 117637
198187 17736
183632 82414
155332 121249
24369 40063
81149 237141
218989 279961
116690 262573
268172 277325
59668 133249
92358 17865
136783 279249
163932 218678
255607 76854
75657 205716
296503 32728
291197 122515
224990 296683
103887 296912
294014 108676
238277 237525
230580 151632
223683 253960
163385 259341
254233 233785
201007 287962
284324 39632
3109 169252
30365 282228
117277 189155
270820 8499
55096 262477
28512 294156
4590 249732
209054 163965
276142 255508
63094 262708
271123 254725
158307 89255
205215 79191
242926 217768
6110 108912
13478 217890
266109 16401
93706 144035
284479 289194
88815 64923
186655 167073
224407 200912
52660 285222
117162 145736
134182 204391
272420 158024
252189 215018
245160 146350
58885 234775
39346 107466
67278 255980
13113 169511
19188 34908
68811 119348
108649 130935
153280 257164
198697 64730
44647 10382
172994 134695
45693 85781
265113 165480
247412 33670
207355 264409
114878 206614
280830 152740
123447 124420
214126 163650
29642 243609
17530 233210
172470 255209
175366 206550
132839 294993
32060 235809
268595 274818
17223 71099
124144 172226
144225 1210
259764 215614
101900 49166
2563 269474
138029 297967
138503 223150
272770 154709
131067 17760
161747 45668
192649 277062
14668 111097
72522 68493
154745 149912
261572 82114
237569 145364
211658 62334
292972 261731
195176 84530
90817 2196
48358 5275
264177 118342
90463 181640
202579 99128
73143 210565
228877 159358
299706 101696
4725 84071
104169 252724
288458 69892
234755 266658
63480 229459
27494 2099
89040 228235
202396 236539
186014 262507
271411 115222
265016 189501
77935 275453
82722 47286
274345 214071
143956 212982
63473 249874
117829 276263
245065 47969
293838 249556
265235 179656
75658 147569
84215 140368
140809 145989
178027 147364
146148 294123
282718 245927
187888 54676
293845 269453
79106 165555
213629 116531
277650 85148
151507 117022
239098 20181
89946 137847
235725 44259
294553 180946
107410 207253
130625 172301
54253 183887
123553 56645
178817 99915
206072 224113
129892 290578
112325 39864
129270 91636
289637 284474
16462 33311
220479 179370
42221 263651
43458 70797
131758 119937
179801 62329
77494 181443
238931 96955
136009 19481
165572 46810
179116 254834
76377 192427
44314 15180
261032 19256
43728 208121
119467 212158
67361 22884
232971 104555
170109 20457
170400 65992
190839 137050
177865 14126
103539 130609
18172 158404
30211 144187
113836 283765
209620 95194
72813 49
178799 88282
35743 276786
155501 156085
233034 279959
42165 285093
31334 209788
296858 190858
38717 11216
193414 166852
47555 38815
290258 172079
225475 121702
52930 113737
66198 251281
229515 159554
246924 285073
291841 201564
35012 100085
153177 258629
143582 180350
75718 48862
175689 227278
223790 86159
138657 64633
23088 150784
215806 98990
258357 292291
87577 34709
288085 161284
116594 50311
151338 118395
82521 188490
97133 32275
177881 238187
250130 171817
96707 285233
246364 204045
36115 167406
192807 89349
145643 62521
68739 287697
55165 125652
46081 74689
215708 97326
103803 259693
81325 103809
79055 208265
274839 207373
228444 55174
10091 150731
234982 494
111488 39774
146580 177319
234740 58728
31913 38585
62470 102852
172421 257032
173437 291981
135139 63928
78187 262575
88072 121929
6479 44841
87481 293335
146650 291073
30718 239939
244406 278111
110886 195219
16010 186130
104943 20910
132467 158512
124751 274919
93619 258983
190192 163949
49088 206404
244655 73495
281810 145984
178411 123455
20171 136703
154354 297374
296413 188814
151172 201406
207885 215686
54566 35165
179949 45741
120095 275614
93746 299285
290863 32470
275691 54196
271970 165574
171069 53747
203339 251477
133438 296810
102202 154495
187743 49854
82521 127611
67161 771
62451 26645
151649 104081
89117 114196
105144 259012
236646 248669
144827 49822
147637 105664
228959 238817
269156 45722
91048 188391
189634 95213
146029 140590
288445 91045
102852 272758
291533 74605
98090 112358
238381 239630
264233 75793
214492 56693
85700 27886
55773 124690
101224 170065
124212 212635
273156 179497
81855 113665
151147 102830
43354 295448
277602 192772
283090 16365
34850 68847
210008 233551
3066 25290
23402 137467
289502 192513
158319 224777
1114 151706
132851 119076
242797 146817
279818 43058
144913 106143
249672 39566
56034 113126
134859 120760
248637 122115
143890 15521
274317 90203
83564 106388
164587 254335
181198 114849
203336 129984
181435 213430
77275 135088
97061 122465
117703 231974
62724 151455
170219 78192
276124 34251
69880 272448
292085 54536
151460 130386
230968 147726
175249 17133
117048 60872
171018 141802
160198 255511
103243 163401
81405 38725
1947 187008
76016 94309
297181 282179
216902 113276
244671 140664
131675 118982
179641 137945
103556 114322
52166 209333
290931 225815
238684 184354
231581 280328
13714 218598
152181 10215
270084 31718
215436 52684
89695 208458
175152 266368
106387 160059
285554 18742
123811 97622
67767 220373
80012 19854
214144 268765
139750 249195
46115 148765
209281 267512
248687 5273
162695 271581
26274 116107
273203 129300
162817 294449
56154 183622
81233 201583
291188 68806
8163 137958
33871 241430
19969 143986
40032 25977
271446 98858
288107 9500
55757 226542
149312 73938
193984 5638
13749 17873
222159 18525
107210 292134
66449 160435
217910 283227
158716 151584
202902 285822
45779 36980
193211 284254
132790 63720
54500 249655
45429 220094
93126 84206
187006 265860
292156 267217
28219 184518
145311 121099
259351 281973
162602 154689
91464 193086
66710 8723
175353 288274
268292 287425
273696 194822
217153 292138
229294 88127
144910 128439
770 99547
77151 88451
8107 74671
138123 36128
158165 241001
46100 112404
115592 222794
298221 50740
225663 61814
37997 293880
61233 203137
187993 171380
252444 91492
74004 191376
225507 251731
152908 210577
211525 64046
161001 204544
243922 186148
114133 239791
221142 127535
212764 81660
35544 230367
46236 97743
190860 120663
138145 228348
4557 216730
160899 4448
138315 92459
85661 226003
169556 11893
46186 79964
208690 56607
30956 171856
277237 124046
21392 288998
139866 34822
78553 120796
146741 260042
235166 268293
165127 93037
43237 58091
44363 219785
261241 116705
279152 110946
247834 106755
281177 226953
39899 121909
54782 151219
128492 124328
45627 85348
253168 224915
88611 24394
169279 177080
242162 89676
36221 119608
289671 118048
230305 273964
295665 234729
238410 44018
199175 174796
241940 8802
156123 73744
214046 182810
147726 234468
85565 175911
109609 6263
164424 201791
109576 194399
124329 5808
233731 218830
38757 120055
271408 194242
109049 283880
247674 15441
99525 97174
22614 231994
86896 163474
253513 167806
111981 183958
12504 192387
106383 97467
237449 107426
45884 92506
168382 40036
229839 84776
187089 157687
64616 286226
197774 110669
110413 292947
125870 91191
262691 205825
82055 53047
93578 248182
11003 257304
249843 50637
291335 225265
126631 109284
95811 261040
173660 33418
32496 91180
249090 146035
165141 42414
293961 96481
97300 197541
287911 122681
113177 219248
299276 268012
162353 188317
157236 217804
237763 257410
126906 41392
56097 14671
290944 288793
258596 240558
28483 236270
149392 79192
167178 271344
12720 259427
21962 122341
105480 191297
35713 216588
140973 60904
123617 43459
295159 128259
1078 165695
68433 187322
132901 205598
36951 276296
51443 55209
62574 60854
217665 280218
189919 193165
233965 67121
27840 271228
248425 213803
216616 30625
214646 53817
92157 280488
215955 279335
24607 47205
203637 262636
109852 109705
105789 185294
192592 175491
145317 196646
249340 214620
126798 114327
178125 168407
230722 163518
132833 53998
133038 231761
262869 85846
218413 49280
62793 251843
7354 239781
140537 25485
189420 77766
241188 264983
228437 61337
107072 121082
227416 200520
83959 123427
159828 206921
75559 72377
94952 253749
22151 12266
135063 285206
281060 69856
176909 150151
155410 231349
123396 96692
198959 263290
101887 272398
45267 116747
192357 116924
60607 194201
135385 55015
14611 173158
91172 36635
126653 265528
176442 12585
143808 57697
66711 19372
237657 216981
230174 162003
165561 267411
78414 193086
84372 169689
120445 78915
208763 158611
247601 243952
245338 218196
114862 225028
32792 94962
255843 57501
13017 151228
39401 94140
62575 158786
147327 159666
165383 188489
18368 285834
168977 207484
237509 260750
20672 153818
185157 6299
191863 129678
88541 148106
94483 97701
172918 251188
31865 292296
249954 226126
257826 276583
170228 123381
57981 78322
48479 84629
56192 213391
69931 87661
43563 266964
294605 13013
30628 31208
182950 279073
25924 53631
145660 54754
114104 223640
29645 165710
258922 272213
57271 184891
185758 257434
175434 158743
70082 9692
145331 96722
209586 29280
232552 240161
228426 188799
215168 197056
64063 61833
81976 47602
47063 257672
203365 133063
57107 125392
150540 286062
58988 158523
51893 29309
89645 145
134631 285980
12374 207741
217940 72950
105299 65953
57336 55052
175141 131353
159722 224970
77135 185752
199453 244952
89823 109201
54810 38798
209625 256675
109087 192879
40298 34076
268974 270148
157027 159540
206720 33566
287299 113666
119007 107275
221425 130338
169835 267492
149595 103798
230280 143425
167991 36681
99339 229206
174598 189169
238488 30507
287511 272853
157436 222458
208727 243696
147866 79256
269457 198736
282166 94693
2249 174465
49515 134623
161862 293369
241333 1452
148902 14137
110033 297525
245033 138992
77645 177077
140189 40027
289608 27908
78370 202643
131995 59789
226936 63908
229108 25415
12947 211485
87539 243250
193341 245976
205157 238593
34060 292766
236368 287104
1312 145365
89013 298037
294385 100085
141525 206244
52005 76048
41082 86568
202027 137061
97645 289380
182673 159859
294595 44352
253505 172041
129725 59452
207411 232988
69214 141029
184273 113772
245978 112305
265101 246285
93271 57929
43033 80834
130970 215266
48559 142462
149358 65835
56704 175903
76394 266202
74341 156466
23234 155923
150405 278689
1758 286878
13137 135349
201492 297794
26850 260530
115826 177238
107098 180209
67672 57625
169959 56790
234651 119056
235060 288350
115335 51252
98066 24989
218709 127115
259336 73554
222605 244957
212076 113421
117744 13897
43546 152306
26136 6322
269517 82582
9391 12906
75821 200281
94083 174865
17432 41649
269761 123518
54219 175265
19051 166116
93337 259810
194902 13035
120568 273476
144531 16885
6394 116902
230683 10615
164134 183456
197269 204713
102408 38984
190723 267694
244633 159267
186677 226795
257857 199703
56293 214652
16254 221075
70445 256797
126257 164912
221143 147944
87695 271398
271034 111929
263597 21269
24148 52480
96397 49394
42331 202963
2423 56075
207130 870
43593 278004
219912 64772
19305 222764
274956 150471
297960 209819
228727 197766
3321 244202
132105 295136
126853 252460
212841 235849
72672 162705
260930 139095
48011 65602
83433 48191
45469 285808
199961 105304
256988 40095
139406 205063
117342 102949
51908 277099
255630 187217
38624 198089
271902 253046
285955 117338
64400 59094
97407 113502
294823 207969
284260 99451
31045 268062
15977 269501
276684 102452
131037 126192
190643 174285
180321 181811
130358 58265
103250 259864
53700 20260
205888 112306
236777 239967
226447 91968
142328 217741
243351 80605
224414 83874
152778 64947
126131 158265
242792 242336
246586 230545
211347 20623
157232 278712
275822 182242
244942 224666
14361 171181
88768 291323
266000 299766
122172 194031
108421 224095
244754 84731
264458 58110
132514 55424
233314 30384
170152 179175
122196 163265
101518 216782
259232 98841
278695 20723
201849 227245
102593 274269
246967 203350
41779 292839
216425 19618
256427 113926
207033 218322
6751 63600
183449 21931
11114 215692
68507 248142
171102 170660
263770 217136
120217 173389
221902 284612
292815 77429
229555 253222
199579 239522
134808 146878
131921 283848
238944 299807
273407 159920
178550 296262
3473 6993
27324 270020
226032 13670
172470 296502
197387 227849
65018 196839
18107 31049
287676 221572
110045 45975
94540 127950
5023 4890
45983 115920
22722 237761
162973 160654
147356 212218
215446 50145
105148 14805
74833 202557
168310 23529
260469 205543
195079 138361
20953 72222
87777 261285
255336 102037
97375 194767
156416 130764
82695 215149
298795 25158
113737 146840
198476 150513
73142 197241
286682 284842
283653 104574
68308 292873
217784 211992
206271 114286
141711 264108
221148 192104
241501 98096
279455 185787
219872 208915
66154 212850
195896 142376
277242 39110
91581 253971
242902 184650
187420 31854
31516 259231
184742 28820
69466 193195
137095 59890
78356 46363
229858 98507
31061 161207
81380 23592
265476 245358
247713 5790
76543 278465
168791 209863
260189 203357
234253 145947
157063 262181
225175 113209
154689 182164
58793 109430
234582 257768
23282 148087
253352 295490
56797 230541
110425 124949
142608 170712
17108 203447
85678 297053
155425 7691
87399 11610
13716 217175
234060 109575
24439 58429
239867 151430
279552 126751
36115 71683
240085 189591
17928 177916
111956 237640
85765 159203
250041 116180
121079 40932
149173 68689
140816 187688
162662 38213
3219 102732
54416 230090
179968 53754
195775 134692
172948 15865
299383 189075
196811 236271
156923 245465
122594 117469
194856 130460
219992 40112
98152 140801
139381 34062
104401 51231
219101 170358
205669 107244
43083 130854
57826 110426
266501 127353
187006 27530
99026 125921
203691 163847
226751 77980
162042 167738
179205 112979
82372 212872
255135 261406
25437 81372
190532 29354
71185 122592
286753 165078
182237 146307
196887 69036
2539 192065
261415 101625
281376 135264
292238 23603
25811 130808
210204 170047
129606 14034
87941 214074
124932 119803
118704 277587
42625 132498
65064 133711
244715 41764
255892 50338
113929 38928
196827 260003
48834 228324
287540 244603
185803 140997
91912 228160
283021 22254
298324 164262
277603 124317
439 14305
290531 230993
164480 172392
290559 222346
105040 7043
283895 193295
171047 13087
206653 161626
120891 228073
125011 190773
109545 179949
166448 246248
179511 242801
273994 246350
55705 30162
54431 48149
19614 40568
298954 23433
182832 165930
96339 106519
213340 201603
188519 227257
93205 145192
138010 252325
76214 161773
201596 140940
187665 265412
217696 199855
69586 237326
54766 291309
294884 295396
77919 73693
11281 90949
105824 136034
166601 225192
213297 10655
31414 224659
189213 91906
165394 266528
110053 1138
282465 152496
57790 22154
137433 124380
37426 230006
272912 245389
203853 284175
295862 134458
196793 77613
113629 211327
201442 222757
37816 161419
236529 261345
201160 248024
173231 162642
114 289737
29061 70053
198324 116689
44045 89940
176914 189780
281079 11808
19997 17280
153491 153311
44829 104789
219659 20797
104000 68579
276518 161112
227607 109511
155364 279240
4110 139434
277538 176893
67601 18609
186386 92109
147000 239267
134127 133677
271694 15652
180650 129345
87650 176324
51102 221062
43409 183829
81367 188889
71155 145699
233679 53402
192684 189757
268574 199131
241294 134960
81929 75548
234553 28028
172904 9586
5033 258059
90312 239941
156873 154264
68536 26544
47330 142325
51888 192201
70525 130421
55489 62994
49033 265253
51669 116320
275842 175684
56716 151972
57420 143255
75207 115791
27136 183265
2059 11236
135553 126302
40413 31968
134814 232156
32953 115842
210681 92165
192659 206823
67464 176691
19626 257648
219241 14541
278724 58792
118861 275993
11035 261706
269149 111396
288595 110372
236517 209101
242030 197597
5494 263134
174663 221937
22613 184440
299914 163116
135346 19588
191128 66056
201378 94106
64996 66108
181344 201218
213848 251198
297459 222657
172644 76856
162000 207181
201658 277170
116751 240303
138019 104919
57552 231190
217436 37805
9419 185396
187860 138255
222200 16076
279510 288189
165722 288830
84305 111508
92514 139718
32646 209426
71557 126890
99202 245037
59048 85265
53770 76975
121800 263231
186610 200796
213631 39920
197240 251916
123100 147992
90871 42049
231549 278608
38543 261633
241455 141284
117182 213265
170645 245712
245596 73871
210547 285565
198017 8765
152097 157905
22536 277027
232985 292630
284555 163721
33147 23113
246164 31986
14206 59734
282028 224133
206478 159953
297552 50357
175332 190090
184094 87260
296642 281864
252953 42599
14442 123399
203487 168665
134810 25873
226219 139393
61859 275237
124573 73953
120393 153377
57002 205525
146610 182952
42665 225633
77076 124311
214924 37228
68134 295201
142193 164312
89125 185440
84888 67885
53699 167288
1184 154640
255901 114014
104025 47052
144609 227476
249387 208723
522 272611
268958 102550
112504 68649
55185 39822
151554 275649
102327 31081
57249 242549
290576 203164
22507 34161
249566 96063
157933 36391
17681 250687
160021 128781
285218 167990
80809 50870
135188 171618
14110 264060
271666 238052
174812 265006
179105 232939
26047 137249
257345 225216
225833 251664
171072 243825
226415 37562
277041 165085
214732 32021
21575 15352
169075 189391
237405 190143
110944 225132
290857 109186
105466 237024
33453 121628
283248 157264
188031 238021
96952 110371
234068 69289
89564 220950
238297 145733
285150 4768
104112 78098
118556 71973
120998 173147
256671 95602
112725 96783
89035 68224
177790 231822
34773 189420
210194 146296
126970 158139
166427 220170
250596 245831
247122 133269
89986 250093
123818 290564
78101 76176
298930 21449
257044 208980
107155 271898
53633 151131
224642 225532
132191 180903
225234 13660
256155 107582
223629 175631
280286 157356
299958 159085
41373 226626
284130 56003
268909 43417
154594 273798
230451 188815
24766 132956
182096 17036
191685 289607
130851 14285
45298 19720
234310 286106
91406 299572
83526 72035
236446 70202
55654 282752
98524 35387
101179 130173
28938 35503
225850 201088
48109 9400
278516 106310
185436 147724
246672 73350
185260 196794
257987 123094
192741 146958
271462 294252
259989 209074
109182 74661
271179 112232
138878 123356
255998 238185
182986 121029
148350 189820
27587 132066
4511 22694
63877 150091
283097 219982
175930 111389
97504 247305
192189 52478
296455 229141
223522 275494
166654 202365
77618 232027
241123 298488
96707 276747
25966 150619
151897 91706
212044 195579
147284 84479
202015 184589
50785 49295
66691 257159
148266 170250
135567 170776
240207 246731
31568 88362
33947 255984
166808 274391
293403 253693
74326 146852
249324 141243
70238 215869
11497 273972
12083 168506
159792 135652
36538 106268
36912 268529
128969 168646
202012 110053
162654 122105
113321 270299
120080 68998
149870 42416
251026 220750
245108 266507
231081 180856
184358 115264
251520 275596
88350 99812
185759 284081
48686 206572
17483 175980
179826 33563
282560 228799
255458 130153
117368 93810
296529 122177
36570 262344
241230 291254
73026 277032
8259 168684
166181 134698
268768 195687
274798 239752
185305 130052
146185 40481
176005 90643
75487 208755
40926 292518
144818 277447
102519 285676
48534 6135
164089 61247
285459 188875
177079 131992
1914 91694
233695 54128
229025 123240
102940 282562
285709 273836
214027 197481
134693 148548
76810 247437
142910 200000
14947 12074
184175 112884
208105 244283
34792 254551
105556 162113
118494 15620
173452 236786
265638 157056
63832 141751
155320 279894
87507 49686
226297 255628
44917 173866
55746 173893
268154 31488
83006 220147
181297 61752
276752 213840
35915 189814
217059 284760
45031 299486
76538 266739
7698 220049
29242 139162
139782 59555
181603 143081
41531 114927
166152 191623
294986 261943
113849 32246
79082 46997
282681 29658
295027 33038
282406 61578
254587 10591
41271 23064
23482 41627
222336 140812
235710 62648
289770 251605
240130 255594
295357 23091
298367 120928
169189 78765
38417 191395
69903 111922
40370 287296
65485 262544
255028 29868
92797 283747
22490 218677
113067 17973
45332 96389
69342 149922
119937 21826
149005 34468
49205 200713
111796 237181
19882 222282
124628 90651
13680 178694
189037 236992
127134 43238
158705 293710
120718 216806
299869 166553
27033 218876
4478 50255
74079 253360
88985 102670
198879 64791
101113 135986
275001 266747
177843 262868
183109 147604
12105 175269
173177 9820
160007 38715
138958 258609
215552 111305
193023 128661
161407 57321
6465 213614
67189 148434
104085 5220
248767 136254
291936 252252
273563 264108
116081 16418
53667 106400
79393 39752
299359 197490
198792 146544
276644 295879
188004 86296
50209 148540
96486 150477
13646 102436
204561 97422
259302 182551
157666 105122
34274 56359
110853 64063
34559 111294
159838 251882
35183 101519
278977 248876
248885 296892
115005 165431
29908 18091
205795 190628
260073 135256
176154 79767
137814 55781
154938 49151
257621 281173
89374 281998
267682 216463
196865 84270
64258 28985
36489 294000
202077 159438
230258 210094
40074 163465
20576 249332
189151 116427
163382 244230
104431 116728
47258 112260
151810 242958
237080 260310
271303 260074
155906 75173
75056 94772
147405 123094
52601 118483
154696 207084
117248 221862
77414 27902
76917 247273
281508 10051
132368 183823
89381 135730
29315 285858
140491 229977
19898 167157
28276 103285
119064 258065
296620 120833
121541 161495
37745 67601
279548 190258
77551 158337
90386 79448
17910 37513
12658 228574
79622 271962
182263 125486
122094 136453
139197 56531
51077 48813
82684 4172
187177 13417
11380 78861
169865 28446
178713 214201
185525 75042
34980 39907
202734 216508
147871 235108
196535 267666
130872 213332
99447 177016
28110 266446
237121 228577
83108 10200
252165 4769
249533 108976
195995 71720
145912 39677
219106 6331
31960 9065
251902 131939
108714 161773
290122 275202
154223 9378
260337 91034
18803 92150
48139 42877
16402 135313
263575 31920
258686 281838
261977 240904
130745 290649
206268 128669
144906 58065
195717 234329
259022 173226
101347 130632
183336 236653
196427 154693
151372 287855
97581 299622
32643 259690
222450 260872
78423 151327
147418 148595
56036 37528
165884 108902
47668 296903
153537 2311
243768 287470
165281 235125
294870 14932
31591 5003
183276 64219
289064 154566
184136 67231
278997 211664
262066 135286
98113 8172
148848 122612
2438 239563
156024 193411
132119 165751
62613 230587
296682 22378
83611 205124
116554 102448
266548 268705
57671 286501
68416 166480
37813 59557
68588 100166
197144 89366
96848 266861
138785 176483
156783 130952
125645 186517
259240 274333
200414 66141
218208 284362
84263 173874
168323 71671
71614 111423
187753 148637
111070 76080
286127 21666
171234 8757
253033 254995
3052 35460
152238 153736
134856 68699
85308 115959
64352 156045
161280 77513
243830 264530
245133 209727
248110 232599
296170 19314
67946 154958
123990 111090
54026 223360
247017 130355
248488 205093
260722 263554
143953 77059
275475 188339
68268 12577
83248 44614
44958 221426
28589 266941
41235 268924
81709 94039
216099 139465
85124 160683
142394 240404
98528 84509
3995 18123
133741 223620
295481 105669
224280 203247
198635 67915
211074 297344
11035 267705
298632 170313
9095 130033
89031 62014
220810 257750
93644 11266
217802 184187
139468 121704
260605 39379
110998 70936
280608 185235
23640 20655
102154 58775
134394 34095
211016 249972
153932 27561
74665 199103
125842 174140
115439 126384
207037 100917
98363 136439
166401 16748
204050 34948
245568 23393
189648 194816
45265 194051
29768 8944
243093 136003
252530 30419
82860 51621
154961 4937
171172 269660
145066 114109
266001 151773
87976 15876
295682 276776
37407 280104
112959 207970
208946 157804
182608 272502
112949 258180
197845 115643
177230 247044
260258 266849
259746 285171
130442 73063
248473 153293
225945 112140
8108 233907
91678 150425
278032 98873
190456 112164
253295 228483
136382 126865
272515 37751
44619 37742
237058 295611
64651 98723
38087 144576
201103 162260
294259 247701
51621 251883
214079 88495
44401 253030
271188 84688
256514 243733
116747 229306
145720 223105
216698 47905
35365 89456
284757 23515
159961 151534
65357 57988
134003 34258
102217 105307
218149 40370
153995 206820
55363 135247
190841 14733
232217 20933
109962 292542
14319 287227
146047 247813
266719 132601
119319 294104
94134 12987
220791 163448
163337 96694
27698 285433
269203 52274
114302 56643
27583 216820
275064 72438
86225 128217
172860 284518
80120 60325
71055 34012
130223 155000
195367 256838
174429 167421
17880 233624
249463 261748
267830 123640
269455 95370
36226 176082
241287 120695
31979 259616
39093 257592
98843 86144
72576 19292
50045 101027
183043 224587
298529 171751
179789 94480
186564 269002
43751 17361
176239 87127
157122 93598
64410 227463
204294 270513
274224 297059
110603 7852
50421 207661
156679 43828
276113 27501
17165 92250
247079 194889
30784 65311
269408 138709
65994 98407
157185 30444
117803 253285
34430 170737
4502 200140
227280 149750
131031 23436
275338 104141
21296 79698
110594 15648
8477 179415
79469 157222
86609 65697
188348 46436
321 63011
164953 295326
205673 178416
100619 9212
212648 246262
135873 116766
51784 197053
251270 86748
233435 144882
27198 299289
263332 255190
14372 200870
296334 272753
287706 241561
80043 96734
177360 291966
230648 96124
43778 274522
104611 105340
30698 135046
263430 123062
258697 12122
67750 204349
244958 230642
157280 142954
106317 66950
156519 80258
88188 163527
126020 147521
170114 47700
297512 78605
132694 186320
46116 174575
267760 50168
228146 257548
191682 209453
157778 264193
97778 154908
29768 30893
263183 166827
290171 299622
232495 27053
161977 54892
160524 194893
93557 269431
235115 11219
114795 105668
137812 72055
258908 212826
118763 291032
179638 105463
123668 299776
56773 107151
36103 257299
133362 120628
158541 221297
95877 245608
53788 188161
228901 219304
134813 71978
52697 82650
151383 163925
116657 28537
35793 95807
125864 72434
200024 41901
47168 282053
163173 148493
61204 273352
85774 188655
126677 65255
217589 3627
228219 169096
286849 6953
212992 32726
131855 222874
144357 111325
243239 222410
41666 59518
235110 262342
279379 188359
243275 86251
62146 251088
19853 24843
20504 85540
276311 67129
185358 271303
37561 94229
15069 195207
89171 169621
5372 262163
249024 273561
225412 67386
4388 210905
218103 48258
256842 176516
94136 288194
113550 154484
217433 224497
2279 65575
126582 149969
98126 173046
53813 264471
249740 196660
117972 9911
65023 68428
293597 119278
41813 115103
10250 222424
45274 11459
77629 226315
298494 292265
123736 135931
149286 39597
48254 148450
46112 98653
18438 1300
42923 278942
138699 112186
135951 92240
204421 121570
23662 79870
194093 294179
168195 171545
54190 237031
197812 278831
285432 54739
123492 64362
248320 238272
75255 87367
1251 51324
297213 209465
88751 290674
124643 21146
57441 287817
74967 117595
57725 22721
107645 289906
46574 213414
264275 76514
135255 129263
237321 133404
79073 90393
221815 288037
137182 195349
14199 228838
957 221870
42470 16978
265509 258227
124847 266850
119783 129088
41587 164602
140202 91645
98722 140628
29377 37462
124357 81849
188156 21562
25815 82519
150682 239194
141798 169324
129876 270505
212851 126183
139372 145981
256133 230656
119500 202070
66120 200234
253422 264854
177664 96732
115044 48760
122737 217392
251180 212169
209019 161485
107072 203128
169627 125197
244570 21438
202135 3934
103355 195892
180215 274508
180786 283817
129562 117371
8484 271809
225787 292917
12695 276672
256523 159950
33024 85352
65854 182375
280315 276083
99577 215879
253185 76957
203180 282047
187950 156992
269570 222606
283852 182453
195817 5873
221447 122639
201213 7198
246213 92617
134041 139936
151813 274078
158472 261550
57035 298224
171339 39311
178226 135482
13291 108776
266303 234983
278927 111624
101644 253090
243029 212013
26159 162942
105704 183652
292811 234102
267740 186122
208894 212482
39571 66929
110627 214125
17836 104628
101569 84022
97911 261629
107799 16889
77743 240383
278247 282784
48685 16643
29027 97834
56370 190499
89499 21165
242272 280015
69656 102327
12337 263291
83206 211089
167878 291690
89252 269404
261531 190282
64364 203955
101178 129443
106102 82720
126781 137707
173738 8742
57641 91276
287232 101881
187888 208717
158141 291511
101776 183539
155175 209756
42133 13997
41997 290459
152580 54539
58710 245210
33077 288096
60926 229720
248210 149456
180746 52987
223852 49309
120584 133542
211746 261143
31411 33069
295674 199594
90988 135377
115326 21436
265829 112096
121980 44114
138093 134681
121842 37775
37058 162742
45398 198366
154217 212210
296586 294095
9193 172725
97028 176219
123972 53390
162631 211415
241770 237057
247274 271690
121336 57681
37998 139136
269785 237723
216380 67650
79213 36010
9660 238110
102051 170905
280356 167641
10455 166597
206968 56006
3798 262498
89689 42325
78203 56650
168746 6474
90292 21279
149634 93405
108123 27360
283139 90593
144597 157395
66148 282915
148741 254184
291867 215032
83178 28052
12105 163797
202188 122327
232015 77933
288683 292845
205830 87427
296538 6032
141285 6970
134241 253254
135101 105718
208319 244351
264921 18144
179361 213928
54391 258120
203593 140655
285477 44217
270490 514
2069 5163
243738 79162
276729 242043
220194 136387
169092 290162
87963 232677
258898 199726
139514 57251
176104 150137
58068 15718
175137 244033
284397 196522
214967 297187
217935 42926
222378 174728
92136 233483
273090 113288
233972 125144
291523 270889
18732 85062
230433 250358
158177 108068
156042 50317
133873 805
114325 182903
146371 229773
92232 21962
290207 242322
97403 9798
88440 144445
70791 116125
218822 42090
250123 39177
254009 81378
187640 256482
201512 207234
49849 134901
265478 204217
93749 251161
247455 80756
94369 244298
185206 13319
30082 147355
192789 218919
158073 126420
136420 227956
24283 177822
216294 133126
14405 161167
253913 136663
115203 132216
262499 54038
212872 215310
3812 239297
179530 172430
71486 38431
99951 64314
217424 251944
58164 73818
284122 208151
179518 243238
72781 118636
183271 161668
193066 127722
290206 204607
32797 224362
140725 238553
286861 95113
214374 55936
294542 98021
200569 109484
133156 127591
216454 115984
195985 8538
205028 279500
296698 146443
236137 30273
40353 221261
101672 103921
32406 165842
256339 210536
288689 131287
167356 137344
63165 30232
53932 293544
158840 126488
145728 210265
58461 153269
74397 122448
104280 235267
35134 257948
94940 16965
165646 23810
197517 193110
117686 131904
255896 231022
83574 4686
163010 211398
120264 238216
299622 173168
273867 99894
7619 18860
63279 40073
65911 157935
135238 52666
74443 145758
102590 267020
33806 48421
66349 272590
120529 237911
166713 263574
133029 258269
213514 123759
51804 116844
176997 5450
223973 298222
64924 115967
221675 127648
22801 76212
86230 51608
243570 98724
17130 152989
151417 49638
180631 248219
24545 208448
11262 224882
75527 85755
166142 242980
149612 299955
40574 227865
256560 119466
76165 217382
37600 117890
113071 172736
89237 149362
66632 221370
145335 285578
8172 274121
251062 151237
233563 235238
174663 128035
244199 281106
78570 249446
59249 89352
269068 225106
64967 170455
163109 170839
73532 227797
295856 147977
114916 164524
130533 46324
283121 256911
53858 266868
163013 187587
271166 188966
236690 43802
23410 38627
292780 178688
47154 62032
90138 2734
178122 158237
36410 68735
110921 34437
66703 293189
49078 140181
238863 154623
155208 238617
34375 2210
115068 147365
39893 196952
72369 68899
114788 97113
273789 86998
252814 75929
57212 282931
77610 2693
82988 123319
66931 231065
120599 296441
10098 293946
197576 176336
128706 90967
115210 190394
289609 46444
115954 279860
166826 155967
71673 70566
245857 143214
122813 118437
221038 119820
127919 186522
272221 224982
141786 258951
5788 96570
157818 269031
270061 163876
92399 176086
185332 83188
263541 169600
202700 172093
29801 27382
63109 97811
290672 61664
265849 10182
284147 10571
175196 83529
43366 191238
251191 53918
272604 287686
24371 218064
35876 616
22229 295096
10182 126100
283194 191098
9246 109367
150539 172292
231724 76256
296809 240685
167677 44333
133906 223907
111006 295264
219280 73628
158117 125840
108936 170989
3701 280120
18764 160792
240562 258724
232068 118974
33458 250333
289312 240890
239937 131023
195515 79948
278322 146816
122295 107386
250398 11293
87035 126974
221420 5533
274886 145837
262368 228457
26105 123895
284992 140835
257974 259122
17841 102333
296746 264374
12394 225175
256880 140716
179399 19220
124051 182997
260711 19855
124697 165308
96928 80578
262299 166262
71558 122886
20276 233187
117675 84698
247798 182445
287912 224843
142533 25484
140531 144282
233198 279230
137084 110063
35470 92261
206127 33902
97293 116352
19763 70075
223099 38742
193392 164202
111927 77306
19869 177774
93104 281980
120213 222470
114873 58674
163377 96707
9157 85153
121760 164943
233759 232744
24893 100638
27895 274040
49927 240449
60440 96146
244773 70914
166749 193829
47896 177288
142519 122246
197062 74845
163850 95395
186844 269484
232155 47573
209736 55435
168841 104821
278772 190800
216135 120720
251902 88729
96208 280309
194083 193688
195329 236772
207070 71165
105430 266151
272203 167820
131538 54292
145505 234962
33096 91297
199624 188521
168058 252896
190407 17002
64674 104651
236559 10789
286297 99235
10493 96898
223647 21820
52143 38883
284539 98952
280608 259027
192080 170191
211598 241914
100589 258682
106308 169918
165770 290032
146488 230641
70794 176446
215425 188813
41571 222924
14496 181840
203003 205689
42077 65271
236038 137165
283709 182845
51190 193099
225928 152290
286998 22443
225892 277200
190396 245776
214369 205045
284430 124937
2082 296025
194357 7215
119308 44371
166605 61472
161658 146739
199670 293558
208881 270833
20057 172510
47261 167498
198670 53255
75114 150658
36299 200002
294686 250307
282167 257202
189313 275661
282356 86961
209599 129974
227650 138738
19585 95521
236485 169737
171902 170948
196953 113701
43945 103822
172567 227867
123709 26450
169939 16197
183132 35502
113939 75762
32581 173555
3764 190943
276710 254596
98548 143892
21034 185925
113057 11086
2950 156204
141312 204542
139783 299085
35097 113803
241520 64020
266632 252837
269242 147858
173537 279781
17341 22742
89780 60840
161786 78536
172932 51961
234899 101152
86387 133097
280633 243179
96661 212312
45008 66995
84683 227547
79673 267216
196516 87904
115256 46431
268276 179851
281252 91978
201220 179511
247719 275069
86183 147103
192586 171011
102528 125450
53057 255560
57150 241781
94620 261344
90825 89638
162070 240654
291828 126435
212524 165366
294954 125371
138465 65744
119858 210183
130982 17720
6505 132281
18422 214015
278568 169624
148947 288334
144347 133826
178130 228893
31113 171873
159751 241453
26193 85130
205801 264888
196068 77832
147193 118258
247514 103320
224453 188246
31540 247944
264243 43008
44297 162135
283266 150714
295893 195671
229674 264480
167835 62014
64807 79580
173490 216547
229790 265527
225909 41348
18701 213831
145358 291212
150201 53337
204799 264164
42396 282454
226265 200617
111513 213556
49051 294487
299731 47521
61975 222968
51206 277825
120260 104006
180757 4051
10825 179470
33112 35962
285018 113664
61373 109125
30236 256716
62159 211539
274093 178893
158926 57814
123451 107510
44210 114249
92813 266559
94141 157535
261957 170467
68589 293541
182370 141818
290163 125327
79862 288618
183947 263485
298878 105453
132060 669
26207 263636
171121 237826
163464 173171
207117 121150
210239 146290
203224 7127
156782 276782
247690 148511
130400 158329
134953 217256
91519 256197
218745 800
218878 282212
279471 52042
1469 114359
13267 97018
277049 38654
210462 158867
161498 278940
180830 277095
12667 209939
286623 112552
54776 70067
78057 196202
77497 201668
285959 253553
204590 207318
93810 110831
27948 292825
49682 177392
45321 122998
135183 8960
279923 25698
80854 281099
99831 298256
74974 195413
113311 159290
207815 92574
135388 15500
159857 80623
128575 56740
131267 56764
232502 163513
111516 127720
49946 82520
148462 207787
49126 272637
116553 74666
269453 122176
184167 236049
259614 22800
136927 140926
257781 272913
240793 125511
255955 236934
7771 187574
283745 188126
145510 232429
139835 5933
40940 291420
109994 251929
104782 164923
44389 34268
166430 284654
176433 156502
56281 116733
231032 210798
129152 58963
260689 22965
87941 133243
260327 4696
286695 115460
24213 153660
142310 12247
128666 229805
285021 275903
118607 77283
12006 22675
82286 115391
188913 285666
96115 257489
17421 166111
266130 117720
147911 29793
237075 214681
125937 201865
59557 87553
34330 86356
60897 129801
250636 175594
257971 217962
87598 46455
259076 269719
164147 145776
27037 266284
246033 223300
284461 186558
260810 121327
47603 37874
258211 179063