2863 1368
296034 242854
104241 261888
57326 276108
66732 262780
252070 68029
270548 270101
265694 289363
94574 121416
169053 78176
107376 196614
86281 151982
61954 233161
50286 101383
76042 299973
66806 289497
227522 198142
288193 182883
203288 124841
82016 198363
179014 178456
115740 87434
218588 174194
137203 168926
67736 245785
165978 71729
65660 55968
45278 89178
92589 9326
221816 8969
11167 18164
27271 99411
133125 156490
33350 57207
190285 84514
185656 164709
239161 66415
249220 104720
25625 22923
239494 88756
153508 17883
179334 3593
289749 211161
85602 16561
38602 19806
197166 154490
31393 220388
266641 113345
262488 40934
211158 51502
10925 156344
53110 184654
34167 34561
131935 65019
274033 268246
91992 134896
166328 20151
113931 107685
191858 298394
287263 167864
120325 210397
178637 78997
12703 231068
181009 211657
112060 201083
197271 25063
26378 232574
243005 113230
164365 51197
85987 256259
280644 83150
231094 248926
78620 243715
58615 160581
155406 59627
118067 269610
188611 196682
103614 192184
242353 191049
48031 145203
122164 276118
136771 179169
292040 229229
126016 221879
296184 117407
70174 52204
254477 270620
152578 61316
156577 125473
2455 206991
192308 226525
14499 284680
192768 181274
198017 69741
57503 205187
241983 106275
271578 281037
240408 268
216989 59854
216151 85893
218804 51664
25016 175500
145159 259679
131441 108917
129799 292504
208599 128442
12916 181324
273034 1816
137116 231752
40969 242432
272711 224597
184338 253508
283778 242218
177765 261034
263109 11272
74740 139288
272143 41105
254394 205011
115909 142272
93445 39728
234696 21720
40515 199279
294630 124843
258148 142908
98984 145131
100774 278045
243879 138862
222014 208073
180805 66687
262413 92466
268883 90375
198281 121001
216166 111094
8501 274560
251552 93549
182976 53665
209357 85023
30762 226936
117683 33567
189554 204444
57709 73543
7494 134489
158125 236716
154583 16577
224930 235173
19932 14270
272589 228743
120789 150371
151303 187436
78276 257909
193467 153924
258194 206050
135032 2135
279292 191577
258096 36373
50982 239916
146981 229534
273193 140874
128889 238473
139261 162759
99313 132707
128270 57503
56196 243897
62024 107525
19633 38894
99493 132263
12839 140147
128522 289273
260167 230306
41667 235528
110808 17650
109155 249060
8402 239660
291082 33767
259628 294567
282646 120726
111845 111107
144868 210690
224150 59647
89321 274381
133109 230324
195126 265088
34856 86463
269259 242550
263080 145859
215277 39363
39727 41838
291252 9507
187566 70458
172348 280409
216980 20586
84301 164665
201111 286402
72918 69426
82863 97984
290500 217765
291722 296127
230609 187532
193212 18635
280447 263377
210809 201190
63402 146408
270912 122606
87307 269503
59727 38844
273057 71111
244443 22595
249963 221129
69983 129457
298088 67358
32649 148927
38678 274299
41711 107762
87229 223199
110952 63739
125082 57856
231416 219054
206754 123440
208600 57573
64129 24066
30506 263637
272989 251844
167973 240705
109231 250982
99679 62625
194315 12310
164219 164498
56731 25776
191674 102423
290932 83432
249457 259108
158934 157657
219948 280315
206227 38252
224840 257026
275467 76247
298063 194206
138848 61798
44195 204437
202745 291485
205732 97470
151949 166687
37935 167934
103642 25867
159324 42424
165119 26659
29022 30081
106029 231633
75170 277855
285267 7762
170736 7921
84922 112766
105302 91327
120433 180702
242187 44446
186061 225054
84549 139868
45902 227718
33695 145681
102395 26486
87845 132155
97533 282839
278880 60154
222317 73970
41261 56151
197642 91003
194091 241319
101804 227284
109313 138566
69994 43543
152275 265416
30487 99414
279568 260990
24809 32219
115220 119587
20596 162760
128155 253720
15684 96468
294699 116321
110842 238643
251470 218769
137283 70192
46500 179073
4201 233495
218659 287078
228198 145790
51389 270203
176517 236818
296123 194603
49237 175341
246004 287008
249784 213482
224349 105204
256594 239558
172304 227732
274429 202467
46791 216154
211036 52988
43017 72382
82120 292797
258429 36154
192722 123083
114953 189476
132458 283207
195397 88529
255507 36116
23836 244361
274007 119779
283909 263922
190676 96784
121483 105303
58211 672
180943 156113
197470 200780
34952 77178
113264 216937
216445 32633
51086 283611
169300 190740
60801 187262
216685 252373
84768 92176
276982 200530
81476 33425
86396 225059
99555 107087
191186 57243
251217 252092
169314 140623
206382 25749
188148 227976
243122 54128
258204 81644
2142 61472
265397 57371
34403 130858
196385 192935
163607 69323
206731 105251
70393 101233
170111 288463
90232 22260
180656 299570
170532 99270
69824 44416
257876 188946
261044 195423
263769 198476
43595 217814
138242 91002
57300 26565
216866 47548
224237 284128
213831 91425
19037 17222
163706 128774
287689 25823
123469 93527
257707 817
115536 238262
17082 283301
181369 90072
62897 233708
32872 26585
34630 52609
152995 35944
201707 181446
228467 289095
119789 247656
220361 50207
219299 224055
73117 67207
81576 82062
120547 127734
179591 296888
211689 98131
128120 192831
214992 7340
130033 88648
113947 298235
10075 193930
65308 59200
116912 11550
66491 265108
171373 19086
241557 255644
200169 218841
131297 61794
219959 234976
287349 103371
118909 77226
258559 88739
110494 166996
215038 247913
197516 39953
55279 90989
184923 55084
129378 73137
78243 276168
175183 212554
268498 142871
54087 78376
290037 200104
261017 105718
220118 85007
161969 298458
289468 282492
216956 48173
15308 280692
100354 19163
80030 94684
30646 195790
239718 295775
227159 254671
131326 196178
38368 3262
261826 250226
221072 74962
162758 230015
51844 221761
118058 262984
33354 121363
190992 148412
187199 11442
255609 50601
167895 271454
230089 297677
147438 133927
277231 281722
281130 108912
175941 295204
43495 68632
228187 185396
182837 226986
288743 89550
268168 198536
191072 69538
77933 291921
206587 242054
5113 177980
257038 296693
230698 188673
140891 15203
13307 191044
162317 119301
163464 6120
57094 118955
103733 270275
209968 278204
122809 267693
258727 195462
140302 151485
120051 146673
205555 100792
61738 277073
135402 160165
288879 281053
60720 208549
251365 243311
103132 187948
175652 267434
105568 213234
35333 27182
116968 48120
138904 217090
174210 53202
223164 182119
11337 130763
282549 64267
236549 220170
285140 144429
63864 227306
75253 13360
25361 216283
67124 143436
47892 41628
1412 266092
291517 226343
228631 183944
123345 159319
256595 9743
123534 111988
143779 59992
174522 176126
216661 47590
199068 269313
263206 220589
293387 24398
1821 179802
105081 242216
252632 64885
226681 161457
99048 156857
91249 236767
186814 197756
50247 32477
130758 228355
157639 12901
253779 222186
269003 97458
51342 174114
284331 155009
266498 240785
292262 156257
207251 29598
80416 99613
93176 227371
278866 182796
22543 17844
30311 152166
1418 250065
59025 113742
224918 29816
105182 76416
297249 99839
3099 2075
233808 259555
163271 191659
229081 134079
118966 133063
199438 215515
93212 254028
77230 251507
19998 289868
236791 280205
64785 26147
85970 123456
294183 96092
278928 246020
43634 4586
256721 266587
244564 263150
236340 123845
59392 44999
132470 261511
192957 16641
18145 225372
87690 272580
162543 43070
270731 241876
288964 261221
110805 30847
61881 158629
171920 39218
112987 158216
292475 233164
172102 12247
118723 156735
138447 231808
117855 43643
257309 60571
14223 214555
9701 101741
238586 72810
178217 211542
242288 264931
293881 203734
221795 23039
212334 179052
119649 148324
201026 261341
294811 189916
255984 79319
76474 72651
85390 33909
148007 252890
109542 297604
196707 53176
273847 264561
208678 214616
269774 55075
98951 287864
44212 84144
104093 285757
54051 120926
84642 112544
92164 120210
232756 33120
29506 8295
237319 48112
110576 299131
74909 130942
25487 158016
249510 281462
121267 201153
32457 279866
212760 199098
126404 276841
65536 205999
199433 258763
72078 43238
12800 72778
120676 76374
95406 111973
934 162517
14172 130619
94482 70287
262290 8447
67227 262976
255818 182270
26599 43725
167429 293486
35080 48456
256199 167003
296411 120141
74482 36231
126569 212809
39423 50193
154188 203260
1837 105494
240451 56277
121778 288716
64133 243292
206521 32585
8571 156321
260289 180877
105576 212525
129681 155999
88016 231655
182657 187794
82872 239473
181933 262141
218416 297222
153283 239950
259940 256030
81419 289595
130671 28336
75408 91648
170637 53356
15034 197140
95505 93487
291073 27102
29654 282097
148311 99925
125880 138775
299487 112470
49407 165800
29374 204052
87402 153396
185500 245428
155267 136508
187534 290758
62839 113842
192249 183240
153763 72523
44692 156077
65230 201060
48766 79439
298519 102143
181802 101040
78874 231290
297566 223906
183503 79368
48749 164756
280616 241671
296382 15532
254212 32770
224225 15161
295823 245979
253750 104849
234964 294634
89926 40159
65247 202084
21926 144224
194269 92569
126816 35675
275155 175124
88476 293395
191652 46335
68823 246635
161374 251591
105320 30229
213801 234077
155222 280787
273943 38698
143728 176010
177957 184909
114971 243469
203117 270446
91579 163321
249278 112913
244931 17214
2958 271031
173705 115954
155424 168971
135883 211824
12759 158301
245457 128072
202791 208170
145199 211735
204014 265541
71261 177916
288810 91596
27489 95343
288746 149282
38046 251923
116171 49639
15068 17419
200467 67780
177721 64346
220629 147619
149132 186140
240889 5977
141413 235079
184207 72688
156270 256257
190863 141696
54826 15793
196102 139584
250898 276501
122240 113268
129499 257211
266756 275437
225630 145047
217126 158685
49666 252959
7223 205894
234377 261345
283481 130805
221358 292512
287010 46215
111371 297625
189485 268449
187556 207124
121311 105570
23151 62082
184865 264992
101444 266380
217208 4535
133730 289632
237449 35674
257545 294528
201439 213067
117147 278409
227779 6475
26741 113344
114097 98625
157 112471
501 76657
162220 98445
26086 171045
286574 277740
259968 114663
204247 169541
242192 154971
248639 211480
236072 34473
137945 25672
262921 149811
57256 144723
188615 114202
180610 151078
170941 247875
291794 186980
237888 153381
153803 265650
69740 90235
263318 70516
128008 240740
583 207423
24127 295406
81620 88875
70003 22563
209136 192836
203364 150611
152546 237673
296318 59033
148838 128897
280633 184884
20943 68610
198005 245659
83575 18430
260988 88468
145455 158141
209560 98294
140795 97692
50513 259277
139098 183292
77341 177349
69279 108965
274434 207325
205963 275382
255102 232959
84353 234021
59708 48341
170481 126638
75716 110982
50928 172074
39949 82528
114492 219242
289746 26472
257729 131569
33418 179110
154057 236303
54080 83782
50785 123321
179034 13525
122571 31417
153093 44377
62427 244002
241439 85793
295986 149972
97024 287915
109941 261686
280959 208523
296476 112775
196622 222401
149722 115730
128874 109935
196385 151565
69657 98229
67609 12500
81621 264109
99970 46340
62567 5038
21863 266155
223899 71612
49268 203558
155888 215387
240711 111286
96755 275706
282557 191364
284561 121748
288041 39101
200787 240194
59903 130064
237730 102529
173454 163483
116161 58413
268641 251392
80942 256785
273295 96226
202501 142514
27079 104402
165463 162647
255998 11854
289511 9081
218013 93790
251304 198513
71586 7454
188079 125942
53173 170407
240521 94452
108368 230714
93524 271239
271503 53488
44220 272988
19416 286196
115509 185895
27620 230873
60699 225146
244498 140635
180497 48595
167349 168920
263913 109797
202709 11231
141050 95482
261798 196831
29000 89259
238479 262646
190773 50130
67852 294453
212804 239454
251511 8975
216254 146478
38407 268311
242657 190987
76383 161080
299271 48319
159301 235281
134217 281907
194679 72985
250713 237038
30308 242139
123451 144855
184896 21685
241970 220389
277878 75687
244001 63450
75187 257115
269721 27583
199858 245827
162724 233669
64153 257514
133946 151875
25651 210173
263671 241625
126734 259005
16622 192650
112967 5953
198910 125149
110612 135000
180838 223345
61231 169202
225694 227205
52197 160500
283405 112971
25106 251023
181685 45773
130217 169236
246182 215092
278064 179787
161974 82532
202939 155708
112396 123871
174057 192277
61088 257185
230644 273892
53003 138057
160580 114790
19404 40643
135495 253290
238174 246687
199398 147101
162685 201264
22821 47549
253070 178169
82564 210952
173360 268123
195434 250818
94397 268724
56921 140928
136102 241945
39266 210782
2325 218637
105607 170819
123196 261805
139228 213776
294370 258999
7388 269330
166349 15648
89281 134398
282200 60730
28404 165405
17600 263738
241720 40425
15319 221556
71778 370
87668 294198
151132 95994
18241 52167
245335 283152
48468 289745
36672 96663
209978 16715
91804 197247
262263 23512
82853 297393
7761 56951
143575 61139
226015 209152
221599 235116
17267 38646
292633 290257
53548 187922
130278 278631
135023 237270
119264 274029
262551 156055
204432 88081
269016 185589
211442 179598
135472 186938
256982 105522
162262 292824
299924 291906
156518 121397
192775 258586
90326 174467
207975 117087
62751 144870
95242 36266
87314 234655
285189 62876
199141 95671
104501 21095
296181 245058
204650 88491
126798 148713
202271 251501
138967 136376
213846 237406
195256 154706
224030 218638
188779 3571
140475 132161
79472 273327
181635 50490
137112 280416
173084 107934
168915 219085
255080 76373
98646 33566
52427 77283
131390 35183
2907 137201
229422 49681
152604 280037
44766 249114
158589 197546
91385 45177
206041 277748
251756 205020
119525 283260
83564 81482
153829 24271
241102 106136
136964 34850
149775 118278
86180 188244
157009 100252
4972 49188
204282 197593
216197 71885
208965 208207
121008 98471
236350 41284
267721 221566
16069 72796
135888 99311
177863 96161
52023 295879
90073 81469
251223 36340
150493 220192
275127 275239
48404 244612
96321 172941
58364 251947
234885 18792
191513 59691
1665 288672
208266 286323
265636 270969
133621 68330
106818 76833
139426 186250
248289 70107
142117 17795
291150 195526
117156 284197
94894 242363
27892 174304
170349 131911
285622 170106
159927 268704
186978 53999
59765 171310
172477 63796
50614 145798
53465 184476
33331 15305
1205 135431
110487 61482
182790 116925
77408 166870
81562 61558
15139 109607
114936 120781
36442 179512
277612 70799
282915 257859
275563 168515
19491 225626
274819 38710
223473 283090
152910 38842
245927 154619
260148 4332
271059 240575
78603 85645
252785 66108
255704 713
158900 183178
59883 271286
259856 192324
257421 267285
217849 4885
248141 273760
194226 234115
125569 199751
197611 31471
192366 60410
163742 110799
163810 41739
258591 233633
25593 153463
242323 22691
211925 173848
219318 233677
294552 172303
134900 236124
169771 251983
13450 5485
132866 85961
212869 191853
287738 45503
191096 251521
245983 283873
129889 108991
39605 256584
40131 192871
208986 122160
115242 85631
69693 205408
95680 120995
144229 85737
26589 252693
48767 295620
97010 19133
289752 229246
257025 229255
291683 122933
253742 152823
12037 95430
208342 47206
167904 66951
181524 164286
213309 104737
89324 208107
111313 112578
240818 79663
53832 125927
182200 73293
56929 166310
55455 230224
140646 240908
188230 209276
19601 12498
176855 14607
129670 144363
277628 32453
164551 209321
55481 16970
234552 204927
204442 8318
159180 165741
34968 261349
226230 290147
280422 83724
29802 296778
270118 44610
174624 258904
211606 67818
239265 295964
124149 124675
126447 173160
70156 203715
196498 49535
220994 129590
188315 146990
158652 263022
263090 280818
254261 70607
195877 99176
275679 128731
115718 172612
162530 84049
271016 221705
228354 90762
67866 129113
100406 250387
195935 254858
107118 218736
200287 53277
166969 291904
42464 165854
200331 57265
174913 255898
182107 288348
168516 111843
35039 21710
36371 122042
151930 38837
45332 40279
166146 115061
45483 146642
135260 210364
294150 190879
76470 69204
160175 195261
208326 157635
61794 151770
280869 78040
207901 12851
204268 150642
261892 260475
58640 167715
110766 252020
232127 6304
124301 43476
115673 298109
113076 10209
40448 169899
269766 97485
167431 255773
257459 144702
271191 257169
168808 237962
105404 73252
34317 166424
183278 39733
111508 140414
123682 137625
107656 218442
107158 242767
1396 40002
205861 182274
3442 222943
100259 164183
126675 100784
16992 177583
21070 277756
230106 163092
90611 426
161667 78217
224467 64846
246189 61517
117268 192128
88869 117069
49740 52574
175524 5125
25636 89843
75819 136850
201629 189610
234002 227115
170431 21818
33270 197114
130655 14041
273074 109564
263457 47913
5434 221169
295351 27848
54147 284032
11727 279610
135683 28294
43032 249595
297916 52960
168402 148753
151211 97049
259865 91883
5878 285172
203282 130609
155554 82202
285283 140328
197660 222356
155398 76499
264793 79483
177269 124713
56933 39974
43974 17322
28058 261908
142479 76555
54115 226395
56825 251359
44281 88967
131327 193168
22591 39593
104783 155491
237851 123545
137110 214244
85396 85350
126576 113141
85565 64690
258225 64425
169393 243282
58358 181477
180109 279111
253737 36966
205129 268795
206671 129866
76526 67647
12418 83127
40261 197046
247271 105524
97968 151353
274537 243442
198717 143756
273714 278859
115260 200885
242997 119296
216360 267275
197973 226555
270006 194805
267875 94001
250302 248304
115702 201926
248811 222111
84213 118569
94728 113334
104116 32747
214282 281746
37222 160377
141897 251148
193329 34585
200081 132943
107985 191934
224570 61719
212230 256461
235641 211806
248795 79486
272041 239826
62001 215402
108149 76273
55787 209763
99014 51509
172395 160459
295686 46123
136733 171048
276465 44814
76760 182536
211848 57419
179798 156453
298701 4924
32084 11158
250224 244802
260643 56613
76451 102054
132960 111297
24855 18427
106374 177806
279262 114555
70792 265581
579 16119
233943 273009
206208 58688
169325 272769
267249 42586
11726 35948
95664 4261
143986 38382
282371 271104
56904 280533
57438 44214
229613 240821
82773 196820
249369 146881
54091 235789
171278 77833
22106 247323
31588 53396
162487 295898
202558 136746
120820 152996
124087 183054
101940 116635
93386 128497
282103 232237
85292 205031
78527 144936
269600 259051
269035 25323
98963 190647
208823 107472
19468 295180
107520 158363
289141 89296
59145 198960
292293 80961
53064 37369
291822 6984
4127 125480
186137 5199
45047 63464
94796 14291
199004 146501
181483 183177
166403 78219
83590 266797
255173 274159
158350 38309
166183 30324
75616 254599
246002 40564
94292 143340
221754 56253
282582 10548
96008 74421
280404 212167
74095 257906
161366 67320
47832 159201
188819 117442
24665 184805
39939 33070
220519 257899
25136 19114
95612 409
286061 244357
8843 213948
240853 221150
272046 232706
133202 81782
82366 236284
36875 135191
285363 137175
2686 152506
278323 162546
197143 123200
201883 253079
27398 284422
276651 110832
268505 1893
161680 231984
239095 228650
51459 237484
283961 32409
123084 184924
157853 73679
10569 60586
287044 229371
293420 220501
7672 239625
116475 36148
221222 238815
86989 209442
246595 146841
206533 30418
287275 194544
257641 281927
280371 8927
279513 241495
281507 210445
14483 19988
200981 237741
55871 18954
11344 145251
152033 81726
291860 62908
292665 269650
211650 109001
34452 202005
19863 43437
70960 273049
179407 256774
172576 273829
88321 243120
21084 98456
32118 91321
235311 175709
94645 189308
174468 75689
184767 273373
224775 127686
94566 279076
209652 263681
245324 185706
264994 217941
225976 90628
140395 279393
19856 49036
99512 4516
6467 270271
206206 248654
203339 60800
61671 243577
224136 82291
265009 32285
82177 204691
125087 190958
40718 74778
299 214409
190286 70868
18995 54189
12678 123901
225884 105976
188858 123966
49794 237613
230293 92515
177726 49565
200624 84454
279267 288643
176643 17120
215379 6218
117815 86676
191967 6254
145474 69995
268848 83106
289420 80647
71414 37198
66923 158663
50799 208633
225267 96460
88817 36894
20788 287252
68802 233421
148522 206101
1548 64203
245898 49247
244400 14346
210732 166685
238436 233518
255061 170881
235707 87023
193833 77084
195801 256317
149042 188070
1043 251366
59387 96861
213519 119061
104376 64371
13742 194308
87128 31638
6823 282982
185258 43954
264540 106186
73052 89734
11935 174957
165969 269178
88880 201364
217279 256693
80461 27351
78933 272616
98733 133520
170884 143818
182170 33141
73575 279407
175849 35520
46098 58895
66983 263776
14185 156973
56779 259585
64361 268575
26669 96255
167175 35844
176100 42106
136347 102496
257374 228001
114922 181454
16105 1746
220458 65427
106933 254519
154605 284855
13647 154396
210528 137546
236068 48599
11493 210856
104038 289745
32432 182695
74564 125776
87765 148978
112996 133033
19933 76703
268137 237927
22048 109283
278925 74573
268512 218203
94318 170904
182911 219330
166331 254005
66271 23309
136784 175088
196639 248914
5427 289547
297661 258188
50756 249236
103640 15244
184001 152418
173176 22199
276563 202266
148335 208983
76714 100309
206070 157608
73287 223756
288421 4003
121639 197542
284696 158853
50073 186836
287885 152973
197085 9628
9739 5285
188019 61866
8976 101019
285504 112103
233549 109817
226407 215695
77696 215751
69228 267430
243933 168432
121399 232546
104113 223892
213999 67670
204998 182236
257582 255318
268800 16190
53458 34451
48189 13915
64676 270778
269644 66216
295787 258402
287039 174219
86578 98573
15524 253708
118874 101960
117970 162924
104448 101546
84591 227490
130445 219330
161100 43520
4127 286747
249833 104269
26447 244028
239208 93732
6541 4022
147634 7529
174287 56030
252811 141184
30586 255146
40647 214111
287745 1946
243856 37565
143367 277586
24627 152535
285700 104734
272138 86606
121594 228370
239478 125766
286568 85911
2819 57834
57398 42337
76249 132273
259519 156394
286619 103318
260159 15204
155249 171885
268410 132373
213730 279098
191983 64657
14873 145759
251642 218323
223893 154224
189124 283737
28200 63682
64782 227228
285713 178330
39409 149425
171176 285975
251908 103442
109954 144036
65579 27459
253428 170758
165140 153743
156335 240490
177309 77534
238830 238088
64537 47832
285188 83533
25136 77314
32532 135886
243757 290320
150984 246970
127634 112675
142010 10760
103719 233438
249056 108941
152492 249137
47641 107816
57961 87699
147958 22256
129242 176585
165055 50611
174533 42032
69211 205637
236702 21785
55079 126587
87398 109939
100746 230660
24094 248431
189518 104489
186753 265768
183192 199291
203077 89957
196096 174649
142385 136349
278951 87869
250738 160378
221703 297783
30130 27474
102546 78545
242096 196785
196755 246162
226495 164396
59938 280888
54362 82782
85095 112043
247404 21426
147505 134059
206747 297835
95081 136308
31756 75596
142071 233299
117359 224089
239453 185628
280497 274341
261672 281848
199931 204740
240575 215408
235443 20557
78515 84242
95940 54637
36313 238685
243274 168119
273457 277296
135496 274220
85553 125331
189559 119671
156090 195648
218127 174674
52278 267418
87484 134656
71527 203400
39502 143505
67476 199685
8988 122036
212732 182329
84749 227027
161569 8529
70322 187089
120689 149992
24974 240937
283211 239236
186183 226830
235979 203339
285314 58488
123643 206320
219567 86781
57582 98029
127727 269478
265023 257307
250130 223671
296003 145868
236732 286107
8577 222034
119600 242698
88059 175943
248618 79742
12074 70714
205372 77029
11582 230923
54933 3203
278901 208370
75304 203824
52790 235221
67004 234244
75395 110598
258012 269442
229210 294113
74531 85546
169621 232172
2074 204318
274024 42201
162674 113419
51444 19978
258343 299484
202257 53718
177141 107978
236316 125632
104733 271913
292094 275333
71332 49076
269305 24635
90645 281926
47458 14732
48305 151364
130422 293010
90528 115377
65480 213265
49545 27896
19387 204184
12232 189699
8115 73401
12183 102219
223781 147449
53901 29429
189377 260422
151495 90800
171318 140767
107041 211858
190916 171159
182493 298496
292137 277879
248871 65467
150338 209400
116374 173189
216853 243305
34350 56610
171258 4453
1376 193160
162935 171603
123788 11102
150799 200532
67476 75423
295923 134097
242502 125181
193829 227408
281973 50721
257496 94969
59084 213324
257790 17675
102303 258786
64330 255719
183392 87787
3764 246022
209138 283608
232773 155525
286106 125065
226085 131733
157987 269527
291003 285499
268782 85430
9701 224251
96372 273238
167512 96990
134404 242081
81238 48046
262586 236637
70698 36743
169805 123827
214800 111692
208823 275331
154547 24902
74578 197730
188295 79846
951 299414
137671 82108
265040 218558
11462 259001
281518 298934
71908 132326
287390 272689
15098 209077
41033 26704
161310 78211
276891 254318
208413 237180
213407 104015
54977 78601
119954 86456
178874 137749
137535 51600
260097 37633
187718 181433
153269 123980
141284 276782
117499 235819
47097 209671
93437 193276
42129 9423
138766 148774
72426 228748
201497 94431
61608 137117
232133 43207
208280 281695
109359 280888
299321 226667
178003 22771
154011 228925
279411 124908
149723 31111
167454 29097
915 99142
112785 234687
55690 115414
19858 199319
157512 66775
75904 279744
10478 263295
297412 228288
67442 188054
257700 142080
31040 221399
283866 92026
170060 8386
53938 176339
103208 75721
255531 215737
261554 119200
290619 106061
209198 273533
16986 16008
141264 97857
12976 93980
46720 40327
40527 46959
200243 240019
90839 236430
71446 258424
141511 10308
180607 224708
9970 205729
299162 263033
207974 182514
148948 88250
14052 114613
38090 148244
222603 74355
92932 223364
45276 278402
291407 134175
147128 109456
237101 283835
291513 199155
176577 243759
52049 168244
40036 85470
6298 211322
66007 290325
234182 813
82191 169158
137964 139550
294885 137675
230909 274852
157761 125505
28464 57839
199962 212040
206279 26753
88859 7188
260808 66482
220527 2696
14037 24418
40752 77049
24306 272721
199358 183495
49819 50071
241719 61535
122923 209882
209943 218580
229959 101167
93135 290220
87388 285451
130452 8623
281982 212268
166156 89469
53299 245879
281738 209841
260393 218851
41640 48194
34297 183980
181501 105110
33942 113178
257783 290194
52047 219776
220987 213000
225556 202247
20106 104722
157421 221613
161360 113955
274192 158054
188442 42267
34177 132528
274827 281490
16296 57226
254345 87430
36554 69760
85230 219441
86572 185107
72921 63432
135679 56376
35816 98698
113185 257278
286581 170899
62276 184458
207606 174859
231215 137168
42536 152162
237216 94539
121995 283602
37572 152858
257589 241452
42122 203106
133389 30051
65133 82150
236774 279349
110209 279635
299024 213717
281294 91900
44484 277662
84032 182861
158623 223458
205630 223314
28004 70821
380 191191
265897 274730
40198 256622
76291 94466
238423 86420
127026 202365
142904 203807
264443 177539
106658 271729
256170 141231
197131 4238
97578 196612
135723 114542
108585 266729
61439 298580
108581 259370
174526 141150
102218 295123
157555 76081
162085 35691
37643 242576
8246 231396
33691 259582
223804 44266
262268 261424
127830 226397
298943 53827
226583 89875
266462 120167
119217 151046
299642 208673
50974 98846
29286 115924
169680 115963
113294 124374
250955 287854
262969 210801
281649 283936
201178 232983
140123 81178
128143 247464
87308 238070
63945 124909
105355 100878
298580 115830
146393 109867
279639 156399
180692 69920
6171 8275
127381 271086
299563 179230
196093 299918
96965 85041
28839 51276
175711 231313
16186 241271
91320 232068
197762 298766
224321 196133
87045 123810
169879 1797
124536 277015
147278 267431
238670 203451
160929 5495
210128 181013
108027 46139
243681 199100
162178 256737
34052 132234
173786 53704
238141 263481
16038 37740
258113 85847
273069 281413
277985 88903
292826 194527
277490 294707
228276 171222
262924 141617
23429 64193
17585 245526
99712 49346
10452 215638
72716 3449
263750 42476
155254 43870
276112 89474
44316 165213
218466 40960
231539 5540
8554 130277
6476 107639
111771 28137
160209 152637
249435 193639
66621 295174
63922 267847
165433 105652
194426 275172
271864 40574
291700 4668
161575 108175
68004 297020
91605 161583
101607 50104
42939 180158
281227 185195
122272 122618
115659 166642
181143 104954
276529 246815
194221 249805
162982 139363
47039 76339
24921 68244
280571 39588
239113 62316
11533 155588
141144 256645
15914 90692
28837 87230
189326 135598
47858 298382
28188 28564
133908 88614
65332 34978
198627 229367
189735 194388
193085 35198
124424 234651
175173 275800
189221 65274
299009 113791
44308 104632
63633 227434
259072 17758
108580 297306
126132 69478
68354 258137
38253 62578
116246 34307
61952 9420
110775 106165
100315 278049
123113 176837
2124 287968
19449 86965
289031 14180
210586 211286
234323 80609
226284 134666
54822 256657
278285 152855
289142 297155
103541 265861
116614 218425
109906 254607
296487 236324
189401 28767
206915 189492
122830 260119
204489 278359
196529 79824
9438 167271
152030 154823
163204 113627
58993 107365
205090 205167
82748 214081
51436 79348
34739 73912
157902 217547
55929 131004
92406 227441
273840 209947
55154 64258
276423 287342
267877 161
122514 77678
205488 130272
262519 299730
35740 175050
247116 117174
227139 260555
79202 280425
85060 258680
107776 172542
104832 241447
281382 233657
292981 287217
258995 95357
279913 263474
99378 108359
130704 214518
269735 120362
43961 147568
194698 151955
228650 12191
134061 122126
130380 32334
87103 222169
163478 242407
244950 43982
91887 170524
139713 226121
238367 101635
26782 241357
282449 274342
99018 100566
136694 86535
269326 32736
101930 294344
248191 250134
287721 167000
79017 41035
61696 297030
176436 24529
124292 74186
44371 145124
150048 28647
151253 122838
141717 297768
4347 239771
40585 92425
83299 48771
241433 147889
38232 236685
213244 158275
69248 98304
181706 72012
291832 4037
1066 172738
29401 79815
223681 275588
45617 169688
273588 38253
249506 201282
249004 219185
248738 266913
244529 251497
59474 279457
184855 172191
121262 43960
19245 144976
193927 94400
25703 181965
183843 103146
242758 271276
274787 296363
246620 235306
17472 257671
168171 84234
123825 258215
30928 198860
45227 256797
210016 225345
54462 229110
46299 254366
68407 150738
287050 184604
10221 243635
77973 282098
36084 140883
200867 174544
23913 201368
272692 14357
180387 144752
292457 252208
280409 203881
56904 212567
10441 108800
88115 191402
179917 267624
239150 264834
234567 133440
46746 119062
171038 220498
182189 54387
179906 184447
144201 119332
179108 85148
91446 266586
257335 50173
208071 52244
91054 289758
32945 20848
17627 277725
90521 120154
202774 195591
238261 209798
140274 7540
212990 223246
222793 267518
34520 195434
94463 285099
13145 196861
187609 263669
232113 136379
91358 5345
104276 290880
38184 72531
67011 243351
188565 25782
225947 157780
60386 270486
213379 239673
217977 102784
182438 129915
252556 36780
216784 102886
147009 148435
77029 121490
56124 93180
101185 258504
62579 45462
246945 163898
131956 211219
295995 4460
71547 225876
208672 117881
227393 171951
136378 122555
145718 31152
69002 275303
111807 108060
291241 33374
148267 206829
89921 45247
49988 124498
39160 5783
41733 262213
87457 40128
64569 199643
215283 243273
182089 290845
295628 185047
126710 15050
197743 299031
211206 226070
10005 6490
215294 263025
36213 60291
130174 71519
95873 230570
266557 57203
58933 247389
80532 194001
224293 70728
23261 101027
133107 244858
213266 198665
218120 203962
296409 269713
289667 130155
30537 129264
65079 65224
276768 263297
142610 228340
7631 107612
182271 203775
101478 46456
130883 272780
292965 137755
295634 224185
145657 43734
62083 18326
266956 127924
182519 3679
15788 43177
238935 34285
4763 129143
290760 210000
243589 241167
257420 201504
275401 158300
164592 178872
116686 178836
197739 102200
23319 191370
94052 119670
295042 277819
84436 43124
279920 163356
196874 90827
289847 24979
293466 151898
183418 231833
144147 251019
96404 261866
263976 234406
150237 40397
192631 227683
232217 137264
19680 148879
265006 155214
52978 157375
104887 187976
286187 14290
239204 295868
212049 37607
135129 76345
8291 49954
120719 133783
107597 15034
206251 222729
108749 125469
292030 17917
196997 233933
56601 125932
295892 76616
282202 58463
269144 17463
287994 287283
26561 293078
126798 161605
114824 277963
288036 6712
263413 185626
36697 280865
218745 50554
42583 54851
245882 253103
228034 116450
16520 164467
12509 129083
50155 203221
197435 72025
107892 51420
162409 22771
250562 14134
198856 76067
215229 188471
247017 47409
214998 22251
140712 242232
86546 141131
250187 137390
138108 102746
268912 211869
271394 212182
8451 257121
210905 85501
140355 282551
242570 58798
128411 212814
287600 295170
189644 264704
42534 95043
109943 279942
127220 113165
24339 6140
285986 173627
240729 216378
142578 12002
9166 138376
61329 251176
95884 107975
74878 269632
102062 268244
277404 128297
267220 137491
192879 1144
8940 1059
12458 168692
68584 267659
251279 265709
267393 257363
231096 279282
12242 249925
71715 231781
181778 264973
102916 30430
97013 33052
27011 200677
121928 167847
173419 119913
57983 43628
194025 167661
267735 155075
81861 289611
187072 47275
291047 36259
234429 27486
148506 131961
233163 40544
33330 9620
273952 43106
229012 134148
132122 78426
60193 156037
129309 162432
181927 297651
251341 41371
115468 152139
202295 226672
81199 42943
150243 29670
42534 49679
23373 261677
91779 230958
83932 217596
137857 47755
47600 237542
287120 21938
17404 249766
214195 120727
228440 25330
65283 173747
289990 26757
171940 192902
242649 147810
5710 106241
14525 24663
31510 74700
89530 144047
91074 43810
101909 271672
139572 212729
11006 38700
175122 129986
245751 82776
92857 128006
194228 169625
124079 293359
288781 268186
203635 215635
269765 88273
174136 172725
244845 194902
121467 160504
246762 19820
251823 61723
284754 20616
162349 187697
98131 137713
245509 148398
173523 273689
299294 21342
31455 255449
121409 137510
18837 272692
21395 5842
234773 288988
231716 172780
133874 135669
206505 124461
199769 33759
259777 40422
145324 210211
214920 43975
277945 80245
124572 168159
285130 134857
63536 227399
185279 168486
57429 50810
209280 3873
132780 237548
95721 255970
133928 127861
154884 72837
241266 231978
15504 283819
215743 233180
126823 50332
241777 97413
215470 106971
253506 84894
246408 61084
17906 123105
176535 32062
3416 13633
161897 198171
102199 29481
143995 257701
143607 272483
150841 40930
98693 61574
237791 188506
188896 77003
29371 197430
107882 291077
214718 155879
173267 212319
34320 262997
98590 31174
229568 243935
31747 100414
116775 50038
253367 187109
217819 182221
121789 163799
6114 238364
92283 246633
238417 58681
267591 177924
265716 262648
273252 200779
231902 119135
269050 276888
55341 207417
16808 38075
249530 196671
41717 128672
293640 170734
41388 77834
267353 240940
147491 48382
149569 296262
43753 924
171415 239012
295536 279402
289434 94297
237908 131597
278799 97265
177274 87217
47365 88142
13783 6530
285441 202255
118780 226793
156479 179308
228315 200762
11607 137617
120492 172617
111053 103285
166272 70533
164944 228022
99106 49100
111252 213203
150389 103592
88175 198903
48304 36674
234232 5973
150910 158840
25505 216832
165176 253932
288723 53815
295529 219573
237828 49765
224985 262487
128960 28200
206691 290180
35377 213720
62079 206597
76977 70451
75205 101945
280743 104040
72762 13830
276872 149074
134048 190382
14500 278341
24250 254941
122044 209453
24634 123869
224242 164924
142464 62050
74073 116625
265869 123048
65393 266090
236423 75524
161714 227453
39176 225416
39371 287340
85635 81125
154483 63906
146254 44030
92869 134658
89034 37237
7432 215685
53621 192267
280672 96761
91173 8894
215858 192211
205431 184990
275565 65529
56638 33965
129447 196291
213202 255303
115678 57408
228006 178948
156474 123842
69111 6514
76794 8604
19568 132835
112806 227743
188261 189723
52489 105039
46326 45738
132659 44293
269647 178039
48944 77420
185409 153638
36407 243994
278487 130745
151833 198699
225003 169986
239952 79670
212309 8981
61816 119031
220190 262566
12174 248103
289250 83930
223480 250084
174650 157818
188037 19522
203994 234450
31501 37017
61995 224630
114832 146496
64597 80397
19940 139426
36533 100790
4510 227867
87102 258055
28690 10977
193045 209688
81757 56425
14357 296952
19559 95694
177804 236512
93091 218988
265406 27284
211365 40726
211586 174386
67490 42448
73894 200679
110137 166498
110848 36394
26787 144740
294838 49126
250079 247209
16897 202016
118532 206506
271024 195548
30608 201939
171501 148584
74362 72645
280917 108029
35290 35993
90947 220568
84618 128175
29784 232354
169992 6691
293812 297486
192459 135528
84864 47133
16621 5850
6043 143596
259205 43818
87284 68573
292175 259556
82272 176906
25237 277347
132462 44212
76944 72238
238688 128207
201755 117867
47542 226604
295910 268124
281967 6057
150746 240157
236377 13974
122593 9193
230902 257966
213710 52645
254082 10202
120847 114493
159839 106189
54739 209944
175868 111821
206519 6252
255175 43871
37744 107375
130691 38063
167848 55466
266309 220804
263456 86025
139575 44937
79261 221598
253717 7156
105661 22547
282811 149368
265179 141111
75606 4138
98933 275221
43568 63032
123164 88418
192475 73071
156670 18878
136848 225175
149239 94151
281008 119215
148065 275187
3174 26627
38342 221380
120631 118812
204379 158903
66822 161502
111464 51650
277683 109698
136829 233279
94498 245287
245976 225246
210065 211304
158640 79893
102149 119197
57775 231617
57721 32126
32844 217633
39798 156038
64243 203688
111050 155690
264641 94969
268344 211218
227673 279982
265150 11572
139939 158592
108619 218067
11326 51968
29554 242380
198260 182576
226874 231255
284839 246374
185207 266840
30276 4112
218468 228664
117983 233347
220780 41969
161251 84959
271814 157651
94147 41839
292711 137007
34950 264853
193073 236827
260116 51563
82149 20652
52743 193042
262808 259056
53984 124170
129208 245786
137656 134958
96147 37911
254817 278437
75055 229703
20151 92390
278941 226958
207929 240324
91762 40257
108564 255019
237919 58118
79237 203029
13564 190419
241011 103098
80115 56092
203464 270379
32169 112389
29590 239293
129315 246785
285001 275415
1201 114798
270000 157456
2069 117267
39263 177233
154577 68367
293930 137646
202409 88282
277360 284759
243445 131389
199535 284499
172059 143372
205077 129403
201607 141299
27595 143806
112182 130119
202690 130511
151037 227887
137778 264533
175529 261090
113219 210392
274413 4228
21612 130203