2943 1183
25575 224102
74480 48852
77069 13481
143920 163453
219533 148524
119591 246294
202932 86103
204041 103776
188836 125409
271998 56720
87566 173156
187757 283054
148938 237669
88516 161253
60615 113058
111148 6478
59087 86772
249616 53349
96502 116311
145965 111685
18614 71694
182099 242906
147595 85540
221993 146544
294800 170000
16246 150790
262900 51419
190868 178308
41532 270375
212501 54714
284395 183197
106847 38757
125146 58680
245480 122190
67525 140644
17223 89341
200372 215437
252952 95624
136726 140455
229495 72430
52787 268737
53260 141272
30305 47782
251816 157232
212363 206683
81258 262518
161791 3464
5281 250163
133389 125299
50924 272774
180498 292465
286677 33864
257346 37679
266456 73099
17178 89912
292678 263038
111195 285717
168780 275969
269515 122654
259496 13980
101598 76799
62377 7029
108294 156664
273882 75294
100944 225643
43470 90821
243670 170130
22743 200706
231511 149958
129854 141152
41243 86781
297882 117704
249733 137376
250082 2460
42100 95932
74748 188754
131447 298161
16890 93897
223095 235063
37734 86989
60183 95193
273989 29131
18995 207204
51928 297066
143745 291904
58550 73512
211935 60639
214920 34178
242469 201762
30908 54332
290559 156584
84131 181125
237966 48263
117294 100525
176846 262946
19959 102988
260082 288109
56609 257657
282413 118830
281471 219302
256863 19734
19840 246309
175706 234641
11344 197893
197636 274143
190449 221221
115867 139206
31102 220510
292022 199626
31053 290957
8708 211920
236026 116932
129367 32055
194199 164460
165526 161552
229465 182657
203482 23643
45956 38925
168357 135142
221247 226977
39715 241671
103130 109096
6318 204392
8298 230208
238156 79642
176244 130316
75625 160221
33446 3239
247515 180204
137449 94783
178602 108503
248261 79454
66700 129741
79573 86886
247303 262661
91465 255491
150614 191280
210629 260635
90995 268407
27319 94841
211754 89420
19312 231802
165572 65232
132710 178265
155135 225213
78326 31242
288497 216627
213023 279705
118921 262034
176318 101893
17130 179804
57258 69348
279924 93770
13241 294113
253861 76935
166200 19656
246424 144002
68759 222620
236353 82828
135229 198696
179841 82565
112428 92002
235767 272702
199109 178085
275167 235739
47084 143603
283842 120430
183929 167158
23489 160585
133326 60084
127593 26327
203141 141927
58840 2752
281991 198929
173899 147668
125293 238514
11141 195640
272747 183985
2381 296251
231159 280729
279410 172414
41815 152134
98306 274963
16890 7043
35716 92272
159595 192307
7751 237633
147991 244625
225240 145092
238775 251423
16154 182124
4826 240349
77979 249309
209055 58942
62976 129151
70086 225298
127121 132731
35974 83082
220834 232434
201034 53910
230382 115357
49397 95598
220181 267613
151948 267525
223401 174124
107179 224339
142817 174695
279983 249351
232259 9204
239533 118581
148285 24546
98055 5505
275136 5351
265784 265635
124205 132923
133002 291980
298125 69428
215817 35825
128834 2039
145836 34737
195515 178555
167982 102544
43336 52085
171842 131570
226326 231946
47888 71855
234797 1425
212076 214596
290914 221858
77467 2451
52381 68443
25551 84034
53452 22746
204236 155794
100730 12365
45307 229103
197313 20304
48614 10920
211213 48689
230692 202528
158284 204272
265046 28396
36327 290928
55420 126682
14948 145592
291888 115507
53785 11797
142602 154536
227478 81574
56558 188452
197997 209873
63389 11794
152185 228072
221875 219356
245639 215215
226252 6099
137764 92796
245066 114183
11985 297165
78428 28716
233623 268255
281586 262686
137008 223169
240633 282934
126888 259720
256095 81558
166959 209032
133091 34734
245439 185685
1517 268017
4058 25816
269410 80641
102768 231520
219127 176583
98906 53696
125255 194597
103317 110661
64811 171210
156592 69576
23253 173009
221178 220674
167697 271920
126024 215758
32493 34311
167421 67788
218837 214738
253630 284968
19564 51637
12250 150424
118704 11849
145363 261433
81405 11334
1755 88557
202417 82741
290064 217359
250903 61607
248595 124768
98039 188121
104035 146607
66157 201403
248900 41258
133812 40510
37630 220270
110082 7101
42420 261505
297314 164539
107282 270300
203546 22235
61414 188180
200408 3335
102359 191687
150394 12950
296815 133584
263646 108637
99546 250897
296459 228518
196342 190528
289646 212357
79895 73324
296907 206708
170142 179413
245568 223746
220963 209601
74108 126337
224819 129817
134940 148183
276298 162895
211624 71762
145100 205838
66728 298937
292110 277976
214095 282878
183226 273265
107100 28993
213198 183933
77923 124676
220856 147837
173549 171567
52641 276334
145993 166777
130674 22478
162419 71182
136329 257722
208383 41304
47949 277341
172124 126913
246008 155485
270227 256742
187017 243461
50791 197224
141757 287469
271562 168566
152262 15533
32886 236515
96840 4924
174075 289043
259758 205180
86699 157748
23901 290145
37542 45582
191627 135242
153343 72463
158976 208038
215787 48924
184596 79298
88147 118105
221671 17732
90966 9178
270024 56551
225856 139243
126193 59316
26942 206207
64826 144958
178716 11376
143981 10894
247323 72808
78199 1688
37089 24633
165061 34866
105168 111791
114760 69499
279916 53782
219138 217985
86619 54737
197431 272649
106116 182822
144708 205194
39208 73878
219803 289559
173178 254716
20788 171526
128459 88864
110761 77639
89843 215143
58658 231669
6567 135559
8793 148947
183829 229552
134190 81422
225101 157987
290028 27069
86796 140160
236748 90956
195519 16532
118943 137239
96780 188931
266526 105017
283119 31223
27388 49335
180367 122385
230645 38261
171885 73237
208537 91337
97471 2307
252680 210274
294400 199776
223324 217265
203491 248173
280924 250901
28344 199673
164404 281039
91141 104188
279687 206535
184418 70040
68818 233824
22960 4651
37412 184500
118319 140714
178804 207350
87668 170572
257355 43956
154699 254518
181596 143428
16602 256671
199010 74242
244452 252613
62265 189866
282474 186295
149633 297550
120597 75911
166942 216102
267772 29961
103276 112300
208462 229495
200303 171426
30149 287295
162245 251015
58269 134010
285137 231326
206427 105442
91553 165457
254754 71466
251996 109158
246801 239186
236950 263393
22532 31268
232584 204745
99823 214951
62369 97948
143627 146620
141914 295136
79117 293928
246413 96540
269388 19812
207048 280878
31681 259334
264170 118804
196923 75506
288521 38684
290653 125700
168422 22859
256359 94064
246403 255773
22039 127142
1284 47623
71015 123044
120835 40969
126646 224259
175343 185149
104673 24880
20512 7123
272978 296113
27583 142777
6225 136290
118665 135938
281545 283127
278545 212234
136432 272305
223742 80346
208814 109426
297000 246742
176638 246897
141896 282247
251401 291602
177427 84415
293274 219314
228433 128194
1088 4673
218961 143601
94656 286206
230967 52853
34559 198622
196597 267376
260903 271742
285463 28954
190676 273751
123712 185866
161131 79838
86135 147911
128386 96496
131886 153419
191668 167980
35094 115883
2296 62070
263938 38700
277063 212582
186126 31810
255830 215005
268815 11290
280532 131865
173940 97487
107375 68224
91535 141092
234418 186528
114583 243772
107084 51129
19168 115680
203153 175819
248753 100831
24595 61552
100834 111060
207340 10638
12889 161284
198145 93418
283974 58407
181286 155783
118440 248922
293532 160741
56610 102284
88827 284883
118621 60412
145678 155765
95939 277551
250050 253550
191951 238526
87563 293271
70308 201147
141176 162748
134452 100995
12032 42206
108065 94954
216442 102046
43575 63923
205854 263452
290544 33193
274326 32687
148682 291394
180826 162903
246322 252443
188937 116204
130636 253711
216290 8847
138355 235154
74434 69930
99192 127753
269662 50651
19413 98669
121292 6715
981 227192
82325 46177
66972 257714
120367 142166
227510 96428
289971 203164
227012 69898
147184 2650
233781 262896
102674 55516
142403 188273
115849 21714
207264 288525
153314 225539
160759 41654
276682 230997
268440 195376
298198 23844
209654 90560
179551 176178
220988 249757
26774 233085
5441 107814
252683 236232
86287 145706
122015 25585
258378 25473
12297 33929
68098 250920
271782 187601
239364 196252
67789 204748
119964 68309
200910 744
22132 297617
35061 224054
137737 23512
93844 174727
67076 83913
142486 3176
175265 232697
121760 167364
20175 154161
286157 236698
264629 190700
35248 60125
183715 16444
91871 258069
193920 23133
101449 171782
7206 278159
292105 215277
37894 105017
10655 122830
42552 47589
82033 204735
21309 181708
131210 14389
182447 45250
199441 274287
169521 164894
268585 164248
125828 61877
158540 70444
229338 94283
47671 181277
163412 294210
29198 144265
60316 269902
146189 159214
220687 69972
164517 203257
223648 250171
2454 299530
172184 15769
123525 39525
209280 132307
150411 184217
83735 296471
102256 191820
162563 108621
159128 284539
41312 243768
36832 67894
178198 224708
114029 12271
79681 121906
259478 200582
254886 138503
238227 145507
128747 140757
288897 253517
201454 183619
153446 295545
56517 199202
18861 195174
71535 267281
110158 220111
32269 114269
25375 246863
9091 281442
264971 262325
283409 255316
30715 201315
103062 286203
159150 224472
173200 98002
60748 48558
176640 130125
213870 15845
273897 29691
190115 124733
73053 214731
290177 116421
90857 39249
153925 165333
260952 288451
53831 86296
246553 242865
131760 46682
14845 9424
46554 297874
272755 187336
161436 208089
204507 35292
15517 85322
243231 249764
30294 82675
211643 294122
218297 8579
59137 61380
28066 70354
194916 103975
245758 246802
20409 158100
159779 75300
17952 297592
46456 286483
239376 69021
203508 173167
7054 216194
222491 146120
201665 209864
80293 258160
163584 150174
174284 27295
197695 143768
20537 49835
84761 255676
239384 270961
85277 177048
238489 6699
180856 136382
15 232452
21255 145290
222418 225229
261447 127580
247140 125677
249418 232151
152386 168833
145993 190935
20345 91183
6265 126106
288680 27127
20804 156916
213969 23837
204565 167542
34702 159761
173970 81484
259560 241719
197062 271590
213138 289705
170432 89719
163663 142107
45841 242945
262894 18560
100178 158432
87558 287358
33713 97436
247227 11953
60697 224864
265226 52067
46603 123367
150991 38968
253611 24624
62167 227967
265455 262986
297237 32429
238523 29392
156228 172853
197361 59441
139587 194457
230888 134190
155769 280977
178485 266411
48122 111957
62607 105722
252007 106489
158407 115145
289998 55625
88901 107650
188882 274536
83169 21671
196143 227200
21730 140675
183726 11517
110996 214842
173597 92264
113228 63602
144697 30354
161849 57644
125466 188467
1298 47653
61628 243383
116760 136682
213902 24747
17512 81676
230255 13912
186265 100975
123167 80588
227117 75308
128486 212974
167417 278943
38878 247374
175646 95782
14985 138240
276131 244140
33714 223146
151007 118934
173468 55568
106455 98164
2971 208201
197180 238308
289778 218847
258709 230928
235411 198944
123525 59874
6304 182013
183746 291644
26445 20818
91176 177428
143897 90198
257327 46502
89117 202898
113224 20256
143601 248675
198943 59920
40306 98703
95333 98280
33446 228692
61734 265356
294273 9882
280546 276834
19370 55072
168423 295404
151319 91023
180167 243521
69908 60268
136687 239288
286685 3458
64844 61083
43261 125897
52755 59958
86826 47412
56594 145029
271780 258478
98655 220436
57717 43512
226796 8614
35279 185793
264024 63726
129264 95053
129882 60545
211005 105624
215427 2602
143187 229328
244743 80100
288186 268731
104812 125612
84396 213624
249203 56729
212660 55059
70696 286196
184628 67399
173496 62969
3793 128535
203649 178652
219878 35184
192707 1470
107351 120913
37396 212170
77945 190995
124632 255400
101704 122114
198183 289949
209741 138152
82166 163038
193823 51962
151867 16310
220564 41192
116264 69017
27316 150851
125775 1042
137396 108829
47592 165892
156624 109693
217063 72933
157639 290495
220496 170622
3790 258875
161849 199919
274167 229885
84315 117191
165785 248392
48532 154506
135568 72244
69710 82523
218933 169154
49635 297359
14845 166591
85603 278715
49404 107099
224346 2750
275506 292021
20625 255622
32825 274510
54724 256005
136505 238969
26983 69343
62336 26454
114789 274435
258616 141930
31158 197079
277336 88388
128627 299653
156517 4050
81191 24372
65784 64909
117189 76640
291643 293325
76646 207658
81135 223911
127018 97910
60200 60297
238779 217487
179524 18746
176804 199124
20928 191686
86402 27069
92382 141706
183808 81474
209412 194680
249190 69342
247563 7695
53663 59157
219844 223938
16443 131861
28460 74508
241460 116620
100751 284019
122483 54169
146124 155942
159164 68709
170720 59621
11213 275779
257165 93631
170869 104248
11838 210770
217026 3259
225827 268833
119522 198475
225871 221321
161183 99309
8200 20297
240242 259854
163472 290781
271374 101408
120738 59658
253346 109402
176239 33275
170857 83845
52775 266969
131653 144357
8070 150413
280538 174912
75088 238970
101616 60817
203451 90153
71925 4549
202205 130525
117690 147951
296278 108090
235047 115097
43929 10024
102787 18563
204877 28675
3505 125410
237024 23178
49664 125917
118392 228151
180498 95763
238929 140764
253014 176941
116908 207347
117806 167304
229787 239893
198961 48915
69483 191456
66527 111119
61411 210140
182996 179531
91239 156856
223296 257496
208288 65808
37655 214966
186807 242487
3487 225932
287192 74572
194184 113408
149168 91068
253904 220389
180148 255557
67856 118754
222120 116172
36822 293772
36016 87244
291604 129764
287633 122482
227207 202281
205807 220616
213556 43706
111712 158750
190993 276396
84966 62634
257289 125964
144078 59011
148926 158867
219814 51087
226119 4959
103429 136404
144828 106813
66561 241234
85088 160747
59810 141837
18144 13728
222870 107203
1734 44661
279689 101464
108761 50756
225863 220039
266721 198245
78999 269634
181163 169774
108027 273442
109966 58471
220837 261741
162394 299099
230231 5322
9734 282908
261180 49714
41458 231295
236687 110426
15108 171453
237196 180668
218066 131378
117037 255253
209573 142469
58253 91651
247777 234168
182531 253364
184701 262914
140961 268374
116528 183705
28698 23046
47464 222446
213541 96680
158608 75119
170657 69995
176338 25444
9658 178193
224186 141578
64312 209030
276995 192109
253633 123147
34407 115982
86973 33294
98423 200496
44792 12819
197279 140432
97963 266993
266106 254571
233325 249359
267116 229353
244757 137895
120194 23782
17305 31307
48262 34625
175537 71291
12121 265379
202222 22428
202219 24903
252678 47783
186317 281045
168831 34157
284105 165838
148924 293776
147985 206168
25156 257241
33133 235583
153140 95337
249492 77347
204176 96622
96612 91915
145428 129344
204128 271834
265202 162555
6243 203404
177659 262197
197615 242083
271903 249328
249336 287802
74784 183557
66112 156780
15939 179851
75585 90129
1153 158873
14596 11302
6626 152764
56804 228872
225884 65900
244613 92425
245068 248363
186185 247943
239172 196531
221700 14975
193868 203005
157556 30566
280350 201510
281980 253382
292180 35181
203525 207565
78637 233553
219949 189329
264859 278178
129246 59463
162284 194279
119651 117136
229713 102701
127345 97643
71551 149212
24169 165808
226517 224892
65463 141360
59867 284686
161603 192526
182535 164980
285975 132137
119634 181696
224910 81889
2117 75106
126720 189634
141860 140810
16719 152115
274067 55474
148465 136137
51226 248374
101323 47107
26973 51347
101995 76368
58465 66352
206176 210122
163802 207749
285230 174789
275782 250313
130196 177500
158653 248239
90873 181865
97748 181674
122202 278955
91 198966
104794 113664
226226 131296
217138 95858
233641 48306
177773 206950
155841 262813
284636 55175
283813 161204
188167 66387
139808 111598
109677 97573
275883 115921
293653 61670
37329 253011
59126 143345
37550 73195
230938 250485
140777 144246
179130 93737
189132 219806
57027 42316
126732 28002
980 277877
180082 37042
87179 97184
135601 246891
113448 194956
201473 145363
94189 279291
186733 164612
124146 60339
52165 52138
78729 196081
208065 3346
278128 252076
197717 28494
30287 231134
177196 107512
73279 119621
247261 120916
129493 93294
226109 50991
209955 267848
270783 150850
79631 137810
42411 109509
128610 246492
275774 206734
243655 155218
211729 174846
45334 29824
252847 102541
138359 109876
183105 151414
18855 118801
130412 246064
128732 258706
37997 67055
139552 278636
294628 297923
5879 257836
223411 239337
84760 110193
157491 242086
259074 56460
69737 54915
191675 183366
148416 176783
230455 266763
272264 174506
32053 76310
134651 242675
279390 143743
247817 77069
118460 49168
268789 236977
130751 124533
3565 171632
40399 294445
101526 23939
220339 249993
180902 187714
69198 174749
257561 63092
122486 217605
253993 119547
195755 225351
55239 250790
106549 102071
59647 299474
128706 192719
267778 280953
299301 73562
88824 35002
294944 238297
48768 249148
168342 31731
38315 15680
278983 108212
43887 229477
193642 207501
109805 265507
129873 36492
30583 35730
284569 10243
107660 243001
167845 273382
175098 248534
222843 214005
68351 168252
119679 260467
47222 249302
194816 299482
261945 156460
282893 89381
85018 80129
176960 128424
246715 185166
249502 30235
251689 250212
201234 26545
119796 211306
217774 125920
268516 163637
81720 267287
184828 169604
139919 140124
192510 76956
12443 157217
159368 246387
144695 158277
13867 64187
179518 233911
257529 3080
74108 250795
30492 175711
129077 122402
34047 181321
5655 40890
191093 15628
104742 166929
109160 155279
223588 33606
42388 51693
5024 128822
130485 170721
125967 88342
293963 196463
51449 53770
182947 43903
156942 274090
153726 281853
234469 24012
111700 162569
237477 63296
248234 113874
202133 222447
241098 26753
90373 48249
244069 256147
280527 41566
186396 284898
143950 51378
1949 148893
146215 257939
8619 227772
189510 82636
287240 86463
152244 161367
70701 69818
261068 157223
72836 112143
142904 240117
165623 114906
128087 283374
299562 97132
268726 144540
155100 223474
40271 73873
37803 220278
139660 252020
31187 96656
220434 6350
242610 270273
216298 253723
192164 234055
297965 194804
52440 142354
296630 88493
43838 151814
148285 50561
160542 281475
205251 287390
80686 3851
54406 107991
180052 14749
55230 183017
139649 74611
245541 26303
37738 211202
97089 124250
214043 196076
2045 227153
210526 231219
167629 70085
292378 86593
269702 12166
283201 79373
78436 252640
73373 153310
234837 37004
293030 278634
248308 134520
3038 4240
155603 169111
119703 152819
61556 264618
56045 207190
149060 4723
87477 194801
75996 260663
181846 194917
103153 8629
295653 129211
287559 280012
89063 269196
147694 81963
74880 254328
177615 74809
175583 252801
276112 95371
133148 98371
101835 19317
211931 162598
242164 215250
286114 182116
25909 133054
154908 164824
30428 242764
78811 115909
181601 277362
229180 199061
20303 243411
110820 173860
170474 223909
25616 254539
100637 98011
273096 18292
119610 156628
157576 242928
127572 60442
9222 47117
135662 38585
6856 164067
157905 17434
106290 100185
15902 235364
213681 289565
229642 278869
49589 76405
295042 62368
5365 193570
245947 34015
59041 181454
56468 245456
70699 234773
1173 183362
153727 172120
280879 165349
122888 209985
49534 194789
204943 74299
84523 175463
23630 214486
295214 225304
182933 158335
130265 227369
74154 255892
170125 233801
145723 342
107062 145626
154898 171033
242201 250205
27186 34681
165912 209507
32407 167440
121796 267828
268902 79304
14268 272981
141330 43842
228428 78926
263108 245183
81810 135683
19159 185046
269898 262484
84703 262921
126787 201566
49367 222930
192501 183368
205087 246724
113736 109798
24064 268416
139447 218757
184405 9152
275308 196239
117812 73986
215428 282025
164654 188512
232761 253773
222769 266027
189625 261988
27606 116431
196068 67666
196423 72398
179249 153265
215821 270919
291041 93580
30812 52928
155948 174856
213021 79202
244426 109087
175913 43131
60860 229495
9391 174931
46282 219448
169286 129130
285957 281462
102165 254180
267632 111340
229783 88185
114389 47792
264567 194176
34629 72279
65960 232860
31525 116182
15429 68870
36431 160172
167626 88602
12222 113810
66477 252144
154821 197439
271339 142233
170943 175976
95126 275572
14554 288291
137706 37540
173340 147674
212364 243296
126952 250419
149192 136690
14582 7988
243639 170179
49804 73293
252334 22935
32418 225828
84422 31391
248247 32306
70644 161722
114978 202304
69690 251281
77068 3018
43126 108246
69559 77028
70106 157409
272141 44129
78273 50353
35803 63438
217397 280636
99622 248065
264712 206443
18486 21841
131903 269119
28532 74550
12047 97414
54896 11396
68390 69765
96019 64644
266672 34662
139875 263409
269739 157007
136617 112699
274376 199720
78844 135686
276930 124747
122915 193845
185803 149657
162457 21589
94435 259048
121222 169893
189766 45718
23301 214811
112054 62322
132649 64215
198748 104434
160531 246893
138365 272992
129755 32272
75711 51351
70457 92222
240887 289394
278811 203196
238484 265336
90286 53628
235124 152599
43187 253450
121688 10658
188671 229138
119076 49092
114706 126285
124054 281228
153312 274232
286003 24114
164450 79937
69094 237295
77891 240374
236737 186614
243825 171492
150083 280096
231450 152599
203187 70482
161111 291929
23339 124144
163400 89236
213134 164431
183084 289702
11302 292241
88770 125950
43080 117371
51210 33732
227273 224563
123124 108588
165965 68528
161740 177462
259781 147763
103951 116978
187930 190695
139990 227474
85105 3956
46815 126555
216439 134231
81043 226542
184291 148788
271171 277791
94281 235197
62151 211403
7741 185466
281526 259467
200387 172128
183789 66533
166650 232169
240915 165775
246462 48574
103671 48322
268524 25430
33438 58623
237445 123049
197647 185834
231136 219661
173741 144169
175006 150168
58797 194093
156331 84614
225641 218161
20070 204711
85573 230294
242980 91185
96361 91847
122398 139426
20408 93921
41568 149910
149766 29509
219586 210195
217012 19095
199263 209657
262644 205085
25509 249618
126418 10616
112331 291381
286412 75810
12465 133353
246822 2970
54486 218103
233408 221112
204770 802
185351 65230
152200 225202
206310 201688
41749 120867
189694 58216
260219 12455
56922 167627
165007 280498
70884 1762
146140 2866
85673 152885
241779 150752
136442 151058
179359 171043
197760 271092
32597 266931
226222 67522
242616 232662
171650 189057
28952 172879
90773 52047
107575 78913
140571 172517
222710 37591
190960 44445
216307 250616
282587 76368
114467 275307
250251 133239
27887 18197
192928 53670
198133 109220
71632 222466
255966 72754
73595 192485
43031 19888
295287 214873
217359 146024
70305 136537
219038 37736
153103 147221
56044 116410
176894 38445
12334 224981
21024 241501
254644 284785
77558 209616
203282 217766
170796 211513
261523 35267
75109 2320
258991 168169
92314 90416
116677 132227
245935 151292
139612 152718
268765 183836
1006 124543
273335 66507
7099 5923
153460 37489
5989 272615
35255 80058
253732 72052
119667 247612
143544 136672
36785 219530
247147 19931
211281 296107
66851 6773
117185 169581
233662 2079
149876 194438
233703 16493
241406 19907
248872 181878
150449 186203
233761 122814
196503 144475
87207 238928
124141 113387
133691 233087
36792 197909
282573 196040
88240 212922
256780 136333
251930 293186
162637 19020
34742 275289
73697 253011
180998 283415
266340 126437
174249 292579
141257 55279
220009 289265
88038 64782
24396 70980
184374 276578
269218 29586
129581 189136
131596 295510
158814 145025
200107 57009
124363 125810
61777 263611
280914 290760
61169 55768
66408 180342
113012 129978
73126 119618
92314 46032
158198 46388
33192 176662
277011 100537
157792 126591
143229 172602
210879 23892
175204 167122
223807 268691
38529 38511
83943 183416
128372 273591
246059 21675
44317 296839
88885 238283
278259 33849
58414 240456
296918 121123
154713 214837
190770 261056
56912 174913
68700 213632
45147 4422
128123 115834
70065 8599
144403 124736
214991 226489
59683 123206
205214 130723
2948 109721
116337 77554
90729 101449
128532 181850
89261 261478
95908 25827
121075 35859
89188 287735
65905 14468
192850 273061
256165 153046
176414 32609
75712 48242
41070 52876
233372 174986
212144 238158
299660 291720
284161 214321
99844 79939
41988 60642
174174 170143
7481 257641
120262 270474
114667 102158
34437 270432
110730 167446
296737 166665
75131 46156
260127 220368
226861 283166
104194 246572
43410 285041
61833 128701
175154 141654
17493 44407
14254 298956
184309 64732
213804 95701
71223 256157
175117 207885
250067 225028
176439 165298
171280 34090
291385 124491
191949 217434
176923 276646
238945 197495
46384 105933
127907 243481
294935 205906
118366 208487
211402 35965
179198 130612
170172 161539
1721 201475
158224 185555
97050 121655
139524 109161
115033 60348
79475 167553
97018 253879
138148 109587
76435 141401
49458 17483
215879 17666
288961 42771
66253 215284
170404 133079
161721 172556
203629 289315
122411 202962
85709 95579
126263 282037
267139 266265
7914 246378
223589 146503
38418 24556
198280 178246
270132 180225
264695 205635
195151 133150
215637 169879
108730 79107
213926 99243
26139 267432
67120 23634
214037 181872
126231 89583
197761 205992
222129 276521
31543 194019
260660 78033
58126 275140
82739 45810
74262 294581
67235 131303
292307 244315
260354 250501
18711 43868
163126 35860
134077 123852
139997 226513
7503 79881
288910 126846
251952 171169
148364 161172
69848 114263
78793 97507
112556 44477
193138 172511
242708 184213
157535 204798
278703 176470
38478 121484
33506 71961
218033 106181
32695 276404
172128 274532
265614 251736
196257 124418
256863 221826
26460 144522
181958 126821
59955 95366
74127 8407
277433 55488
21780 275712
115707 163972
189991 143350
1253 35777
64781 159500
118479 210353
188745 181237
102449 151709
49483 82553
197221 273976
259744 56259
278455 24243
197047 45159
119104 273590
50952 141862
44103 101393
192406 236579
201224 281591
5106 137292
103605 163895
175174 88770
47787 86663
146141 251030
107288 207901
234119 17214
144481 26512
213942 273860
137407 285615
222863 264706
281426 274668
160931 160016
36542 76810
77997 266004
225180 122709
6821 229511
46386 190921
160972 224347
14840 171408
288806 5533
67084 297579
123197 37949
267888 117354
223122 158504
171775 150074
152248 59214
226145 100009
201974 38812
110686 31434
150571 36711
148038 56357
52117 30799
61696 139133
145125 217226
96514 294362
206035 71290
266713 120787
155079 197011
135680 211129
190392 140151
109908 101753
154240 142636
192328 225287
105626 121642
196073 18122
188295 27569
38741 164069
162831 174885
6273 249881
297476 5624
105575 47643
162664 218120
168566 90843
29758 102462
111612 276910
206224 25457
87353 114410
59880 273769
143713 70272
39243 263011
58416 209097
36793 251868
79089 125619
174074 284630
18547 80943
263052 222060
126816 16382
232814 3500
271045 280709
160623 299925
9473 60707
122827 115141
207950 188959
172396 187262
200043 160674
129459 234848
25232 211614
246542 57942
260597 210223
130828 244333
11609 180186
25875 195001
23843 102920
149362 53174
226812 241597
71583 185388
16712 264595
13772 189562
61606 77966
65130 89458
235688 47443
164852 1503
11770 153619
2703 78630
15797 154353
238863 31017
187125 160338
98989 29913
180193 248583
287520 227345
271122 201994
92539 198260
218004 6968
271526 247505
268461 124290
230190 243157
236197 56194
194728 140912
289628 2542
252471 152688
35431 131683
140618 11994
249017 248386
185113 9466
203590 40898
45142 35741
190720 48967
144078 155375
118387 26797
255378 136750
149060 282527
5591 139940
36063 14340
157161 150754
114099 238939
294050 197655
69130 33022
98639 95670
249563 195142
298044 6426
295329 7843
186134 103925
165424 278213
255584 69434
60694 270983
27964 44970
131209 176982
78052 130942
242060 20488
276911 15781
456 145871
254793 160907
127165 97778
223073 7380
215563 110815
158385 278344
11488 46516
114807 67224
118589 23125
220022 66727
20509 26157
33167 200182
247786 181610
280446 274217
128679 170961
148929 92809
129428 48903
103208 200700
147368 170316
289755 28993
71118 168370
100993 246257
96113 30117
108875 47591
206932 290910
240914 230680
99210 14495
196266 47451
24740 200922
79503 297124
255692 50133
53131 235249
17144 156122
154019 232115
170652 135209
18428 182621
82550 157807
96889 166007
230931 205215
92539 15794
114460 136816
267718 258993
124050 52238
251685 7130
211957 273091
139734 159861
176668 116754
253938 84978
186250 259534
69844 21669
283833 104557
223662 50525
194302 73704
23920 143143
255112 205420
264730 269375
31866 117518
38563 81555
166599 74835
214790 115623
134153 229210
113557 161809
280329 286430
294825 102763
140654 194274
253515 261546
285382 266671
111724 249263
104713 180153
285116 189579
147204 140885
231601 139914
278147 27678
19495 212699
227767 268720
291238 72592
178642 154897
163325 198140
208191 204262
253544 275444
23234 253984
26712 189388
189540 163929
68118 96041
293638 146389
75429 242350
245699 291400
257861 161352
106811 170477
21557 127466
175254 83251
142102 238526
72808 15925
124901 133796
246110 120864
22936 38691
183195 257108
240253 131445
284821 203810
243035 171613
200878 75441
111052 298488
14206 287956
248768 117334
168391 98802
3278 246172
154958 68245
106547 152497
220267 19062
70777 169135
124405 272979
66461 220724
151651 64409
271509 5338
17495 298902
253846 82072
16838 104160
160499 170597
194201 248963
104630 286635
55311 60618
131868 82612
131916 12275
230352 131907
211964 253183
285836 207560
126607 77809
271776 121390
41425 194230
279444 202010
166733 256620
213083 813
271811 23243
3262 128145
221693 284886
199315 119157
158944 99856
216732 109334
285772 296431
84099 210800
33171 41318
176757 59544
58899 29944
299825 193037
174053 30364
29564 10952
132886 225532
159321 271864
22750 100979
166634 48045
201902 178307
2033 217254
94449 157291
269868 230704
106279 20142
157859 189412
6024 37038
244083 162038
59638 62629
102481 81213
299660 246265
148318 36363
209682 48265
165715 192597
103454 34722
225420 284979
169725 167156
135961 207399
106930 269237
156911 246189
894 76031
201904 67979
53329 11206
102568 207653
98862 278095
84460 52164
261869 51074
297977 134058
108485 248831
179824 243119
274054 175003
196911 84264
187320 85827
161599 15398
134595 220474
249053 178083
115063 10015
238191 264241
204547 80362
225997 130363
145401 279793
258520 63221
51873 275649
24562 144122
10394 212605
72687 83696
100273 129288
84644 75965
256410 135697
131376 193981
7418 141517
255910 286176
121583 156804
146135 24851
196938 70686
150145 63507
192245 34912
77118 296112
60404 148307
202190 20371
223688 262633
222390 62697
68762 156073
275250 58037
142062 229563
259758 232489
297558 128385
138470 106379
228418 262509
46579 231947
12791 248636
193855 117773
228793 254871
124189 139802
218830 51334
50936 168401
209406 271619
243616 264720
239081 196351
202722 215936
104674 258250
10916 94095
111772 291879
62184 138955
154929 36434
205665 89458
272057 168186
81179 252253
130861 23872
184157 278106
75947 54918
16237 298106
137270 154468
73633 171000
191146 149608
21968 77151
99211 118004
129078 244576
283752 106694
294276 85792
262091 31311
154518 258245
147581 53151
97845 105852
9645 207139
38404 35780
670 21975
146267 248171
253435 279840
284876 39196
149647 198152
222286 123632
31531 114125
210507 11563
187115 227757
174281 135256
197660 114435
244686 189832
287449 186027
186490 213984
183438 236566
271639 258305
65772 102756
217473 298517
257774 280176
271055 194754
65756 151463
224994 279313
263962 3347
118493 223751
5234 96240
195978 261628
299661 63420
257485 79649
220620 196899
113276 144503
26379 198168
216157 130160
135199 26079
275338 73464
138236 142542
174537 250370
251160 50071
33984 129036
217396 213016
235431 69261
191104 42652
162379 188671
195296 21133
81051 235334
204668 189282
136759 175326
126546 295347
144351 200169
212238 80841
295295 195221
196187 36475
207370 256229
140141 203912
245679 297059
246419 130698
164838 277186
7076 233644
32074 37773
214060 76199
119998 292442
99038 283849
189656 9956
32933 105363
215172 218339
24773 127364
171270 244325
208917 53584
256864 8419
226066 78047
129509 259762
125651 185627
490 208585
150871 271359
218630 98133
198838 253826
146992 82779
111112 210813
236684 125862
930 124074
66441 210209
236638 60512
268765 220156
78005 227349
141477 206817
14602 56917
10907 296236
236705 271291
64218 67916
228260 274773
3158 192762
279746 111090
47483 78798
133993 296154
72901 176973
105657 85860
130562 147869
61063 228311
230094 196153
138655 1699
8262 221748
156029 249174
164862 99474
116015 58095
287961 19214
228612 282184
250129 57597
75919 139768
184037 69299
87857 98886
8199 173759
56541 203332
177752 232957
199659 248881
296624 172763
69856 149988
233737 208467
289534 113500
63000 145794
82450 87094
292943 90666
59621 235363
77213 243508
130407 61900
79381 130370
219573 286108
217159 123654
232763 100585
162507 183814
138875 59302
22998 235055
299785 130652
211425 132766
211005 25683
99906 206019
2991 44706
293508 40044
44182 285476
230121 146931
234561 216037
197395 14603
174816 99548
234671 218037
71888 131080
76561 197336
175597 124951
134306 18469
1642 90990
203200 195557
22019 47133
205500 134355
208936 5489
229142 106049
217692 212659
155514 78943
179434 84450
104476 151419
288327 285720
197095 8252
161823 77525
95454 146198
180075 228816
290864 202745
27408 82776
253716 186729
65541 114545
197144 27194
237389 59961
237528 210162
20555 20102
263968 261622
95822 121284
148089 206540
74508 51753
141740 256499
33499 293697
94222 221567
98708 140121
18461 115403
99673 12382
222734 226056
48100 9494
270981 132674
109241 284870
260602 190042
89848 262458
79610 126056
286974 175860
159634 120916
299159 211205
101395 292191
44972 82060
91977 239796
193565 119461
194527 10631
121362 271699
236096 19222
97031 5575
242659 74049
125119 252664
37737 246288
106859 227932
187209 12151
240109 263944
32527 105478
167740 114958
123643 57682
47529 42346
224790 164333
38560 297928
158476 290814
275827 196472
233584 150373
65153 193412
172236 148868
169773 43544
176587 154807
25256 254226
109518 174261
211607 238630
63096 132775
216607 240721
121124 100407
229139 24023
184381 213576
128914 278214
115548 179694
294426 264916
57806 35795
128205 293451
139925 224459
294705 37650
108775 114131
73364 140032
6834 109441
176012 214904
250295 80510
147886 22230
19829 294588
215490 272079
87171 285052
197576 110108
181799 154986
72319 20330
102388 174204
91979 279946
68033 95215
31547 123883
84665 154597
125326 137535
244834 264802
259345 271681
36405 74335
80959 57444
154303 21231
86115 54682
161359 184994
196136 165470
276040 175526
80791 238748
39293 66851
143831 204639
8153 255576
261879 160999
212748 37533
270517 150195
216668 100950
299907 265919
31633 98057
178014 59726
199632 133998
244917 263099
108316 238793
93858 169076
164350 101268
280051 156149
67790 33652
73262 13406
106184 169837
81796 142574
183237 285407
133818 85495
245178 109343
157206 92730
42214 166160
98922 284423
273480 242748
205910 265644
70730 246606
249513 103270
110092 293705
293273 50868
97177 243868
168431 59344
234533 68310
90427 52625
40215 186583
152667 88196
17428 269504
176645 13421
13442 204180
229693 185266
28299 5604
57454 86334
43175 249512
49708 186880
15221 171855
234848 130835
175483 186328
93462 208712
30616 60975
31853 98113
65037 91622
202175 238669
104731 183994
227858 88823
130214 201214
51881 100157
45604 277408
139906 32649
32903 281560
83759 181245
229639 129202
106571 34856
247773 245942
44787 225524
263767 146552
106305 280678
172639 117061
32845 248666
101596 243191
126674 145329
272925 157445
242790 17485
274264 232320
257144 137640
54843 268011
243439 273478
50204 16020
151673 113611
66483 209099
102807 153567
283296 258506
425 132666
49423 235601
1752 271617
183676 203138
152495 62193
263508 37523
45104 59171
231794 60040
151400 271536
278842 18382
255840 287117
268677 138273
183299 38979
181090 122254
272196 118949
186290 194925
100091 97998
178147 258449
274256 154302
165112 216778
50830 264788
104921 242764
152261 184063
165061 257762
265283 280623
181812 121131
144693 294861
72194 208370
165345 232827
202668 220458
198416 8480
197880 132744
82964 178222
210962 58702
9157 33916
232779 120608
132427 185530
231704 63692
86908 224777
194320 103019
82656 228524
181979 140331
135525 79507
285992 104321
164580 124518
100462 244646
269569 110054
238096 144582
133138 215656
80155 112478
106537 147119
230256 220912
150789 221182
15888 151610
232786 111658
32664 40424
285465 47799
103576 231208
156332 294407
206497 10007
30291 271958
260309 84403
82546 178477
247614 25512
18206 218887
170512 56449
31079 121000
30011 73376
195619 243078
87890 234516
221177 34582
161713 207504
154498 251642
171470 189003
44431 79830
97544 54738
227478 42538
115180 283671
182880 204606
53721 14352
282363 208805
212586 107041
107162 2943
69397 96708
52657 242410
6966 154888
238369 57336
61515 261624
97867 298043
62097 42017
49448 297179
156752 37055
151512 8824
56736 5213
292315 128896
174968 284480
34165 59068
142695 191227
91900 226853
289441 242368
144158 58205
163503 144343
12697 95355
35329 129429
103620 171812
154019 13155
190503 15880
59855 201838
79805 191192
87339 90660
178291 160115
136139 97509
106560 139591
195601 32557
171180 213739
216709 196988
218515 172526
68593 160938
178741 83867
285986 92352
172679 221183
166391 137087
191335 6728
19835 128132
227446 228487
71965 188811
275024 195392
253841 58261
98809 270597
4516 151011
165881 263312
287226 212310
44645 46173
47979 267532
191968 39812
180538 238620
272661 90531
280984 20611
184941 171665
31268 184344
119509 241536
104788 151314
251856 47979
166511 250732
299825 159689
293261 107949
2518 195528
289102 12597
296636 99975
269854 228598
106580 43923
39073 291043
93476 244155
159981 116723
225151 125148
80728 166544
274816 208050
275319 227064
220184 125935
126868 6891
118072 145541
198008 141940
170967 42332
283532 208285
246674 270322
6008 63924
279810 243870
224479 271464
105264 40427
210553 78964
162083 20135
218252 254454
213984 95069
251460 208394
259996 8795
266835 48545
50129 129114
5033 277046
211961 277481
276742 267001
193064 15902
268979 116107
38266 27661
238500 140048
199950 9362
211465 185418
233993 232598
159297 247261
74418 178437
12853 5854
16096 244930
85337 270488
218303 28558
49519 106132
252038 65063
228027 41727
94001 214177
187303 28286
13479 19935
187912 127117
56470 124713
222913 265750
46578 237365
267784 256192
239595 109596
257467 170680
254588 17551
299870 7508
74020 226719
222288 250354
123047 57471
68788 104796
276354 158057
239267 261916
97759 141201
252592 220524
35309 262359
247375 198310
90343 105981
137314 12597
130500 6877
23436 46078
287165 41970
205053 88408
109470 56788
29865 292716
56450 258363
116689 7363
136194 259048
151196 212415
187797 92328
43219 118470
76325 9088
244940 78094
26465 200344
203129 263092
192446 165689
191748 113347
14213 69899
220782 234446
268081 23830
169287 114953
249613 13610
2468 112390
171304 103579
76192 52835
87997 121848
295925 57509
154143 108742
110513 47385
196861 170697
187506 172633
51515 44876
65888 3316
18783 171711
232364 155457
294589 3202
245760 92627
147991 274512
45808 154110
97534 142182
156703 18723
280692 196978
71920 188193
147456 271928
141901 275343
215161 228061
115789 111532
231197 72702
269329 262240
281443 68340
207601 138182
38878 223319
285562 24303
187581 210687
268346 116503
289782 193585
179705 134000
146410 246166
26490 40730
109133 258982
71399 112727
190258 34114
269839 139251
122269 154437
4372 27391
161923 293498
147778 116381
154328 61198