2931 1382
125803 162808
87770 54993
140318 81852
160808 202843
178959 134426
262873 105423
204864 168390
283482 182834
159408 138766
198943 20107
177309 278959
94351 34808
55004 129777
257095 155821
101819 29325
169041 118394
130418 118716
171494 273044
153576 292872
174525 186541
167641 150834
299925 233993
15947 171248
238344 84910
243899 69274
254963 247655
19653 282174
107426 229541
108938 214641
270485 39724
226788 253167
76419 150521
160791 233356
260045 123715
49777 71306
255927 170548
189620 25038
215930 276775
212111 102486
155662 89452
61824 24718
52669 235546
296963 7397
26348 208909
55476 85548
7661 13925
56796 199141
200801 52451
261086 84761
128689 294694
55128 211970
216629 2125
85660 297876
64426 66842
171339 99089
75600 65770
6637 172166
95005 264932
28939 229437
67093 240289
54930 33962
280295 192291
183504 131287
151373 284906
26763 91385
175321 67853
258887 88037
220608 177504
120531 172685
181804 196038
55196 60576
43558 155068
62018 187222
10686 281844
153243 128608
233931 120370
244512 134664
237968 141326
198805 83233
127571 251702
31727 252946
210001 277973
81395 184011
12573 118023
86120 2678
115432 162992
246433 154092
40158 263259
240593 242184
62248 257274
70253 4259
92900 88714
14320 13305
112146 13923
158212 101196
59119 199527
129363 238838
6240 175688
43025 64653
182033 150847
206181 264991
136993 253848
206784 222706
214351 202134
233722 266245
85874 190907
120474 9443
190767 77013
155524 70164
221892 129691
289681 177044
196504 187090
84703 79911
298110 18729
37945 97875
286468 299888
234568 82621
99188 128705
185317 299566
220918 189030
100836 127691
229645 119436
131493 175354
110278 170157
40249 82273
261718 248683
133859 96255
245358 245323
69648 98338
216319 41119
90235 69185
142875 23606
271104 17335
236581 136720
127641 109140
254481 71022
29371 268903
273375 203984
265273 258985
8763 99731
59733 218595
40776 161492
142078 236776
105215 10829
49150 138302
253421 169998
206727 174150
296315 263754
283035 26770
286517 233576
20777 17253
47152 17217
226525 6629
297406 273196
48478 277732
66801 267495
228838 84306
153765 128843
210731 66263
283745 150112
63436 195579
105540 127358
257784 214831
134503 211659
134672 36568
47794 275103
249703 14582
179468 62847
223343 28278
214192 16995
235974 178093
134733 123342
84270 14538
69340 155906
61271 29518
32407 60821
63526 259688
261504 237073
82080 102415
66474 35629
160064 253283
144306 128278
295312 186462
284892 223186
234606 24449
249793 122965
170211 6053
150620 163889
209288 289216
244507 127488
207148 58274
154013 38968
128628 283783
278044 193034
159674 71253
104118 241142
204172 270549
140742 199295
252787 54614
165024 78484
80876 103594
250319 43928
51362 94670
38149 31398
230809 289843
249850 82528
53052 87774
240416 108032
46639 160798
236831 1170
86376 196769
145944 19926
59506 232851
288190 148580
142380 72418
243568 129870
191092 265824
133840 239256
41271 42941
170840 44114
50017 58862
32012 68936
27169 12822
56583 269003
181983 58362
204386 197926
178094 190883
85225 1001
257457 72583
2898 149634
109460 145197
222533 81321
218290 269946
196220 256366
265008 67883
250898 170579
143651 80547
98312 10868
77628 96614
133866 282728
9760 249328
67042 135285
187609 177564
279707 255157
167125 135192
96154 38868
61194 187704
235214 285568
203290 18918
255565 231941
3487 159345
231646 235573
278210 221653
253270 48488
91729 10140
204090 119565
286233 59238
220136 9121
188053 41314
10734 198861
245559 122923
256406 156135
262276 119451
297803 181630
209399 30706
26791 178647
155662 130965
40476 222827
106152 172964
272160 141906
198147 282815
287877 97456
193423 126396
90908 63119
156512 223677
268852 130982
126707 4167
116288 194496
145977 191955
175439 196555
127748 254771
38297 155088
173608 230954
112687 241128
207196 172564
152285 274063
145013 264161
75117 253488
259988 23539
87624 130869
36221 6384
85338 121778
286007 117900
222099 219340
9073 107350
292150 261195
142594 103085
95515 280822
107797 88804
45052 217350
267983 178916
86321 282419
254881 21577
209065 225902
154513 27877
230062 70991
102540 238596
226572 192566
110623 21588
126558 104530
160440 223544
239258 13791
38747 160730
138372 65656
92845 22256
159608 1700
193739 262538
288063 134547
10249 259773
70344 201414
15722 29584
226760 122815
57070 286362
139642 196385
56198 242929
38572 276780
183048 403
181936 3515
56673 160179
153277 106161
202522 224856
63006 134093
111376 220007
429 212481
69437 206261
207505 157562
124558 56652
82899 131998
480 206522
161273 194482
138247 229041
169914 37135
158867 228599
124228 219600
190980 150110
80662 194734
26282 70468
160154 51379
17731 145318
25677 252712
97611 115577
72393 39970
116307 131729
3711 76610
139278 282225
227559 119797
294730 279808
108793 133583
49099 270779
145093 132979
41661 252666
131963 51279
39942 255651
59136 178186
144022 8300
107489 256263
131339 2520
163824 83932
36570 27792
285181 124794
105336 229808
177310 251192
183127 215595
77070 99653
134117 87852
77299 87882
73495 54788
192119 114518
10593 265712
291853 55339
245427 11658
180868 220077
204508 253571
92682 135120
167057 282279
130645 86763
82951 282887
110808 46956
10226 26707
81624 110275
133345 288396
117796 4795
112363 156092
173250 102077
188614 181162
83866 98176
76966 1535
119057 151219
61159 155071
111554 87781
22776 56691
192951 297647
28586 179726
139033 213263
150635 114448
91333 261218
47171 164535
158817 241133
236829 28078
53248 148377
104036 97743
203762 236628
166333 147591
26937 258669
246273 286083
60324 121714
149674 120070
271410 172378
61030 123876
146576 152059
148802 241692
124691 126517
161118 99928
239308 127969
180809 13004
190466 55308
115994 77188
156239 7255
288940 61158
247684 99101
248366 174739
212217 163350
59680 86926
226745 236863
123845 88098
232007 278056
295336 86205
147414 292429
1483 239636
89934 120671
77511 288797
87970 165406
207566 21363
16302 77502
30878 183037
179776 209934
99042 102581
110776 126810
188969 266771
87389 260701
46721 272459
87388 148393
82833 271746
98804 12009
114794 24507
27532 241763
131317 16954
198334 166287
161978 82686
98480 195668
297673 166387
74738 85554
72056 223060
79372 225522
260393 41281
280128 274834
73869 182847
220786 270267
104606 222152
12169 167379
240817 15375
117932 269653
288991 240714
231999 50207
269568 260501
66003 156048
43940 242051
295151 155892
256782 241998
194599 161006
222476 119350
264150 192350
131192 116309
234219 160939
156535 44195
180269 7922
183561 145485
203578 126484
280506 39440
212841 235476
289373 133610
199948 218998
170848 238715
219831 211906
179911 112962
182863 52431
16774 50350
114439 16451
99151 151069
82179 250945
50466 225958
174681 164704
169990 77844
198156 120305
270666 80184
199763 79034
49216 63414
25107 149109
49344 79676
166401 66973
66534 168465
243421 293263
93293 295825
225704 25362
102548 267102
161215 51982
268834 172858
229816 257865
100500 173390
271501 57400
125516 133930
168445 181776
180532 177101
161182 157548
109048 63508
35609 135015
139853 231598
15397 129258
202828 125460
212532 249693
108448 150865
258223 163727
225412 99334
295386 258921
228446 123175
275435 283315
99739 8661
30783 199959
281182 106125
155712 275089
115526 243227
243947 185980
122063 207407
48634 223614
119506 288691
37 288829
25527 118821
57371 170453
846 37484
103030 181237
180519 32634
101987 54467
176444 68844
223466 101108
4513 28340
187801 14999
122455 114014
216568 279318
153624 201867
167799 230445
99447 240934
182738 100075
268003 245144
242764 131546
288319 183381
95060 235345
203125 144584
123380 172532
87773 146719
255118 207363
163845 285651
60400 257787
109822 56053
184467 155889
185 71917
156234 180394
73061 252722
215148 195981
150078 264863
258066 240287
293654 3230
66270 284900
59043 209662
99516 133160
275449 240545
211831 124602
245134 256827
269418 146846
78060 73110
23405 7874
107108 256314
139458 86566
45262 240006
192089 243645
242741 297446
146362 168089
63773 158211
235293 53721
43462 254963
262685 143656
90588 137739
138591 26285
5339 99006
131090 119506
296035 29343
163739 64942
160144 288076
288544 90466
183160 113527
275047 249025
178639 147796
127984 81949
49421 27239
76308 213268
226531 29101
66815 221549
97288 161545
129679 157347
272702 41697
282462 286482
142140 105845
76602 293305
50907 36704
240908 25924
118833 258473
253944 248979
289193 33306
254814 100341
103861 173427
15507 42058
270206 208575
166613 140156
82225 248828
137670 93681
296290 231323
182908 88708
18549 245659
65495 249628
219236 148941
288447 113634
50933 285871
288897 61651
48522 136356
160036 45776
155082 37878
183437 92848
118341 26948
125422 213409
231186 213732
246604 242634
21720 95904
253552 177002
239221 294720
69351 179831
152513 76394
36440 228148
113137 89130
274270 22439
49914 138323
63983 196481
29308 106173
47900 102138
146132 182020
120609 291431
36914 206142
223849 79405
21866 251699
275164 45305
110713 279794
108765 181851
158345 139523
244265 134528
99461 277890
247051 110178
8146 122728
63752 168310
71468 286995
231264 158192
263730 20418
259299 21181
163529 50890
7844 18946
198137 146869
160470 277842
60130 129350
230710 9660
241172 66320
284646 214969
245818 57313
102240 259518
72347 278209
1352 89573
247616 92043
86863 170963
130770 127407
173981 266954
133268 64550
76200 240842
7470 88657
143466 220135
196345 140989
64661 224670
131192 168928
118248 187592
257771 298946
238451 41946
135305 275480
3619 265031
62435 42532
43970 165823
59590 76983
133370 133716
223718 84364
24128 132294
132727 268599
89943 72421
270385 291904
268338 262051
203077 161952
100158 237913
123441 144594
235178 291435
122283 118157
179416 173209
245049 277072
69300 209446
230522 251511
155926 79887
40313 265772
213940 76808
172214 61849
286778 16507
30482 51370
183447 36738
285703 7463
46486 67118
186700 40241
100379 12000
181770 59703
99062 247076
141215 70108
214907 281841
141848 217948
155354 126380
79330 292410
1527 4284
242895 137589
33345 52214
258474 53089
204980 67756
284139 83329
277362 126914
294861 183927
263199 220051
201525 179521
69285 114718
243804 148568
152619 210136
288372 294044
237449 226487
156824 35256
42656 31824
259575 25506
131827 273146
48141 85531
219620 285145
161542 12837
140657 215351
276281 118453
60671 131976
159512 273899
209678 192919
261415 61339
175393 15636
95859 99921
109666 263527
288449 158377
259475 29964
225796 277932
151748 200349
292516 134180
294002 292386
66851 163397
130598 15532
116817 30288
134102 120549
53151 183115
61624 268310
160823 27741
729 216400
164612 284007
230654 297829
65824 232986
105514 239074
50376 295711
201136 294662
274048 217107
191800 172150
286254 70023
204845 252823
277323 250559
164674 277583
87002 276880
46102 135593
175008 23412
68455 48408
258213 243969
270869 265277
35752 106556
54748 10917
101343 4333
50065 290935
7356 199835
77148 203525
95141 58253
269351 256386
220015 202908
33759 129633
19547 163083
140176 205469
48921 224856
9932 164143
115748 170524
116308 292289
281941 23689
144239 156115
178235 105818
56118 199044
60679 255131
19742 13391
33288 122344
23439 168925
168370 203597
54495 157790
81524 230718
103518 57773
38027 10217
260010 118758
158462 76928
146337 149446
92950 11108
240270 168721
216000 151469
12619 237186
134980 129895
235557 160323
252305 269821
29657 54616
291729 177625
136093 217564
267689 101749
196375 39427
71969 229258
207011 211685
55853 68484
121623 37707
252124 263847
271903 267766
230591 287739
246758 87043
159936 36006
148443 205279
231713 7085
282326 115693
179677 299101
17306 167145
209093 205742
289870 62141
125727 203397
274140 46133
89647 59742
122417 226419
125924 120935
147461 150518
89967 203645
4237 108428
10941 127413
155561 266798
136449 10983
5010 16103
83062 295898
209496 295215
181390 36270
164361 50451
279178 17398
110705 223778
21998 198711
291393 248659
65561 36455
124604 196425
34661 231502
64755 280082
266567 145654
13727 287023
299936 169853
18789 44367
60550 265162
195338 76867
183430 209340
186441 229683
19004 298966
47040 152270
56608 168891
292030 199850
286756 17875
252261 247850
219976 146620
94794 94849
73103 188764
65481 76786
263777 274611
56496 48482
142359 210407
62970 166248
88672 64377
204167 68284
5897 208729
262228 263953
214686 104131
148329 145190
106182 270644
230530 286986
222240 258127
281821 1513
8073 124243
198579 9735
187131 172284
142133 57329
127020 110118
62539 232211
47536 268754
164070 151471
142899 298405
24062 195534
138847 176917
26625 88167
264575 203677
178894 152083
178872 57546
182983 599
42498 128606
225497 58344
291288 249673
189089 244772
237116 138462
130904 95955
201678 196784
251090 90341
44944 212807
63434 207478
200407 125986
205588 11782
277008 81746
94419 65445
89487 49257
83674 58352
278760 132196
182165 258031
163255 185451
229596 259626
254946 240487
71913 97617
286826 253394
200055 54038
107845 36938
120188 166592
54727 276618
189321 235287
231679 202922
272558 47993
240605 239183
214635 53958
91747 84524
293690 22703
7582 225049
111083 76926
162376 69373
79067 260193
118575 272708
106104 66721
1340 262835
48942 58061
146899 219959
184380 24376
60294 36472
192040 172425
106820 82843
209693 191499
177628 219660
194271 51483
262551 7566
84117 62959
33896 21374
294059 230994
28882 242580
3800 261604
102811 175527
299383 105634
169062 18554
50396 24269
33544 192990
80929 76583
131494 109389
169519 76414
85279 49523
212198 211547
248239 112197
252385 107744
168490 157151
142233 234175
210584 296655
72506 184816
117042 264228
187474 231705
294292 212076
125165 259078
249641 21596
131781 251142
221731 176559
164046 45068
175901 12317
107438 241967
169390 114929
32133 108425
226641 20352
176568 170287
259967 153576
118807 4757
83521 247914
57130 31210
70489 265550
230284 8309
69126 108796
285223 121164
128830 170517
49853 257855
153662 148688
33867 50390
18365 35463
268449 32337
193015 192459
164831 83189
256920 241489
299281 265293
279173 43174
284982 29712
95533 60154
2480 186835
87852 169916
211841 256683
245500 174983
192665 244655
97879 232908
189698 133947
278693 140683
88939 62579
91283 230840
97144 234186
270833 51763
67042 217987
254892 287545
52593 87997
108002 218960
294751 21379
11317 6612
275807 13044
89580 41600
197226 129777
200388 230029
265182 295643
144997 109722
64852 138954
293439 228366
226866 131744
176836 47702
260949 55318
63275 55005
283024 297314
280573 251016
55780 35891
171296 84298
90733 52450
198281 21614
38301 40730
141852 104077
163711 188262
67788 39906
120997 17485
255244 267544
289203 23219
172980 200904
261500 210063
256840 298376
293481 213171
92534 220316
14395 37969
37439 188460
97503 87131
163166 137658
128929 156341
108345 208296
168189 216941
213796 29418
73740 165792
257134 210258
5004 294718
296462 109037
191836 193415
137655 83987
210254 90782
128710 111768
92588 253970
9287 230343
296671 203639
206263 111558
56975 143763
86324 287404
274726 184896
85181 182170
184577 23975
189760 6911
73895 191160
180597 177200
112521 234163
79314 63267
143045 233576
107196 187774
109238 293637
108056 38640
42251 235724
169781 33431
263673 75659
64400 37716
230269 30133
77117 100418
174484 139368
179627 193760
282075 192039
295711 292165
92738 294207
99865 178198
80835 207334
137835 59517
273785 248793
138712 61574
167990 128549
279165 214212
154337 144837
12886 52898
84177 138584
200093 222081
192994 232612
43183 77682
280611 67728
59765 17477
239437 75490
216067 258563
130997 199610
279776 167413
24243 245260
258565 62022
283304 267800
33669 271986
271663 94171
216157 161229
260822 131991
130936 242705
242681 102496
158275 163639
93382 89812
227047 67410
167558 42127
26690 254744
264401 155936
65152 22832
242349 74997
80025 235230
151634 20774
224631 237599
107929 197675
289774 28882
126252 96649
22933 29788
288218 112939
181319 230049
129063 133771
18434 64775
297314 252690
294667 54263
148421 26152
245506 239505
36255 230505
46150 249469
282936 253862
291512 116508
49180 85067
110199 42931
264546 130560
292127 216897
13834 95495
140638 273405
5645 110757
166286 229394
268247 123798
206880 137400
98516 253600
116604 78356
111190 172305
168070 290424
95902 112872
239964 186028
114128 50052
71505 171856
54615 113066
147743 180958
281803 295403
193626 254743
42980 46047
229933 26651
133293 289817
208202 222190
101936 275749
11124 204300
237600 191783
210161 21823
22267 90044
145182 279094
140585 44941
190114 198058
29834 280918
263487 6138
62023 159903
96886 136138
81326 208791
185982 115655
28035 35405
44651 241988
113570 262466
280398 151448
261473 188224
173159 186559
217321 39685
210472 212545
99718 184083
172518 150546
226747 152196
79995 33133
14842 42815
21881 269434
223555 165779
9852 194589
73963 117860
217313 228228
215401 44209
264941 296880
256206 99063
252957 291709
2104 88443
145547 71417
197799 274419
107637 231084
39671 292504
276777 210344
189301 8578
135265 106182
169587 149026
242229 277450
296365 53545
144800 167700
203288 135907
277576 188117
161860 145505
22968 257402
117322 85285
183991 152489
198243 232606
6568 54211
299112 124301
188267 224963
19335 86000
206557 108495
234405 32174
12617 238744
274172 133581
110839 280506
131163 59260
186299 42894
256409 133325
98102 211930
285832 99074
81129 244396
55928 142374
283418 17212
251453 222942
223958 254632
146948 146086
103590 137615
265295 232541
277678 143476
183286 2394
296711 100469
144363 107010
205185 76454
70078 260381
211697 32971
142240 167866
176055 75464
281161 193829
30869 195409
48438 226481
142794 116013
66368 32673
171138 201159
279392 183331
69895 167606
9698 954
154545 78124
52261 957
18603 247433
292216 82907
101670 281961
222843 35237
71428 234147
112123 206389
117299 244247
178371 69286
69959 68425
93034 182125
225344 231687
276915 143878
81590 278642
289028 214374
72408 71871
204422 99470
50219 179469
190301 107535
76850 179192
264170 230485
20886 194247
58077 105237
25917 266587
123544 14216
19328 21457
137106 216974
269098 155732
38229 10482
298241 32443
275396 85789
52409 44035
20655 135496
269003 61481
158877 253527
81185 20392
44444 78082
45856 180443
248052 261132
243539 149567
240228 247781
31663 196564
32143 176748
4105 104232
296189 224077
162447 26388
57339 117012
8791 124239
28126 246232
81226 224596
181498 14973
50282 124209
50889 261259
82792 206391
280441 257036
163900 130755
6732 175802
125590 226497
149693 127527
284085 53269
274992 11979
299760 260368
104100 58146
146242 156834
121623 53415
156466 82684
265685 80451
217791 9549
197375 205360
38766 288367
262418 253124
275073 133895
19660 109559
70118 39345
146338 178294
1189 561
45642 8031
187559 140153
85911 236654
266615 12690
130582 113758
75728 182074
220578 95794
292641 37734
21515 283190
292880 154050
178478 245502
49197 211646
280063 50405
55133 30722
133348 156264
103035 27865
116264 94383
191911 117855
190558 250449
246172 223681
212869 139915
231535 79623
289830 149856
15009 277875
36629 214066
53788 178203
263927 66185
129022 228182
72664 115477
5235 115532
142816 203216
288334 114683
188644 153579
106047 99402
33992 106853
288954 201817
104807 127926
61120 66180
186436 53241
44128 139287
242579 291682
169587 292500
45017 85963
69774 283722
153699 168777
152769 162695
119057 263893
265770 49669
190349 162519
220426 31703
13294 96588
166384 164646
39701 457
110281 146405
59505 208198
66612 75309
245042 14033
296343 178913
110417 179875
268482 199190
51332 4776
113718 89611
102301 100058
223001 269662
177484 221860
44749 154068
180385 78980
227934 22572
265151 261503
56684 61627
280216 206617
87119 208975
196975 207292
195091 78898
198411 169100
284252 164541
232752 208087
33010 265613
102172 269767
280478 77297
80299 52029
49280 232774
213811 52152
83004 12541
48849 30070
1588 36284
268022 149143
202341 2962
209983 295149
204166 163169
104167 201172
95778 84270
193802 153134
292451 60171
211272 231935
88929 93409
217547 262092
236508 57085
121809 173835
236060 113893
179713 271841
226347 283937
148677 281901
254571 23413
21488 182573
93520 139386
118078 236348
63261 101681
62695 180712
82635 215644
197938 7391
66048 69286
59851 269507
194577 299528
158693 52280
153763 249930
193865 213193
22797 170187
242879 43795
43765 22449
295738 105645
186415 263842
110039 171871
25139 205365
100057 113550
65346 189848
296376 110822
82612 295450
117307 250222
93544 144033
24188 40025
66999 58148
215840 121635
240131 37397
88172 293550
90615 142372
20561 137256
147573 215101
110538 207154
127194 66895
282646 45444
76126 65636
180040 132920
267336 116087
85259 262538
255285 13591
247024 48254
5190 115335
276209 280915
246539 20937
40447 275655
271222 251524
168606 166128
212478 78688
41486 223235
232193 80348
250290 153042
9521 169529
225894 69933
263030 81296
187479 120526
161757 183858
234934 239055
284854 99806
64682 1519
223121 131633
112830 83821
103109 172428
245205 210858
103856 197465
5889 154827
41269 35483
26394 254587
165062 65575
8916 168053
201688 229216
200042 155433
12449 107518
184467 100953
299339 23272
134219 37013
24240 6878
158219 252970
255789 190227
131944 220538
239940 98379
69133 19931
263648 259362
192651 110210
259441 58633
287424 39671
221598 267695
101750 99921
299765 17216
252653 269661
3521 205387
24686 190499
296504 10292
6760 281507
158764 200654
83301 285666
84922 206380
63838 270987
52138 221326
102668 272171
60135 50894
151939 46116
137978 180003
272234 258955
68647 100319
89742 285514
292361 137660
168582 37470
153715 77819
23421 181774
3720 264296
56729 273532
50296 86124
165752 120506
282514 296293
287847 155013
127177 75808
61885 51275
62949 275811
253490 63868
238202 274619
285084 89327
20101 240157
168087 14619
127582 40348
35497 216520
71588 8935
260944 104158
143464 175854
249329 98850
248008 102522
283422 30771
32991 40496
196988 78948
107187 141941
164923 56665
249192 54257
152717 104600
14639 93097
169022 20132
217886 266771
163345 46363
9146 11331
250571 145370
281187 259326
287306 1924
204532 93444
142463 124811
107080 273730
251516 168805
176908 122964
245734 167991
279827 224738
265677 275119
11904 232456
84591 24824
75106 275565
224039 192951
209327 54059
72808 119322
186115 15489
50472 151662
114735 190228
198871 151750
108175 150405
100688 260576
228509 133199
30276 21616
242673 144740
196370 4372
27546 201318
200665 252145
274238 233354
127043 163166
219449 216943
273830 13100
40532 11743
231899 235747
26179 166040
53897 82290
167961 213803
255316 43657
161465 99461
58117 257339
257870 106564
242654 33841
251364 35214
258869 1212
265579 108279
163247 217530
51203 264231
135426 17408
144539 50829
85991 208659
250127 291860
168163 258131
106385 24209
113909 203776
77166 199119
46815 242860
146293 12757
15869 290325
211928 204444
154623 56873
253909 23914
47586 215903
86042 220824
75669 67217
153577 159501
106450 81756
216758 206826
26765 34978
287244 233543
40713 262841
134305 97682
29326 152803
139446 151879
95933 92105
38097 146877
182246 21851
180809 281460
178355 244971
74794 166
15660 251072
224736 193490
32619 139853
285039 217476
80496 226781
186920 52340
34790 203213
123014 38182
64894 224064
145786 182131
232341 109915
240154 173644
118475 238750
148789 35023
27088 129944
112824 102343
291890 34210
6939 123788
181893 259529
197097 55091
174827 41423
153615 46477
92530 265415
1037 75762
80027 225009
171821 7800
190444 38109
67293 164729
87400 208768
125894 49791
39674 287560
9451 93799
33499 267540
12108 269251
253048 251661
120436 264928
250022 224133
283461 242221
242725 226792
173910 211706
210134 182013
298616 43994
54559 160872
27762 204587
56075 215967
287407 293173
98477 276408
192154 299611
57348 63349
275928 137088
44952 151626
279717 81730
222070 192314
99532 247106
269497 230572
294440 230058
87501 243100
280544 28728
294098 67502
53496 192112
203829 213761
224290 172465
84633 125955
247240 298761
74221 194478
212814 233430
113920 253588
225584 39832
67945 271456
31399 137599
150313 54244
142356 116195
22558 286581
92632 221757
60272 214873
15518 98402
224998 101491
199131 218949
29660 293649
149657 34012
173712 162663
137771 29579
174244 60633
198382 164353
70093 262857
116134 214378
6587 260696
217724 163196
91470 298905
76796 79356
189725 70111
234614 252752
90210 229811
223720 44438
210950 197697
224648 295719
276608 172855
282019 52372
77058 169723
81225 240844
123142 251463
70063 120670
42029 21250
285700 24779
252026 18189
4546 235972
275120 206583
240498 53576
228327 245472
110009 28763
283108 86327
39782 24797
276084 127305
146728 195339
72281 237095
186787 113421
122034 28056
204474 263721
278669 100088
132842 296514
19668 260621
15932 16707
272688 268169
138714 294071
201123 53175
129131 26329
207940 81683
176340 47975
25074 120234
236924 8707
83708 290667
108277 177641
265003 29802
65491 204861
142066 166059
190115 207988
124855 272618
125052 51043
40916 188765
172534 29057
12795 236749
69941 258618
36433 137255
238606 66017
109615 262803
276966 21509
173862 229181
147457 113885
197739 122492
165309 113022
264574 163736
40354 27504
13693 81786
86598 262410
67026 148300
200109 26532
216494 127610
111719 99239
34552 288515
83500 240594
152617 58136
166981 131364
290652 121770
42360 104613
239747 144959
117068 61044
287560 24415
282115 261676
148128 34264
17376 101277
162309 83739
186639 233512
55593 253715
78870 106961
121797 85500
210804 258666
128637 170770
111577 188074
272864 284802
145036 299491
181397 120418
276763 24237
64158 60785
196720 294223
31638 260578
210558 66335
222773 198335
249197 280276
54888 192632
285147 172158
171005 201203
141723 278005
75536 115515
84937 223916
10545 155084
274668 49856
146227 136260
82290 77531
210952 34057
90738 110301
210567 170519
292794 223375
110014 187231
271510 143160
4418 235309
157894 199022
232714 113007
231158 261678
172648 25117
234583 245598
87796 146210
42027 125983
100585 35806
143296 139771
276877 95994
205525 69981
149326 14564
289727 218802
104168 121835
16158 235898
97257 149871
41075 170053
236215 236383
209659 252422
63826 279115
65072 14251
172899 177810
199407 142185
138331 172686
9652 160664
219545 33502
105379 17506
22308 280826
45649 55241
135697 112213
262792 201723
21617 188332
105016 137882
293365 255958
222695 26137
12543 23087
77069 288780
47059 47103
270785 273446
102044 213086
177076 58026
297101 218113
162539 163374
176862 171245
30357 166350
190359 259006
157490 86233
28189 251943
265696 120801
103011 153520
47915 66958
118916 16486
191631 271686
175588 26110
35720 37785
183230 148324
149150 71240
156443 213322
226322 77316
178601 250173
275751 143591
154888 185828
222820 49581
91882 9757
280685 94146
108480 131230
220996 30810
31176 128146
168030 204626
74540 48309
15383 187208
80180 47998
15381 164808
212771 60642
233963 6563
202867 92077
198500 46635
174614 263636
106781 56440
217082 147234
72538 5333
218560 46967
62061 135020
119263 130845
167904 106205
131096 283633
274563 61087
94150 26975
143069 249309
161035 62725
231942 118754
58256 123155
165263 107619
297311 140864
142567 234227
150144 132290
23210 281047
203099 173891
292562 83443
299713 45403
214105 252317
223749 153108
10727 150896
90401 192833
231136 197320
131998 146130
247382 149428
114540 285310
82928 276818
35669 285502
65140 89861
215537 68029
57183 15921
266140 8215
54020 110271
271846 21837
38263 120488
91529 238503
292051 107336
295784 64876
260020 80406
166947 285307
2569 187130
65974 89912
51586 216092
228916 186942
20228 123637
262961 71303
205038 84802
270130 208786
153050 249307
298243 74783
60227 11350
66179 19200
17041 212602
228638 291891
148642 289805
229757 185634
46949 165083
174177 484
146891 35338
78340 272264
176273 4372
110656 142155
71805 274906
150747 97724
180395 67237
1565 202733
23679 3333
43409 112519
181226 35499
72097 13323
87769 86423
144866 69522
259081 280323
215768 199407
160608 153946
246840 181578
230946 111600
216476 70699
234892 85874
213818 10233
180303 113243
41945 124929
41139 197903
179563 42078
191555 88848
255162 62333
101318 92983
152786 269210
296377 255393
94268 143445
161993 13177
293266 182372
69982 74018
294116 99943
168249 24635
121648 98978
241203 72550
61934 187591
177680 263013
237833 248348
245065 15168
192544 231171
188659 258533
59343 77016
271772 220940
111157 109173
168249 47444
44763 282187
164218 101021
45902 209607
49656 156273
93135 136439
204886 76371
9310 269286
239928 117314
63637 163661
48595 196596
131641 17275
261747 35995
238093 25769
154755 209719
289365 101927
12293 156756
124503 43491
134942 88670
164572 171443
162483 128737
201852 262447
130072 6323
170553 203468
79574 3886
230382 108573
193960 122243
282893 89145
253220 27828
26523 195469
265506 258082
6388 81927
278919 243084
241499 102970
82455 291307
157492 233578
186042 22672
164899 212948
151368 209582
272774 74227
86687 4074
156956 131495
202888 129661
237783 176527
260894 14055
284268 81071
54015 106161
21877 105940
17934 71654
109007 188557
107311 24328
42567 111320
275477 29629
258633 182211
188252 188908
203786 177355
64561 269521
1940 82146
71954 103582
75681 12603
185481 46032
122314 105122
284324 178895
50168 191427
76154 34270
135270 290534
242294 49902
145406 122768
289674 253563
26306 123353
12281 233384
21114 200835
69905 74046
33025 202509
109126 8590
133942 94475
132546 157185
103862 217398
183531 214347
267937 204272
13845 88785
144420 155636
14684 277680
74951 65036
30000 288508
143774 53898
144959 142067
118904 228914
127842 253868
119581 64010
220733 181449
226419 37546
51652 136627
279277 258718
151516 163992
142405 274233
51192 136623
106742 164696
270376 282735
40139 235177
262238 23056
60289 21611
92076 238155
106523 166942
93677 189293
293889 14690
152478 1357
145618 64384
66648 203951
164881 59675
127856 29892
271938 14140
229877 161605
29132 12782
62619 101702
140039 296687
255624 50122
132906 83149
255702 98131
195599 270032
149106 266923
147863 141950
48331 91324
51487 233454
254610 55828
88750 74288
202014 32704
221776 87007
93183 239478
193913 81988
154401 231372
104503 229210
219448 10131
24633 203994
181073 155516
226774 30081
293236 188632
44777 59002
178334 50954
54639 17610
282371 224703
297911 139870
43955 67194
167122 232151
206351 265239
52667 282535
123746 77594
104694 15500
261680 10523
170663 86662
7437 55980
215037 215444
21515 74942
239084 94359
125489 262849
232551 184288
256751 61181
170154 287456
129218 4197
262472 54964
122870 264565
14913 291148
95801 54474
122564 33821
101730 35635
129931 113945
6073 191779
278720 208841
286888 179203
147262 254363
219163 97934
255126 168330
81904 278647
68148 151702
122232 150655
277643 282507
206702 84618
45219 27314
114745 258752
23487 163826
237649 103625
186673 86369
63157 139221
30188 126076
27567 277645
114640 150342
170141 96412
201775 298945
70630 122275
212587 194863
20703 138117
27572 267069
73489 297027
179104 298037
14502 278150
12150 57037
205799 114496
184054 74533
180908 83718
202974 222686
250699 253022
161895 85128
83201 158890
242193 145142
93473 263098
151098 111857
6750 271363
234176 130778
159584 97423
90445 80130
126443 217980
176039 40213
238921 212360
282181 185642
138853 266550
135764 211427
902 230322
119134 135396
213103 99291
195427 84605
19295 274402
2557 243543
214133 52718
112524 275976
166117 280508
162175 280354
186579 15532
157474 291337
95566 297899
67423 33916
288872 48334
29728 96338
36587 73143
97533 207618
215993 221264
148360 294813
116289 153419
226220 53164
249553 11374
285711 131121
285036 234955
265663 45580
294654 56901
240932 124423
260952 40860
227496 288967
226780 7835
293232 283793
219826 256620
12798 109983
155124 269776
7157 14200
266606 175978
119533 5536
250157 213377
70830 118092
127076 142616
216551 298264
8493 167948
184860 217046
54847 281874
281543 254731
125764 53257
7346 295669
15109 29908
235955 297200
13666 139574
108563 235020
23538 65775
225488 291083
223356 243925
281943 260761
167714 150565
144471 60962
77914 30212
280678 12631
94605 42570
293135 173668
38644 138124
101823 79805
225163 212792
62246 97073
60578 83058
276112 172821
238942 205318
113919 133710
195345 64446
147428 159308
298733 295119
246636 227712
99653 137132
194561 9995
69880 64371
17422 114862
219231 145993
201788 17780
195370 190763
260432 33538
162949 291519
67706 79944
201198 252045
230933 260089
148287 196133
208342 89451
174215 232586
77879 131087
69159 296720
222085 165167
89014 151527
38384 148226
209176 110413
248272 229744
243526 71509
2935 229092
37533 143048
249762 5001
163226 277561
270856 116604
68045 155890
285224 156563
171810 61417
47181 99476
250944 221717
276176 227722
263917 66678
293200 196265
197594 147429
291594 273380
254850 230029
268143 250222
152095 31392
74505 95719
150685 282285
109130 43437
222865 80811
34293 285809
749 297955
23546 72934
67436 278267
120548 296910
241329 156202
147481 39699
145707 207765
49559 94489
179833 100740
266993 251713
44716 87379
89106 190562
266023 118485
230230 97342
157308 96881
266180 248593
90092 258431
154663 199697
128001 46208
31547 243334
264655 15873
295901 64016
164070 17945
210312 119536
228831 41448
280715 190904
261571 4973
32244 73228
130601 102967
33792 237266
232131 66064
127695 102483
240835 61128
167922 63562
37917 107582
106237 4660
291964 78083
242046 69906
200638 60398
245811 182430
250993 175262
244623 161240
232473 138703
285491 17680
203256 108012
45625 146029
292987 144472
84674 76062
257484 131237
90462 144278
183893 236133
149377 198542
290024 94120
230793 94492
189354 77270
140692 171902
176970 287487
25743 191711
193539 145472
117810 93850
44689 203200
277946 20022
215485 222592
297667 259062
16804 293494
259774 174363
47236 175775
58525 138009
85871 176923
280736 229073
41296 173551
166621 119230
216619 8431
31179 45489
158301 200982
86921 55715
92665 41835
251467 158033
48887 218195
219895 100154
28423 274544
285018 276733
34619 40353
250737 206776
128244 248614
282166 106661
31470 22282
249682 160421
151597 40043
11119 54533
109529 27744
156441 119018
50540 72591
183636 34294
155394 32392
157831 227191
138482 86678
254724 59140
168977 284242
18585 231987
52096 228573
288190 275258
26725 153766
147750 292143
218663 206716
257957 257416
21013 13388
11056 218886
190184 127514
138824 258701
182565 199931
26717 250190
295359 212240
72399 103147
43586 216732
73153 268081
299317 50298
269275 66762
103447 34288
238551 242888
155396 104222
70854 195352
10229 71748
263932 171192
251689 17258
78004 182870
200620 9855
191267 261587
164403 199986
226634 102890
135644 208710
17345 93135
71241 153392
193017 152476
92010 107153
67541 135413
264308 2479
260667 296267
233547 146007
125091 88082
37039 107557
108838 237947
210184 44606
127122 231205
187132 4227
143889 241905
40746 61265
86095 79272
50604 154860
50549 104410
180541 128935
66386 103617
295591 95883
20043 160751
92867 153913
125304 56959
231864 154630
70179 54351
129480 26648
245408 39125
40954 18359
158011 236451
184230 203097
207979 109226
56159 223325
247157 59363
85239 45857
45221 299879
219214 116414
251798 138923
10914 284649
25359 9241
153731 47353
87544 66502
242571 50355
26832 74970
292642 238840
120559 203220
59572 72886
140209 108196
91146 273345
176343 269511
269094 199260
28566 100860
261039 151495
181612 77454
53140 189665
129009 121184
110536 26930
39936 221708
93670 152130
7935 299785
137686 109454
210411 10842
113155 152934
147551 146109
17903 152337
43804 76144
150759 38915
78494 296224
5656 70545
60440 115856
197539 250156
30657 199505
102314 210552
97020 93215
21182 227820
157218 94569
74090 201694
94588 130278
268690 23462
247800 210770
152706 160942
140624 231770
119291 128326
213588 195130
54577 86598
172627 49234
286493 112075
77029 234287
297720 39765
210773 54192
277423 43699
271379 274831
80789 93667
180747 200230
169161 193329
136059 22316
258970 249234
240288 269278
197072 279310
207633 174364
106962 158520
154054 56590
115964 112539
138906 223204
64370 156629
102209 75717
278295 105942
29597 54367
43035 226911
130124 29
164264 202670
55755 262816
296696 285137
167809 37609
260184 258530
150314 89382
289379 79453
12534 26966
167136 18555
107313 5626
117271 60795
147606 254418
278029 285531
182812 264068
65470 34864
200716 1984
75697 167667
299562 55524
253947 171170
118465 159799
144833 123508
25653 196232
214837 276548
145106 132374
38916 82944
76090 106247
35577 231551
272839 239317
70342 82218
89158 144389
271047 246652
105538 168972
1887 268198
295496 195077
9172 106241
54890 12027
156430 58150
34208 30537
45806 39369
183623 204814
237805 247764
241235 115062
160910 17283
130211 155713
225392 270754
14182 55927
151836 245051
92835 105235
40839 156644
269634 66534
92816 39928
130038 250681
51260 82817
93758 69024
291065 254162
193935 110366
290130 28475
130554 157711
26645 241570
180261 56529
39320 73301
110058 171458
8323 8695
266518 205304
109728 152613
124465 14740
83071 73306
47154 93068
264682 48842
145660 229943
5170 30881
194918 184077
194301 255985
272287 67997
1342 30905
45288 5090
168381 11941
84601 17599
241869 203563
73715 176435
47763 274785
75524 166013
186901 241713
216583 206297
124516 166031
224505 133753
189090 2659
200767 45738
204854 48141
164606 140450
271965 166141
138428 265990
82946 138462
53281 41349
128102 85291
254679 181613
93233 98257
283887 157846
249593 276872
289028 233883
186644 283071
134771 167114
230019 180620
261034 281877
13303 277605
140868 129288
231226 299440
206146 239110
81064 266095
224411 23007
253660 108816
136288 216709
270313 199302
145198 231624
192187 296869
243099 146004
81299 123945
201203 161995
174552 9048
184894 25642
225941 95534
233997 169672
248142 228826
202120 289804
295604 212879
290447 157951
32755 10546
50759 66930
207539 33453
295730 182975
236026 174696
220116 149998
65148 184063
107183 120095
183419 224249
293677 67706
258543 114979
196805 15315
135474 51540
188661 97112
260579 135781
46791 129144
187980 128966
209189 45100
81582 117197
62106 167296
37537 105793
7830 170529
67836 71551
188426 130652
71491 287114
69777 156751
134006 12076
245461 142283
213472 240980
93850 125646
63952 206843
245770 33969
105905 170100
192475 64744
136266 38104
219940 15775
33113 172054
280713 244716
14472 222660
102072 195797
125655 224301
102458 103516
107866 6188
96287 269283
266483 232231
44728 123005
93911 14084
59604 247547
63240 280102
175904 215606
151494 55471
271646 27669
112827 75627
97431 169937
169475 96358
282834 209820
251592 294840
146570 48440
261109 193716
109801 254982
228858 229651
80461 28826
74390 207853
299713 22429
145926 209884
221323 18973
51069 190327
196929 242826
171689 240143
267445 270985
156470 107721
155866 67817
267207 279536
168716 59302
215074 102032
13501 39965
291982 187769
38682 12215
56991 15340
15794 113732
240785 242513
56040 153868
289505 220786
21849 118480
193735 37450
123000 281555
186668 1676
126665 230208
49287 287430
199898 143064
86813 216929
150864 160519
287471 20134
219084 174730
203004 62400
38478 106276
198016 76761
67861 217172
28162 210615
6902 59579
156644 192816
38581 14865
203397 75444
248873 237276
265551 45958
184357 238309
97946 282679
293678 95608
262636 130893
29536 99740
65528 187345
116761 220459
63276 47564