100 65
1 7 2 4
2 2 10 2
9 10 9 3
3 10 1 6
8 2 10 4
9 3 2 2
6 7 4 1
5 9 8 9
8 9 3 6
7 1 1 10
2 6 1 3
6 8 7 10
8 5 10 5
2 10 7 10
1 4 7 2
7 3 9 1
9 6 1 3
6 6 1 9
5 1 4 2
9 6 10 1
4 8 2 4
3 4 2 10
8 1 6 6
8 3 1 10
8 10 5 4
5 2 10 2
5 6 9 10
8 9 1 4
7 5 3 7
7 7 8 1
8 6 9 6
8 3 5 3
10 6 6 1
7 1 7 4
6 4 6 10
7 10 6 8
2 4 8 8
10 9 8 3
7 6 4 3
1 7 3 1
6 5 2 3
4 3 4 8
8 10 1 1
1 7 9 9
5 5 9 10
7 4 6 3
3 1 9 9
9 4 1 10
3 10 7 10
2 4 3 5
8 3 2 6
2 2 8 1
7 2 9 9
6 9 2 3
9 10 3 1
10 2 4 9
6 5 1 4
5 4 8 2
5 3 2 7
3 9 9 9
7 4 9 8
2 6 6 10
5 1 6 3
5 5 8 3
6 5 6 10
5 9 7 10
9 4 3 9
8 9 8 6
6 2 7 4
10 3 8 8
6 2 1 7
6 9 7 6
4 4 3 9
4 3 4 2
1 7 7 9
4 5 3 9
5 4 2 5
10 5 3 9
3 7 2 6
9 9 10 3
3 2 7 8
8 1 2 8
3 8 6 10
1 3 2 6
6 7 1 6
9 3 6 5
9 2 8 4
6 2 2 6
4 6 9 10
7 8 6 7
3 3 5 5
8 10 5 5
7 8 7 6
4 3 2 7
6 8 3 9
5 7 5 1
2 7 7 1
7 1 10 6
9 6 9 9
4 1 6 6
