100 9689267889
614423561 900802043 196858073 849866539
961148894 517610020 98575149 617223928
517870533 920021782 781881136 24600886
201176940 597769512 689977543 316022022
152076980 647231998 740487824 271978756
561083501 774218582 51289271 427166951
925533947 530718266 967447986 925250005
91994456 169452065 287904641 669024370
516206939 269201026 884764094 727636735
394018359 174464037 707248852 775140681
583955057 99833087 183397358 545649548
227983626 737637350 741099170 999426026
546076477 176847845 248651322 327774538
549787683 243479409 959087120 178231093
482523010 574980408 667381522 257088691
387201488 773849466 770903332 539788674
771585080 616537996 638344094 217326956
646320275 995653606 26964839 265363825
708183809 684017617 948652698 352018311
954598043 131645184 459097698 907572554
953620662 287820482 312099361 255830867
235666449 833504035 170477245 771830257
667970115 784999962 924252012 879148316
816874987 573665640 950698198 423943606
763900681 104588214 333447724 95966232
436599869 450298651 397512493 9434479
246814322 665619186 307346435 897965822
325503979 888763627 389813866 253269627
145430675 163587288 337830414 304997752
1111947 521091272 36050018 746375403
711569119 842455437 146255079 101023659
504885265 539343689 69046956 439736112
880704263 744323591 945054311 137236244
908562620 782955276 596863929 778220273
759856776 340151627 104618343 73236769
10452258 759492037 719920881 660047353
783868324 826317039 792124004 506843558
924895273 433523307 378229407 709146362
757391699 423861998 814165913 530497977
85279732 136733055 761270054 651106974
79495794 696669266 710024344 320336995
193373121 891705539 880963906 874344199
142902891 32516538 611251329 121345744
715862334 620776944 563338838 754459616
771233066 957679704 969715229 990794121
413153432 500463237 410542634 741409813
152727639 333765035 24626450 295455163
200407092 654033448 858156129 590091084
953410358 857264949 932723560 542500921
763441157 548775991 123653100 413835865
518258758 34149525 752939741 68133316
634524340 973002129 15686211 580296913
67752656 879892090 159064292 968340957
628912567 544895183 866772956 255073770
138220590 792839219 764884528 612049912
115460235 373022187 387879890 577879825
360057110 184194549 818176498 276771409
426886881 827635496 611168881 252111595
127997239 972699428 13205861 196703461
805181912 701147002 137391148 149897476
641918329 85351956 292908260 405950065
531774912 343735332 730531044 141627289
870182705 156238812 688904304 963729589
748846183 287922532 769573210 709948336
98867490 767349799 173312014 787954076
181998778 695191117 727802352 644582685
202935198 264172867 16688689 305901067
633465473 908464398 40517802 162637746
277108273 692481006 75395610 857131656
667584263 413172280 812503966 893384098
560130046 111201386 443683201 608543558
558850043 125535396 296911784 177508431
35920637 240919009 463072864 480588413
250248967 988573004 97502216 242650275
177800004 713487745 406964058 86463339
979716244 803941521 593786028 70395509
661436937 719338633 259551857 453823687
836315304 270794929 700858610 273650680
490547681 439615953 950978303 805893804
696028831 824254687 969500856 935810160
768300280 567561888 415368439 441847718
58884622 373415851 222505535 104989036
844296341 632638289 436417783 98975203
877323479 456522244 875097304 976286815
537797944 147288265 581715436 227231862
966935619 110309532 278585852 310748942
425947607 493212133 848845045 266725069
905779601 967069971 366036045 960488289
536909907 722444757 864767193 593243259
864835450 654581898 826455160 604701188
770466873 301890279 631101095 495582869
563578289 713927683 103540251 266966884
864724449 504419653 95588250 983909703
412237563 120281445 736612338 733118428
563945336 349110451 740164436 554414148
875201557 200921892 318225568 448760380
128324716 416884470 184267787 742566064
955010269 898894699 413958949 134185913
843113813 455297617 172188825 579282060
991702451 804616979 896038829 528336493
