100 8673832789
98888276 754552225 918458198 334411264
579300294 108172475 548199121 721941195
464705087 432998995 470856279 6686546
120114091 358893790 549916263 108517287
760234664 673336246 784253963 751411756
312116741 60772820 211813768 237142236
530506264 169024 882615653 17009289
579668699 84266035 250759660 240731746
617703558 636942903 339441685 633884293
734970889 810742227 580411362 625566447
445048846 441092869 25604880 504192686
366506916 165446343 654096576 463001276
137174280 479352859 435883268 493545125
148565201 204621798 745813599 125229481
866222705 65343935 764030788 199020580
497782409 735658449 435407230 73952707
286335538 504768347 288352088 327080115
384353988 284095864 315520849 969669674
235836002 800469231 465977689 272953711
471861878 520316636 154282608 52096099
946622251 167987682 456080232 408444788
168194701 841219277 134847320 381885143
587613825 260225186 292927013 539529708
454191572 168122005 167710959 459242023
832470205 190265277 174518874 203551238
157706653 852486995 853178392 768019302
336581033 862426453 670398037 200463444
854857103 422738774 787414016 617553995
374709290 963143250 291497626 852876552
857161720 120199912 942201217 238448946
644797999 650809311 828800859 911167184
953692754 768432610 327471452 240351641
359323261 422909304 219789266 25345630
742712992 527295779 157683422 693276216
6550519 467324868 835424318 811769332
435891970 298158436 367242353 922345911
832809721 150432585 99206057 662571058
807661624 886798257 205063085 983531766
319770715 549042779 562245421 623313286
951177666 416222931 228368985 491566073
921158388 548193231 275216752 398735608
244039594 925763728 503526209 408410406
51798268 361464634 908526032 848954385
847788366 794670040 988526101 250686747
17279844 920038548 887054833 268826719
139197409 971285154 748792652 196078294
802533975 745487558 406293074 115282335
277316798 972588337 887611388 589051964
45016046 876746596 53799410 886164831
368790736 283837471 21262529 861976639
446938157 360634966 238254699 378035811
777087265 911836994 431416623 282317881
369866870 907687140 6997499 544031413
958932686 960080257 268170803 997786859
881317293 960470218 338942913 583389874
327502536 620162102 510505485 238484237
590424587 124165896 244445657 451560290
961190927 360986388 350887123 113524958
133274548 74566185 573306377 398276911
441310893 756128709 618664473 650805620
851429970 821030698 136259462 545115546
52134011 540076417 126219654 626973775
997169549 45968707 300639538 308080034
410808874 451053359 107144027 302548235
338637292 574412400 493367327 323273338
493843370 27967114 200084341 295722154
791821478 81796949 903345416 432034533
658257990 785183088 959274673 246618581
889075519 480625423 37344496 131216733
513396921 249223160 913476071 346577387
21448438 183267406 327326995 723334001
733578655 963714605 479842418 468262688
503888474 848105407 502048389 906751526
998984674 366315884 344154554 784349815
553828829 369046987 524535110 369148945
161864721 487258369 833937012 685811631
30463320 577976527 652061434 183114421
366085558 561000196 714399329 66238836
698860614 30436323 113432588 52877881
831560539 156354193 333276853 509774148
96471088 143768876 983701274 832712401
562491290 614481758 943448573 520193249
629675215 123943319 88465191 707880310
405417673 186857466 978968739 741007294
593222522 735870934 700265057 423538586
599607411 151344501 120338101 469416358
401620300 247054214 938448136 251094067
637323543 696061005 304756863 36151027
674888475 239331506 41028546 368315700
126093615 891788876 57815819 466755512
50626589 27156665 247722343 981399043
146876651 265900975 709774856 187677077
25847584 579736339 767725789 687377518
146528552 699629094 904130076 254730987
439642306 913932547 882435998 597025404
631346157 195202329 143466688 524588787
956253957 983444013 191005941 998756092
655673248 702012304 6313906 864731057
374636916 346723541 358579121 562450568
826414646 168131771 637424844 617011865
