100 8198375930
30175362 581541321 799593983 17434501
930043630 682663420 554795447 519833895
44583657 804649759 448909200 555818917
763599526 870243298 129068121 445804830
969875328 325213857 729344806 731375602
106884443 185343331 464172526 73972233
924307799 499820904 244850548 180373381
573922025 848857096 603061734 28591574
42932173 976229483 428452356 779937978
767906719 104836552 942200784 404526978
630538406 836918934 244876503 52005134
837289196 788001181 748700922 680851129
386582408 993389508 740446900 967224013
726138066 846931239 693055489 785659801
427069821 884722572 59989674 641399587
181356227 951502657 585231717 535615083
329070139 742117541 15570621 465092036
94354947 581660620 884295198 457035968
412404337 71548797 93951769 281957545
707742959 866306097 685841530 475712984
752283610 443142809 228465026 585773492
830768713 544370538 957277789 295429357
103053940 129537358 797904198 281292831
799781753 182463657 655927222 852064783
311552609 447903293 555552162 333237037
687711066 714343174 172793112 107375785
945768468 182632997 39128708 969652761
359030568 752454318 312646141 92508208
110771783 191074582 292843151 24873538
429002734 846484566 123614434 357626503
557207211 768651598 593258722 522008712
857769495 706622569 405943742 518976724
393299214 687688871 905621039 420022596
928694049 657188558 262591137 197728
412254000 814270572 316093847 911948893
703762960 298728940 855929275 376214431
929465304 130676357 852708078 894617198
576828246 676081972 870364495 287418461
452700824 309274400 428913367 264375440
184421378 21053321 890011509 16073115
978987074 138237938 215740598 475435622
821649641 861165568 123746387 472288239
78188221 40779723 481903678 972488173
604478386 570532420 610726909 948976899
279088483 672926816 766973751 56464143
771205195 717514116 254981082 45583664
877596790 56665320 952766209 915331153
414377376 344280799 962714790 408622866
515807939 378632490 229187292 617452941
273624995 854899348 904756875 866144213
466717165 492361777 660096485 321825904
29655595 435615057 550283657 124709046
161043526 681448024 615172392 615399316
190402106 326747479 635293063 795125530
350500634 194574483 327533877 271908199
444849747 474895659 249538345 384780336
232182570 573560350 698212266 65415517
658071484 238668296 367614429 223910696
511891629 31510094 977584064 368428378
521188435 410608365 938603443 370541405
539471350 230690840 754494946 157229993
386727994 223734357 921818902 37770713
124056949 634114262 620082005 762523259
1816343 110079495 603586731 448142610
771033521 429223870 848129692 782154279
919646882 590954963 530456378 699733362
478969900 834033012 36288011 209051775
889752977 498678208 225496258 972997050
464986330 655182403 533779335 861339986
808132420 165701962 817013820 993163991
908551858 162969615 476132181 405341404
553609978 149300898 442353601 56482889
600219228 619109956 313740348 950212513
216936783 556286393 420149853 593674883
511054137 102737342 143615269 543927844
244312530 704526955 338951824 566465709
610834181 742044198 546914148 805861870
221519225 959863139 784558085 346268998
960385283 751451543 579698984 973570156
534949773 517770948 189186154 739162885
414224679 632726191 153947768 116585257
471108364 993255970 195786634 573765539
911540834 923299792 722281506 939364151
878042518 226818543 763596270 436283245
527759488 394049824 894915802 586415500
835550624 514336902 566019199 50815423
298526350 257020444 711005766 29886125
529492096 789188173 8850242 645950269
898144010 503756898 950113757 696386550
563412345 670314752 210156747 208164850
842101708 162155708 554130836 261435703
831443503 439109232 967180111 149149850
526023505 37259263 661784717 191015866
53888787 652370141 381362900 314930805
983168330 721519801 349415567 569379913
240838753 663995205 127652252 325550202
22876101 699662242 556269969 687694352
216898692 442839910 216252387 333292649
66400680 485141593 461946300 238752742
171205389 770992915 927562746 159323381
