100 17737706126
657462115 130137076 895340976 277836243
75490518 880280615 448666135 122771266
107084513 421313998 370201851 292996132
684772041 250218022 907849085 973796593
748366365 398363453 906483625 912828611
941712238 55255236 97947829 674286280
831614737 816748768 487304190 327165520
677702735 983940605 436775423 123842320
922926150 160633475 515789354 870204423
731038940 985694515 909052012 470229984
44013162 760309513 453773779 494036965
286893418 613507265 117810880 80132932
868595629 49588234 13292517 32686018
117373868 761564872 392044740 932145600
937120101 34571706 590926505 832484939
479163659 737690761 699504886 791655786
429150803 160988475 346286499 538906188
254779205 861550520 879481961 51094865
74232357 240519796 996469260 77190200
437930581 834550344 151415396 102532347
105433764 429017772 379040145 685918457
732861207 356304086 762430361 953170176
338784294 783373344 985190100 240680960
374849358 930101969 895240539 595818642
447265733 753042595 174980400 531178589
662131223 83665377 93695669 495419152
959866006 759665031 389204056 444724749
20880537 675001598 766726368 791189940
349053567 523253528 952949584 346436235
622190048 796723918 147471072 33633000
997099994 161217079 381169347 196138236
402741011 660946479 228787574 907422513
166364047 264966631 624796934 192807482
194688803 789724063 302013830 211983462
291550812 678233725 89699699 778186305
171692258 785964129 193520539 456519529
479708904 475244718 676638254 608549138
663667712 921102723 749810326 648446081
861086720 99454661 350747068 431836773
340948590 470466242 465223652 322233006
828548226 793006938 621908317 702495023
604016748 639291050 553975853 237292274
345557374 127896349 821021814 266550563
105757392 40438380 890040700 865099486
105336059 332252847 339721919 841447302
584990321 244666534 834079308 464030983
924454684 924775573 102271523 806276138
192729485 971645853 964672311 507511120
282689587 182443228 976828822 991307439
921785812 291645232 808893246 168113656
465396990 634848718 747952883 972124849
736407315 417851605 614094349 744622084
141180776 278650583 135772812 71014892
460444770 228875519 998406696 55437541
496323773 529411544 516781129 709685247
122985230 2991967 451261195 517656836
318493966 475424120 714053025 56960010
128499962 911557871 664087408 875262678
306116510 972313684 393778070 326559108
723437611 286911375 504832535 411635201
792889148 600104329 255424920 773562811
469830457 311771789 293486261 549684563
962684357 499789754 19252879 7062462
760618161 529282355 664439223 621077304
656632225 207278085 544812932 406499844
449720698 399655393 151598242 710031703
688026060 460175785 458888817 589525594
830421832 378204668 316489944 703088024
695208219 565234149 651363123 432627048
797256756 467280001 760909834 616796474
895472599 360002505 952865607 865101255
378588726 470589726 457737046 91522290
164608791 631504402 728024060 163478571
199914805 725962676 397961690 438285480
573712859 445121067 95871915 624603176
834402048 167701741 791876970 603150301
16647946 387891520 153646498 611438351
645263770 544522067 483802353 761717338
429211082 873518320 133634969 562851892
746841511 2455986 322214937 512731324
720339859 583609872 796228578 376830538
446103586 719623812 694931349 400811641
202553110 207645208 414013578 313656696
798945285 63349948 757553605 496800409
406096365 269311007 904764490 931917330
810135053 564568662 590317048 786433169
366401637 84757457 72612629 287666306
582203915 845914682 84198342 76714575
657522327 746640161 904486553 877217412
372436646 622852105 126734464 229882265
858083037 538295486 522822226 543609786
647952167 146095082 967057298 563391674
793417895 767243102 472412664 638619086
716965740 965714559 522175645 105991722
274382108 695807507 678199585 578063106
878017799 261934737 113424057 448828194
110071454 895150552 490436559 121131759
234019450 840777427 840367060 882524754
723011001 257075333 941888944 556144041
473977127 447997760 173833000 572001833
