100 37719710449
692835088 575961370 663734845 740776055
654048148 174872348 651301074 452793668
741977707 145185352 88115530 182633589
195644927 554198916 920181019 728911471
201786947 787720310 52203633 505364065
287242937 711381640 509061873 357467994
849474462 181066395 288060378 986115930
667472209 227022540 667774433 156924428
844048009 6057327 68495857 576062241
870420267 874337995 854363438 747939753
213951092 1943962 265642407 313099984
690203959 679100589 283150167 274111558
947194203 881746174 244300037 157668487
654015156 194195958 997325176 699186299
857235828 784789170 726877435 271707636
190827521 286885210 277914826 595158144
389847074 140706254 710382096 755826911
235556188 221032567 294684941 834558395
604512154 647321733 493166571 726323029
981265855 400937 860835794 575917188
753023130 208237825 505854986 457262571
431935375 755350051 617904257 353030561
470326723 595778041 551178534 376553125
910897122 438312964 226201336 399256990
506794547 334733550 892984421 988786652
419442798 380166062 614708964 924464583
541220279 533537586 941111050 412492980
75396451 856143805 159153406 460582244
300570463 678487995 884696166 866962089
587318517 485613115 247072976 837106556
764758931 778073199 16122348 516199503
783062898 146665546 609632746 60438964
265098774 500862582 19770156 878104846
113859694 901366530 418662459 245438767
16936093 901602904 652314776 476366800
12355967 941977691 591959960 29586924
809650434 229065058 305620951 308146852
996303106 930380310 381943183 310443509
827054449 793600047 539875531 402427647
293434823 648092996 882664678 864595781
520871426 137195276 680355828 758765680
306566176 19349568 156492274 135338461
510488276 810721626 791811757 204791007
803426207 43790449 900764227 147794336
642913264 570625286 333895436 362740494
726998468 18445637 640530657 97386422
86827063 333241156 601245378 28442787
161066513 723385048 755765911 254551952
575539779 369657377 288300112 274636600
147419005 262905384 688014071 946903404
154061731 494109442 344739368 982746033
283331008 46093147 279508869 695558067
581182741 87309695 174342569 348091576
753571142 697888518 841185487 191570602
120907940 560394928 6310743 336219504
345822908 190155066 441261500 702809651
716953632 159229385 923186676 909268598
184443702 551289005 240025438 135135785
217657458 520161745 830941990 20957136
637899431 551983265 291582088 700486808
435485817 547707903 783678315 313051260
108784385 475701421 541515174 587429715
685175321 430923760 670157533 658442802
352607680 17360620 74366235 751422767
686164657 854587766 385017650 755097516
923102645 194809590 623791345 81865275
268779692 670877501 256073636 259527307
135559806 901677175 75276101 963037066
551548686 43339016 514406860 218889570
177455424 376254766 131678496 731250177
407794702 979975256 590180027 642057515
924882112 704346526 412833617 599328800
319579920 209192786 320755156 207153311
392332158 550720879 156887799 563458035
7042997 255830338 179641968 338438583
972008440 842052784 742319802 533662551
276648000 132283355 642281442 116605006
494007353 858043500 864265764 961360398
330043178 828553316 382773567 560565783
746345502 501557200 24449622 729437586
830744643 706584514 409141454 803695766
963807611 607271704 298423324 422380541
118924175 661972157 415098192 311009670
414013933 969983342 146017651 863387373
796781168 335107734 838707294 181823493
659016470 20404510 888985099 207980920
823375212 851587163 398409768 825289610
151658027 874482774 909037074 681730700
334115865 136383555 120582439 665152384
259223947 679324170 87903909 134144370
819439958 392269140 38326975 299221271
371810235 578806189 413042539 190795453
845501682 846455142 746896940 799534475
20535889 648908982 631855054 555533945
135021765 398429449 507672561 831039261
866529404 68035435 165105357 342292109
949169818 53032192 171133004 808903208
362716075 977673304 54035120 300425011
556399061 295102233 159740156 193780876
48053102 58649404 316100957 927249625
