2000 31091
825 649 878 391
419 47 147 381
349 728 974 247
454 824 617 878
239 608 181 54
876 672 515 988
422 503 709 87
235 224 501 210
982 62 554 290
726 104 516 491
5 497 178 977
99 943 413 71
764 544 931 365
649 613 487 296
167 914 953 835
514 681 487 278
285 870 743 999
449 848 859 242
143 809 58 410
78 343 294 598
518 395 982 929
394 449 961 126
551 173 158 2
245 930 396 505
165 676 730 794
265 662 551 703
110 682 693 776
352 973 749 441
855 575 697 512
661 255 84 730
275 350 289 966
934 114 210 17
297 760 717 807
362 165 608 26
972 134 795 419
392 723 245 115
187 184 316 546
550 715 624 436
351 36 525 8
767 191 395 221
581 472 556 755
253 76 538 759
988 895 155 700
533 819 183 943
563 945 599 767
620 478 144 645
424 539 16 286
73 75 525 18
659 709 455 420
742 815 357 676
907 40 550 64
555 356 462 583
312 27 137 28
638 144 171 762
514 733 934 584
609 244 65 653
139 711 812 670
306 620 715 690
642 624 45 687
580 309 914 550
217 714 653 85
50 448 545 599
587 111 701 706
731 638 101 833
993 17 767 195
358 185 278 113
118 976 788 424
745 219 909 721
665 649 968 16
589 62 141 760
473 239 117 142
584 519 487 312
601 182 802 759
601 625 181 577
604 845 85 923
648 191 478 571
454 790 158 299
643 902 26 199
816 492 257 409
237 516 101 848
713 984 583 647
21 117 81 399
761 838 285 217
170 982 512 429
459 169 72 310
840 83 614 976
764 848 553 806
163 332 880 949
768 958 541 22
364 556 246 974
953 809 648 949
295 693 133 949
522 861 56 555
209 915 329 18
929 501 120 484
299 959 87 515
557 288 756 554
35 863 50 137
118 956 747 526
653 585 79 930
982 434 576 972
206 938 330 457
21 762 960 744
174 982 660 152
821 725 383 905
960 995 312 167
9 142 757 366
336 644 361 603
283 348 732 680
995 862 343 130
83 937 21 413
957 486 636 614
876 833 383 676
126 850 224 193
570 236 652 846
638 884 408 724
77 369 640 820
612 753 697 497
811 490 259 237
582 71 950 611
589 367 902 799
567 355 30 246
221 696 383 500
867 33 849 611
842 882 801 937
138 903 308 287
148 841 693 223
15 794 9 286
142 160 967 397
347 84 693 608
506 599 166 617
375 745 930 18
736 832 487 823
903 91 967 975
898 874 314 68
539 788 493 2
53 939 802 288
329 880 547 178
48 14 258 649
377 951 296 698
671 463 933 658
61 801 320 747
116 833 23 839
415 345 302 47
347 102 513 576
676 790 66 119
568 299 894 126
994 887 147 891
856 502 365 554
170 779 726 59
1 168 831 773
676 644 636 498
914 296 782 632
125 823 557 99
151 670 562 210
988 228 885 452
509 412 150 441
206 813 302 966
852 121 878 787
99 949 67 187
314 233 980 842
796 365 318 614
612 944 920 112
672 59 464 579
674 491 750 606
834 362 14 644
953 285 934 413
534 105 189 392
221 920 299 420
225 109 500 966
412 954 285 47
511 538 673 92
942 933 201 927
181 750 589 688
273 696 253 209
688 648 92 253
249 749 946 101
324 792 21 929
82 728 760 884
138 732 719 419
696 587 939 177
997 856 965 562
943 724 91 83
630 944 395 288
931 542 820 938
34 701 715 358
687 240 816 435
423 414 598 834
223 339 127 134
968 784 890 155
692 733 874 971
283 120 285 262
177 144 999 238
911 12 827 677
984 570 183 562
147 7 525 268
716 143 420 653
423 397 175 382
93 897 670 532
314 133 489 914
342 577 60 661
414 769 530 220
253 550 254 744
168 992 629 639
522 450 776 883
56 514 722 746
812 896 128 20
877 826 746 751
572 667 589 865
683 112 254 578
411 614 206 862
758 84 277 583
84 279 100 478
437 816 10 36
521 86 340 820
84 145 113 506
733 196 425 991
872 995 997 254
8 267 30 280
421 801 16 428
338 940 190 966
113 959 512 666
61 217 355 774
23 549 185 205
609 68 321 58
572 327 55 617
170 213 717 167
557 30 100 958
743 4 406 358
572 818 597 525
190 918 593 947
747 292 392 544
560 371 551 26
277 909 989 968
728 995 169 404
306 419 151 449
128 815 170 586
709 228 629 351
11 130 902 354
932 498 973 783
155 801 144 757
631 964 376 709
875 250 360 223
887 390 928 97
360 816 614 303
248 82 999 227
640 312 514 100
857 587 105 228
904 237 624 255
12 552 345 174
725 466 779 664
413 480 566 301
528 739 555 550
142 408 294 304
607 454 742 10
401 584 861 205
729 696 800 286
782 370 79 169
921 939 647 340
37 285 591 149
781 642 402 478
169 701 356 701
864 738 677 960
511 297 647 35
330 746 879 695
181 531 721 674
642 906 24 88
606 394 859 680
130 139 166 485
924 619 443 286
458 866 855 274
200 550 453 670
880 697 113 618
906 960 446 949
168 699 513 535
880 334 932 771
464 645 779 658
479 807 808 504
542 65 615 935
880 408 22 12
55 352 952 767
533 961 690 501
473 685 6 88
525 66 436 621
488 545 736 21
208 909 837 292
301 849 45 350
787 430 585 932
979 672 835 748
242 534 133 311
679 364 601 291
260 774 446 288
223 464 661 578
355 331 482 302
103 338 331 497
586 717 362 75
385 169 602 166
117 26 385 307
989 39 373 487
962 858 226 246
73 20 707 791
706 829 726 474
650 223 102 485
834 197 954 244
4 378 57 654
464 249 855 425
96 594 444 253
990 715 505 742
782 531 133 945
347 122 117 248
980 557 602 348
960 879 60 709
428 550 319 746
597 741 771 887
748 434 126 195
23 395 967 137
618 914 662 633
252 383 44 730
865 346 674 202
957 721 770 69
597 307 774 256
837 233 210 268
980 350 440 450
682 606 296 125
111 750 823 903
212 642 631 623
55 702 183 864
876 803 627 547
219 55 940 890
62 637 53 534
205 457 369 673
159 153 662 565
126 30 219 851
383 42 275 602
698 182 777 545
317 434 644 773
581 607 989 203
332 388 982 949
953 887 900 375
924 563 468 990
637 611 324 498
63 553 993 628
820 318 285 511
139 3 424 94
484 156 549 742
288 458 413 600
138 119 252 248
84 805 953 434
820 599 127 375
513 177 894 606
579 369 717 472
295 732 554 350
581 343 537 995
449 211 800 234
291 911 482 719
110 479 753 850
977 848 485 133
10 957 541 731
323 225 438 149
594 869 281 189
819 994 505 289
352 585 154 384
714 612 246 831
798 111 77 445
620 97 972 407
264 489 375 312
498 512 152 935
51 900 929 743
490 663 992 327
387 597 177 212
67 278 328 430
533 783 709 709
924 988 81 851
805 926 987 131
827 270 320 860
484 630 785 549
823 882 601 156
43 254 276 397
512 777 787 7
651 817 12 363
838 712 857 533
480 556 219 451
543 793 353 540
780 188 477 652
198 473 640 801
414 832 70 375
403 482 51 368
589 595 246 567
677 319 205 902
851 34 989 570
848 350 127 608
611 73 729 893
743 976 962 907
389 334 354 717
612 728 142 589
895 781 169 690
30 309 759 908
455 13 752 559
679 97 574 764
61 38 283 779
54 17 297 86
164 398 465 936
642 343 981 161
225 832 219 379
385 353 684 503
875 131 930 608
242 483 812 574
334 4 445 601
541 256 278 716
821 249 545 980
710 517 871 806
382 581 600 746
238 959 488 625
434 986 806 390
823 751 647 534
606 409 778 349
589 41 632 13
786 305 912 61
560 298 241 470
299 328 327 773
24 152 823 975
170 322 135 795
824 876 272 728
575 807 559 590
762 265 402 433
866 766 83 78
80 407 558 565
901 368 879 911
718 466 922 98
230 758 491 382
317 326 716 739
72 416 77 203
663 993 316 671
343 170 83 92
876 649 557 36
417 751 665 881
881 498 420 592
385 917 746 609
337 87 378 311
501 182 749 785
921 359 961 266
726 333 978 45
343 770 507 848
588 682 936 302
527 264 595 839
239 729 523 574
518 993 803 657
655 484 482 35
560 934 875 737
5 469 343 996
1 39 394 541
9 300 665 338
189 123 565 82
522 119 208 909
971 23 578 140
458 705 199 177
791 588 404 704
166 771 73 333
559 722 820 309
8 917 739 345
721 184 79 706
384 419 615 48
131 202 232 302
303 735 95 979
544 269 838 254
117 628 183 260
390 51 416 531
312 432 511 477
798 444 199 994
219 839 522 631
853 914 834 465
389 262 30 634
572 910 711 54
350 366 577 793
403 954 691 653
324 783 829 489
289 303 60 459
760 348 652 547
448 625 867 370
9 646 637 574
118 617 420 20
11 558 409 641
624 208 164 133
357 376 481 348
583 437 616 417
858 341 949 755
750 32 764 795
197 403 186 928
43 254 702 841
147 926 90 132
390 665 91 427
601 96 878 228
675 482 689 334
767 565 95 215
415 991 524 776
300 26 12 260
935 570 49 871
645 873 989 168
357 426 713 300
363 979 906 627
344 701 732 326
294 115 588 152
47 61 237 726
690 679 62 645
748 487 758 825
861 788 717 234
783 845 633 660
597 462 868 1
893 546 480 733
658 746 29 507
889 592 69 963
586 536 101 819
573 46 454 106
464 109 642 658
649 208 720 873
741 413 692 833
384 536 595 991
761 640 515 932
365 336 790 32
721 275 855 882
197 843 185 955
460 856 476 207
723 667 697 773
112 879 770 84
616 504 33 684
372 541 377 136
510 618 879 161
99 225 619 794
861 708 702 683
329 47 323 56
626 234 780 495
401 689 247 903
103 141 536 791
275 826 487 389
45 903 209 632
917 415 824 784
749 885 823 875
924 393 1000 518
216 505 838 181
444 509 88 757
654 990 630 386
429 941 658 274
867 431 524 694
733 967 950 639
283 162 895 589
295 383 18 167
331 867 291 158
633 868 434 223
703 233 577 342
724 860 298 818
364 90 472 757
227 636 530 300
534 715 436 79
43 722 494 885
250 147 159 908
577 457 763 196
833 981 647 853
608 229 260 497
977 42 685 955
149 839 370 229
520 87 539 633
12 202 199 344
999 64 661 700
599 40 148 983
312 815 78 487
246 204 154 405
850 981 128 389
261 582 388 666
744 4 151 112
715 40 801 774
157 621 297 819
300 561 573 144
114 414 717 545
35 527 732 643
124 646 640 10
275 32 843 330
343 589 974 293
176 82 752 959
626 687 233 316
236 735 34 449
677 518 105 514
154 889 512 455
235 923 391 722
614 870 778 203
346 927 633 855
132 65 249 458
268 68 920 95
555 917 873 114
491 729 526 74
433 483 911 183
729 62 401 307
778 997 78 178
40 551 569 507
441 472 869 639
379 22 595 744
923 781 161 672
903 119 494 365
97 375 888 899
934 409 564 717
390 769 399 95
631 445 105 997
120 556 91 714
848 658 261 204
991 107 127 403
320 64 763 135
830 580 706 928
692 939 617 843
92 513 378 476
543 131 829 331
686 722 990 776
890 147 540 855
284 342 464 237
801 116 730 904
117 801 975 33
212 728 62 667
715 966 687 800
829 573 304 132
911 908 105 942
791 639 453 38
583 764 25 948
586 276 122 253
960 647 517 464
48 950 137 591
441 11 629 433
486 551 73 686
353 462 626 415
105 151 415 323
744 918 293 961
518 977 258 789
327 314 964 648
810 775 837 368
588 141 187 978
400 551 82 571
102 119 33 366
390 315 929 111
246 844 704 201
270 382 682 394
150 295 421 155
299 79 575 126
286 840 814 859
31 100 603 285
413 552 957 125
26 274 750 821
530 725 768 900
700 260 522 193
490 813 470 355
606 270 934 890
477 320 451 972
856 547 752 988
377 211 546 244
689 640 736 768
664 304 809 505
532 308 572 166
511 876 177 475
637 600 451 835
87 275 160 924
672 383 81 228
941 17 943 63
776 484 31 798
880 21 476 722
882 802 339 561
619 319 861 75
992 964 29 59
264 618 32 235
560 880 56 582
317 870 176 417
578 445 22 801
417 79 945 587
956 311 437 22
270 656 504 351
120 785 885 662
810 653 317 504
367 112 800 707
349 288 895 183
569 634 471 703
542 785 556 368
757 174 765 550
437 271 18 442
351 654 985 989
983 90 358 527
706 101 620 613
880 809 328 273
455 536 837 507
853 298 573 241
182 479 599 981
985 26 254 80
690 21 811 471
20 199 673 56
763 793 496 58
130 85 132 575
667 382 492 911
102 401 367 101
611 758 933 905
28 402 925 241
368 689 801 992
371 110 468 678
432 107 201 63
217 307 953 817
964 629 207 627
172 14 25 725
774 785 606 148
852 38 491 326
741 936 49 917
367 976 920 729
361 580 268 765
88 671 300 790
46 217 414 986
761 902 700 635
139 521 27 848
648 739 510 405
532 881 335 739
505 155 561 458
72 597 527 410
773 328 247 535
120 124 558 772
939 895 614 717
823 84 12 687
794 136 865 501
636 187 90 512
669 542 293 687
997 773 713 352
672 527 289 833
983 935 793 622
806 967 936 265
905 299 771 859
742 206 755 650
261 330 705 487
773 453 501 602
838 782 751 335
327 283 854 883
606 154 460 167
191 473 451 515
444 221 503 489
336 238 880 560
22 82 441 380
695 488 15 563
612 706 944 451
286 923 175 245
578 134 863 113
931 764 51 457
407 871 268 59
906 558 570 906
311 641 586 222
715 562 776 602
839 938 19 160
637 719 189 302
970 718 145 949
500 258 555 440
564 183 1 541
628 67 807 507
672 171 479 624
759 207 947 342
229 108 436 492
483 795 137 480
153 460 774 808
114 973 879 120
346 231 995 586
17 159 337 175
403 829 694 41
985 548 881 461
473 17 349 334
376 562 343 471
625 70 506 554
917 782 762 578
981 89 17 475
50 489 517 973
812 582 6 470
308 783 685 863
492 162 277 724
810 6 207 769
993 270 323 273
956 581 409 644
975 241 379 678
237 325 274 310
418 119 416 305
832 784 141 525
674 743 91 938
178 791 948 726
549 562 361 359
186 358 743 267
925 440 775 325
327 628 829 872
883 316 783 525
418 163 734 289
766 598 760 807
91 294 300 519
472 975 364 61
577 681 5 449
859 550 178 16
195 805 309 399
927 484 715 333
45 686 780 734
858 12 831 139
900 979 463 322
370 11 154 77
296 72 852 952
216 834 939 712
203 518 851 67
747 145 349 117
844 932 245 191
525 382 286 548
53 453 209 578
789 954 175 52
116 249 554 152
473 290 703 45
40 545 913 895
672 197 572 468
444 823 628 211
500 612 304 874
401 793 508 275
260 102 407 496
441 542 100 429
33 974 445 892
919 727 182 859
483 321 765 30
780 921 583 879
408 912 934 303
690 622 451 70
838 625 897 245
417 39 785 564
680 688 822 164
319 177 227 695
64 730 27 290
696 446 90 712
208 905 37 433
437 763 486 472
645 477 847 943
324 365 158 134
341 207 2 981
54 574 770 911
770 64 880 410
867 62 821 200
581 108 390 839
488 880 773 396
794 435 93 542
133 513 740 75
10 940 901 322
369 759 340 227
612 127 805 391
881 297 681 714
403 759 468 452
206 5 128 994
977 505 565 911
758 414 534 954
591 667 745 239
673 941 242 880
570 337 52 672
267 505 816 395
891 816 942 656
357 325 703 546
833 616 643 638
696 175 305 703
785 774 148 313
475 777 472 987
1000 928 506 261
147 441 550 207
307 227 134 222
709 754 54 995
40 805 500 16
816 516 360 714
621 958 727 868
337 546 836 49
93 467 769 777
341 177 824 986
577 602 819 933
581 563 904 75
345 652 370 248
222 442 288 126
841 641 822 479
272 661 692 145
469 894 341 512
583 804 946 635
940 695 378 232
516 358 102 202
523 873 308 367
424 1 530 784
955 768 807 490
257 910 848 729
399 337 654 692
488 147 553 643
737 319 355 389
351 122 563 851
756 643 770 387
528 567 173 340
981 228 172 103
293 234 176 423
289 456 290 216
772 943 668 990
1000 451 371 34
120 954 210 868
107 752 674 184
748 397 334 293
490 72 817 81
741 530 542 348
643 463 39 46
859 762 104 582
284 29 235 589
440 647 194 767
826 247 720 313
847 649 79 707
19 380 135 15
219 145 46 843
585 911 838 428
322 738 912 262
409 70 511 831
169 751 110 557
221 405 745 369
563 928 215 853
182 777 809 293
702 201 990 135
917 83 502 250
448 707 190 629
886 275 468 750
512 26 264 839
411 147 209 418
313 988 106 620
365 795 598 245
873 439 930 259
428 677 214 642
180 904 726 111
199 557 703 931
309 308 317 276
377 471 238 981
448 710 828 927
142 191 130 346
415 403 845 279
788 639 476 546
633 211 557 466
963 667 605 561
309 862 139 742
821 299 706 147
181 552 493 369
507 420 407 533
757 859 806 270
408 49 239 102
73 475 613 168
145 761 541 935
446 950 706 117
829 416 157 636
803 905 420 600
356 619 147 708
402 186 821 926
745 828 441 218
151 443 494 387
351 393 570 577
267 523 471 99
276 443 890 864
588 104 114 502
627 126 520 124
860 464 713 152
503 320 893 928
360 323 665 470
453 500 652 646
23 296 592 627
935 808 57 648
211 655 494 641
320 395 617 768
764 790 137 23
757 266 963 570
845 523 704 918
417 287 41 50
719 510 494 643
734 402 464 408
984 38 708 73
255 848 21 543
493 630 562 67
567 87 539 552
181 307 746 223
996 99 117 404
221 183 125 318
292 276 193 868
445 658 35 418
142 54 29 585
680 950 990 576
308 946 85 523
936 7 716 582
985 12 749 367
848 204 460 536
519 874 131 540
447 429 258 694
255 897 877 781
624 576 368 985
195 930 560 173
498 868 423 221
973 698 256 89
304 720 48 1000
174 101 230 349
160 621 747 979
680 48 717 716
452 483 942 869
617 793 651 605
303 765 408 850
581 868 257 944
789 152 646 719
83 717 38 797
572 454 700 284
858 843 571 540
927 684 991 488
123 495 582 901
695 454 539 787
641 107 578 454
768 868 567 162
126 731 84 793
861 723 41 613
852 59 992 932
837 703 341 815
116 352 15 159
419 580 287 593
171 604 444 819
954 392 880 690
184 503 363 559
95 74 72 372
790 606 190 911
774 607 350 657
991 282 230 275
526 823 779 139
114 367 413 684
59 598 962 511
77 287 987 432
439 659 102 65
539 96 355 774
913 853 475 959
96 553 653 466
392 986 586 577
365 620 496 257
327 234 884 208
590 239 501 172
982 87 890 340
982 412 806 327
389 919 415 433
926 46 629 251
109 150 739 56
599 776 600 106
57 979 38 877
482 895 419 827
492 698 545 586
406 113 685 478
641 545 295 926
229 487 420 675
168 882 776 516
679 857 996 849
953 969 628 692
194 503 171 420
129 694 494 371
456 470 605 965
694 73 749 977
679 527 694 372
864 308 23 317
792 501 244 258
403 155 50 729
116 327 272 756
487 744 998 51
230 233 973 721
220 506 356 659
869 571 441 131
787 49 664 842
702 632 239 962
489 841 591 322
100 836 972 604
98 366 935 432
191 419 544 991
392 428 861 474
697 498 409 506
748 673 520 210
17 536 394 657
453 833 102 8
589 488 718 668
850 897 966 190
324 641 646 293
642 426 980 653
811 297 551 964
739 434 26 599
161 940 968 250
741 709 65 19
797 356 690 110
69 297 53 276
608 846 807 734
807 348 990 271
953 436 806 955
763 65 367 940
668 189 317 575
24 401 943 119
65 494 424 445
208 340 380 652
859 750 611 231
858 619 898 714
735 327 517 906
332 221 593 92
425 155 913 594
641 645 971 943
878 947 618 193
87 911 589 891
419 98 602 783
74 20 761 967
140 803 196 562
783 329 539 336
657 744 36 799
782 939 935 928
473 27 458 689
789 579 998 44
541 528 180 697
57 137 541 412
979 704 419 907
633 369 521 48
745 742 551 558
861 365 297 953
245 484 210 934
192 751 117 310
246 231 812 648
376 579 385 10
706 340 32 255
699 485 602 499
852 289 418 260
354 439 357 35
104 465 398 969
550 656 546 265
15 269 455 803
217 19 355 940
887 428 36 271
130 401 814 982
994 429 762 206
233 75 399 325
799 677 225 383
433 372 333 973
293 329 207 348
831 361 627 406
773 682 316 368
657 492 500 267
882 131 473 353
59 225 784 199
50 4 301 736
900 747 679 539
493 899 828 946
560 523 735 965
424 293 809 408
744 620 565 885
825 134 502 188
561 772 151 331
108 175 88 408
960 976 458 258
260 652 551 181
645 134 159 81
898 170 432 235
634 245 550 495
119 446 8 239
805 297 938 408
396 779 97 508
22 952 38 280
157 621 240 130
942 458 140 11
133 558 651 899
805 163 941 971
293 221 676 456
912 502 675 209
853 91 703 568
239 382 853 369
827 607 272 477
154 53 824 975
774 892 597 408
714 919 889 248
949 954 1000 926
581 149 499 189
174 558 888 592
872 915 675 369
525 470 40 556
880 820 268 971
648 493 642 772
624 83 831 242
837 768 951 831
406 370 495 65
652 376 748 616
808 958 649 191
625 249 958 747
834 530 838 108
456 454 812 430
961 820 31 387
645 434 644 528
973 748 799 186
919 154 431 739
25 414 984 919
454 191 479 968
514 472 147 885
202 799 295 474
108 126 643 634
395 743 625 173
247 430 335 510
395 377 643 778
464 291 518 635
182 955 582 746
330 552 961 72
851 217 368 959
365 531 441 565
48 690 626 88
524 170 506 804
408 873 976 929
630 929 548 781
833 931 168 774
86 961 472 446
32 449 112 89
810 145 260 83
289 827 113 232
52 897 529 484
573 861 570 9
920 418 619 371
500 460 798 883
515 901 828 626
642 390 900 665
866 376 663 987
697 899 593 789
661 787 29 362
885 378 66 161
521 677 414 92
896 552 96 762
333 702 536 958
825 48 52 694
141 957 376 580
888 994 272 377
655 653 481 543
833 311 282 336
612 828 627 217
428 733 892 610
144 789 937 217
371 672 769 190
242 476 913 449
788 979 999 683
673 639 16 794
693 216 609 161
555 735 71 148
878 643 12 938
509 535 671 957
986 584 116 394
648 445 90 818
232 376 124 592
898 394 230 37
45 355 2 766
120 346 625 96
717 708 588 782
975 185 999 893
593 550 99 217
897 584 968 360
232 735 181 326
520 568 750 672
130 669 999 786
164 889 705 592
582 182 655 933
102 131 482 370
704 303 810 439
146 854 315 623
473 280 337 243
635 138 829 61
747 249 112 875
916 602 507 542
799 150 856 775
242 8 285 290
992 863 578 861
786 993 559 439
832 487 435 841
168 219 564 340
916 653 259 730
398 708 273 586
667 917 563 706
224 527 533 99
502 814 146 828
356 43 252 231
683 737 952 162
894 702 404 771
897 999 194 561
372 88 360 240
598 891 902 687
843 642 733 400
472 147 497 79
927 443 195 5
986 490 466 694
245 22 272 201
828 215 932 860
801 684 989 993
208 174 375 932
378 17 587 470
741 656 557 38
688 724 924 62
523 660 280 101
773 635 514 679
150 338 916 85
568 444 110 247
84 454 18 512
642 590 61 581
701 596 790 195
334 11 314 250
239 435 76 985
835 412 547 59
176 148 589 868
761 354 18 40
849 256 449 278
714 463 155 573
692 5 777 881
589 330 33 717
850 84 10 18
239 208 664 486
933 230 247 233
844 350 356 403
224 251 655 891
352 588 267 129
343 611 858 414
619 721 561 398
789 41 233 10
106 673 516 358
355 516 278 864
75 934 751 405
969 27 877 873
671 286 409 117
720 427 601 930
34 990 718 160
753 608 373 136
693 235 275 312
493 281 832 914
538 756 998 969
150 161 658 274
658 324 851 485
888 169 996 908
208 79 344 475
300 870 565 570
940 608 563 717
439 560 958 903
639 122 571 558
416 378 860 958
623 254 927 793
927 838 910 824
569 442 750 496
647 582 370 947
989 177 450 936
673 961 801 814
643 234 569 446
822 737 193 297
478 538 56 830
259 141 127 176
738 240 243 852
894 573 994 820
281 151 935 619
550 804 587 255
565 594 423 76
319 860 856 282
506 720 187 316
203 612 283 620
471 312 145 759
885 461 811 585
107 253 491 143
98 510 465 26
671 541 139 548
550 669 968 955
280 2 336 274
759 115 319 218
584 25 625 346
825 645 536 332
947 352 511 156
50 5 698 726
731 470 916 876
554 471 945 841
408 517 316 622
889 754 558 596
893 23 846 430
479 32 610 526
999 432 384 314
762 457 692 51
693 579 339 216
836 527 235 252
351 709 147 504
426 92 788 389
145 885 978 790
280 995 343 959
629 578 746 128
507 937 332 336
233 954 944 790
546 173 708 670
132 499 124 933
923 445 238 979
179 831 708 251
597 172 35 888
974 585 956 916
16 986 995 506
35 690 322 956
108 837 897 930
400 116 861 280
469 886 110 190
535 861 661 324
57 604 782 235
52 440 723 649
210 29 958 965
194 833 982 365
489 33 154 936
355 851 341 889
583 19 445 118
524 746 969 356
190 661 111 295
55 509 849 453
418 77 963 562
109 825 353 361
324 138 717 921
550 58 97 534
354 214 218 107
146 926 586 491
897 467 324 587
339 958 802 128
34 376 493 970
156 504 876 629
856 499 542 847
298 710 856 605
518 923 215 530
94 793 16 740
743 13 959 575
68 955 972 565
390 706 533 706
801 534 804 966
437 238 771 452
626 6 322 261
454 624 674 417
50 653 212 417
129 757 461 185
453 218 232 985
408 532 983 1000
548 272 399 17
755 451 505 578
113 986 635 316
597 449 230 886
753 953 497 677
513 500 717 722
152 453 111 323
298 647 570 575
536 630 346 455
688 978 777 854
642 727 501 31
634 237 413 76
611 946 572 418
966 88 812 981
776 938 737 404
94 26 987 103
877 79 554 311
644 623 560 75
107 780 854 273
490 951 492 780
413 408 224 953
554 636 57 832
803 55 444 683
750 804 515 18
520 333 647 310
553 946 354 76
585 263 944 223
556 364 572 838
792 54 799 230
633 671 690 410
600 459 983 138
298 841 945 866
613 394 901 456
912 875 141 205
53 506 571 936
407 104 59 367
768 631 736 179
109 571 425 821
313 411 472 141
185 290 463 382
329 761 673 864
510 493 209 254
612 542 359 785
508 788 858 664
392 394 907 939
569 790 185 277
615 114 302 496
931 345 632 269
461 505 794 416
170 413 70 299
891 856 735 176
507 635 612 502
433 273 268 707
885 667 521 39
457 785 184 125
605 850 750 231
56 747 907 627
197 270 574 189
785 829 59 149
253 354 113 237
209 417 423 39
67 942 867 186
375 771 263 571
572 602 444 271
682 364 303 471
100 359 282 849
602 533 198 317
161 629 543 313
708 673 645 503
169 477 922 622
841 493 762 470
413 858 231 990
736 623 653 105
24 874 405 296
278 367 326 692
358 388 156 117
979 383 513 256
351 422 234 352
859 647 85 415
275 291 223 491
528 823 795 586
543 439 332 208
530 966 87 292
170 960 485 260
844 52 817 390
785 930 246 193
289 599 360 725
568 232 129 994
745 874 601 474
85 445 325 726
295 184 762 200
797 410 101 878
866 303 130 241
346 875 134 510
166 971 86 5
212 263 734 315
227 388 937 378
228 761 554 567
481 609 41 944
307 312 264 622
799 749 384 474
601 536 526 847
834 902 737 545
500 891 388 895
657 679 526 51
234 353 752 137
983 27 277 419
377 508 323 352
153 632 233 534
468 314 230 426
922 358 680 191
437 297 481 342
940 946 674 382
499 866 24 757
366 631 173 497
590 223 940 980
931 1000 65 611
323 77 671 753
228 586 225 924
264 211 559 381
635 920 494 860
108 777 83 953
661 85 355 457
760 535 972 467
292 912 42 731
239 925 478 805
350 1 973 459
280 139 323 117
726 58 981 220
730 194 238 47
896 688 241 239
31 151 888 508
309 706 878 773
534 670 880 633
258 152 825 557
645 640 260 854
138 942 430 375
522 181 58 760
150 809 194 505
970 93 671 312
180 504 95 363
256 678 200 193
11 821 829 900
52 632 958 739
636 620 756 956
559 711 626 442
854 509 760 593
935 854 589 474
338 870 695 352
982 243 558 116
263 272 834 942
314 117 46 431
240 208 368 432
512 243 427 665
257 557 779 683
371 402 908 509
828 860 871 786
895 491 710 527
342 520 864 450
571 590 974 802
544 134 742 932
852 230 144 57
469 406 324 812
311 502 983 232
174 232 112 621
868 579 796 284
389 473 979 521
317 951 126 287
853 253 864 368
268 931 275 206
62 923 574 235
452 903 655 19
514 495 695 206
915 890 696 221
437 958 690 160
30 789 423 570
316 151 397 385
266 628 696 128
59 427 2 26
840 361 127 592
11 133 412 139
601 128 310 998
9 742 383 712
805 336 933 947
723 981 650 925
479 678 777 635
161 985 523 384
521 747 278 874
408 327 873 240
319 749 372 999
769 568 29 593
509 932 684 483
390 984 799 277
621 210 912 909
76 914 854 667
844 291 400 602
898 480 768 472
127 138 554 807
391 8 396 88
571 745 726 577
408 918 165 795
761 690 774 190
584 314 297 495
37 213 395 693
833 395 159 412
783 521 599 268
578 932 938 185
800 97 834 735
21 975 831 123
238 233 927 836
727 455 774 200
178 444 197 501
68 763 664 138
440 826 577 441
779 81 319 170
319 385 573 18
224 486 459 848
731 719 796 811
267 722 272 985
176 487 450 143
304 555 770 744
785 801 188 778
553 597 419 869
768 567 245 75
691 629 206 408
570 53 881 99
853 219 442 312
992 331 966 133
364 779 190 26
261 349 933 375
186 273 370 688
434 5 744 404
749 696 733 979
9 154 501 951
760 9 114 18
260 376 76 117
66 800 347 311
268 321 223 927
312 613 208 626
112 558 803 627
99 120 999 109
25 883 575 317
685 274 272 283
397 933 723 24
112 425 750 705
536 959 948 929
567 601 891 447
179 352 771 971
127 489 45 642
284 861 901 308
524 386 318 745
999 924 31 697
149 953 469 143
294 459 852 435
642 973 776 333
286 293 114 501
193 923 491 621
380 536 884 292
746 691 968 627
661 420 372 827
882 428 51 542
656 677 555 107
746 850 903 684
234 265 918 205
627 140 266 62
725 183 198 149
974 296 824 625
955 124 169 472
310 875 474 422
964 791 331 510
981 69 192 666
731 374 41 755
838 110 738 898
691 143 189 923
890 158 259 96
76 389 611 889
917 578 613 950
395 584 964 706
406 101 20 288
613 102 26 565
849 790 233 999
370 549 716 903
920 390 687 492
542 317 306 724
239 204 602 740
45 937 1 589
236 23 236 961
528 694 745 463
12 298 51 143
566 43 997 400
963 224 256 373
343 240 458 328
584 337 727 149
828 580 858 329
654 179 700 321
188 766 551 559
68 994 405 745
962 330 357 281
385 813 984 713
858 575 229 962
733 213 528 992
799 523 255 338
998 495 355 46
528 225 87 774
619 807 741 858
958 61 853 587
378 252 33 84
878 117 617 778
18 245 701 895
907 870 349 944
521 684 489 442
918 402 703 513
152 22 908 740
753 356 993 518
260 471 266 800
184 782 801 805
125 427 895 151
87 644 968 570
139 271 24 394
266 302 399 341
565 12 977 31
934 998 623 96
16 633 226 598
418 482 985 180
514 578 564 147
768 640 528 723
965 350 814 426
896 154 114 645
555 569 57 131
900 498 556 410
519 10 545 952
590 542 60 808
813 786 767 716
882 709 282 26
981 219 274 719
495 122 26 151
604 687 803 252
977 583 789 786
461 480 593 251
211 706 644 386
507 634 807 618
884 363 723 920
12 907 180 757
143 627 195 72
666 585 438 276
410 946 796 816
660 323 388 912
656 129 169 438
535 98 603 830
791 48 397 255
883 915 693 835
378 183 753 490
264 982 231 714
874 559 290 866
41 358 24 169
830 136 297 910
910 77 213 424
768 343 245 659
791 903 986 122
301 313 713 527
81 630 978 632
427 278 462 865
661 742 793 841
933 774 856 412
975 721 331 983
36 698 670 884
705 596 761 658
294 585 641 173
507 207 601 184
735 228 651 742
811 637 705 820
295 756 144 792
206 149 149 618
77 531 830 155
213 513 146 644
299 457 278 447
598 277 328 241
786 80 765 50
739 464 98 724
192 105 86 124
827 932 46 853
11 796 819 881
119 773 375 843
255 697 867 961
159 981 786 438
909 465 830 881
511 133 981 110
532 107 69 234
853 681 957 238
890 769 59 161
596 870 650 13
477 48 548 838
393 503 996 750
322 285 379 854
165 149 1 656
199 818 628 639
997 920 866 195
553 272 681 103
984 786 761 145
504 869 935 136
123 91 673 471
57 979 97 872
844 866 285 675
1000 145 95 216
912 935 4 293
994 618 153 109
837 171 309 28
175 372 617 371
599 418 373 738
156 421 107 83
738 568 836 605
850 597 402 332
573 803 792 236
782 971 954 719
568 668 637 829
844 376 12 831
907 538 938 957
576 977 344 863
235 800 717 88
704 433 499 243
579 91 126 769
443 492 479 430
593 510 679 882
367 552 513 533
495 702 286 629
691 793 811 955
834 844 48 833
229 242 274 184
407 526 267 780
89 207 974 640
532 574 398 144
862 784 771 657
787 758 504 129
590 319 869 966
979 81 651 675
797 759 421 31
184 241 235 190
492 965 739 501
463 104 180 456
462 279 244 799
885 167 329 86
608 601 480 759
312 686 515 870
698 60 933 415
584 421 160 762
16 800 813 45
821 35 571 522
792 470 358 343
728 126 619 199
920 135 762 147
399 860 975 811
291 794 803 859
751 128 6 121
408 889 66 859
130 775 402 904
473 645 707 198
183 141 635 671
41 66 476 932
681 180 358 23
778 755 471 518
967 495 772 921
853 916 623 479
836 311 380 622
60 819 70 651
943 55 167 63
833 449 643 899
800 561 270 28
514 802 584 193
436 501 2 599
386 518 381 404
808 466 235 254
410 906 746 35
113 242 824 781
408 816 335 182
2 736 629 61
572 835 717 435
696 542 915 152
744 107 485 538
732 575 396 455
110 363 890 577
611 666 501 652
21 593 604 243
64 218 491 657
622 201 252 391
944 213 207 735
811 735 925 357
823 399 729 233
261 537 468 120
194 723 994 633
805 74 406 354
648 954 547 959
489 265 287 822
116 838 716 167
193 724 31 540
787 988 282 10
931 231 736 698
807 72 578 126
662 675 656 440
906 274 306 364
762 379 537 432
25 666 206 845
439 846 517 682
747 410 839 680
705 365 641 829
622 32 987 146
104 659 165 324
597 922 386 599
802 262 714 127
352 494 372 242
83 282 306 646
286 343 82 429
11 876 892 280
273 164 404 283
350 492 110 537
441 748 120 25
2 476 652 484
59 851 966 788
13 900 102 628
301 362 428 858
448 199 201 996
742 707 120 928
650 597 925 975
759 583 269 961
690 777 672 992
758 556 738 666
856 543 37 313
711 382 218 293
692 170 843 541
656 600 774 432
494 602 665 632
950 86 871 122
262 758 106 822
522 527 359 891
507 826 361 222
783 96 494 792
209 960 826 254
878 263 378 882
941 432 815 489
20 954 378 712
746 613 766 620
860 662 996 107
305 166 285 383
449 996 568 200
404 588 743 451
949 271 367 640
311 86 425 579
574 6 481 126
606 496 747 768
916 552 401 662
47 427 119 149
796 432 87 335
82 391 508 106
341 616 38 37
927 846 884 278
958 743 627 495
828 413 483 294
657 765 95 897
978 379 862 976
676 526 847 186
358 97 757 971
378 175 833 606
778 212 518 83
419 611 216 278
86 367 98 589
72 477 335 442
45 69 454 922
423 878 62 239
460 631 400 584
514 750 365 698
123 215 95 662
804 129 34 354
988 576 941 181
973 614 512 806
928 603 976 721
885 198 890 641
585 502 550 103
61 380 909 661
663 141 473 416
167 591 279 510
369 783 988 457
301 261 299 886
