2000 39773
84 590 645 779
642 673 471 256
591 940 12 244
978 259 634 653
586 829 740 837
230 250 217 69
742 926 937 694
246 596 98 448
153 636 381 190
695 478 164 304
502 600 785 584
101 831 732 515
531 596 485 420
445 331 365 916
418 687 280 733
172 364 996 551
881 503 643 770
454 407 974 760
709 302 514 546
350 673 282 236
6 608 970 208
234 200 491 499
267 442 163 502
206 939 466 989
129 629 515 801
676 728 720 520
972 489 947 56
528 201 706 146
21 171 52 728
248 651 357 717
563 420 278 721
344 772 811 924
50 799 323 262
797 113 178 788
67 156 227 372
595 854 187 776
169 597 643 120
235 659 533 631
378 845 93 929
544 461 237 204
950 967 757 482
844 701 161 740
483 558 299 191
365 881 256 238
304 287 155 602
462 964 454 353
368 267 471 826
402 295 348 687
194 735 804 717
160 766 493 381
330 449 170 360
632 42 414 385
287 551 85 965
67 308 895 369
173 401 22 861
728 651 618 515
594 873 118 29
791 20 585 379
385 515 245 742
539 475 309 362
160 573 379 418
78 877 572 343
181 44 424 808
880 15 222 961
681 727 765 995
260 616 732 823
535 930 221 604
426 856 762 375
57 844 784 99
998 126 816 235
566 275 707 594
542 654 184 566
46 100 858 247
139 917 120 953
485 141 331 961
93 617 925 759
357 449 772 268
194 948 887 108
897 688 200 127
997 9 684 881
192 869 446 101
241 842 233 917
602 645 446 235
623 421 711 816
844 614 23 914
104 290 707 963
512 834 216 853
37 117 907 77
141 902 872 730
892 332 96 693
614 658 773 516
908 424 551 292
192 101 443 129
62 29 859 875
895 83 727 357
912 121 900 128
223 747 481 351
855 567 582 452
489 956 766 659
461 690 147 996
123 938 234 381
127 288 918 212
545 784 556 102
883 966 749 861
249 47 870 432
645 807 770 743
462 632 316 951
892 130 180 866
957 684 81 755
92 756 300 755
552 666 382 959
427 204 883 692
604 555 830 257
288 47 820 81
600 411 627 225
827 799 723 506
997 67 468 416
417 880 433 895
691 384 783 96
769 978 939 602
677 418 962 292
663 349 691 932
226 981 855 776
497 768 83 395
278 92 447 317
683 278 302 855
453 267 272 920
717 982 605 104
649 127 978 513
443 620 665 300
84 294 459 873
317 2 491 673
965 534 891 114
303 150 787 161
440 786 497 2
772 101 189 614
930 402 222 130
814 719 678 104
875 62 169 847
415 915 469 387
885 491 3 821
785 706 749 601
689 575 402 194
372 242 835 523
601 399 727 195
271 346 402 283
777 992 30 6
563 129 594 889
114 990 665 806
490 583 954 188
278 398 131 753
71 290 400 10
8 936 307 255
137 268 623 23
120 421 572 849
675 1 528 340
318 925 746 422
90 181 352 744
591 237 131 155
369 144 835 727
125 716 918 897
65 203 221 400
162 270 894 861
550 908 193 365
894 861 34 375
398 664 863 947
976 730 999 929
11 9 727 815
799 192 761 949
542 3 674 576
281 575 886 953
630 381 562 476
884 703 705 375
965 555 572 852
530 761 157 418
442 611 287 528
560 630 925 910
842 632 399 770
786 550 595 349
322 737 196 126
593 630 818 796
867 917 977 230
812 178 864 762
485 409 52 888
944 758 90 871
373 808 882 339
999 160 733 671
424 952 416 626
297 971 964 766
715 61 250 860
239 462 88 861
538 52 303 244
897 514 808 452
893 813 888 530
143 826 851 639
21 3 671 484
645 659 646 406
467 352 228 63
944 910 114 934
778 162 211 29
639 172 26 241
826 85 697 345
932 45 887 438
364 721 327 800
666 532 651 195
846 548 73 375
864 829 38 144
553 863 921 933
717 381 938 771
529 281 63 826
342 535 1 825
642 653 818 692
539 851 562 282
966 902 307 63
798 639 78 986
990 564 939 975
731 243 293 481
713 155 876 425
463 760 772 149
66 564 679 83
777 471 207 918
477 882 777 806
709 414 822 76
960 685 701 406
815 317 100 902
105 390 753 31
743 422 859 96
854 293 73 648
418 43 806 580
277 33 457 78
706 535 292 990
318 419 997 823
738 107 817 344
320 85 801 744
789 443 972 427
217 883 600 799
891 230 286 894
956 664 798 637
50 693 171 171
25 19 796 505
338 225 687 980
86 171 69 432
223 866 803 344
195 820 874 284
459 805 836 974
680 57 413 847
101 218 866 71
191 432 908 297
765 597 611 803
71 458 18 938
235 684 344 381
3 80 199 63
982 639 997 43
240 615 391 794
782 371 124 901
981 315 139 266
664 42 344 271
298 709 296 803
600 873 825 941
225 632 465 219
396 425 217 796
510 380 431 12
809 79 541 324
363 681 990 245
75 73 484 805
507 267 651 366
629 580 947 822
757 472 827 751
858 985 588 530
629 281 509 619
10 588 354 492
27 4 172 844
929 61 788 664
877 69 981 143
217 207 970 723
316 621 191 155
711 315 764 724
960 941 857 780
908 992 573 656
367 87 580 443
111 667 680 331
685 947 1000 790
723 837 553 927
983 257 793 129
143 378 957 652
541 814 866 765
652 949 810 241
812 521 191 830
656 458 760 606
954 373 720 214
600 952 223 204
21 111 11 436
651 220 892 269
113 956 371 911
343 996 732 512
314 979 45 977
995 604 50 372
282 700 560 1
923 536 148 425
226 940 773 703
502 343 763 713
383 724 829 719
105 405 314 84
775 748 189 440
581 20 734 206
890 477 572 502
556 295 986 542
58 497 643 793
654 157 796 599
693 799 593 411
190 694 453 921
306 782 728 569
701 369 194 873
450 515 593 562
816 911 972 947
793 221 36 657
552 199 367 453
352 567 625 313
974 191 474 344
731 146 605 636
650 247 868 665
205 386 194 915
667 225 372 353
836 52 748 47
89 538 857 135
633 83 478 673
698 186 903 309
520 963 603 983
957 242 41 763
988 201 215 821
282 303 651 85
975 762 206 179
731 462 173 406
504 352 506 645
540 117 536 610
545 85 325 194
904 899 365 56
160 889 901 267
550 52 352 721
36 605 390 732
790 726 370 235
655 818 458 307
282 183 207 307
245 508 963 474
544 721 94 570
110 906 163 492
658 35 125 192
218 231 468 620
110 363 561 97
668 658 915 182
288 5 825 23
188 946 543 49
355 212 180 977
210 369 264 767
666 904 545 708
552 807 235 598
738 855 579 253
295 91 147 322
191 901 186 83
735 70 891 565
716 991 855 163
248 664 780 270
323 551 793 624
530 215 109 67
886 918 182 250
523 936 515 584
939 234 624 487
553 770 351 384
643 560 585 950
413 203 607 556
355 366 954 644
961 436 254 590
928 405 235 904
274 207 675 882
746 353 177 735
173 228 439 562
20 414 104 300
765 44 841 181
998 100 728 11
534 996 835 11
821 683 751 959
571 844 998 77
914 673 399 377
15 520 826 962
911 28 136 143
685 563 727 247
704 615 307 254
934 835 118 978
590 601 786 258
982 388 818 749
511 829 515 801
56 636 863 632
365 648 971 117
679 172 809 968
297 880 298 590
294 295 740 604
244 173 399 358
864 861 649 534
171 996 717 650
499 561 502 506
412 94 914 104
896 453 312 216
766 214 16 593
768 944 21 653
151 843 561 260
253 357 327 687
114 10 550 404
169 598 486 926
977 187 87 816
73 127 46 486
262 342 203 726
315 164 952 364
377 213 114 43
633 325 222 169
626 191 284 163
727 838 288 102
959 195 714 709
233 674 893 649
524 278 179 865
136 528 628 312
818 507 550 395
74 376 352 11
486 661 535 487
663 70 81 60
843 339 579 283
691 984 311 704
596 476 895 16
588 832 821 769
392 84 872 138
159 694 600 592
313 314 896 742
771 602 267 364
975 628 981 486
664 335 315 40
42 635 230 472
606 855 903 120
217 866 771 591
561 951 331 910
442 740 152 936
364 276 106 437
85 369 188 142
528 927 415 345
40 130 203 752
537 936 946 932
706 770 765 736
348 537 629 316
915 202 855 90
238 109 11 718
916 607 753 876
460 150 957 487
499 902 805 430
471 434 602 841
23 948 379 914
168 461 666 702
232 59 546 689
329 710 332 167
69 515 205 372
815 112 11 834
926 934 698 983
268 504 623 841
52 571 63 587
362 560 801 496
6 458 114 606
797 157 312 920
159 1 223 253
847 584 716 316
154 8 69 14
953 321 806 669
861 698 444 98
740 109 939 833
533 468 723 959
168 766 789 145
189 118 174 530
462 856 555 503
138 198 707 587
582 925 183 241
999 513 935 342
779 504 732 457
370 754 658 811
446 524 37 941
860 670 909 855
233 858 618 769
488 710 223 369
14 703 166 263
687 678 263 275
340 561 431 379
141 554 107 974
652 33 187 899
914 96 172 799
329 192 584 956
513 550 53 811
883 163 193 236
233 948 984 726
686 407 85 538
974 462 181 510
689 769 822 109
871 663 650 394
289 726 810 748
383 679 927 638
18 394 177 997
631 846 42 110
587 440 521 605
474 907 550 930
137 214 879 584
283 429 737 943
158 250 565 273
126 802 911 899
882 899 885 750
296 656 3 411
975 735 471 65
329 629 617 791
378 197 500 4
751 796 574 168
805 339 149 188
86 87 233 183
697 66 882 29
252 501 619 429
617 503 361 839
469 282 955 177
706 830 330 986
379 999 872 931
925 548 36 522
959 303 461 512
606 680 600 167
262 72 480 850
464 282 151 173
969 482 40 768
804 206 27 491
255 943 526 191
663 994 629 606
95 358 299 466
712 923 387 489
712 977 925 107
921 135 347 465
332 340 270 356
69 382 88 698
118 465 276 415
307 583 823 594
309 360 996 555
719 555 794 485
83 584 439 719
608 62 433 809
803 76 697 418
973 955 493 116
117 291 186 834
221 45 227 817
490 105 765 550
880 739 785 436
70 606 638 184
67 443 707 335
295 263 167 976
792 712 786 68
603 184 226 573
967 12 553 215
702 723 8 744
593 925 664 903
275 475 13 142
879 241 384 271
745 283 813 545
533 374 514 815
212 508 426 145
527 240 219 881
668 890 880 76
965 166 524 944
509 127 665 656
942 716 642 23
661 691 849 999
600 422 55 139
125 205 414 713
265 632 309 605
511 542 374 600
921 159 141 694
183 205 647 89
655 201 273 843
657 719 203 602
193 239 769 91
573 935 91 357
844 208 675 310
190 729 700 860
244 121 787 538
899 62 270 702
3 869 334 98
372 239 275 785
882 711 543 629
566 779 222 114
749 835 659 494
582 925 414 188
32 125 582 817
293 809 213 347
999 308 592 575
880 910 291 482
231 548 795 384
151 657 441 459
382 396 969 514
908 90 415 707
727 949 762 709
231 667 637 875
990 611 120 124
264 906 851 195
777 95 573 604
745 629 972 70
280 997 454 298
276 994 182 895
738 359 699 175
110 316 926 36
150 269 774 798
183 384 657 719
876 925 997 529
516 522 330 630
21 138 418 872
888 339 192 164
184 102 782 372
815 183 858 168
698 248 701 760
810 700 858 945
363 280 614 634
515 772 828 577
369 633 239 913
862 429 950 557
319 247 744 600
633 845 790 684
617 322 1000 884
641 388 827 812
875 376 180 102
528 821 713 775
627 319 682 615
389 331 265 665
534 900 312 239
283 689 187 646
33 614 41 154
964 627 71 983
620 852 204 428
385 643 856 916
455 683 816 768
293 596 308 565
921 699 670 767
568 700 815 58
668 548 265 908
420 951 84 592
373 132 222 599
450 444 161 513
152 254 259 503
246 309 805 860
126 903 659 505
638 338 96 698
754 166 922 740
338 671 756 527
801 30 791 302
380 65 707 430
167 663 988 348
750 309 938 256
208 206 508 686
920 794 205 51
615 176 543 589
630 86 92 692
46 79 916 760
140 687 439 324
803 663 12 522
82 257 901 514
801 18 217 472
330 179 856 976
130 524 946 962
233 198 612 866
373 190 786 171
918 401 720 791
105 986 166 288
396 724 841 606
750 822 660 528
390 690 211 157
833 93 403 445
289 41 617 419
667 785 628 262
899 421 266 208
939 404 666 2
448 642 578 835
808 540 419 329
567 190 270 831
289 750 819 872
809 493 701 326
54 380 718 894
37 583 807 76
811 393 235 621
337 537 383 143
667 927 264 346
941 873 921 170
178 265 384 56
775 943 867 542
743 682 179 382
328 415 882 24
481 94 596 386
472 18 418 945
71 296 319 874
20 659 474 452
791 888 296 398
43 45 406 777
709 899 87 313
27 992 370 391
277 833 978 911
227 910 840 18
987 398 182 584
974 521 428 403
947 644 463 425
590 533 943 678
280 389 503 873
993 238 343 370
362 972 930 357
551 570 167 883
493 834 634 17
31 285 75 510
153 137 808 616
477 608 499 504
855 903 791 922
18 436 901 366
234 773 559 546
493 62 820 631
779 61 266 376
534 300 42 347
666 81 29 1000
952 33 810 734
577 5 106 864
269 508 809 759
31 400 185 380
127 797 729 440
247 827 309 635
560 268 198 695
757 81 949 786
67 289 101 230
963 351 922 47
714 289 541 162
322 917 6 675
558 378 301 361
657 253 529 276
828 63 583 919
885 113 919 704
551 680 526 20
270 743 158 450
341 73 778 584
965 645 801 330
671 870 814 884
832 249 556 714
316 111 168 933
701 252 24 535
89 206 13 128
856 973 466 948
84 150 992 660
256 638 341 910
285 493 424 177
102 803 554 300
330 63 909 807
556 577 812 373
407 290 7 345
680 685 219 850
597 85 857 486
26 957 586 606
40 173 242 49
918 710 171 628
798 305 897 142
73 887 599 615
63 914 833 515
60 316 626 697
18 930 415 268
332 724 698 671
951 890 381 938
962 424 826 494
529 591 125 897
799 902 813 954
16 787 983 455
158 17 375 382
694 55 192 198
464 238 848 440
872 287 132 197
743 673 639 397
830 833 357 305
327 362 519 612
227 626 407 237
325 671 282 944
88 408 292 396
808 479 490 774
939 742 893 562
88 387 543 111
468 548 853 294
992 807 698 197
782 845 158 548
612 605 652 26
611 729 367 646
851 821 169 277
349 34 781 651
688 244 245 558
237 733 490 556
749 552 154 350
789 200 122 117
314 297 83 589
682 484 181 420
743 219 877 424
549 136 695 642
234 505 977 47
462 153 172 775
40 391 422 867
445 160 71 574
842 58 910 873
607 675 692 840
542 494 220 86
144 497 411 59
485 171 808 221
280 758 641 896
378 974 492 81
458 548 950 820
537 518 8 358
699 477 544 330
116 963 646 143
214 723 695 537
912 324 277 933
86 918 989 691
580 443 17 726
680 236 322 51
896 637 85 867
954 833 748 302
921 163 710 783
181 315 12 753
472 176 53 419
397 78 94 669
286 962 342 794
497 990 55 377
893 371 291 734
281 990 349 3
236 544 418 874
832 493 252 607
539 702 950 356
696 319 705 563
902 220 389 539
375 759 69 681
189 254 809 629
435 606 750 157
102 31 388 377
104 888 880 799
935 462 319 583
171 462 592 227
150 919 84 243
814 806 898 693
71 667 745 370
644 803 736 260
517 529 893 499
834 425 147 845
93 148 810 1
366 827 216 142
249 815 659 252
957 920 794 443
901 278 557 584
828 518 575 613
520 559 371 953
581 698 959 371
352 557 97 540
720 172 335 230
445 643 918 494
670 647 880 984
323 204 915 936
19 829 194 791
996 494 765 332
760 389 849 428
260 358 803 521
22 302 333 48
411 542 293 859
879 333 967 1
683 499 266 440
637 779 337 111
557 481 704 380
26 465 427 121
917 916 593 655
343 328 124 510
533 387 651 43
899 491 15 295
143 117 561 757
148 439 590 83
618 809 836 165
87 527 63 372
525 457 802 989
941 386 308 783
308 75 564 729
781 526 605 847
928 826 516 786
767 678 960 730
960 554 948 483
486 167 353 305
253 84 439 157
45 276 952 669
935 93 929 631
646 729 161 521
100 143 754 180
118 401 262 916
263 545 41 126
216 816 723 968
863 556 6 809
377 859 414 148
227 857 689 842
431 369 965 860
168 537 34 76
283 721 3 770
846 878 295 815
146 597 149 405
791 88 447 999
361 295 253 464
393 815 815 395
110 396 869 308
73 375 260 498
584 824 194 532
981 816 850 261
297 729 562 688
205 797 561 207
77 56 871 974
155 8 656 160
428 994 825 575
57 807 457 227
297 16 707 942
691 815 56 155
48 645 483 910
600 755 961 217
65 139 87 226
591 775 429 264
910 833 973 923
970 174 749 185
109 531 463 751
247 326 57 454
228 284 948 150
337 320 148 250
650 467 889 944
81 814 707 129
146 664 397 742
692 300 551 153
835 225 367 653
397 157 940 274
836 504 7 479
559 253 427 727
951 827 276 932
875 956 208 289
922 953 286 336
608 660 896 753
578 23 214 803
250 673 333 184
432 674 130 358
111 682 439 640
768 310 4 387
678 871 321 971
143 33 932 695
116 446 434 417
383 437 988 600
411 179 99 246
948 243 77 734
312 300 551 607
116 400 452 848
56 741 35 126
843 304 931 125
952 627 722 242
608 566 517 580
882 630 977 993
238 714 173 504
768 27 656 104
869 748 961 423
609 413 825 976
681 784 822 414
268 134 379 451
980 606 487 952
472 674 917 571
159 249 145 986
109 773 684 444
507 862 960 269
343 678 437 894
213 104 494 632
230 806 873 738
211 615 244 304
948 985 41 289
178 504 829 101
977 865 453 966
666 673 559 981
426 710 281 312
114 334 670 576
26 826 526 884
345 76 49 633
737 912 362 462
912 866 210 706
975 419 815 829
583 307 123 303
661 786 745 583
410 24 879 469
945 737 324 708
981 410 913 72
284 626 536 489
481 240 228 623
121 461 708 298
626 403 498 469
132 92 626 496
660 716 521 914
586 926 112 505
43 266 82 90
902 35 826 129
129 687 6 928
987 554 382 34
751 282 337 923
63 444 436 260
716 693 848 476
910 495 769 699
364 210 551 357
46 287 526 751
978 65 205 415
723 282 584 808
380 183 151 738
8 171 562 323
72 860 554 20
154 567 293 672
674 991 340 354
357 426 632 40
785 390 380 956
370 927 862 79
911 725 375 882
172 526 569 191
437 502 378 606
136 149 360 153
134 807 795 254
578 62 357 354
400 218 932 838
680 993 909 793
275 351 870 71
471 956 89 851
801 826 590 495
303 628 554 78
654 604 957 162
387 621 448 3
937 107 878 704
500 222 444 231
912 280 560 791
612 974 56 394
821 691 913 348
143 314 732 266
697 166 455 276
904 317 736 390
740 892 928 481
296 368 283 716
249 278 167 398
790 410 932 455
684 327 880 408
888 650 600 20
463 687 498 84
998 707 703 868
676 792 420 282
485 91 759 639
557 785 572 211
601 918 367 574
7 503 296 237
429 889 302 334
354 759 259 424
137 90 812 403
931 938 340 198
520 50 467 207
264 595 646 816
112 304 379 925
340 641 835 785
682 670 111 261
965 686 540 376
244 803 170 381
400 684 284 754
713 854 879 850
433 284 265 184
735 594 358 877
416 953 888 316
426 439 522 590
583 255 251 81
525 828 222 831
402 176 308 914
668 200 341 891
374 107 297 320
120 471 904 412
606 684 243 747
622 862 355 825
832 844 713 458
841 528 778 985
834 290 529 868
574 100 575 632
481 369 346 83
332 544 377 910
81 587 561 293
758 112 90 894
673 22 382 157
352 850 381 654
696 889 518 554
836 424 838 716
34 916 982 462
240 66 770 286
279 537 83 690
128 876 188 659
453 139 975 654
340 323 246 636
880 212 419 515
369 150 665 403
981 649 346 928
637 734 137 307
982 238 271 291
126 15 440 510
664 98 6 623
1000 191 538 819
35 36 857 435
600 331 571 225
75 328 261 179
177 966 82 517
882 433 462 759
239 252 968 781
916 232 325 882
515 139 494 547
901 698 595 127
966 796 605 998
376 932 117 323
431 330 760 723
310 27 466 652
918 262 948 788
232 270 680 936
306 473 534 686
967 993 35 176
837 401 428 289
346 816 625 138
841 737 719 485
102 58 436 857
786 235 467 319
979 161 770 121
324 340 205 911
733 345 998 365
349 513 63 141
53 79 806 983
865 962 656 214
799 742 462 211
141 867 805 420
651 632 712 250
172 594 469 231
409 521 338 428
625 621 919 493
33 213 106 908
683 542 543 131
769 558 399 739
262 37 132 367
577 761 611 63
465 990 963 987
445 87 64 105
177 90 931 707
760 600 792 154
872 295 738 635
474 849 586 421
296 707 280 316
630 187 44 514
571 928 443 989
816 751 489 299
989 709 978 412
818 282 447 304
304 130 213 209
248 338 402 305
570 241 581 632
339 276 499 526
88 827 467 364
12 301 89 87
684 789 347 874
11 557 747 715
343 838 26 885
191 266 150 117
817 883 464 575
681 721 321 718
270 88 592 248
137 330 489 559
876 121 804 764
785 595 545 126
824 954 476 283
213 472 714 392
18 491 866 610
330 129 522 919
576 601 890 25
688 580 872 759
342 92 315 917
565 792 148 473
572 119 804 204
56 510 718 679
541 344 79 62
650 63 228 961
688 327 104 796
552 680 710 583
865 977 238 371
559 142 582 929
723 490 481 665
590 390 558 240
410 890 921 426
391 648 144 324
935 87 28 350
93 252 898 980
996 887 290 282
779 131 799 932
931 331 483 419
396 866 850 609
422 106 328 823
69 51 63 682
815 2 754 572
315 71 963 665
179 303 4 894
930 684 60 478
940 324 987 368
798 314 615 371
14 309 862 837
242 298 711 495
919 437 595 715
577 940 838 677
181 896 617 849
706 799 593 671
676 65 308 600
625 499 546 450
934 233 543 37
853 692 499 877
199 904 63 252
389 213 541 688
61 319 536 857
571 177 274 65
960 88 799 649
395 729 865 785
368 426 322 82
573 803 243 791
960 301 580 808
443 433 964 401
834 417 183 225
778 677 7 234
268 555 976 858
5 919 196 953
751 284 603 37
348 175 50 551
428 114 982 900
716 701 77 922
161 518 91 71
26 651 684 797
693 99 552 891
175 100 95 293
595 84 790 550
482 830 401 119
818 331 451 106
278 636 504 674
996 642 91 155
758 42 548 23
942 309 486 440
80 585 251 460
167 663 733 910
637 424 329 62
14 142 724 260
474 484 942 191
716 745 416 826
894 594 957 438
535 517 651 549
222 82 972 318
59 589 69 129
127 21 114 113
224 505 982 649
172 101 85 107
196 582 188 654
788 188 104 395
198 710 739 833
349 694 587 368
657 287 171 259
465 645 3 249
232 189 760 164
704 377 991 638
346 895 93 155
845 576 757 166
17 217 410 644
40 811 865 179
578 721 680 542
42 971 873 188
132 207 47 391
714 762 244 216
175 643 387 796
535 724 180 876
629 370 589 369
240 274 784 28
709 624 455 688
920 620 181 292
96 179 54 584
890 52 791 174
533 897 843 797
629 48 818 839
482 728 42 718
509 408 938 986
705 652 485 712
401 673 339 184
29 24 248 462
342 249 704 623
75 828 400 646
878 33 480 444
505 506 535 292
507 854 696 881
36 794 252 513
676 569 116 300
760 120 688 682
472 164 658 757
483 319 944 247
759 34 454 490
585 150 519 878
337 219 338 868
852 895 158 552
208 838 990 203
896 836 745 805
220 597 444 58
867 222 591 344
5 53 606 7
930 567 605 924
929 537 810 915
159 467 533 157
372 287 782 414
620 622 245 986
203 110 980 373
48 54 440 632
681 332 139 290
587 924 190 419
707 634 916 700
826 34 576 942
475 182 222 330
936 191 874 539
344 53 604 229
936 739 592 359
589 322 893 74
330 811 849 875
932 173 277 286
557 899 514 671
930 669 360 981
145 508 197 980
295 83 894 623
974 665 237 191
647 158 618 364
663 702 718 848
762 68 168 626
588 380 913 739
634 832 119 855
829 717 800 784
659 755 640 218
753 504 690 519
818 986 141 195
961 906 184 25
609 363 461 630
937 851 477 767
31 717 91 644
253 213 451 573
470 358 81 283
106 866 711 251
223 546 500 770
927 445 42 602
391 644 891 832
10 922 106 867
529 87 248 452
620 630 136 753
573 866 954 874
22 378 994 798
800 198 528 673
429 427 313 148
959 880 655 829
867 706 963 13
321 991 937 572
140 586 745 655
722 213 752 688
649 440 702 120
502 802 728 649
200 791 818 514
280 557 790 25
360 770 684 201
555 36 553 971
752 601 425 769
705 144 345 806
609 121 467 368
904 760 371 2
220 190 826 943
735 748 892 551
809 510 133 460
345 953 644 729
820 2 214 681
909 89 887 126
902 183 108 663
493 225 806 897
934 848 573 908
785 475 794 296
100 544 848 323
956 411 647 412
948 400 150 549
266 368 491 17
112 399 253 561
2 407 745 636
866 524 309 172
650 268 878 227
197 782 82 465
70 89 801 116
650 890 838 282
806 543 128 688
265 85 761 160
785 775 396 335
822 454 569 765
183 236 768 68
495 550 43 715
485 772 397 809
566 152 662 349
550 829 614 207
550 162 631 23
436 348 868 569
568 595 346 354
928 197 423 111
979 554 885 897
455 59 550 590
651 827 669 923
61 733 581 673
774 89 594 417
943 293 834 416
737 45 588 652
641 787 759 606
104 715 604 684
865 273 135 91
610 485 152 108
12 601 572 82
463 492 871 692
970 720 641 387
153 873 576 254
721 264 349 752
92 184 402 137
378 88 744 442
780 852 563 505
520 569 356 754
6 544 69 527
797 456 412 133
141 651 95 457
979 775 257 957
807 216 352 636
556 107 602 122
629 494 744 690
432 394 792 652
686 894 672 519
248 677 82 628
906 183 779 506
491 449 945 678
895 138 406 292
785 725 6 659
835 101 922 635
549 898 464 241
200 556 864 400
749 829 747 853
728 882 77 622
501 466 807 979
192 64 522 789
802 81 662 124
324 149 371 675
230 672 296 952
634 744 461 71
58 716 421 999
9 784 282 517
933 755 772 641
211 327 782 755
197 379 500 436
129 741 169 254
597 230 34 658
159 997 72 928
876 743 306 608
306 737 483 293
225 856 123 278
830 213 87 71
574 370 952 597
252 424 921 50
665 189 535 346
318 459 644 759
500 601 978 31
80 972 176 279
304 357 5 912
316 556 922 227
23 248 711 670
112 184 877 746
46 490 598 865
431 729 426 684
252 731 255 979
958 613 617 330
504 450 854 498
396 701 667 872
49 340 708 479
1000 506 919 462
76 313 359 7
596 24 643 225
631 10 106 288
834 136 371 606
746 345 822 252
109 324 430 431
282 650 620 564
699 388 980 639
832 86 812 384
928 97 154 856
837 210 492 822
229 649 442 97
510 788 214 803
846 950 874 893
908 748 22 65
669 868 619 892
183 521 58 408
329 930 881 378
346 393 945 595
407 192 921 639
653 651 854 402
491 269 49 907
303 947 293 758
548 285 727 636
725 156 421 319
295 44 39 781
869 679 625 399
580 517 707 329
398 731 358 814
554 959 935 394
492 898 31 867
142 50 79 525
954 759 406 362
498 980 836 880
815 649 683 592
661 322 397 244
909 491 469 504
430 136 687 214
667 323 71 813
67 248 273 956
909 266 363 811
4 118 671 821
467 6 565 397
279 224 917 185
234 837 851 723
831 662 662 532
674 410 247 804
779 447 44 234
499 290 364 833
755 273 504 660
398 190 1000 391
405 220 91 650
410 191 947 485
735 871 426 812
654 421 243 851
496 292 568 891
618 377 22 478
733 622 999 502
708 198 748 602
213 578 369 750
746 160 602 726
269 572 560 578
310 639 399 381
507 333 352 350
167 246 774 374
932 537 862 865
125 220 660 882
214 751 298 287
694 845 93 246
754 720 410 750
225 427 597 417
942 167 14 727
661 981 826 462
160 857 407 723
94 742 409 9
413 326 74 187
321 476 902 105
507 407 471 424
501 980 723 112
114 393 417 807
45 1000 329 386
900 769 880 761
207 379 158 705
313 609 506 839
781 127 756 342
865 388 536 133
195 30 926 222
194 673 23 546
512 394 500 409
782 384 956 332
806 792 816 512
890 670 833 855
482 239 671 698
674 834 202 797
496 230 475 69
38 888 680 31
585 137 703 441
367 229 395 238
480 964 824 312
925 242 396 322
57 472 218 130
860 176 935 8
352 211 442 240
521 768 624 541
913 101 98 918
385 481 438 395
444 791 561 448
575 569 922 52
682 839 654 477
47 159 970 725
440 799 1 36
866 682 730 958
442 187 652 621
716 232 184 681
406 479 498 784
481 878 194 591
330 628 463 254
536 61 129 54
923 256 417 176
712 668 349 157
522 212 740 153
997 464 165 326
284 210 566 914
288 167 895 701
368 5 33 881
185 625 907 816
309 64 564 791
119 683 382 724
772 934 321 679
369 212 190 15
472 119 48 885
509 471 517 786
932 778 222 385
850 69 193 445
649 115 750 190
819 628 962 917
824 837 818 758
469 419 57 278
741 716 996 891
339 672 456 476
701 836 414 737
414 740 774 334
180 423 353 894
619 199 590 508
534 842 576 582
843 400 279 910
541 499 347 674
407 918 747 410
873 259 831 487
578 40 843 782
484 548 921 971
451 11 861 530
199 556 720 335
921 837 807 770
718 918 528 376
805 252 580 352
268 772 645 60
432 828 771 658
347 576 673 421
870 791 26 749
474 794 244 160
56 162 701 466
554 866 551 111
291 546 810 397
222 655 559 139
315 951 654 793
905 106 626 880
852 880 169 153
917 853 430 842
188 144 872 263
20 42 938 295
780 862 588 311
376 744 244 828
30 31 474 281
555 1000 777 677
965 529 921 522
513 74 378 642
304 134 252 341
361 821 646 877
514 219 601 912
698 757 567 795
744 409 512 420
382 53 967 782
348 571 85 928
788 77 757 131
934 348 594 41
520 783 575 180
265 723 597 694
806 487 753 165
576 959 213 124
446 537 770 566
658 853 831 27
929 472 189 521
388 130 674 828
818 939 126 986
438 40 117 737
150 578 319 563
966 364 565 251
906 11 207 667
831 27 203 870
267 32 418 855
409 715 191 924
590 485 961 326
369 648 442 738
429 622 379 480
161 290 886 201
957 903 752 143
546 887 212 59
613 834 384 823
327 686 85 627
225 495 866 797
741 460 935 590
806 932 516 82
962 329 429 771
881 924 193 920
311 517 616 185
6 372 118 789
217 179 590 57
16 948 142 937
644 771 512 801
53 542 430 151
244 340 495 309
51 745 269 633
974 45 214 686
779 88 272 269
201 606 811 773
14 775 634 429
210 738 195 209
691 808 224 728
399 48 777 462
996 261 891 425
135 51 342 209
145 136 306 936
962 246 843 470
302 955 532 476
304 136 709 924
524 156 489 882
480 592 314 701
258 152 230 961
132 78 268 450
893 881 321 31
49 899 914 873
530 12 257 642
802 177 760 46
615 382 384 533
770 678 658 987
115 368 22 476
715 456 642 371
934 23 510 734
356 999 266 716
8 837 278 344
936 571 712 57
947 37 810 320
254 231 130 152
522 630 955 663
338 307 651 381
28 742 835 503
5 833 403 755
525 484 659 215
979 874 552 875
613 350 856 835
314 594 316 318
648 907 928 992
186 22 319 377
304 467 106 555
933 500 773 530
979 324 127 482
158 209 794 933
113 442 686 847
212 927 213 187
371 476 461 717
538 359 964 141
263 829 703 906
208 594 89 64
407 429 434 865
351 998 829 740
85 734 120 448
901 773 312 86
432 803 271 612
625 617 635 204
706 529 186 626
525 278 321 365
711 925 806 934
294 391 385 970
705 494 845 973
831 698 332 197
907 605 934 148
988 953 942 978
767 294 739 88
372 441 59 190
364 821 227 63
962 76 945 24
564 792 874 705
541 583 556 813
746 157 934 73
1000 792 767 758
966 422 818 472
996 826 832 967
484 872 75 584
2 472 720 559
903 341 720 862
530 876 326 256
634 197 868 17
919 741 901 588
256 888 252 688
585 967 682 613
108 7 53 605
941 351 208 278
79 583 124 590
960 239 224 998
32 961 829 332
447 347 994 726
330 315 594 107
506 836 962 562
182 670 746 751
796 176 582 44
640 372 550 613
597 717 38 528
962 275 748 506
912 950 323 56
986 637 505 147
651 910 602 735
476 268 241 794
147 156 456 510
759 838 673 244
966 665 302 649
681 574 840 108
932 814 470 24
242 369 168 695
965 804 114 854
514 250 964 596
751 408 468 602
451 49 927 366
800 943 459 384
66 435 64 747
945 185 138 576
668 423 611 277
345 266 260 133
964 820 369 451
190 239 239 915
925 843 152 730
190 452 916 722
587 231 777 425
686 540 735 320
384 76 557 29
662 444 226 24
170 500 966 213
584 319 354 3
916 974 489 825
2 366 231 485
291 538 545 531
381 994 307 926
438 658 34 652
889 49 433 613
722 940 699 7
40 324 204 578
515 399 610 36
84 275 154 707
869 882 23 926
594 416 846 255
146 980 961 107
916 265 766 660
236 183 498 447
729 536 534 626
394 123 121 694
801 180 811 553
200 532 646 665
80 665 151 53
902 52 500 635
661 42 760 196
855 840 678 279
790 238 107 981
711 713 729 145
109 833 954 960
521 814 770 741
853 452 612 725
753 584 168 958
174 540 172 56
22 719 117 523
691 527 674 486
946 805 460 452
3 436 656 658
46 879 908 227
518 733 117 690
194 201 651 25
493 964 894 568
552 49 607 370
129 229 582 523
512 928 369 787
310 38 97 73
632 661 524 362
741 452 900 8
888 623 772 297
754 574 146 847
687 47 49 17
748 898 481 305
673 694 992 380
28 86 186 446
313 443 49 207
211 931 38 825
480 174 817 556
500 186 846 554
779 760 119 160
16 113 28 105
582 27 525 717
74 667 216 894
145 545 178 62
87 704 24 362
842 784 834 734
19 35 151 446
729 596 542 792
443 362 144 697
595 946 956 666
253 801 60 223
91 709 17 581
930 932 952 44
682 44 946 440
969 804 204 631
452 197 44 109
376 991 298 102
520 24 882 98
363 987 937 141
775 704 423 499
37 343 523 407
509 515 628 354
453 582 840 81
489 231 164 836
544 152 351 890
1 344 954 256
502 342 25 799
831 788 501 86
956 150 427 486
398 721 813 722
261 417 557 788
876 787 865 276
350 451 676 218
845 698 485 660
381 408 376 935
777 656 83 658
897 482 836 225
917 858 914 657
978 455 669 573
449 224 513 876
180 308 411 868
819 411 886 891
694 846 800 78
981 443 12 721
389 549 524 669
964 463 799 790
423 624 107 13
768 927 740 849
437 378 780 815
912 827 406 65
706 352 215 860
124 174 762 534
714 878 188 778
925 858 323 188
256 477 539 126
349 191 733 267
204 972 521 24
301 426 809 283
426 97 700 843
52 577 582 522
977 657 156 508
794 79 191 304
807 753 80 642
196 33 700 695
421 393 621 401
129 829 291 924
194 930 899 208
672 1 659 797
382 536 223 92
488 431 735 989
486 181 241 355
806 634 385 886
757 824 714 450
922 79 311 653
691 899 807 191
183 429 675 184
486 483 807 30
325 981 992 636
9 211 699 811
151 753 858 342
811 180 835 567
817 242 540 218
113 567 7 343
725 439 47 925
84 757 92 802
438 746 900 339
793 510 769 375
496 319 246 937
643 77 920 40
879 929 654 838
295 111 669 105
165 77 938 981
371 543 580 769
313 167 957 985
387 945 489 625
817 400 230 355
210 549 980 363
231 418 430 233
277 937 503 969
894 968 549 386
906 524 326 996
850 341 933 735
814 587 489 127
755 863 301 265
684 372 551 894
960 901 339 222
580 949 50 761
906 223 274 39
630 825 710 648
464 100 471 95
67 511 209 333
78 556 343 250
273 112 25 245
311 616 591 767
530 172 98 932
815 884 240 398
649 629 491 9
76 888 299 898
609 318 321 414
362 883 450 705
581 361 869 875
574 420 499 288
896 147 652 245
