2000 42835
489 921 486 916
663 907 531 763
554 37 682 980
281 701 565 402
494 806 849 429
466 246 5 604
902 762 401 718
682 710 610 622
296 335 531 856
315 535 334 64
872 970 447 201
330 416 185 272
99 333 438 850
871 747 478 572
205 117 148 773
450 187 313 361
252 751 862 688
435 523 325 658
885 214 807 410
937 158 737 119
760 480 399 404
830 133 623 647
904 803 439 199
289 405 271 467
85 3 149 286
89 459 743 582
432 643 132 816
889 220 278 902
57 976 485 356
137 624 419 99
127 883 732 78
470 200 574 152
580 6 104 62
933 90 172 606
561 943 658 193
947 870 584 572
392 899 550 50
766 793 966 958
267 878 770 470
253 124 556 815
98 943 920 492
298 59 32 719
700 683 394 506
355 396 285 765
193 462 90 823
264 34 720 800
721 53 120 462
816 807 764 788
356 85 21 368
450 698 480 124
334 3 923 527
7 41 75 4
516 38 535 746
961 570 959 3
762 48 73 273
810 686 679 518
106 755 429 582
213 588 472 917
790 84 611 673
331 597 137 712
78 403 601 788
160 754 904 403
403 935 363 128
760 78 531 256
716 160 337 657
62 838 114 751
388 273 919 351
752 219 465 136
658 576 85 11
147 243 284 149
386 132 850 729
484 827 66 162
191 281 455 770
665 126 973 191
532 269 983 134
549 127 392 676
745 483 196 823
827 499 602 991
109 456 642 616
663 114 338 250
851 700 170 678
991 793 645 78
374 252 857 265
956 402 706 717
582 330 540 90
410 535 169 778
357 943 926 284
300 641 406 475
493 408 223 626
512 240 942 135
7 255 145 124
49 517 725 26
212 981 446 428
731 276 741 604
814 953 537 877
554 370 206 323
853 673 503 297
826 594 123 861
968 140 582 670
18 656 381 385
392 599 350 969
819 921 273 359
122 778 248 814
909 384 258 655
523 831 546 779
120 120 458 539
940 368 958 817
518 847 501 784
19 684 988 719
233 390 27 215
733 221 944 173
522 607 839 169
11 850 292 679
92 855 169 739
869 585 953 832
152 314 960 523
290 312 326 776
559 608 39 965
328 877 968 215
926 920 881 805
875 811 452 140
141 337 771 941
66 27 308 677
353 146 812 402
847 924 561 77
728 400 858 928
997 604 242 880
230 590 309 874
800 384 146 621
171 440 826 370
94 868 911 113
406 760 938 330
814 619 937 409
86 509 2 626
732 974 503 309
831 745 559 19
235 172 178 936
555 974 828 488
436 405 459 23
483 639 729 273
618 653 212 647
915 296 922 965
285 944 9 176
582 441 495 991
665 578 827 118
155 862 342 298
405 301 550 93
139 115 829 484
548 22 834 903
727 182 222 120
249 904 881 334
692 231 218 988
937 298 664 27
396 915 697 258
923 711 94 719
337 411 827 382
162 164 556 484
903 995 952 951
656 424 279 638
249 566 180 298
476 138 105 488
340 457 962 341
532 714 850 178
229 707 669 682
53 480 964 59
670 215 700 830
372 496 79 312
622 159 435 893
183 589 80 606
294 141 987 373
50 98 509 834
612 208 453 359
305 910 151 913
516 647 38 497
146 774 278 66
881 101 65 39
440 657 4 769
546 319 972 27
314 68 546 595
753 984 749 524
319 501 332 444
723 653 434 305
193 965 392 963
772 784 490 646
73 468 135 578
201 553 850 265
372 746 803 195
706 924 400 540
519 142 471 253
725 702 90 634
796 710 351 721
128 355 352 134
660 327 405 799
955 525 434 296
75 790 565 853
298 391 815 729
921 142 996 813
763 480 43 5
163 130 505 225
575 62 351 898
604 674 703 22
417 745 682 255
531 205 157 723
35 603 824 111
580 798 108 462
938 78 533 733
73 662 340 793
797 841 534 754
516 897 758 129
240 352 904 352
558 607 554 147
719 675 399 183
382 27 911 725
371 166 97 450
797 902 436 969
378 778 634 693
387 282 783 201
53 481 466 204
83 993 965 962
292 195 37 114
155 586 613 312
401 983 540 586
883 575 622 686
867 489 257 721
230 112 455 419
942 642 48 169
617 528 409 865
730 154 122 156
972 605 98 749
296 175 91 580
152 552 132 474
788 66 256 612
851 502 746 27
378 433 66 812
136 403 598 839
864 634 114 989
267 123 671 714
531 970 884 14
591 590 800 631
53 988 128 735
947 923 676 272
304 266 960 948
746 159 264 839
366 420 523 835
413 444 968 714
615 789 350 927
444 544 952 360
212 675 468 968
840 86 506 285
69 582 710 722
3 956 427 723
280 33 883 107
881 814 580 183
2 757 848 699
569 159 849 371
948 700 977 611
134 37 148 902
354 31 156 259
844 419 755 616
179 751 402 448
654 512 594 45
646 767 749 266
711 738 145 306
291 121 479 350
763 892 308 420
949 412 343 832
102 234 200 633
270 255 268 235
69 942 532 868
41 1 233 886
282 667 68 918
141 749 200 642
740 134 960 686
235 280 514 20
870 512 253 986
218 476 520 196
332 878 578 500
684 526 186 920
246 906 349 951
814 960 845 490
466 241 68 518
496 406 969 424
174 312 753 93
785 971 235 878
734 456 238 932
493 977 369 507
931 473 537 36
151 951 148 702
703 420 990 161
510 984 564 111
409 611 209 241
701 488 406 63
79 333 265 403
642 332 785 437
384 424 902 830
486 380 284 810
155 112 365 689
886 401 870 937
252 541 954 513
773 453 391 571
840 35 51 789
270 789 943 662
378 107 888 182
16 151 858 61
468 887 825 502
825 922 338 939
662 555 312 610
149 238 166 299
797 965 697 502
522 255 981 457
842 94 997 995
294 263 201 67
970 431 546 643
182 114 800 749
296 845 349 384
879 11 853 456
408 785 663 534
380 508 289 679
658 84 509 834
437 293 619 724
708 847 105 666
420 608 704 982
616 415 437 315
769 345 928 504
715 654 402 73
949 682 727 309
767 373 421 394
342 510 489 376
218 511 21 778
176 920 758 786
581 96 302 374
421 745 138 265
862 581 113 411
185 104 993 830
632 230 155 238
239 38 604 303
985 580 136 330
540 209 4 920
234 26 905 588
218 625 505 906
280 864 269 414
274 479 108 475
524 792 472 83
340 656 329 115
585 87 469 984
173 514 356 909
739 698 442 84
31 184 547 233
762 797 34 420
671 659 371 969
569 85 567 414
512 892 581 760
161 914 467 49
373 257 67 717
299 971 409 285
932 775 819 687
705 204 187 29
561 119 738 14
932 29 790 124
505 658 357 885
317 196 393 482
305 696 715 44
476 869 726 55
33 808 232 418
199 609 246 625
318 735 782 463
348 341 614 239
307 400 318 336
1 648 649 884
653 550 858 532
79 409 765 405
11 497 723 814
345 552 33 251
272 311 406 649
287 157 974 970
643 636 903 692
361 387 971 579
778 159 492 146
19 302 236 892
232 940 75 976
973 34 702 266
562 999 577 147
357 278 79 410
309 93 417 20
731 150 273 506
659 549 391 283
32 289 544 720
115 488 454 677
433 642 180 854
924 891 864 403
566 271 115 936
627 363 552 691
436 984 567 920
769 262 38 352
26 22 675 782
214 684 739 924
898 444 367 153
410 986 541 377
172 443 839 323
372 356 523 995
302 529 3 316
255 21 619 348
216 379 58 793
348 99 645 536
682 263 684 409
895 277 121 397
75 42 786 602
412 12 951 860
603 101 952 473
527 596 581 121
503 871 900 881
416 979 689 115
114 514 248 939
157 496 607 207
31 906 560 146
58 127 532 752
952 881 872 94
29 980 578 610
839 663 53 534
988 859 415 961
249 292 589 37
575 82 980 553
141 862 123 884
53 506 307 406
42 67 619 581
88 611 354 972
148 630 582 362
290 300 577 945
695 730 407 953
94 652 706 166
235 524 821 908
568 942 970 997
908 274 495 26
603 493 259 780
931 415 101 652
546 214 725 741
739 796 158 49
695 262 365 905
345 335 747 490
264 271 695 679
536 545 101 715
961 77 758 661
894 580 51 257
609 563 625 138
240 710 172 869
923 799 407 834
262 243 791 863
646 848 731 507
4 253 896 458
794 149 270 438
821 211 440 192
625 863 870 784
163 673 454 730
267 59 363 436
806 973 31 975
381 459 320 125
712 372 259 447
295 74 612 7
492 3 789 772
893 149 301 621
132 423 177 369
41 213 545 899
271 750 831 494
472 528 690 325
570 714 70 315
781 160 868 629
925 750 340 664
590 980 126 345
654 348 662 364
564 438 519 870
152 719 360 439
844 875 279 629
269 762 47 626
701 729 12 304
824 389 966 119
591 11 127 844
571 342 68 335
842 544 75 65
964 659 249 722
397 290 353 382
577 546 937 542
285 569 698 918
352 298 954 863
87 45 777 663
501 708 693 584
582 43 747 329
839 711 748 679
36 124 825 197
228 782 221 874
632 529 341 516
713 876 797 104
670 717 628 556
705 692 116 529
851 736 393 495
133 10 769 338
50 590 834 867
41 484 307 904
855 987 574 822
562 967 991 636
559 885 39 69
81 141 856 829
602 884 398 870
293 19 292 676
306 293 555 797
613 265 965 771
658 880 763 327
605 414 111 458
140 465 363 56
264 446 974 532
670 529 106 937
190 592 862 383
727 804 373 716
82 691 736 445
972 669 507 753
815 556 561 237
546 837 407 44
229 182 780 300
329 261 368 279
292 66 619 802
971 324 693 709
198 602 388 625
903 234 538 54
921 973 421 890
948 196 673 397
687 719 170 283
919 407 910 603
690 204 237 895
879 284 19 363
39 478 872 723
625 640 991 516
230 551 750 767
363 969 348 890
644 592 366 756
580 264 852 849
631 522 520 989
390 457 658 468
439 668 277 221
499 231 856 620
170 151 182 841
521 154 161 679
730 484 811 282
159 652 821 398
94 528 254 398
766 580 373 50
317 541 603 27
26 385 157 963
978 191 902 678
917 210 996 51
418 52 620 193
667 119 2 7
470 654 921 104
837 71 811 829
662 292 102 727
994 824 676 773
57 227 901 209
387 279 621 195
815 481 348 776
743 62 372 353
862 428 480 121
483 323 914 681
775 121 797 135
141 780 744 490
397 5 65 554
413 723 658 400
851 72 554 62
797 960 344 740
819 984 764 757
725 838 781 436
124 84 508 479
219 817 537 841
691 578 383 234
892 47 128 805
37 959 949 902
322 389 541 608
53 296 395 546
332 579 922 937
827 338 110 378
892 776 86 568
97 130 761 702
960 441 21 374
74 234 673 124
235 467 712 181
777 188 835 916
937 879 895 725
116 759 143 363
468 491 917 798
266 877 814 669
269 223 260 287
504 218 538 869
899 767 685 177
841 560 597 93
62 461 274 798
869 508 113 632
157 915 250 669
703 375 880 756
358 531 192 93
578 158 850 300
140 935 945 997
955 111 757 810
637 869 330 511
697 358 340 825
777 111 646 688
826 767 388 127
656 249 850 690
352 965 276 792
628 429 487 154
225 842 716 325
723 998 869 772
156 537 649 880
484 571 491 867
778 803 809 517
134 158 217 837
731 931 834 267
660 855 358 266
872 444 774 52
281 714 638 158
479 42 825 799
983 970 211 948
458 875 800 52
833 428 344 262
421 240 302 135
684 544 581 160
758 5 75 248
372 989 686 489
293 343 798 953
830 888 382 840
75 26 1 416
530 32 311 839
735 168 67 131
509 550 329 128
3 37 314 196
730 796 865 504
331 247 917 946
511 328 429 833
872 494 813 451
746 954 273 831
476 89 752 168
829 490 999 873
195 144 733 685
588 891 363 581
221 79 753 47
915 22 158 878
828 998 745 939
866 131 258 527
756 217 258 269
190 550 57 844
632 242 547 943
905 296 747 717
68 53 402 21
305 344 919 72
582 965 41 55
823 451 635 417
407 723 586 578
713 426 413 425
517 517 632 773
28 914 503 151
674 705 42 505
181 382 364 90
170 11 829 791
748 432 735 374
727 131 960 635
380 285 548 881
269 824 440 746
791 798 32 316
420 253 945 456
469 612 289 846
577 530 567 822
806 807 197 407
54 992 554 65
95 182 311 712
164 641 108 365
637 208 111 553
826 887 514 989
980 146 380 872
802 978 852 958
915 612 506 332
791 471 560 690
610 973 177 86
718 34 187 68
630 353 520 765
406 648 249 270
421 805 161 488
770 156 81 444
904 603 827 75
702 221 273 460
495 498 811 17
655 95 691 641
870 53 736 117
600 426 919 526
663 44 508 521
925 9 319 23
762 873 119 238
918 390 181 144
801 279 506 370
869 908 754 487
634 158 687 920
945 207 72 268
667 865 630 720
140 473 675 417
648 330 441 792
477 60 9 970
734 3 198 662
595 221 909 616
956 190 996 887
967 440 137 652
143 256 459 29
422 290 786 533
103 259 627 506
632 498 835 591
965 228 663 1000
222 945 12 370
827 717 942 740
268 241 317 135
144 358 945 699
809 559 562 81
56 804 68 242
8 455 144 838
705 454 450 46
873 902 786 292
143 404 856 904
919 992 66 199
231 98 144 41
249 854 60 427
294 186 212 887
394 230 325 869
425 416 312 316
966 897 847 354
242 607 343 475
422 762 853 371
781 632 78 534
136 469 486 511
682 419 853 857
598 58 703 788
90 44 668 257
298 701 216 59
99 791 476 477
680 534 402 913
130 147 426 102
406 581 925 663
17 569 67 307
887 24 463 767
3 409 389 148
101 919 780 38
215 138 92 228
569 477 294 420
789 422 501 50
210 399 985 282
555 568 743 17
586 70 695 446
637 279 363 906
115 582 133 730
880 295 494 996
183 664 275 953
903 145 760 872
344 706 304 247
438 430 72 27
260 320 179 516
177 769 854 521
898 566 240 339
664 171 891 165
105 511 452 197
688 441 489 640
847 147 361 203
123 309 93 157
410 807 299 495
233 619 993 926
442 702 931 635
519 306 830 525
410 136 440 757
109 161 262 445
498 203 339 627
850 296 36 906
958 8 709 214
469 774 237 818
351 842 54 540
730 931 948 680
340 967 848 239
386 289 87 142
656 619 789 104
483 244 960 896
384 700 227 506
431 318 359 404
1000 916 903 276
105 686 489 402
880 584 667 635
88 583 736 889
719 237 439 737
176 9 743 629
200 765 779 955
163 814 813 2
839 731 238 826
380 261 165 403
401 344 200 708
720 763 273 37
51 517 728 971
987 271 958 389
492 173 605 197
172 861 329 160
329 276 197 990
945 868 577 161
564 633 393 534
340 500 297 852
441 494 535 245
349 751 563 709
622 705 39 992
799 671 474 701
121 979 196 970
609 738 546 851
183 616 48 377
851 503 828 217
409 973 758 8
777 417 15 235
237 114 824 340
497 685 441 711
686 391 497 465
401 925 486 146
432 684 547 414
938 56 395 315
805 271 464 80
869 20 721 470
486 502 777 214
217 226 69 973
844 439 532 391
323 43 703 591
843 248 261 149
518 972 13 441
811 556 132 454
115 239 280 574
323 154 748 247
681 221 622 128
174 268 411 735
274 667 846 870
291 699 798 226
223 147 842 708
152 17 161 207
373 427 455 430
527 789 781 363
607 479 477 636
695 197 795 648
646 488 986 547
306 326 595 985
355 797 36 907
187 798 522 335
899 155 273 862
322 81 819 750
26 737 765 743
744 111 428 4
699 575 748 171
553 347 123 504
821 234 498 960
621 331 181 508
441 747 123 679
149 875 780 28
294 29 916 635
843 839 705 610
640 826 60 864
136 761 405 350
740 644 292 545
739 585 547 240
594 714 930 670
566 526 672 608
621 300 464 378
85 16 248 139
256 122 483 406
670 406 158 374
852 106 573 894
486 509 601 776
964 699 956 684
530 468 677 631
623 239 460 644
277 363 903 910
187 176 612 186
426 783 939 218
966 723 338 522
57 582 500 92
612 467 300 199
863 397 440 999
497 620 218 92
532 109 59 426
369 623 862 718
543 756 564 617
131 379 263 196
457 677 168 475
423 139 848 316
880 936 314 454
998 99 566 657
775 445 720 65
318 608 444 134
787 851 351 837
146 329 214 597
396 974 466 120
993 404 677 167
568 160 99 17
255 306 822 793
723 372 562 236
77 879 543 50
641 293 341 494
633 826 419 113
360 134 514 717
869 133 746 337
828 48 31 641
851 82 835 911
508 953 580 985
253 295 239 311
417 550 373 452
260 467 75 983
677 73 257 404
651 710 92 487
264 823 725 53
593 248 361 617
106 873 969 483
197 11 403 228
97 642 212 516
8 736 759 925
625 91 132 850
921 925 934 286
496 279 266 304
584 941 573 923
221 720 755 951
76 495 427 444
764 941 277 707
918 336 424 456
532 237 825 723
336 669 942 619
3 704 138 166
398 969 65 939
812 402 95 868
936 67 796 562
70 459 385 781
278 624 976 432
533 691 519 486
815 278 942 404
732 785 673 793
707 926 648 600
87 378 860 178
401 291 656 139
66 861 685 551
967 27 983 146
734 796 660 216
182 452 329 689
608 92 160 194
341 129 308 619
412 133 188 322
518 1000 562 803
418 208 111 961
557 820 967 792
652 424 577 863
35 35 614 410
889 113 92 518
69 329 369 17
398 627 344 641
164 36 277 901
145 654 686 532
362 915 776 736
134 792 212 666
324 594 528 566
518 522 689 994
900 461 214 363
171 35 451 471
306 469 624 821
117 885 246 248
473 18 802 843
842 215 529 933
378 961 729 299
408 585 744 914
831 141 840 681
940 606 639 217
852 941 171 420
578 555 670 161
844 254 254 439
869 587 41 251
15 31 265 426
4 495 279 349
274 410 383 650
220 567 901 529
491 951 608 691
97 538 985 733
55 161 394 373
697 310 589 961
201 87 195 938
182 209 970 136
683 888 187 46
339 644 983 279
170 486 718 157
312 449 315 169
774 59 201 671
369 851 8 954
946 620 413 394
90 598 267 909
536 303 732 274
560 354 248 804
614 31 4 210
479 514 19 640
340 406 344 656
928 585 656 858
61 343 301 228
588 115 476 338
946 424 149 898
984 583 64 331
632 576 700 924
90 135 149 450
495 627 127 19
256 534 206 745
193 735 186 348
979 858 658 111
412 440 866 990
581 617 697 690
121 702 820 712
376 905 632 541
186 925 767 527
727 356 31 140
763 118 620 249
792 306 848 325
316 407 420 9
615 625 284 862
145 177 56 342
237 939 33 826
434 454 102 999
720 308 511 367
121 950 818 499
627 199 142 954
760 324 482 355
35 183 944 125
164 402 917 857
107 898 678 555
147 907 660 920
800 393 535 420
876 812 132 638
18 787 181 376
8 736 715 404
164 884 538 430
17 207 43 38
882 385 413 905
298 556 845 988
204 977 301 340
214 744 743 383
694 213 396 26
396 900 469 863
50 829 424 106
152 697 822 62
664 907 462 620
449 833 582 641
701 961 19 377
854 215 452 885
957 137 34 151
487 909 204 582
375 637 962 206
662 669 950 279
8 467 406 185
257 545 211 241
839 413 44 655
413 694 358 524
684 443 363 252
391 898 599 638
299 147 783 943
721 199 81 977
686 292 31 860
56 29 338 623
243 277 30 274
358 787 414 542
372 642 417 783
208 565 57 771
25 532 336 990
823 927 203 863
459 188 341 663
405 396 889 564
782 894 759 772
35 913 103 110
734 796 236 397
846 610 436 852
273 251 183 839
484 737 595 638
704 528 962 591
714 679 587 676
13 68 387 868
339 590 775 68
983 173 526 270
160 277 78 758
646 653 83 300
976 897 585 505
982 76 129 21
484 703 76 135
767 702 405 364
621 517 269 350
171 68 466 155
748 98 46 896
359 942 778 135
829 216 786 40
116 641 506 975
220 461 861 165
606 320 392 771
294 938 298 730
895 923 193 370
587 399 978 499
993 593 589 417
973 292 301 425
694 369 623 762
34 423 390 569
743 209 150 689
135 91 316 765
888 362 946 759
408 196 574 195
259 2 470 734
791 370 245 212
920 391 10 309
479 664 989 166
126 801 746 751
878 632 243 587
373 935 402 847
857 483 336 551
930 269 8 520
121 926 911 322
962 811 432 852
411 767 223 270
498 359 794 616
885 578 858 546
93 980 668 243
77 504 445 77
677 949 692 459
11 342 449 601
649 390 481 768
640 699 805 52
265 742 389 196
451 643 294 84
134 650 634 448
43 150 749 869
136 657 375 224
25 408 51 491
936 758 527 300
720 989 482 2
901 704 801 425
321 933 192 830
382 940 975 235
29 73 477 616
922 217 949 755
351 295 24 233
340 66 825 528
376 854 803 575
203 154 474 69
567 894 434 724
702 977 423 726
672 851 256 291
744 58 845 554
497 483 393 274
831 938 947 296
382 204 600 49
73 984 319 649
221 647 585 998
219 517 525 57
985 557 673 66
856 116 172 951
303 81 273 322
853 908 663 844
98 102 791 805
102 695 954 24
10 597 324 627
789 86 114 335
294 317 560 731
262 346 215 352
700 489 45 730
753 965 25 2
657 924 749 584
652 705 892 342
921 939 463 290
545 741 966 80
14 379 696 688
63 664 450 534
179 608 352 190
706 718 422 59
485 386 901 367
860 406 902 566
963 119 106 482
99 246 957 393
760 842 401 75
790 904 895 331
598 954 128 522
168 900 617 506
118 197 634 116
877 630 544 361
461 426 791 20
132 167 879 599
55 625 186 560
815 283 588 15
821 465 51 709
839 2 90 344
746 244 474 279
290 318 142 964
285 158 9 382
314 299 232 900
206 831 590 88
501 600 539 734
592 616 133 351
587 717 15 835
69 159 189 635
158 724 501 522
898 380 243 84
230 597 775 318
541 516 765 833
29 199 193 974
585 5 272 315
508 896 375 219
790 395 620 812
163 334 562 548
755 540 540 979
931 872 240 524
696 322 938 701
499 51 747 939
139 992 458 260
242 223 86 377
63 799 714 197
229 753 448 869
521 221 483 560
712 46 602 874
585 95 4 331
17 384 999 71
61 905 27 268
825 32 346 737
72 217 27 369
43 445 202 243
160 280 713 886
532 751 867 546
5 977 403 672
557 765 109 172
170 801 761 877
876 908 600 746
59 223 957 838
802 796 943 828
414 578 691 723
362 692 35 582
410 746 405 937
89 667 47 770
449 389 839 633
862 24 525 45
880 813 48 514
656 836 320 685
380 664 802 692
102 705 349 580
149 934 345 138
987 151 483 158
780 582 387 1
568 206 400 462
137 581 570 897
370 263 572 724
470 122 688 807
803 211 498 873
233 180 364 186
317 593 331 868
622 705 870 116
850 111 298 275
386 464 516 668
762 707 623 809
831 548 477 147
129 14 863 570
406 692 856 359
631 250 367 254
308 496 362 265
254 627 663 538
971 356 527 227
794 885 164 888
857 859 732 728
793 585 290 799
136 205 580 751
386 865 492 396
257 130 386 249
549 670 615 369
304 966 284 243
247 205 770 696
781 943 513 210
602 27 57 680
514 658 534 343
36 212 496 443
442 485 48 915
577 166 985 454
476 194 754 433
950 881 696 105
620 88 126 383
545 73 162 363
711 514 847 308
357 820 621 296
457 659 80 516
602 975 945 728
580 831 903 826
788 684 148 865
346 438 83 211
254 528 328 967
139 702 631 692
873 735 800 386
825 530 196 818
231 215 245 547
260 201 349 668
713 604 157 390
613 522 699 617
218 431 669 860
369 642 562 29
931 203 538 659
458 602 559 996
345 278 52 703
762 202 430 740
940 725 828 204
305 963 418 156
602 219 523 446
153 185 628 825
709 531 143 668
543 969 694 398
218 335 731 961
808 437 370 87
446 320 84 367
522 107 680 664
733 101 341 556
86 762 800 328
894 965 480 606
52 699 538 462
613 84 662 712
113 310 440 569
60 535 880 936
770 974 994 468
489 852 272 268
323 883 808 667
912 919 316 921
947 936 742 491
808 673 187 514
165 308 114 795
179 42 223 416
686 527 870 249
975 157 688 942
321 913 813 899
913 106 605 573
629 602 325 845
472 834 392 425
108 101 292 317
673 8 790 174
897 721 556 365
211 11 244 125
345 603 358 534
490 493 561 883
909 163 362 899
537 772 831 920
416 705 55 454
273 627 19 945
514 647 921 991
922 460 969 899
352 337 871 263
770 838 403 289
545 349 175 162
81 774 492 539
706 215 715 83
288 517 646 285
17 940 346 980
419 515 30 26
214 493 72 748
784 822 328 421
857 802 911 712
620 454 913 221
471 359 313 16
273 974 561 385
493 833 525 6
273 754 896 938
102 895 841 342
77 352 336 309
206 287 991 753
119 9 831 911
679 491 296 459
766 953 233 484
63 705 452 582
706 223 715 531
562 546 22 801
685 493 108 533
174 525 560 234
474 836 982 278
488 479 519 987
996 329 980 347
248 685 435 643
99 259 420 702
415 876 631 337
1 132 248 842
324 23 266 855
606 280 225 116
141 557 561 266
175 479 262 725
152 519 494 75
757 143 333 469
877 308 176 859
725 686 511 554
9 560 99 275
659 350 180 199
953 541 634 203
828 642 519 152
560 371 435 981
595 832 708 331
870 256 259 333
281 617 624 263
535 198 438 459
681 160 49 208
257 995 40 713
858 423 261 602
265 383 725 129
405 5 84 375
431 583 195 599
252 475 374 393
975 542 6 309
346 252 189 722
709 705 880 17
4 243 855 543
306 304 396 659
214 381 938 287
800 725 895 479
36 335 935 517
776 587 124 86
34 190 975 292
682 224 655 397
477 540 776 553
568 127 966 967
939 587 676 19
385 221 200 439
908 192 1 273
115 729 254 716
403 115 486 656
921 311 777 685
633 93 436 377
171 165 507 166
791 145 647 490
198 201 18 907
333 815 525 197
522 126 626 281
120 393 178 896
887 417 748 874
156 397 526 207
351 474 749 356
650 373 170 936
332 740 806 796
171 454 990 252
6 803 921 247
960 801 146 239
140 143 897 554
716 167 196 756
814 809 697 256
437 104 48 837
763 444 512 574
737 229 381 870
923 686 836 71
908 673 521 682
25 596 475 680
14 235 805 247
413 510 623 148
474 570 359 748
150 974 897 728
772 163 180 891
279 216 957 208
468 993 227 768
286 837 471 198
214 472 509 391
78 664 455 641
508 250 116 55
555 832 278 997
811 2 940 259
688 713 419 866
490 849 891 138
935 9 256 434
750 249 363 102
396 640 394 797
44 68 391 999
418 711 9 455
650 110 19 306
292 451 460 106
348 845 951 66
322 132 851 201
938 200 544 866
945 217 886 756
841 888 673 169
348 801 945 556
484 157 993 366
617 250 919 936
386 878 277 30
183 603 300 298
906 263 918 954
79 377 563 634
442 762 159 816
80 670 416 531
450 291 972 459
423 760 217 371
8 71 869 136
936 667 539 551
745 64 151 201
874 492 812 252
730 224 808 368
319 728 293 210
470 906 203 476
219 62 855 396
815 428 508 958
729 714 666 698
389 889 233 276
70 13 354 641
705 719 713 189
562 55 474 703
694 344 622 618
385 515 799 348
682 830 635 20
1000 938 20 918
813 883 888 89
729 782 914 706
753 222 628 180
779 569 659 207
49 264 762 683
356 74 148 431
113 266 957 925
366 777 219 497
122 904 950 944
702 911 984 402
910 622 985 800
281 890 12 454
154 110 450 45
572 197 631 593
244 878 799 367
550 441 414 454
460 297 350 345
344 177 533 199
701 305 830 992
924 907 18 837
464 389 919 876
687 509 551 617
890 552 42 427
403 615 915 740
390 856 715 378
996 541 122 970
288 734 416 395
150 976 358 225
157 788 190 680
826 23 336 615
495 10 507 316
423 24 66 390
111 942 344 14
673 236 710 388
644 657 69 822
677 795 312 73
281 284 625 844
149 335 413 775
628 308 643 246
49 481 665 487
3 631 139 158
972 204 813 238
484 775 508 505
954 782 714 325
241 967 867 818
253 689 743 632
536 450 334 236
158 594 507 849
113 811 840 43
217 903 251 989
252 564 94 92
307 372 827 719
778 304 62 214
701 608 427 952
998 734 223 937
916 389 518 684
460 24 444 620
96 124 815 701
211 676 658 429
152 447 888 301
305 667 178 819
304 972 283 780
29 977 413 858
930 246 578 835
965 541 943 489
997 23 400 39
36 891 773 781
812 506 816 575
206 752 740 561
422 645 368 908
579 165 80 812
719 978 821 882
986 853 516 21
821 806 267 121
441 379 582 271
987 324 895 668
284 71 4 601
159 349 836 626
855 15 307 835
445 520 317 767
611 638 17 302
273 716 791 711
311 229 154 369
455 331 503 741
395 959 208 958
58 874 502 953
593 139 472 452
445 736 690 819
148 576 945 248
395 906 75 785
561 701 979 982
473 549 429 112
922 969 995 923
293 483 558 191
129 691 719 27
178 499 596 559
754 743 933 79
4 578 849 286
3 685 788 697
713 303 150 526
509 114 124 684
782 845 471 917
98 891 88 754
693 780 163 967
634 812 969 845
847 299 63 147
620 295 593 363
289 495 797 595
913 604 350 879
662 1 283 535
417 272 507 542
339 876 126 153
987 863 981 72
942 498 19 292
261 754 388 354
971 226 877 476
946 145 780 828
430 427 518 709
354 797 298 590
212 435 544 458
121 695 410 656
571 571 516 581
981 97 986 800
720 768 857 216
830 391 330 554
697 165 85 785
401 560 205 617
549 411 817 594
743 584 152 850
38 528 191 359
324 715 791 201
509 933 515 689
520 307 504 712
672 909 981 17
349 778 447 143
647 698 729 166
340 665 236 151
130 739 315 418
933 629 436 683
8 70 124 686
450 970 696 39
169 931 368 982
988 92 327 62
559 349 603 17
846 172 83 653
800 203 707 649
973 275 131 456
460 853 645 302
381 971 277 301
919 550 470 892
268 947 977 950
393 548 875 208
468 267 327 865
500 293 444 607
113 130 280 664
783 359 687 728
31 90 346 323
750 994 840 792
156 481 178 809
447 730 799 408
411 213 823 988
32 198 680 989
120 742 479 841
107 832 791 375
759 533 119 359
305 750 483 150
554 839 906 198
436 328 725 340
37 857 113 435
490 316 169 911
123 514 141 698
749 544 476 163
543 752 353 116
425 986 105 750
165 481 351 940
598 714 897 828
888 244 687 49
222 400 386 891
309 277 355 928
555 841 608 491
689 713 233 891
201 205 928 518
24 748 516 567
654 686 54 228
262 781 404 609
749 504 406 706
970 398 539 554
110 514 362 93
317 146 974 912
930 131 903 265
742 39 953 979
626 673 476 710
473 580 175 203
790 768 686 246
599 268 343 419
767 270 23 629
618 675 768 530
865 636 103 632
130 497 782 249
172 631 758 320
584 771 593 422
537 621 116 579
165 992 118 394
867 735 294 526
639 72 361 728
913 354 458 581
293 483 71 548
265 293 981 607
720 995 509 214
364 915 196 464
152 349 755 96
373 907 100 455
654 806 208 87
739 824 859 825
758 570 311 309
202 675 214 41
902 900 93 963
827 748 106 649
286 41 941 811
658 629 387 199
555 343 815 15
834 146 435 15
766 933 55 410
122 611 630 1
973 446 171 476
737 33 238 885
958 698 645 122
79 162 602 919
409 843 735 516
651 961 506 328
749 360 808 899
122 117 448 594
886 721 736 818
820 328 878 824
971 644 514 665
264 706 590 188
388 106 479 3
582 137 436 911
243 597 768 720
144 891 450 503
869 973 514 758
383 624 85 479
517 724 55 777
901 170 669 962
86 492 10 200
695 546 422 226
206 23 523 643
605 435 406 105
741 562 462 639
294 568 688 217
253 443 491 242
385 340 370 814
487 767 192 871
465 441 255 37
478 670 396 430
955 184 817 14
28 76 311 911
796 357 763 144
901 913 223 848
53 256 590 647
329 364 975 683
463 299 553 52
45 512 967 916
327 444 335 141
874 468 353 655
466 456 515 970
702 919 683 291
327 76 536 87
243 550 710 989
602 1 438 921
639 583 384 169
463 410 870 875
316 105 841 982
10 889 451 265
834 678 602 197
142 452 732 603
484 280 878 647
560 751 677 415
208 690 925 690
410 583 787 699
89 797 88 687
560 46 865 537
153 660 177 749
872 878 315 532
815 261 991 234
701 142 682 309
145 502 190 305
420 564 866 722
183 591 963 44
884 235 634 193
348 41 801 167
756 32 366 735
492 879 678 350
512 526 610 613
453 727 693 823
678 220 37 442
544 525 86 226
794 127 129 113
605 613 135 351
407 409 551 605
660 14 382 962
817 198 699 457
978 995 227 915
171 374 382 227
50 314 742 78
599 457 923 773
682 993 150 474
449 686 306 414
112 388 259 131
798 597 604 536
1 336 351 341
159 97 260 217
978 551 698 194
735 377 110 499
276 252 614 814
702 839 146 924
719 549 276 907
952 340 906 997
153 382 516 384
631 947 838 570
308 312 169 831
951 953 501 941
863 338 931 452
939 631 153 418
908 146 820 469
789 983 638 7
526 668 379 646
477 707 196 682
261 556 839 630
598 391 839 346
12 783 538 509
177 617 541 925
275 795 996 631
188 470 879 96
817 694 855 111
758 211 556 923
703 604 96 310
579 943 729 80
237 818 936 443
638 744 86 920
581 184 682 22
147 814 674 353
331 690 624 497
469 517 739 218
554 329 383 502
335 773 37 255
374 897 123 375
362 861 613 67
487 152 713 494
644 241 719 666
839 573 583 724
176 413 726 483
243 507 357 898
853 908 125 420
948 788 886 700
334 61 74 154
716 467 607 871
660 500 509 63
187 598 846 499
302 315 413 776
976 302 33 202
637 760 61 419
592 761 70 774
522 719 546 439
19 257 711 893
876 428 924 551
533 584 971 872
815 551 912 770
350 139 558 541
710 76 195 321
543 360 238 571
297 5 597 721
559 283 572 229
580 455 120 75
247 936 812 938
577 580 673 131
973 22 186 294
121 86 85 942
504 50 603 220
135 221 588 467
389 456 118 555
437 680 627 655
168 891 865 794
817 323 577 235
39 30 737 776
685 30 415 42
133 291 815 434
348 300 770 325
827 875 711 447
924 606 305 141
695 312 262 170
689 352 162 224
553 194 219 235
329 379 593 128
592 509 826 18
684 218 907 145
31 345 232 87
944 866 594 766
128 329 200 557
959 156 285 538
897 399 383 38
502 605 506 720
405 23 657 714
975 475 424 104
883 252 37 362
994 343 457 280
806 107 889 210
968 180 107 769
770 893 713 13
729 692 413 247
384 699 610 1
255 211 614 407
7 534 649 876
187 642 812 334
430 788 103 171
811 584 71 420
291 391 38 520
212 105 595 721
867 261 380 138
803 107 293 499
24 148 105 860
97 190 689 831
725 762 457 302
485 1000 789 265
954 151 425 807
313 663 653 119
490 382 278 884
1 919 347 847
942 394 262 361
307 222 277 905
178 339 343 29
614 408 441 133
215 254 468 349
669 834 339 608
886 45 440 549
948 720 23 25
889 560 81 488
557 893 181 841
302 203 833 273
107 461 699 427
961 185 995 377
992 750 902 250
88 397 505 380
277 343 264 446
997 279 360 943
590 199 48 105
811 798 936 586
703 717 695 910
662 778 350 700
20 350 507 132
664 934 901 477
874 643 340 984
151 155 231 152
20 10 365 166
612 703 272 505
293 674 124 828
290 806 473 17
563 864 59 491
721 869 242 167
906 850 509 617
463 586 206 981
686 960 633 436
738 443 726 539
494 332 571 532
230 543 273 330
649 144 866 949
820 897 434 589
968 561 183 362
788 617 436 123
840 540 111 398
765 490 310 841
624 300 330 601
579 361 498 771
330 470 682 190
157 361 175 996
194 714 303 656
228 762 655 355
294 512 843 466
322 124 423 985
446 194 206 908
315 228 568 517
715 108 862 517
729 749 495 750
223 735 154 513
394 581 78 716
830 471 711 477
390 926 943 133
784 318 594 866
66 838 904 90
164 961 969 29
296 180 517 206
778 869 444 566
55 30 102 603
583 277 416 461
770 989 313 984
507 404 576 818
70 561 125 849
247 565 136 610
192 738 268 836
268 872 803 387
454 317 804 849
553 33 901 749
