2000 38278
625 864 49 712
58 22 685 555
235 889 85 948
936 534 67 458
466 410 597 704
989 626 467 865
273 666 455 817
488 816 505 721
805 742 334 819
731 669 928 78
33 697 503 826
746 766 613 683
30 543 24 669
838 775 992 132
445 673 897 431
175 929 209 931
383 832 846 547
876 706 102 513
706 632 440 757
127 262 6 201
894 799 262 993
973 199 465 946
437 37 992 277
894 669 49 245
203 336 545 625
181 728 163 425
411 290 537 407
64 603 821 627
455 124 893 563
366 654 745 95
587 138 70 442
372 455 498 356
478 487 718 352
794 355 738 985
1 623 210 858
811 240 582 486
143 361 209 927
761 418 845 186
859 753 154 969
616 186 683 115
135 92 379 641
88 166 520 225
424 42 61 92
561 596 326 934
546 201 750 933
581 615 225 973
538 142 909 819
615 445 49 811
446 857 953 285
196 427 169 619
711 710 866 783
504 398 960 166
874 378 610 667
87 700 182 991
202 680 673 474
935 304 735 413
188 26 47 628
814 582 651 564
889 359 152 464
466 507 882 839
11 702 550 475
914 600 48 799
599 402 443 799
338 693 429 296
840 186 132 872
363 48 487 793
398 136 754 489
638 827 153 505
968 536 799 527
647 426 274 760
840 138 889 666
363 855 749 419
259 543 352 796
11 48 66 557
26 386 403 789
609 200 221 8
124 682 235 608
146 133 195 359
539 655 131 17
164 45 570 690
843 177 257 760
414 401 445 893
433 804 983 879
535 93 892 765
69 407 398 968
364 910 735 690
789 690 176 916
542 405 316 606
777 370 981 638
880 174 657 293
817 884 776 926
825 438 132 884
461 287 227 859
91 768 300 545
624 388 388 802
815 31 556 252
374 90 119 122
545 647 808 81
360 906 215 559
992 561 421 496
606 427 985 540
92 83 579 378
670 769 602 932
848 58 20 748
674 262 490 147
386 929 8 100
570 611 371 541
880 197 160 927
753 620 666 97
770 223 52 110
457 87 217 887
54 9 977 117
772 305 277 452
127 281 33 539
150 547 336 959
860 61 772 242
613 786 370 626
639 208 837 144
368 203 73 430
249 418 393 947
919 240 634 824
128 751 67 140
304 868 82 730
367 893 48 938
155 12 158 841
435 3 931 924
638 665 95 419
550 307 741 702
677 462 76 921
935 612 549 789
165 136 276 945
438 33 825 39
33 675 779 924
194 5 833 988
608 109 367 389
732 392 739 703
24 174 859 988
119 368 185 882
509 84 623 884
805 967 627 208
912 499 409 309
670 964 608 72
659 213 797 659
719 117 22 845
145 889 490 712
474 558 149 232
120 37 808 335
524 72 257 858
411 50 170 937
105 785 215 621
661 105 242 100
935 302 151 560
835 652 249 762
295 255 806 878
205 249 510 509
939 590 931 249
508 930 706 310
195 648 968 369
199 738 670 976
139 468 605 642
126 166 448 280
498 175 799 936
517 151 731 280
351 350 489 927
68 69 286 932
210 522 241 273
245 584 826 643
504 38 135 906
292 46 627 982
928 665 191 595
306 654 751 394
706 549 716 147
894 663 287 814
730 985 382 240
723 133 991 149
851 166 856 895
516 872 798 746
954 295 735 995
607 821 782 29
461 477 882 635
139 956 584 69
498 317 761 686
711 485 542 830
693 913 197 986
742 32 456 299
417 466 538 943
505 997 503 13
355 771 779 934
895 394 831 777
333 842 549 167
800 162 643 663
358 10 264 308
271 765 870 437
49 86 254 412
664 828 117 120
947 727 524 975
681 791 38 802
15 653 23 20
244 380 361 260
686 518 681 213
782 914 537 809
290 333 339 461
443 495 843 985
349 712 330 49
83 724 911 586
509 787 44 604
563 899 47 886
267 979 445 608
807 855 950 232
154 451 44 731
910 551 1 939
37 855 581 625
899 32 61 991
710 561 187 304
677 4 521 35
827 543 616 599
50 28 250 273
327 29 318 699
599 991 925 838
692 344 554 120
579 966 320 284
534 419 319 75
412 802 761 585
986 512 667 149
304 752 37 955
871 162 138 417
168 191 688 391
303 951 863 507
260 712 481 75
348 203 927 343
410 676 675 220
493 646 545 989
513 530 427 900
628 719 49 542
969 63 777 892
950 447 866 16
185 231 385 265
903 343 843 593
75 856 355 822
996 420 653 768
932 964 830 116
764 174 584 680
282 450 273 980
507 182 923 1000
965 599 144 219
26 752 958 839
301 250 669 838
466 464 764 153
666 485 354 22
300 452 310 997
757 856 147 384
409 929 208 353
280 812 278 381
141 30 128 966
560 112 821 378
957 163 127 256
729 715 118 915
272 997 624 922
876 294 742 905
697 510 205 731
227 716 946 459
824 791 69 48
717 964 181 69
692 213 875 102
233 539 319 10
805 160 983 591
397 296 209 260
130 186 894 599
418 579 221 338
357 917 595 509
669 277 587 909
318 923 617 572
367 847 668 73
894 938 193 452
809 39 72 80
392 632 603 310
826 441 354 868
488 373 787 105
568 689 58 287
81 106 871 95
801 244 900 407
893 449 30 772
548 53 766 515
392 318 537 730
119 199 938 163
806 413 637 133
824 618 204 704
496 63 961 132
633 54 180 570
519 649 469 126
195 784 2 817
416 624 799 834
38 987 667 237
91 110 266 243
352 11 630 197
585 544 845 803
788 242 723 603
248 369 567 175
471 701 203 470
40 330 828 956
655 592 122 722
101 836 365 519
969 65 799 363
48 789 888 516
973 524 359 586
674 819 28 356
611 537 368 872
839 627 697 765
33 145 677 214
911 672 103 823
627 478 47 990
145 181 840 301
274 270 784 402
519 700 516 245
231 23 209 376
329 899 740 462
499 166 949 588
662 599 654 244
90 658 1 94
521 799 64 606
695 206 3 344
466 495 639 23
848 252 742 213
602 72 947 295
159 627 724 310
632 739 327 62
217 283 107 535
381 612 525 598
42 757 562 204
64 161 18 200
377 80 620 937
240 358 62 178
160 696 622 182
112 551 852 672
10 409 261 543
684 183 516 876
1000 477 410 80
182 404 760 416
535 694 110 469
981 255 203 436
94 632 222 461
784 58 977 909
973 621 989 52
454 47 460 967
447 285 264 887
260 630 869 779
495 245 389 844
464 91 82 605
197 472 507 397
420 76 426 126
325 532 791 52
353 845 146 214
246 374 313 453
797 122 765 756
154 351 401 571
870 806 133 384
144 316 382 561
335 861 641 435
925 67 686 746
845 192 429 727
934 579 701 297
82 878 695 66
329 752 759 856
889 397 428 770
534 813 785 696
603 716 76 751
772 211 238 553
194 948 176 966
674 371 471 977
424 923 277 996
781 319 516 605
838 738 707 64
857 149 83 280
861 771 528 463
801 196 929 99
611 741 246 995
944 255 906 467
634 190 311 668
626 881 511 980
112 542 454 140
532 800 918 178
635 194 564 835
245 574 617 786
60 282 470 465
905 179 76 703
332 21 226 453
501 435 744 94
680 3 409 364
696 293 372 307
199 558 321 12
137 568 923 37
94 346 469 939
436 293 23 299
562 645 896 991
875 421 419 24
984 414 792 181
926 336 104 614
626 626 435 384
406 39 680 165
793 950 510 846
853 806 185 623
23 113 970 55
864 722 339 9
563 618 291 206
13 642 400 634
748 800 422 582
21 791 425 309
511 205 40 497
900 995 495 302
644 898 559 351
402 944 680 720
837 464 848 901
982 642 516 190
223 421 253 183
633 406 561 679
625 575 987 161
821 937 200 591
37 327 117 350
865 707 852 734
470 966 152 175
656 232 134 511
598 878 450 158
604 840 600 281
123 870 24 90
347 680 204 947
178 615 160 73
520 809 121 215
733 862 54 250
956 615 902 182
7 689 718 100
330 261 361 423
770 137 318 876
13 53 644 70
353 971 35 140
111 544 584 300
803 751 169 876
986 681 877 463
613 973 796 61
290 790 598 130
637 628 934 28
976 309 131 624
242 995 26 908
696 676 553 587
361 763 782 859
995 553 190 252
244 446 871 21
817 866 961 830
879 836 528 922
299 875 725 996
31 814 778 81
437 752 161 950
368 537 465 961
485 841 118 32
814 968 567 363
67 551 861 812
82 215 208 634
281 1000 819 324
531 198 768 888
155 112 436 48
95 134 774 742
589 813 288 253
356 451 485 777
873 783 770 864
261 557 485 153
999 546 584 520
137 635 333 342
70 438 415 860
600 716 647 68
220 290 172 623
912 498 9 944
68 589 895 520
364 621 332 339
480 859 295 190
717 301 562 817
22 510 943 304
829 77 184 67
692 775 588 985
791 896 773 797
647 339 54 581
568 42 83 549
191 858 68 766
653 325 307 646
129 265 92 999
39 341 710 900
949 939 444 455
569 242 349 941
88 206 566 320
656 175 739 426
312 422 801 988
784 269 528 128
182 40 716 971
719 145 859 691
943 447 999 256
498 478 962 305
921 963 132 748
687 616 858 42
747 935 230 924
21 60 177 265
325 823 32 819
102 907 750 253
755 146 601 995
981 286 981 645
360 146 977 791
812 451 992 566
192 546 161 324
754 35 789 116
737 250 491 513
717 318 795 534
238 300 788 482
832 262 831 534
782 262 962 720
177 964 662 880
703 458 871 82
35 320 521 631
405 701 791 772
952 86 75 196
421 578 394 647
930 10 271 274
365 937 577 485
600 128 553 704
85 216 311 546
211 583 609 105
895 803 114 702
688 484 123 181
646 408 67 316
673 157 946 194
661 777 259 448
917 616 937 949
834 865 527 207
101 109 680 98
751 637 761 302
241 779 547 791
682 308 878 432
416 933 902 875
863 314 475 640
884 32 369 303
260 54 297 789
857 274 531 850
275 983 307 61
225 3 253 3
353 68 837 588
635 353 263 436
249 182 622 30
850 837 637 180
795 627 241 697
48 582 88 852
723 979 121 410
842 531 54 576
900 447 999 574
895 126 592 470
599 79 914 628
808 349 793 46
304 795 249 238
577 286 775 105
252 229 137 494
363 584 859 821
756 548 807 820
993 138 289 151
2 920 996 139
321 658 551 20
606 179 833 19
192 820 730 306
205 494 381 909
662 511 673 625
753 21 773 585
456 945 539 843
961 379 963 130
169 233 20 953
838 930 623 108
136 246 522 340
128 934 679 751
327 27 858 105
828 117 724 669
967 501 519 950
77 747 842 655
185 133 556 777
294 920 48 516
728 12 85 734
904 56 194 818
397 572 855 294
601 482 5 627
302 781 985 742
593 275 497 233
464 547 975 184
860 132 922 68
976 573 874 962
392 157 918 623
81 300 439 763
441 99 281 696
511 545 535 18
873 370 481 330
528 955 216 825
211 978 561 570
171 658 350 401
191 325 396 108
662 205 277 394
861 468 914 201
352 894 123 850
984 621 643 247
691 906 448 594
810 349 332 967
80 25 435 132
829 162 67 439
557 352 407 655
645 14 333 465
994 986 839 61
94 483 544 88
810 76 445 247
701 214 52 652
925 283 748 395
575 238 815 816
185 649 533 842
402 159 377 218
564 87 372 185
801 206 702 284
849 77 190 393
93 689 803 800
701 496 685 452
385 285 622 176
744 220 676 239
108 291 210 848
52 387 665 375
512 896 133 483
331 374 593 132
477 702 324 488
385 991 617 841
891 160 3 269
81 188 986 607
366 330 773 283
676 223 516 700
18 79 986 789
129 748 593 137
928 525 808 516
592 937 408 63
410 624 882 50
123 642 989 390
64 361 372 879
67 394 749 452
795 910 156 935
491 31 590 518
566 907 710 70
436 789 690 763
209 955 17 604
214 567 292 101
194 291 738 998
612 128 11 975
142 425 845 191
140 347 495 201
680 92 125 51
435 67 298 495
965 746 900 651
425 679 584 56
355 485 942 907
551 240 287 647
213 917 595 449
786 472 344 594
231 115 33 540
770 235 595 554
687 603 771 511
997 987 808 931
845 748 981 80
148 847 938 486
179 951 912 737
723 896 460 33
612 204 172 808
417 127 758 397
279 813 88 430
108 155 662 943
499 252 528 309
653 591 535 402
11 981 491 891
339 144 254 789
919 720 907 494
406 126 319 427
965 716 795 354
855 143 296 587
446 22 530 270
13 58 911 390
508 95 119 148
692 382 617 130
577 239 238 225
133 351 241 935
286 842 725 339
734 847 916 601
625 145 482 913
684 563 781 782
302 699 491 248
193 91 531 634
504 710 25 189
403 951 621 425
888 120 808 934
723 692 718 729
590 221 354 546
382 361 372 571
675 442 479 559
697 853 447 127
904 483 115 537
869 378 448 110
630 111 953 820
735 780 574 259
917 609 421 182
480 674 505 953
710 887 29 176
833 311 370 172
566 347 961 684
789 109 949 772
612 715 957 156
775 982 346 979
663 280 191 804
374 72 330 529
851 435 149 918
605 701 266 851
216 219 922 351
722 747 62 94
326 395 946 691
551 81 796 628
928 972 159 861
862 318 731 788
517 68 741 28
723 448 454 896
59 262 610 148
894 171 394 287
379 812 251 668
429 3 836 390
888 905 306 621
428 848 587 153
745 11 490 379
849 668 647 176
379 697 583 869
635 977 919 995
972 921 408 635
535 675 155 668
110 266 364 608
781 424 999 500
473 569 38 861
914 348 979 774
440 714 154 979
613 441 797 331
721 234 140 247
998 773 40 224
331 909 922 198
674 877 524 669
151 732 396 895
492 338 909 887
643 494 976 67
787 847 214 688
775 536 193 800
367 832 578 615
52 305 397 55
380 933 566 696
312 25 897 864
102 685 543 375
923 169 317 372
987 289 500 353
443 400 99 104
374 49 372 90
325 585 739 718
232 295 888 80
924 840 553 986
100 721 329 899
859 166 859 972
109 206 561 598
374 291 224 157
49 401 918 102
704 582 588 662
357 826 98 557
913 892 662 70
209 772 433 336
284 922 114 407
665 458 209 670
706 975 330 563
930 710 891 639
271 998 238 455
327 738 755 47
49 798 266 872
569 812 902 569
517 603 513 238
887 613 200 549
439 501 292 989
331 876 142 925
23 305 532 765
920 920 985 428
631 709 400 146
668 829 577 949
891 132 250 359
244 425 484 18
957 419 436 951
448 256 495 96
833 691 233 407
911 543 860 358
330 643 722 288
512 223 443 787
221 138 50 776
880 138 673 885
341 441 268 310
258 170 472 522
637 765 888 13
697 924 739 733
972 513 653 73
769 385 171 133
733 497 979 830
872 841 250 881
705 825 209 675
923 763 996 40
393 179 370 831
832 676 258 364
640 780 958 92
745 397 857 990
137 253 277 659
421 615 701 123
993 383 434 442
903 694 673 101
607 848 297 133
458 710 834 668
146 960 330 54
979 560 49 9
242 931 905 201
322 154 647 584
135 336 68 142
720 59 266 62
910 746 496 230
64 80 240 350
283 227 227 281
832 548 941 964
563 621 520 972
857 349 197 559
692 491 114 867
64 807 319 378
280 419 756 655
322 634 655 651
631 995 76 728
423 692 526 272
303 166 970 853
89 41 449 459
524 694 198 500
984 883 42 157
491 659 391 704
231 677 896 863
722 486 120 66
837 990 81 853
812 295 963 262
762 448 110 69
383 318 499 53
338 556 579 158
561 888 193 713
322 132 463 452
632 406 368 932
176 348 452 887
56 283 88 261
44 290 487 738
417 89 772 117
347 962 950 548
598 651 453 649
913 641 193 359
127 637 325 532
261 999 578 202
40 482 981 933
272 431 647 255
258 937 652 879
73 47 443 192
381 348 922 513
72 399 499 800
249 849 91 884
102 116 168 685
972 217 761 776
998 72 853 520
812 653 97 126
847 885 685 49
794 330 680 259
90 635 264 305
999 167 901 944
63 626 97 133
146 549 518 47
175 937 740 455
729 854 639 29
892 570 9 806
240 339 676 777
478 218 891 556
700 279 266 120
610 247 668 895
431 256 700 34
118 238 871 515
247 749 410 913
842 245 33 559
365 650 911 130
325 110 125 236
943 157 313 851
350 246 437 652
544 902 161 786
464 39 24 62
394 694 464 241
236 617 284 584
537 135 747 364
190 963 180 364
676 272 871 734
620 244 972 418
813 949 499 335
569 816 211 334
544 304 81 981
330 769 918 771
805 353 53 874
263 746 337 504
217 62 536 813
718 900 832 753
801 208 546 407
143 458 260 823
402 224 603 698
214 798 699 380
286 1 311 213
978 162 109 853
521 918 849 507
765 16 485 302
602 293 479 587
576 592 629 803
773 230 562 369
42 746 427 197
855 776 401 156
534 219 422 123
362 927 600 673
117 620 414 52
308 831 105 900
233 900 764 630
735 564 224 153
211 334 650 324
902 360 270 291
763 489 783 368
137 178 944 906
393 913 949 475
209 267 362 122
560 417 935 593
514 475 559 617
187 247 493 203
820 563 658 637
956 194 507 520
806 385 595 483
545 547 967 219
7 426 220 7
788 62 993 506
788 741 615 843
397 478 626 953
834 311 933 574
772 237 963 373
145 293 90 833
166 105 82 846
974 50 813 771
159 309 610 843
72 687 130 54
843 830 87 645
441 547 741 757
804 882 458 506
407 74 379 871
184 221 324 663
912 389 23 32
76 382 934 819
379 4 670 69
681 518 291 583
47 420 848 510
427 611 174 696
560 222 380 913
146 938 293 205
147 282 545 398
446 500 814 872
238 130 933 506
206 143 623 398
747 907 982 409
629 149 181 730
843 691 670 199
769 487 424 835
649 83 139 222
420 181 938 643
827 382 680 797
225 327 454 223
799 520 541 454
758 593 9 215
983 939 476 365
174 484 23 680
413 613 974 807
299 196 280 605
245 783 141 958
206 687 66 877
134 490 862 800
919 543 944 584
747 38 1 156
707 496 163 755
253 666 425 798
234 133 264 54
167 885 347 725
431 839 365 835
298 232 503 397
114 555 592 433
367 968 288 601
548 717 252 189
400 856 59 259
243 392 158 533
384 324 40 914
352 70 392 299
637 11 299 391
597 203 729 51
980 886 237 759
446 993 28 279
380 265 371 843
97 722 594 413
665 900 18 230
231 41 405 779
996 531 576 31
987 405 553 978
420 732 397 364
506 415 54 821
523 491 543 637
351 12 773 735
424 645 401 336
612 573 999 939
558 333 773 944
295 460 670 710
618 606 704 748
106 910 718 820
114 819 154 84
732 518 26 893
578 695 826 276
321 39 173 792
510 645 751 105
137 66 464 256
306 615 571 43
300 794 813 922
502 486 944 741
443 647 766 984
494 710 618 438
651 635 947 676
218 300 134 557
282 488 373 131
323 197 601 477
52 560 637 622
694 125 303 204
520 259 783 2
470 641 692 495
644 335 256 869
156 86 136 182
374 107 724 236
669 877 60 75
215 362 664 982
688 517 474 978
370 55 396 882
786 782 662 501
890 151 353 907
95 257 107 40
709 864 627 455
614 17 966 546
177 303 277 781
897 309 380 466
377 659 136 483
482 664 502 810
352 793 945 708
110 566 341 185
746 354 445 749
331 101 159 313
511 217 410 804
464 329 15 926
960 537 995 639
673 181 337 755
586 710 953 115
333 590 928 470
751 793 728 949
254 970 971 619
566 906 497 995
713 949 392 614
715 661 362 510
708 519 125 858
895 854 972 167
106 174 521 103
926 62 602 57
963 829 230 572
506 972 621 61
660 65 501 201
958 288 281 567
651 792 734 435
958 199 770 853
611 137 406 360
97 733 631 468
456 390 993 763
271 961 138 336
172 285 523 859
205 131 710 987
669 44 122 52
669 108 834 882
854 207 52 200
391 341 760 564
878 125 997 453
290 277 418 384
693 542 542 428
543 594 394 55
212 306 422 285
283 499 841 543
89 215 960 90
463 646 959 26
381 364 755 836
421 266 796 663
79 125 200 686
424 859 782 152
73 970 310 346
61 789 876 26
416 373 312 205
977 829 745 571
985 85 963 153
270 3 662 520
773 942 163 177
316 776 59 291
295 133 74 400
88 806 612 89
144 828 16 178
556 892 67 630
370 530 689 436
683 367 878 153
71 874 7 363
920 194 370 165
212 956 680 988
886 249 954 881
749 555 931 486
291 3 938 807
333 119 385 631
787 948 605 155
336 429 310 102
722 639 710 879
380 452 197 41
711 371 165 73
235 87 29 625
229 866 675 361
15 913 793 410
545 562 48 790
458 156 895 672
927 921 369 347
242 77 444 604
763 394 182 117
785 225 433 863
276 949 344 960
996 737 585 962
580 418 897 684
118 314 837 596
205 403 735 608
719 64 273 526
171 970 820 222
227 966 60 1000
879 662 577 658
799 721 248 137
207 799 916 134
203 323 967 963
838 663 444 75
560 622 794 457
465 504 311 803
488 531 75 56
243 433 39 801
866 601 55 371
202 297 291 732
816 339 747 393
179 875 267 951
578 896 909 900
870 62 244 229
793 217 923 534
655 955 621 611
774 601 385 928
801 67 830 504
184 877 251 397
260 73 956 331
1000 356 671 8
798 824 91 321
217 835 541 763
117 813 58 649
607 757 815 701
8 139 335 974
173 912 824 572
1 549 347 212
149 457 111 400
382 183 785 630
931 488 67 128
411 133 557 93
53 235 648 247
417 611 727 47
549 777 916 343
105 298 584 742
686 343 964 197
462 693 970 965
899 687 509 728
559 235 358 396
779 522 251 147
487 560 299 767
403 369 567 403
19 457 455 335
439 928 631 355
107 501 394 497
246 804 941 110
759 474 868 126
152 702 645 32
734 949 732 972
638 914 787 795
481 71 586 186
90 901 527 1
62 202 75 244
88 988 928 193
893 604 490 61
350 27 53 785
42 1000 709 567
555 224 353 363
558 911 474 610
455 872 843 864
900 672 995 51
445 77 732 988
22 734 841 479
602 919 861 300
152 15 792 99
42 261 85 261
612 5 613 864
720 243 835 331
435 984 451 168
465 773 76 824
355 592 248 603
193 193 295 890
285 365 753 56
926 809 515 888
954 136 869 610
322 16 541 338
921 407 71 312
714 404 14 29
389 829 614 695
640 862 837 276
47 142 99 498
655 940 405 539
584 6 860 687
890 705 213 626
926 724 713 105
866 970 828 95
731 714 233 700
784 948 141 443
309 847 878 871
39 672 557 302
305 602 627 285
306 805 120 503
18 867 7 877
793 72 168 920
657 986 119 861
137 543 990 398
869 668 277 614
498 177 887 637
690 718 585 87
879 485 612 885
153 810 856 291
486 407 141 803
184 137 920 681
642 102 769 594
849 277 771 4
950 939 298 542
651 724 114 393
810 928 512 46
515 353 100 710
611 547 201 210
681 151 560 441
354 7 541 216
274 765 850 820
865 993 794 751
839 451 749 254
640 143 324 829
142 257 293 329
268 785 782 347
166 81 573 154
200 855 27 664
516 394 10 527
951 717 306 393
113 828 384 241
192 195 921 672
717 310 65 46
700 667 386 735
409 490 836 660
147 426 730 396
454 956 730 427
838 839 257 809
584 500 465 574
235 508 828 154
554 338 602 841
591 223 530 802
776 193 42 498
945 4 61 205
610 598 820 195
392 643 507 806
145 324 879 913
216 174 190 161
592 474 328 583
930 161 880 342
797 1 34 575
332 271 821 405
553 893 291 347
846 424 301 235
933 213 591 972
610 175 422 278
550 967 831 740
329 753 341 710
666 332 533 428
101 961 722 847
532 792 584 442
590 818 679 75
320 262 314 809
459 128 73 194
570 769 96 469
828 865 7 107
776 983 955 434
815 179 609 905
38 980 121 818
58 636 733 244
481 452 610 499
65 554 644 985
674 402 963 47
75 346 781 705
52 170 72 57
198 145 833 836
213 838 743 776
823 611 551 341
377 546 243 969
166 727 69 164
925 372 495 376
719 957 446 120
669 155 875 554
108 121 778 663
250 299 972 24
347 530 965 678
394 428 683 813
834 41 460 212
463 196 857 12
559 893 219 501
443 899 215 469
774 242 600 349
595 735 367 115
801 479 266 126
405 658 942 703
731 585 852 9
582 909 724 18
398 167 557 112
235 618 181 83
987 477 292 89
538 23 282 76
989 975 808 198
18 844 184 244
383 673 509 446
657 254 191 995
133 699 662 1000
347 361 277 596
316 833 49 535
862 162 633 919
149 823 344 9
117 150 742 826
436 765 920 653
423 44 12 382
212 161 278 875
702 594 910 946
688 457 63 541
350 676 300 901
875 317 583 180
240 183 596 342
851 733 131 28
74 993 422 829
240 417 970 517
28 660 940 914
789 422 207 368
601 965 671 776
555 24 892 54
258 910 699 96
716 131 63 149
74 681 696 486
877 206 296 819
228 677 861 178
526 473 440 513
85 462 387 276
439 916 882 584
577 744 830 958
937 243 278 76
477 694 718 32
659 798 468 293
625 937 196 443
165 703 142 594
423 261 823 685
769 956 951 8
769 598 546 559
532 365 163 555
149 813 793 350
515 919 300 777
347 418 769 580
701 161 286 240
421 231 323 756
992 53 410 303
877 426 225 978
219 297 554 744
345 164 828 412
832 342 901 369
594 554 310 531
500 116 112 573
8 93 650 730
489 840 648 713
777 740 114 294
178 582 785 446
609 977 483 394
806 32 472 360
893 109 453 238
922 567 341 959
727 830 423 712
378 252 997 940
496 346 933 871
23 469 549 767
641 659 540 552
17 219 625 224
313 300 79 461
611 67 179 323
530 694 313 114
648 599 517 963
342 451 893 645
238 619 526 389
328 444 963 507
132 185 531 469
936 500 408 483
987 520 157 397
940 443 537 491
102 457 835 492
399 782 128 785
821 70 397 233
691 51 322 299
604 50 703 475
214 223 883 321
59 827 708 184
273 509 887 329
518 388 29 155
693 634 843 383
692 870 536 188
916 628 289 191
796 993 846 98
348 415 71 171
101 872 65 754
674 7 482 178
739 541 416 857
32 733 176 343
687 916 876 535
60 401 348 499
755 405 953 717
573 27 189 405
466 115 492 925
650 997 373 49
613 266 775 602
356 83 701 468
956 603 865 548
975 757 811 654
728 877 549 246
576 571 160 662
882 910 124 454
45 426 209 462
358 596 518 674
675 18 230 331
995 944 243 613
743 383 463 561
410 851 240 481
501 58 489 290
502 917 713 183
639 348 282 276
318 362 330 500
105 392 952 488
595 87 423 268
352 514 737 155
252 473 757 424
534 379 322 377
818 107 331 109
624 429 160 331
537 156 774 786
760 365 596 212
440 971 678 34
954 339 181 886
635 478 217 618
237 958 719 927
817 422 726 892
692 12 505 327
821 396 595 703
952 300 788 5
949 366 604 226
727 597 675 240
429 315 70 788
365 73 20 636
850 417 580 323
751 587 955 344
535 823 774 811
543 392 819 411
865 877 872 477
298 832 829 661
586 900 441 678
473 564 987 931
214 101 371 955
418 423 13 137
696 613 721 335
392 916 953 301
656 362 754 668
862 8 7 631
486 998 925 813
697 719 200 144
641 582 809 34
351 105 893 449
916 175 729 919
944 68 125 936
500 675 725 792
34 362 34 68
289 989 379 284
196 441 319 314
950 360 441 85
741 29 812 102
50 215 510 412
451 165 58 401
266 943 867 257
796 591 256 575
149 785 798 250
29 503 852 799
947 950 659 389
73 734 309 423
738 34 374 402
775 115 136 916
241 74 793 697
505 944 967 823
189 199 30 756
5 419 944 586
603 888 715 349
948 134 387 283
966 637 230 194
851 327 732 738
96 46 632 739
403 980 232 4
420 42 104 605
928 586 285 952
151 613 196 475
151 168 673 772
910 844 990 560
252 896 413 637
460 157 577 41
808 144 578 393
364 387 837 35
166 900 594 346
353 102 641 113
544 996 803 303
685 752 840 160
519 291 774 148
510 66 86 755
898 545 544 798
19 883 625 205
699 693 597 586
242 333 118 809
19 26 405 720
822 164 472 809
862 921 911 989
620 956 666 288
536 434 493 961
367 613 21 526
837 899 55 163
159 234 753 408
247 895 744 221
415 617 818 400
214 968 652 311
642 395 167 654
282 523 353 919
410 650 473 25
822 158 977 483
437 579 648 228
341 198 512 414
146 966 366 241
407 163 81 38
402 839 957 942
306 151 542 507
224 980 18 138
391 986 814 412
927 308 393 277
591 377 706 428
406 286 830 3
95 257 753 520
1 929 688 798
684 201 450 427
628 184 202 164
173 125 377 479
659 928 563 434
655 313 230 357
70 192 84 358
228 15 673 531
396 543 721 7
996 811 714 464
412 338 206 838
2 187 87 515
135 121 203 638
930 771 694 151
111 618 703 77
233 936 631 84
433 158 292 803
412 883 821 472
466 772 840 627
899 11 757 794
425 762 937 288
500 659 368 337
495 543 354 99
907 220 846 834
241 514 602 197
291 454 411 607
327 531 33 539
971 514 288 295
9 172 498 821
905 296 420 179
633 868 411 16
927 216 405 53
17 981 826 677
372 754 388 26
451 242 362 980
600 809 818 783
373 925 515 899
991 139 598 869
913 382 618 835
977 503 496 301
479 244 29 539
789 746 520 554
649 372 405 24
877 982 947 34
814 522 737 230
136 397 729 695
217 409 203 846
452 905 71 574
274 674 47 781
574 168 958 478
779 186 991 495
878 875 919 776
266 902 756 495
643 219 745 450
918 92 135 26
59 488 491 829
812 372 84 386
263 306 620 338
414 264 758 951
684 380 591 692
419 520 654 651
687 170 916 378
717 457 305 736
714 477 281 399
90 276 859 481
11 591 47 456
505 805 859 486
95 253 766 940
254 382 936 26
614 849 183 927
510 589 635 214
801 215 411 245
491 661 521 238
527 453 514 114
312 74 936 331
845 769 390 687
270 430 874 226
235 132 983 309
185 849 645 275
260 509 716 234
733 651 366 375
874 284 419 795
154 486 552 128
950 977 492 361
672 846 703 274
5 111 987 151
295 469 546 928
884 713 778 169
234 995 394 436
639 91 504 927
585 361 424 376
687 357 837 47
809 876 405 826
335 22 453 131
773 171 690 381
134 209 898 103
759 70 556 946
44 593 951 750
885 206 37 409
235 817 47 856
351 715 966 777
721 319 655 703
349 299 889 725
979 990 788 230
181 102 562 714
179 893 888 911
653 946 118 857
344 145 607 796
223 10 233 564
513 471 122 242
861 341 93 456
447 635 85 260
353 966 672 42
641 501 987 12
474 333 88 894
301 382 305 25
657 699 137 434
914 844 519 896
521 947 490 828
19 873 832 193
333 454 598 377
758 943 658 859
630 876 335 146
173 702 928 520
846 192 749 396
341 627 102 292
881 59 394 308
143 827 837 712
413 830 467 585
900 516 543 262
537 576 519 761
971 734 853 995
630 501 21 496
4 451 796 611
865 722 39 267
431 849 3 726
964 790 299 106
404 288 720 356
131 175 163 337
428 68 973 565
518 379 293 402
378 67 260 686
387 406 993 478
69 137 932 176
498 808 760 120
522 288 473 815
736 365 819 468
860 818 741 988
878 621 764 643
363 895 858 655
561 317 880 854
158 287 212 516
262 140 276 497
189 380 602 685
271 797 467 892
130 719 383 134
942 699 190 528
885 12 223 775
11 884 773 146
104 575 244 282
69 957 874 343
833 533 558 337
821 264 974 988
865 179 176 217
746 463 943 109
202 331 253 566
658 655 202 709
490 257 187 101
809 194 927 110
264 332 869 338
134 768 20 373
816 282 380 2
360 391 711 152
691 867 812 970
389 677 765 319
590 7 466 21
636 497 284 508
775 681 752 213
409 607 689 198
458 293 902 670
488 995 222 586
559 606 501 995
1 346 620 953
896 577 535 652
66 33 956 931
425 378 399 249
662 517 362 279
574 877 727 919
473 424 36 815
202 36 666 939
469 992 724 580
94 304 951 968
657 411 162 90
376 243 873 628
690 169 453 418
966 282 401 816
551 160 167 59
535 368 29 528
330 794 423 912
813 810 414 289
624 15 120 187
167 736 448 842
548 430 328 716
388 332 485 952
876 62 769 465
745 367 401 181
955 160 586 69
278 195 206 707
488 502 263 519
793 583 623 333
336 787 24 514
704 851 943 274
137 899 552 383
246 339 282 714
555 597 814 35
240 616 204 536
927 757 54 384
444 220 560 329
756 749 876 381
500 318 524 607
768 916 448 50
606 197 607 412
517 551 649 573
776 51 805 166
639 121 206 780
273 919 139 811
879 664 411 101
734 997 948 480
630 110 753 333
341 697 6 497
584 447 648 116
13 831 568 254
818 726 186 357
119 640 606 300
317 518 237 375
663 122 490 674
412 440 391 785
768 854 168 112
520 418 291 267
77 757 598 565
606 406 615 62
901 778 561 944
633 43 134 295
804 745 277 870
99 825 953 963
670 306 837 921
359 175 489 727
187 549 15 926
207 191 460 924
795 509 597 858
885 306 889 606
389 622 750 776
440 27 632 751
659 168 805 793
967 192 107 965
588 490 107 909
532 777 926 539
716 720 494 972
694 680 787 973
748 11 709 200
839 88 932 209
72 697 838 360
595 579 19 249
578 767 608 435
479 134 198 259
171 129 334 453
809 153 798 403
436 665 858 915
24 787 999 421
4 957 334 535
727 965 32 490
192 975 693 504
177 296 933 84
278 123 663 294
323 440 675 687
652 134 369 708
555 239 821 591
447 857 511 249
158 773 254 769
487 306 138 870
927 173 630 296
117 790 938 973
997 618 451 218
630 553 439 89
235 552 726 545
897 831 931 617
252 849 880 921
567 465 955 800
500 920 282 142
787 357 795 281
73 741 975 371
642 707 917 97
558 899 104 699
122 446 413 645
93 778 444 277
685 536 721 363
380 511 25 101
275 140 679 198
967 871 827 795
31 12 870 935
636 939 350 581
196 468 355 600
518 766 850 411
423 242 339 967
876 510 785 368
847 61 216 63
413 502 131 999
316 994 736 399
581 651 699 745
493 995 914 750
956 308 922 810
968 153 189 456
631 236 350 795
299 798 90 277
13 681 799 248
473 840 976 865
349 316 395 73
931 315 724 585
227 22 489 786
426 162 992 951
941 750 745 226
296 741 66 275
917 523 202 818
909 885 76 407
25 295 220 385
253 949 722 855
892 826 940 440
876 243 400 597
596 522 819 241
310 255 509 323
968 28 746 861
544 192 499 651
640 721 259 389
275 537 537 852
651 517 655 80
61 205 277 541
197 722 567 478
521 299 881 556
972 74 419 330
487 366 636 376
762 881 204 285
817 755 490 310
302 892 760 663
865 164 31 446
419 260 833 482
514 440 945 286
852 221 35 459
382 77 770 20
688 461 359 844
590 536 964 470
70 857 213 932
334 552 527 152
208 165 746 514
965 280 266 151
113 880 195 887
727 850 748 317
999 312 530 293
785 924 637 559
380 24 943 208
114 367 602 498
818 834 603 151
153 892 80 61
226 833 171 480
529 126 693 923
101 835 816 992
929 601 482 94
471 779 709 368
821 158 833 311
332 306 125 144
914 655 494 697
624 794 484 394
125 840 973 804
438 235 693 8
754 900 647 496
199 180 888 976
595 464 483 956
844 101 912 17
970 53 30 420
896 529 31 337
548 191 245 73
27 237 925 120
126 720 805 910
590 352 753 288
336 910 59 651
646 364 241 207
879 671 758 394
805 837 347 408
221 692 79 894
575 635 904 261
348 977 115 29
376 333 565 347
99 21 649 351
437 494 722 186
679 614 322 989
691 885 587 341
641 380 537 316
624 514 473 643
834 286 89 164
964 979 470 365
84 635 821 21
93 768 795 379
912 543 225 937
584 483 742 387
651 864 650 847
619 523 788 496
19 841 209 443
650 288 654 44
620 79 991 327
303 31 645 986
216 805 447 759
962 694 205 780
722 105 704 176
623 99 382 659
990 768 893 255
58 935 115 496
714 80 950 697
431 679 895 727
610 773 641 25
859 549 800 511
641 251 487 176
695 434 807 121
884 723 803 819
853 916 511 548
724 175 294 70
618 215 302 805
985 349 210 669
967 92 46 702
112 390 590 996
823 97 48 242
535 342 448 373
