2000 33593
307 945 272 503
904 432 958 870
544 592 8 834
752 597 332 423
444 797 16 961
11 483 353 740
487 689 42 394
879 809 868 265
493 895 816 919
570 419 357 161
960 228 418 121
878 848 776 79
909 313 601 737
824 574 713 114
149 602 120 378
203 635 128 513
253 975 640 412
958 711 650 848
451 816 277 712
787 298 665 24
481 823 531 785
187 564 335 44
224 746 398 835
38 671 431 44
213 960 61 835
951 757 315 355
12 737 699 714
702 460 495 231
598 71 252 832
121 159 882 13
327 634 58 32
392 14 499 320
920 80 684 773
536 189 843 938
974 274 251 167
827 856 186 36
172 783 397 106
890 383 789 906
873 964 753 637
426 761 351 550
45 513 921 920
938 509 141 923
123 149 519 258
236 208 962 933
353 403 659 625
827 652 106 713
109 449 442 943
192 20 218 475
983 56 3 826
174 337 587 535
523 629 159 699
510 74 818 961
581 524 256 216
250 380 301 931
956 572 429 608
685 632 545 257
731 792 159 639
328 488 398 267
400 979 262 431
171 863 881 472
376 939 525 624
220 220 519 461
466 367 223 878
304 508 745 498
113 541 964 777
333 94 869 549
598 514 108 662
44 449 822 311
915 17 881 416
474 93 19 37
765 698 261 516
454 73 145 632
509 388 758 272
416 213 821 687
441 459 225 115
163 196 226 211
854 782 237 414
149 874 883 215
562 10 930 622
262 918 165 114
529 179 778 963
776 70 732 589
951 775 495 224
42 271 255 542
320 426 500 968
736 620 848 725
632 830 580 972
167 329 60 511
997 275 152 71
732 126 653 965
283 832 609 174
962 650 581 103
128 180 12 253
62 675 715 684
716 175 250 260
31 302 140 55
135 805 81 354
643 945 254 784
173 442 102 224
516 243 537 554
881 101 841 153
181 968 515 933
63 889 593 474
439 805 807 920
14 211 533 743
747 532 530 353
297 917 26 697
720 946 33 663
460 264 718 250
540 242 325 329
338 379 317 381
307 590 472 933
602 431 129 175
279 535 231 978
700 781 12 950
736 899 526 225
272 637 106 659
184 428 530 478
148 889 904 484
525 158 989 873
237 200 208 521
965 731 625 322
177 675 56 967
492 660 954 500
134 321 896 283
623 789 885 290
64 890 309 904
565 99 879 393
244 72 960 463
278 601 323 459
596 387 124 722
80 7 687 864
941 269 687 538
827 957 429 609
18 440 479 257
243 699 791 215
520 72 325 887
554 953 560 230
138 404 83 714
580 350 642 292
98 61 481 300
376 263 622 30
181 151 768 958
212 444 445 232
361 356 918 738
165 638 113 767
757 472 523 310
934 196 568 998
239 745 137 459
447 527 455 352
673 126 904 96
818 304 385 20
784 698 576 351
609 664 450 917
465 799 832 966
495 64 316 530
6 340 315 972
537 740 268 719
409 10 435 173
640 198 873 916
867 476 427 326
541 728 994 699
342 148 424 77
275 563 552 174
272 347 223 518
667 302 874 336
170 78 895 712
745 695 60 69
205 997 472 831
427 119 213 197
987 382 446 151
5 786 597 928
408 66 346 35
139 190 308 945
623 940 892 187
728 54 288 532
122 284 225 578
863 477 612 883
371 595 603 3
738 483 230 907
637 565 179 436
554 61 976 995
64 883 692 132
671 243 385 743
811 703 269 495
336 775 612 596
269 285 340 209
533 587 220 682
650 563 723 329
333 920 123 497
417 206 631 431
533 72 480 142
174 105 479 622
766 700 458 933
585 222 17 9
326 561 144 550
201 402 540 53
78 601 558 390
158 459 230 199
54 348 423 430
709 786 541 955
452 118 904 979
291 770 508 241
129 149 164 814
224 576 821 716
106 611 489 517
41 510 836 815
339 941 398 316
468 63 569 925
671 499 343 146
680 882 101 510
669 921 196 68
165 527 407 414
843 120 698 46
694 697 953 769
126 416 435 523
588 546 916 370
377 346 564 778
606 187 163 304
686 538 299 958
629 769 41 801
542 837 956 909
757 502 675 157
707 94 205 7
338 433 699 5
69 553 66 139
856 301 176 420
235 681 100 56
741 755 201 509
318 618 222 549
507 460 385 475
309 533 204 122
10 159 837 885
760 994 515 178
887 623 787 551
640 511 707 874
608 537 361 304
803 354 303 755
37 784 470 930
492 157 259 801
513 299 354 815
276 906 194 877
602 566 610 953
566 944 66 705
346 355 881 441
83 377 513 814
93 605 197 119
252 650 436 971
504 186 767 945
631 137 657 606
604 639 766 368
840 868 215 173
164 186 310 644
296 191 836 400
59 672 621 497
91 912 577 191
621 757 333 606
709 238 26 583
7 17 273 270
601 14 388 558
679 900 781 81
767 285 220 139
508 306 713 203
532 360 809 369
989 338 695 457
89 930 277 996
990 906 546 921
231 146 653 445
724 93 693 532
322 543 940 940
180 276 201 22
599 482 280 805
576 821 437 740
400 1 829 647
99 20 488 353
853 298 65 885
308 4 476 637
973 45 695 217
62 474 945 151
341 386 440 317
391 295 915 185
5 821 453 610
52 849 798 753
856 939 119 919
22 561 11 634
298 839 447 62
809 812 336 321
736 616 572 636
624 387 56 665
966 880 623 337
275 277 560 827
743 432 97 311
679 927 315 810
927 997 244 775
976 576 68 178
741 472 172 787
859 121 813 840
911 142 781 526
393 761 944 585
761 826 778 635
904 915 821 79
916 483 346 747
95 127 121 748
470 508 236 634
393 374 879 647
49 229 400 591
161 529 500 376
81 870 579 196
395 133 992 648
275 630 490 984
869 219 906 262
761 512 297 945
186 756 228 436
750 869 167 257
951 270 689 568
66 485 152 672
863 127 148 91
310 914 945 235
46 317 905 933
178 362 68 925
238 583 460 859
989 84 933 425
688 297 94 412
397 487 664 425
58 720 926 594
164 691 804 193
390 289 850 979
114 566 1 366
504 224 383 193
392 800 898 503
83 379 265 516
623 694 737 707
769 474 618 296
501 822 897 787
682 166 190 186
539 162 169 624
617 992 294 367
811 610 881 499
237 648 361 208
27 442 806 858
521 545 278 952
346 776 49 72
216 406 615 968
199 780 462 32
758 339 199 334
99 965 924 53
513 376 336 993
6 255 685 699
335 192 815 344
417 440 604 99
985 975 926 485
160 94 367 590
464 427 638 938
276 573 481 215
443 365 445 314
896 650 335 371
224 786 764 825
572 893 136 104
997 247 324 488
697 600 347 414
589 34 971 569
446 901 501 508
532 760 864 996
421 561 432 191
559 858 838 449
682 466 24 599
307 258 768 652
220 611 277 816
536 47 19 515
676 996 478 392
420 414 153 248
499 819 670 252
962 466 877 240
614 524 359 887
268 95 467 524
140 110 8 567
382 557 854 68
851 870 293 867
855 432 26 342
465 889 541 520
649 151 475 972
114 376 245 323
775 676 455 539
26 442 39 331
827 539 537 324
739 177 381 267
673 528 25 491
890 990 509 32
398 72 736 745
712 380 513 426
926 393 259 456
483 861 135 914
475 405 737 793
833 906 886 291
112 453 812 911
298 796 638 625
142 694 902 522
406 883 562 626
577 659 433 380
454 53 770 479
710 807 831 916
189 319 114 807
19 617 97 430
833 910 585 969
404 952 407 10
538 89 856 866
205 115 657 799
844 776 553 248
293 423 226 751
232 768 405 174
769 973 396 464
258 281 675 88
569 739 345 531
135 867 657 26
992 406 475 168
187 989 369 449
647 583 446 258
529 475 133 970
464 473 279 680
918 484 290 728
187 170 525 253
484 399 252 502
830 14 246 462
750 339 580 254
917 336 398 653
510 874 425 678
905 435 229 641
804 201 9 918
294 931 702 489
459 890 855 500
111 477 385 463
748 693 446 891
892 446 593 928
357 39 525 466
906 898 675 757
142 370 622 506
421 380 276 830
71 640 948 340
607 34 952 163
289 99 450 964
880 783 261 457
466 240 475 706
253 174 264 956
224 194 625 434
24 309 903 535
844 974 54 938
455 127 950 473
328 249 614 378
53 839 508 773
961 107 649 181
979 124 938 382
21 453 814 235
621 739 431 425
645 583 631 302
852 526 245 592
356 230 309 283
158 136 879 379
75 39 149 172
218 661 83 740
541 141 989 959
257 438 366 243
552 542 247 265
85 227 927 808
487 646 425 820
683 500 979 165
887 24 341 441
528 320 127 648
542 967 588 175
310 75 976 443
931 759 529 192
20 376 119 951
477 409 244 277
671 460 397 843
35 622 171 463
179 426 301 549
484 900 237 181
840 175 81 696
22 186 497 199
217 485 155 566
389 912 614 709
745 68 257 747
382 909 571 72
220 712 794 130
150 874 578 435
272 477 352 874
482 371 167 581
861 827 111 312
232 273 605 39
735 326 183 481
325 472 815 396
266 719 764 556
22 835 787 934
225 832 627 979
898 928 671 735
849 596 111 338
777 49 698 643
45 429 134 475
467 939 388 380
616 605 885 133
581 655 647 953
273 262 275 961
49 220 254 37
112 62 860 218
544 155 162 927
231 697 766 943
441 354 464 268
518 834 674 731
629 764 286 745
705 269 629 593
750 264 182 719
459 36 803 9
814 161 737 610
312 198 624 970
575 666 315 995
452 576 55 802
819 162 604 419
776 325 309 226
916 819 32 672
743 210 709 626
94 991 563 697
878 626 362 522
84 264 305 343
131 559 729 936
183 954 505 29
118 735 492 198
503 35 210 400
37 980 573 996
986 392 636 758
817 61 75 956
429 433 563 959
260 637 668 108
474 247 136 702
692 398 398 43
655 983 748 940
333 210 59 536
634 902 902 548
73 527 464 870
366 12 100 541
857 664 366 763
497 234 714 121
490 935 836 988
518 933 151 156
827 392 992 15
207 232 264 506
82 164 984 516
994 547 30 428
8 319 997 145
267 838 576 614
130 224 188 751
951 552 125 594
764 867 978 34
43 122 955 560
99 831 564 913
146 869 600 655
309 725 409 833
973 575 24 156
646 744 426 216
852 829 102 794
670 117 482 512
832 575 72 481
561 668 164 859
531 480 762 849
327 204 586 856
824 717 752 652
256 721 898 646
546 603 288 83
742 58 155 997
427 768 71 693
878 154 146 711
656 897 231 780
374 806 407 782
560 498 390 924
540 838 507 265
117 641 106 97
94 784 716 872
101 241 889 59
584 496 151 863
388 32 558 53
490 878 2 260
671 8 763 143
307 1000 678 365
419 405 859 684
642 351 97 794
716 17 502 404
45 777 764 846
290 225 106 691
448 580 295 117
537 782 311 360
52 201 377 273
25 387 521 896
964 53 349 929
731 15 755 409
770 178 662 14
541 663 787 395
228 962 129 286
277 639 620 849
240 626 834 587
316 855 654 926
585 107 37 195
662 6 348 828
769 490 716 657
572 312 848 715
351 966 314 513
310 782 370 16
130 102 886 403
805 550 362 648
260 931 278 15
750 900 194 377
646 474 27 615
170 534 949 860
30 690 428 837
436 20 138 697
44 93 143 343
180 516 838 205
392 171 81 789
897 575 850 422
587 560 786 120
890 852 558 353
490 124 367 804
866 227 651 914
254 525 176 572
972 403 752 673
561 608 184 115
50 457 225 937
849 720 799 507
800 881 247 878
825 49 211 698
497 381 964 120
267 995 71 563
433 399 496 639
255 614 755 692
293 170 535 887
182 218 869 615
734 691 930 272
35 64 413 174
895 428 385 905
269 130 840 859
909 840 833 341
272 905 827 543
208 175 283 386
350 176 825 191
645 507 342 928
478 263 312 496
584 45 465 411
862 823 667 201
919 256 348 602
970 15 520 714
539 773 308 257
212 240 257 301
690 698 673 960
673 553 913 470
452 849 544 319
682 270 26 796
718 276 715 892
12 894 696 822
380 582 530 579
12 78 72 561
612 75 176 497
57 716 850 939
32 357 999 728
824 631 615 324
665 704 188 120
983 555 159 660
702 83 902 996
108 531 644 828
605 643 367 582
129 578 14 19
901 968 147 538
594 769 621 405
787 538 452 379
196 951 921 698
637 927 624 567
731 54 125 746
453 675 849 370
187 577 198 937
153 623 290 122
649 272 566 739
804 161 394 364
233 69 367 57
290 389 695 983
253 714 537 423
81 597 681 420
212 580 607 438
514 365 136 549
776 695 395 175
651 736 26 24
851 624 31 998
840 124 148 729
708 562 619 263
85 125 510 35
590 225 268 186
825 264 534 285
310 93 341 699
915 526 304 323
977 543 964 349
449 446 845 327
947 866 465 764
556 604 167 191
651 153 980 442
663 355 233 437
777 141 202 230
195 164 656 896
904 169 74 165
428 882 858 826
696 927 146 97
11 709 431 120
509 561 664 742
722 443 627 818
21 410 609 164
71 947 624 693
687 781 471 738
436 911 973 15
44 954 965 895
492 705 191 221
437 297 634 449
753 142 468 334
777 835 238 895
903 480 587 472
880 218 926 779
880 682 570 857
332 284 493 1000
37 407 754 309
105 600 522 295
137 633 896 956
234 256 776 952
899 778 816 595
523 502 816 780
781 908 940 211
903 263 184 796
427 711 174 529
824 591 649 116
85 468 238 190
170 256 283 97
777 108 916 521
426 130 450 615
707 343 514 376
522 600 441 383
671 741 227 68
259 14 463 943
862 630 656 122
975 242 236 555
910 995 616 217
229 863 191 222
354 799 395 695
207 318 265 596
590 809 450 358
335 610 765 68
615 856 960 172
452 605 256 112
464 31 938 208
322 195 648 7
574 401 750 318
908 855 970 747
102 29 22 163
7 441 595 381
362 705 884 524
287 772 764 227
241 51 15 149
180 421 860 86
663 763 701 952
310 995 977 48
346 593 177 379
282 945 100 998
235 770 813 482
685 498 8 927
761 48 46 312
324 420 588 259
971 443 879 699
60 982 287 57
587 102 715 257
331 276 785 749
4 686 410 649
825 579 941 165
89 607 253 74
194 46 892 868
860 626 253 62
773 292 642 171
699 979 703 347
481 9 397 834
167 9 203 612
355 47 321 595
610 651 221 373
246 56 907 913
35 397 429 975
315 575 926 184
83 485 270 773
794 770 897 776
98 961 405 897
977 490 431 400
269 39 546 312
888 891 689 46
643 634 742 62
32 571 467 475
217 865 147 595
354 564 936 313
583 892 379 790
995 614 451 994
187 114 679 710
933 437 542 423
661 895 309 656
404 205 484 235
813 367 103 503
466 504 908 479
898 753 975 945
94 742 274 603
206 335 146 386
111 892 79 182
730 869 857 794
571 595 556 25
395 855 239 455
240 119 701 63
60 321 243 388
237 282 374 46
297 911 247 5
614 682 287 152
497 334 463 987
370 37 350 276
768 138 763 946
995 901 508 307
257 320 371 473
868 230 383 855
965 412 555 489
660 473 589 687
346 508 306 466
70 233 81 637
852 48 661 802
12 762 131 721
124 220 744 22
837 244 821 718
367 180 224 270
673 740 617 678
248 840 344 163
807 903 593 135
369 562 350 537
19 677 249 961
532 430 766 533
260 968 23 368
314 438 572 687
190 942 205 301
400 202 840 580
648 521 316 469
274 15 163 425
987 436 136 158
480 681 754 322
694 521 913 678
352 321 898 205
734 188 534 864
879 418 253 373
854 874 132 778
464 27 231 6
740 477 531 860
387 955 258 361
661 370 867 269
731 279 966 921
914 431 190 394
152 297 540 144
731 927 574 393
688 760 764 151
480 892 64 318
694 654 151 481
850 493 626 20
381 840 825 945
111 83 119 558
967 221 537 401
773 232 315 248
936 766 532 498
168 842 819 13
457 237 892 875
657 911 78 179
254 283 643 338
319 399 509 953
407 369 402 256
42 276 992 329
768 454 730 972
810 164 167 130
41 552 643 140
627 38 842 561
835 582 258 36
349 516 673 948
683 587 283 331
417 361 116 279
439 371 264 481
295 105 676 367
604 863 638 629
561 527 766 862
261 256 588 433
15 623 762 923
670 955 474 899
436 521 669 759
955 152 779 160
897 318 496 968
123 320 968 232
587 350 787 165
450 362 734 859
513 98 882 539
401 854 764 895
455 227 726 774
282 886 258 528
691 84 448 3
278 966 288 811
965 597 56 304
838 384 701 829
939 62 85 621
890 254 934 702
533 446 900 957
896 958 674 801
795 866 522 932
959 944 388 167
19 4 183 775
406 215 840 482
596 796 875 410
24 390 15 547
456 498 140 678
120 279 944 500
787 335 833 663
798 95 798 732
980 401 936 895
344 844 911 88
143 907 271 731
68 804 318 104
479 109 598 584
75 264 523 86
554 213 265 494
566 677 160 24
344 395 103 592
311 189 508 328
77 183 888 366
402 744 767 299
975 960 121 364
691 991 76 536
536 93 973 85
780 39 883 64
802 771 606 724
843 955 376 732
267 349 914 278
856 515 303 959
525 884 772 615
685 762 571 397
729 388 607 40
153 518 692 44
728 886 297 720
207 395 39 905
489 859 227 869
749 733 264 654
14 797 917 92
650 910 967 994
506 726 549 994
718 436 665 92
363 422 910 305
323 332 127 613
547 136 149 661
736 352 220 594
401 384 403 310
308 323 399 600
927 109 699 846
61 248 593 159
766 777 565 173
586 284 742 98
779 526 713 196
230 933 626 655
814 227 280 502
885 247 180 403
239 871 353 399
139 415 981 359
62 978 981 180
875 92 519 382
266 160 717 117
66 479 248 722
826 48 228 610
594 912 916 760
53 185 561 590
799 947 132 296
47 752 999 992
144 732 661 696
760 390 811 979
924 166 401 774
274 428 392 496
768 302 2 31
287 849 661 106
74 122 706 495
388 303 545 926
544 691 782 306
718 321 356 72
3 90 780 440
192 565 299 584
156 194 498 274
208 94 402 441
462 905 812 303
711 775 414 778
336 472 896 726
484 421 84 500
773 686 539 338
427 768 888 311
156 357 669 379
508 284 894 618
319 958 862 736
686 29 183 68
295 275 493 666
374 706 180 26
478 366 550 417
47 201 335 507
911 453 468 963
41 378 950 738
876 601 840 341
778 884 684 699
971 224 526 989
356 456 501 569
178 563 911 73
828 779 139 747
975 371 517 292
226 126 641 698
126 254 260 694
752 186 661 33
51 729 139 626
234 68 107 628
898 821 491 133
452 844 91 431
137 181 720 444
565 575 611 221
88 935 818 732
109 428 603 405
111 781 176 28
125 914 716 205
399 933 161 331
946 618 991 891
770 520 758 523
378 682 437 547
361 632 628 951
646 88 140 756
794 562 190 855
687 153 932 85
469 626 97 555
119 778 827 225
778 51 376 928
155 37 536 963
258 330 555 57
27 774 311 354
473 759 5 542
749 143 108 14
402 36 303 405
244 381 763 279
610 172 793 587
399 97 997 836
661 818 489 37
56 777 230 504
816 78 255 293
998 663 64 83
454 564 110 486
277 412 669 351
990 542 901 258
234 700 602 729
96 478 169 606
795 353 68 596
511 646 94 903
83 432 585 984
428 905 198 559
743 737 662 858
970 707 844 227
562 387 898 959
122 843 505 200
680 276 736 687
805 290 194 805
979 396 513 282
295 601 417 697
70 11 591 389
875 880 369 6
11 428 680 475
842 788 895 110
271 99 44 676
351 790 730 670
760 67 148 32
14 769 546 150
646 193 734 338
704 163 8 45
154 371 232 488
951 406 26 273
849 71 639 196
980 215 972 262
187 725 828 511
289 554 255 198
222 115 180 366
227 430 80 894
48 245 314 342
243 483 737 440
959 650 694 329
366 872 408 577
23 419 479 225
960 258 934 301
222 51 937 145
914 361 473 749
497 920 316 966
476 294 815 678
871 340 494 904
243 772 506 763
61 882 159 124
568 17 74 902
716 850 669 586
371 978 517 287
47 654 148 507
2 331 416 433
226 574 406 222
843 773 199 194
444 821 835 280
582 266 549 337
464 750 292 874
256 782 591 131
540 952 633 820
309 594 866 460
989 226 403 574
767 379 56 749
22 35 831 744
916 991 797 227
641 543 535 893
255 121 916 336
751 424 701 56
968 418 505 81
401 593 750 5
853 111 387 966
25 773 151 897
61 61 575 478
919 612 201 382
134 185 58 642
845 861 337 708
473 357 660 129
659 974 984 791
199 861 527 639
792 237 109 858
482 5 208 329
365 943 33 425
181 774 38 690
164 555 337 72
884 49 426 568
626 621 955 49
884 294 260 253
832 638 373 581
452 232 665 579
114 290 978 302
857 972 544 274
620 882 370 221
369 682 144 724
74 744 457 97
108 225 683 437
551 830 705 179
553 211 280 295
817 257 365 59
612 345 181 838
71 854 285 966
39 999 9 145
184 139 736 244
945 198 247 555
652 890 432 937
514 734 837 546
287 464 34 838
921 11 948 836
364 660 218 214
298 546 823 923
283 812 570 205
562 454 620 57
789 712 218 526
316 922 1000 713
727 21 575 879
282 976 981 158
408 74 204 539
264 757 581 562
389 988 517 731
894 966 898 104
637 869 827 787
355 24 562 800
410 458 249 380
915 236 73 4
502 190 244 827
792 271 845 426
641 771 249 175
101 981 792 238
642 511 114 987
612 488 822 993
649 159 933 872
517 750 378 283
647 805 400 925
17 962 945 308
522 893 305 402
646 332 257 445
260 321 742 698
442 794 208 615
207 243 190 407
756 310 566 869
668 51 293 356
854 926 252 567
627 591 232 358
6 278 275 211
714 164 547 535
742 249 294 342
808 649 858 60
87 284 665 177
903 678 986 315
215 768 394 564
869 829 706 583
549 825 22 875
637 533 638 916
428 209 593 236
640 871 629 762
445 53 165 898
313 440 692 141
169 983 752 530
662 32 832 884
693 554 106 126
936 540 556 461
726 256 615 66
90 587 962 681
389 143 165 446
979 138 970 937
785 220 385 265
705 859 389 65
864 430 631 883
499 772 818 315
351 109 330 959
152 23 56 427
13 718 50 480
540 520 975 75
101 442 860 307
26 873 399 19
996 493 991 520
860 39 337 90
92 900 776 691
952 511 445 73
938 978 900 698
492 682 265 524
461 918 763 934
485 916 969 545
691 731 714 310
575 433 28 301
832 225 560 334
144 629 434 318
587 350 877 208
339 153 54 949
912 185 966 192
499 970 755 551
359 956 103 405
690 747 593 115
476 278 214 410
530 122 678 546
82 593 337 50
641 791 248 423
619 271 230 417
535 825 149 94
668 278 872 507
691 859 532 789
83 596 856 398
730 165 8 319
284 590 985 903
943 817 768 634
339 219 837 484
555 794 588 844
436 195 51 574
489 32 125 846
860 919 12 409
219 491 818 732
836 558 934 157
168 583 628 446
357 489 424 334
939 983 112 706
55 575 867 255
585 829 922 198
68 322 645 544
739 331 912 449
759 407 252 584
928 702 749 764
332 341 574 511
691 109 282 691
573 112 86 864
530 183 502 197
222 707 577 508
629 62 907 894
242 822 666 251
786 633 702 465
217 455 586 467
1 425 812 881
672 368 751 700
683 251 837 172
133 972 955 715
378 324 694 703
706 904 466 786
391 826 570 714
894 333 229 352
932 174 529 86
265 161 217 999
138 61 395 334
598 806 196 189
133 53 242 77
27 420 988 353
645 815 315 588
653 418 885 440
496 501 160 638
660 562 372 374
588 616 180 735
428 632 620 8
338 412 516 467
902 73 916 711
618 657 380 266
387 417 559 971
740 127 257 571
357 889 945 869
228 939 178 751
493 422 729 255
295 671 148 597
826 504 108 811
890 958 677 969
150 126 885 214
829 958 434 900
83 992 940 87
474 9 649 785
634 8 427 801
973 414 226 65
73 597 674 32
324 958 557 527
376 308 454 620
951 288 734 746
528 255 322 94
595 143 644 762
401 395 473 415
459 1000 644 52
428 552 905 451
915 411 629 214
331 838 310 569
535 647 887 716
783 454 742 453
272 201 503 793
354 203 325 236
606 746 721 760
346 984 516 322
596 864 804 269
257 725 92 906
569 91 100 885
691 501 98 743
672 687 339 300
774 86 643 531
689 980 644 494
869 3 112 954
960 391 470 249
864 785 177 81
359 135 495 596
256 195 399 951
789 219 846 851
115 27 467 985
573 984 613 496
843 342 351 409
44 526 798 687
913 119 556 867
588 291 735 79
487 486 162 645
880 35 332 688
599 978 845 303
287 238 395 414
432 365 648 598
267 212 377 4
154 168 821 845
413 508 271 730
86 417 974 981
40 278 813 47
802 800 447 977
719 739 759 817
446 726 116 169
947 620 363 469
617 497 101 196
715 599 579 511
743 701 655 187
190 115 974 866
347 575 148 53
164 143 968 847
472 838 435 606
711 914 783 483
15 571 942 895
76 578 725 365
166 531 474 776
938 488 79 56
247 702 592 648
939 77 138 535
345 141 88 796
739 355 308 816
728 764 611 464
321 32 633 496
687 745 265 276
790 440 793 225
142 577 46 495
60 882 875 512
578 931 959 765
436 822 107 705
658 849 399 824
113 155 83 179
502 442 427 368
957 584 266 444
177 307 535 39
168 136 741 593
96 623 696 488
705 804 524 182
285 244 545 207
105 116 739 237
280 236 512 221
178 738 858 453
888 251 281 940
800 513 2 37
849 636 114 791
911 689 738 384
175 896 19 625
223 783 702 248
728 165 263 656
708 976 167 652
462 529 431 820
387 453 842 843
390 489 623 943
235 304 157 382
619 679 864 437
151 22 45 485
701 132 124 281
380 124 174 774
867 115 536 78
888 255 614 836
860 498 300 128
120 767 756 74
376 376 253 282
230 960 531 772
469 485 317 237
453 99 51 982
781 319 71 303
755 561 203 628
873 744 528 296
971 195 778 645
105 855 547 134
881 151 403 678
394 180 896 323
660 396 679 909
759 344 644 98
1 416 465 950
899 817 308 334
306 351 617 759
323 402 730 529
756 649 165 996
102 596 832 710
386 418 671 754
828 205 646 378
66 519 389 288
49 795 74 1
513 784 679 95
391 651 372 444
129 768 824 822
154 736 403 788
881 668 737 543
737 846 879 123
243 129 431 84
741 9 998 533
626 690 552 10
1000 664 145 764
636 165 156 201
290 578 67 683
361 334 761 694
139 973 842 944
6 202 126 911
275 266 462 826
821 727 350 957
590 728 656 107
828 774 732 369
317 387 510 191
113 79 617 1
606 837 281 351
508 93 119 28
143 469 171 857
307 532 432 495
145 50 29 272
439 276 760 829
183 280 514 862
950 475 443 274
705 628 302 408
365 772 134 894
135 579 137 479
758 753 286 642
911 267 849 483
397 646 706 131
136 717 517 28
369 939 8 320
948 528 444 247
619 797 823 8
471 928 797 918
347 600 616 404
834 675 43 165
786 726 824 693
33 6 633 962
944 93 282 443
133 608 101 893
402 626 83 6
770 723 931 859
810 278 349 692
254 951 243 414
445 261 110 399
107 860 557 595
732 592 547 757
650 10 641 405
667 608 714 120
682 11 842 141
222 843 693 540
27 443 104 758
454 406 545 243
981 591 436 842
330 210 854 858
379 735 517 619
328 690 298 536
599 576 478 646
310 471 185 262
910 409 949 931
594 347 377 171
152 479 434 740
702 209 76 904
494 662 599 430
247 829 188 864
586 685 969 828
183 815 963 88
575 178 127 614
813 491 792 142
263 586 6 236
814 868 992 487
685 969 941 796
381 472 541 449
876 174 592 474
985 118 161 709
132 544 489 293
91 46 296 795
943 708 664 627
755 652 957 152
586 787 605 586
989 112 800 47
261 473 94 778
567 5 685 607
622 421 280 166
232 872 231 826
56 994 257 105
351 811 92 491
864 75 239 300
153 605 953 854
535 27 969 497
909 735 157 500
247 574 828 312
939 978 369 890
618 192 286 900
243 405 285 46
284 305 687 963
427 121 739 799
274 707 895 87
810 294 92 819
150 842 820 870
114 218 385 580
772 694 946 321
475 798 294 663
760 142 952 181
449 301 683 825
496 614 584 838
612 647 840 126
663 412 35 573
442 365 188 45
988 835 322 184
236 207 793 795
691 178 332 471
112 561 949 483
54 147 274 408
452 869 353 226
453 43 510 107
71 826 251 730
588 937 826 237
113 654 137 9
880 393 68 868
974 312 455 238
620 916 829 448
723 978 788 341
655 902 274 277
293 854 515 511
580 387 937 96
522 848 71 80
722 665 456 76
293 670 794 343
639 734 42 940
904 726 112 681
700 857 957 464
821 819 104 801
136 709 471 538
838 196 833 197
373 660 871 862
1000 898 394 154
858 16 102 354
707 139 628 559
538 387 285 331
790 504 549 681
122 685 733 446
604 509 734 901
95 280 774 450
176 483 456 843
599 580 456 91
374 762 7 200
359 924 948 722
150 335 699 25
705 955 394 786
83 743 345 473
625 546 815 526
246 919 152 95
197 598 460 863
630 770 794 65
707 723 900 23
718 351 366 375
243 866 173 213
857 917 684 59
901 779 45 843
551 796 168 377
728 261 83 990
556 978 140 155
523 985 850 723
849 571 298 492
379 306 678 25
602 528 610 351
477 546 760 205
338 555 451 819
863 84 648 996
860 173 544 84
799 889 307 887
867 70 743 557
777 65 179 879
910 465 82 964
57 336 314 545
199 122 184 932
497 468 409 588
993 609 645 165
172 157 144 124
44 665 391 320
984 883 986 494
258 821 258 259
471 856 21 167
112 97 704 776
796 924 761 341
483 640 484 592
128 716 650 790
790 138 524 969
840 515 317 526
875 904 925 832
451 345 97 452
515 153 699 918
171 970 347 390
714 840 160 66
582 637 234 154
171 70 173 41
362 199 801 59
132 782 805 268
554 277 813 109
899 867 482 10
619 750 952 45
802 904 953 423
503 443 392 804
435 809 960 440
983 589 870 30
327 290 227 174
551 596 656 957
193 531 351 583
578 604 6 875
932 234 161 369
997 20 361 557
727 353 16 552
400 329 906 971
314 761 989 80
882 799 328 632
575 750 877 400
433 861 114 879
785 800 681 865
26 891 521 724
130 392 535 413
919 497 7 269
148 677 78 500
758 179 818 113
792 263 435 589
432 832 475 516
783 428 400 812
341 41 370 498
783 536 135 933
257 757 528 108
276 968 210 152
138 453 283 717
220 394 614 192
270 655 525 132
444 729 489 353
734 786 500 754
822 213 517 749
802 326 403 267
409 551 470 618
834 531 749 204
696 209 865 601
647 925 126 518
687 418 958 964
218 180 990 100
828 590 804 719
654 747 901 903
779 439 201 475
375 805 988 610
918 754 612 364
209 526 245 423
395 163 706 11
735 883 411 808
56 154 855 277
88 521 994 226
139 208 459 448
48 366 906 643
771 352 438 798
140 110 132 547
355 766 494 340
234 639 215 910
583 515 45 800
154 69 444 908
17 823 228 347
744 626 449 926
794 81 197 853
715 270 296 497
783 284 961 551
747 902 868 195
223 394 652 230
964 903 103 842
422 544 190 921
250 799 500 475
151 574 929 268
283 248 433 982
349 556 579 309
717 41 596 374
55 433 428 837
5 743 619 363
948 911 203 425
515 923 505 776
203 547 958 841
726 879 795 820
220 571 734 755
171 209 450 533
364 224 610 820
861 574 830 17
922 202 673 811
793 551 449 805
971 946 542 652
725 926 198 51
627 904 467 504
396 977 198 434
300 972 692 921
181 91 263 428
424 643 20 102
897 610 253 32
620 60 320 94
95 711 964 243
937 492 805 364
996 558 519 451
205 846 39 21
630 632 260 544
554 604 350 735
903 598 204 666
474 639 297 76
978 973 171 749
991 951 314 7
777 313 888 528
950 410 897 473
263 182 2 468
903 366 429 911
324 725 956 37
847 962 276 948
313 550 605 898
100 252 111 787
573 143 773 834
348 989 85 31
743 869 867 672
831 876 544 931
776 19 115 541
62 508 463 848
900 867 574 747
215 736 649 136
640 281 984 509
126 270 748 809
449 130 665 650
74 169 338 940
603 157 136 233
506 92 349 165
810 149 564 734
511 322 520 415
860 77 904 416
734 925 4 565
396 101 868 718
624 737 991 366
534 710 398 538
404 960 596 21
235 800 613 989
503 180 842 197
719 911 375 752
435 148 306 921
778 743 884 565
668 151 942 793
656 22 577 314
790 34 495 176
201 825 840 666
889 366 975 913
632 461 515 945
213 504 32 11
424 940 3 561
325 592 806 925
424 671 828 277
193 36 581 932
983 369 702 44
739 831 468 199
359 48 846 683
148 601 522 326
440 990 87 46
296 915 533 330
225 948 978 87
9 273 283 396
414 931 710 299
673 41 289 212
743 475 14 272
811 488 636 859
471 890 585 483
905 129 511 857
876 46 69 651
95 668 457 252
798 551 190 207
429 51 371 697
950 460 727 198
441 672 206 181
417 659 913 490
895 390 247 534
309 182 48 442
482 976 895 240
239 288 860 878
904 132 663 731
860 579 821 985
734 730 385 734
424 613 108 328
858 998 345 397
496 242 970 70
386 986 373 184
284 929 34 525
869 479 519 492
208 994 412 550
610 371 837 571
304 539 499 791
118 145 529 208
965 2 155 887
614 448 325 66
348 428 841 180
758 239 705 633
641 878 960 333
39 10 386 860
679 31 72 583
194 779 568 149
541 854 893 115
238 457 270 377
774 338 359 826
714 618 903 31
977 811 657 328
1000 606 886 695
265 989 290 809
741 464 211 344
412 96 510 690
229 875 459 403
104 1 467 692
295 953 64 64
578 287 130 115
223 58 988 43
406 604 768 198
553 427 653 189
152 693 59 40
943 671 917 787
798 704 551 9
747 199 71 675
299 362 967 463
963 158 140 61
941 230 990 858
184 226 723 89
835 55 592 112
146 352 986 114
227 501 554 720
143 820 360 688
526 301 636 588
315 578 327 737
968 58 471 930
354 42 480 787
536 614 195 810
483 980 165 288
607 542 916 167
38 171 167 919
147 255 498 636
430 380 929 976
833 213 467 441
107 295 855 291
110 608 314 152
323 262 428 394
962 926 586 441
832 335 631 49
508 632 864 286
211 341 481 724
683 658 88 530
68 111 998 924
678 12 323 356
312 102 806 350
496 857 656 231
120 955 132 224
579 222 656 705
117 405 50 252
456 860 963 134
818 431 710 110
270 561 210 556
818 501 909 975
558 494 324 813
39 620 277 756
260 831 35 154
359 981 177 629
415 842 14 337
511 411 45 49
537 754 326 620
568 988 866 353
558 533 813 747
797 413 830 794
331 807 889 967
335 926 5 941
392 561 279 26
942 927 299 880
832 934 530 65
969 508 720 692
155 733 954 721
279 792 93 443
235 468 622 929
307 255 99 95
914 195 477 509
168 841 592 763
548 343 28 244
425 81 605 623
692 906 209 103
825 978 420 986
623 724 1000 547
900 4 732 792
63 344 491 513
545 472 317 485
107 584 29 599
499 926 91 42
828 652 594 90
312 494 695 300
509 704 227 737
259 36 622 22
528 520 797 669
810 456 819 402
863 778 658 753
975 513 500 920
379 272 123 844
976 513 597 369
443 878 820 11
375 636 269 117
844 727 262 46
752 529 950 373
337 71 884 763
696 102 539 520
931 569 576 222
747 275 457 215
458 642 189 656
480 198 55 305
241 419 12 249
527 353 716 782
670 577 513 541
298 884 371 78
716 376 803 384
95 289 43 218
549 532 840 229
20 713 680 839
136 861 999 414
945 812 623 987
42 256 438 985
75 116 644 162
130 243 681 769
403 266 414 871
566 522 298 160
593 378 739 816
355 966 695 233
532 298 746 866
324 912 851 646
657 483 857 883
930 546 619 366
45 940 674 70
316 14 34 753
454 447 238 734
638 196 432 653
212 777 825 230
283 999 78 486
862 215 297 212
577 267 799 130
853 399 481 160
992 661 672 282
315 366 334 586
468 733 354 153
845 971 940 770
169 849 804 838
15 951 485 944
394 349 831 170
709 149 696 604
225 926 421 800
197 793 947 121
11 120 347 94
302 267 853 653
456 189 560 329
