2000 39259595947
791607864 767028493 664563465 640923256
744823537 188193213 538155272 339004484
245825441 560863979 180205846 435586854
188443750 195739589 386030209 958372417
649728821 525825393 679159678 264854010
575303536 657754007 750413490 288905221
925022494 713954621 899501737 119562547
899853201 969402338 777494647 7882754
98887039 669688726 767404633 51489561
249294017 764147623 875403985 647976124
759056044 676591333 992485042 854089687
607483607 687324712 959196153 90159942
504754912 939949614 703447061 786765650
674713833 28464403 816531368 731414360
444000149 608021861 733235894 682271760
341413792 729386157 338750802 331145377
890910392 888843520 834502115 911838066
72164406 257953709 469484934 433260750
421146372 704763991 490984931 812320842
161767629 752917647 783986186 778903256
150276613 443471578 229010244 36679402
687999335 768606431 638883031 939873698
497900125 737004765 296111926 566890099
562786839 130271059 825620695 869340237
330055946 208371129 872152698 232477777
406641805 87746526 131265666 590332877
781936828 94789767 340758081 43662558
23122485 577126027 437151475 109586269
144086727 421070975 868717547 752584138
847665340 239188817 481747208 581673249
665803937 503937892 357756167 273789190
277264702 461255368 997041636 637628208
226280868 315115046 86623263 690076317
844696473 306816354 222068400 961226342
966486511 26821582 427945104 92051514
361232107 294354877 439999800 88318834
229698654 955938343 772231618 140522407
551917252 94620336 63255494 915089843
803080081 719001258 519740572 407170742
146484063 291554673 919726806 740685290
261925786 537256014 124576521 476582717
827879756 56027400 956870382 708061462
52657831 702228868 3957451 301375779
683867964 123112333 739889950 394123981
351386368 505979266 435815739 641772508
556154613 22999426 754099742 796424677
928561733 215012057 66171742 412301510
156912878 644620923 127011314 396700543
324144949 676246033 877283439 622105270
927956852 967323371 686210552 246610043
396318604 510702328 461418085 194395268
386235629 450194774 891336272 604201332
268342879 744609201 964263281 731682707
278691147 332761900 229595239 63402190
912005836 674779146 133952661 241056640
476533627 443704885 362003493 67770747
964365961 539775548 766298244 630689320
808263909 541138150 170313040 698904014
542089247 124410052 153940762 581592295
437957211 196486668 864059491 634169327
37439749 482078872 871836549 427335541
842379632 731187035 904280557 582630398
902868174 722040792 57268387 622547335
831456794 112974022 684861924 78957718
453802962 697266421 355073493 303623450
114551256 817632299 401527599 539270760
327502165 942518319 65188243 191561858
155344229 217842992 689729718 507436566
638612118 225867653 960885526 88747497
752907498 623980578 414840493 432804764
38937381 745781385 352555678 741353734
929514873 447239179 897398963 413954402
104494399 370217413 42534487 554085236
289698803 901821151 843184836 933958555
259881594 594055953 505505747 960624058
100528682 53441080 831103345 595235474
754689766 178807827 418955618 215136280
628933767 977177458 463346779 264175063
994370635 738085265 173919977 70598872
848199338 557040306 452529011 745436568
570972133 100568697 922105841 108628148
977347039 406249511 219180132 779991856
157830483 756510181 152395751 697201533
144142347 678169020 592333666 654561367
764696974 384212821 339327523 115752221
459856233 286571814 687693026 229662553
604332712 644793470 14979429 728841186
133754514 608831099 334432154 168056878
777768343 103163916 295243802 623428595
544657658 928719946 274880469 377069681
93763244 368513502 341631748 379126923
151704716 557103030 523133550 560362413
632094135 301420191 569299985 585511311
728676961 281553552 734023578 132922629
47608947 553052685 390359829 558280907
182484209 445318307 932597786 526467825
704456662 368496828 972341454 875509804
660565458 574183336 223015397 749648008
958485112 380800491 34181461 349574482
392169761 494818549 735172092 20382019
726522359 208847609 966512460 427108611
492464354 224705804 889570011 640247686
369968110 591278758 190444233 787241101
591202647 493833132 463882928 63529322
101505350 757591841 520934781 981547477
828864463 693941079 552512835 335708723
697706612 484095390 165378049 413330205
456425361 622734141 663907498 180842105
775489301 705448430 634184613 825096558
849584996 405484413 610475329 411545453
164816947 840344571 637025422 600670464
955365518 832578097 764700909 241537626
901789271 951559219 999714699 708263606
106400319 866327892 707679681 174207061
760174708 293992593 256952308 884164387
301363067 896723498 564280671 685315832
464435961 161088125 225366725 367022950
88312564 159579359 170894762 819736226
174878816 891329149 748109344 734723065
766187419 216090163 402421126 430695624
567993948 807735240 979727347 217517261
109707453 208568244 561974938 484673193
932207600 669518786 207699919 944115114
890593489 209519874 386759257 470446607
536362846 861855397 364861336 901339765
750520264 805342834 550572921 727853171
642280423 286213591 251851863 334953892
634115469 683337466 904849075 521099395
678517086 323530477 617741502 787680253
742232092 815965341 676753382 464462860
519937005 877637953 247786748 869620595
800984113 825501624 725649272 92681901
739850157 421339603 951639431 614589898
560605753 498707466 314775719 13468190
458060683 246284458 275668880 85677079
949590468 964686207 926621043 453402553
611230399 436299632 867076911 420230880
543567143 553542015 116629152 31919883
183551564 306219056 915708772 605828806
58905126 612363552 63562491 644502125
155442683 349701076 387765385 937046663
157892488 935949380 376211019 294129776
390374996 517873493 951508539 87142050
202978205 553924334 965514936 643633747
259028469 846517491 716388033 735073306
922754726 546767231 333928537 642233792
84086427 518582287 285858360 176837662
753484011 706015573 896002311 56986303
744077442 823081747 75556350 935154501
372743026 482879872 592013874 364690023
22409029 312412195 82335909 493492482
273288184 799959860 607496198 766011180
9533991 62031942 758066099 960593132
129717692 49048671 464680546 94313499
155684277 915987845 161417810 399217748
988775297 333536670 783538246 269009920
56507389 10815068 550403687 751615300
782303937 56340150 833084330 996146486
843350079 228315820 634748444 704290002
547706958 77245788 118380379 661009752
600459776 916029894 353601315 665807761
180776013 91557434 155333662 943929368
803515421 152197714 588472202 27390785
298787475 944398354 448208876 207034526
196442102 633699426 931844621 787803416
913203088 11535198 348582309 477691247
249506626 192347641 290005137 384967702
671308378 645567051 145257422 497532416
510244222 545240141 695185330 255852036
232989964 409408657 183668000 481526019
730600449 684622953 170296723 90097276
616286912 484644784 20934339 24944471
110138231 126715864 468161520 368071739
643898909 261642597 336133376 814550851
710574436 133929162 495306769 246193074
323307517 755770771 471551044 633986568
381121079 689765987 245283411 434766130
178046526 683961070 14407086 672569602
804017437 93845564 153634357 270676489
236249927 448805674 985574761 699857172
450415122 26380699 157520034 868439012
631717701 920668024 658335517 104246230
386435767 127871609 801919685 656229413
932413543 638622413 655879356 755529858
424843306 734970940 496245562 936867592
308427956 91078417 355881449 142141410
294952499 298897219 513137025 525787153
741534430 638690838 892577495 96226334
545033523 524431992 74258684 575666862
640821656 226412104 150459048 547237143
930919663 114537433 288086694 62199073
453388786 505949710 84528981 646589559
261048151 851581033 103320419 204202806
372838040 247517444 182671061 654011653
322078031 351822393 55017025 17589285
936408991 861776400 249236917 50113426
419184787 672126914 704352310 849004831
177404633 409002606 77387093 27708835
524681308 112825104 823502764 706948906
940875186 858967897 834259578 532772677
524943734 476076622 322013918 317115386
396258624 734973997 387140829 148507299
116342166 853801940 707843098 894359108
333180109 94459579 438903603 848970208
540744513 538797057 293728336 945121700
686697722 178888440 561433444 704385872
270553699 965007182 438662409 448425999
966224460 255450425 759668258 964119610
675730734 486551184 393636685 594000525
698913344 90674730 640061465 263880663
694389294 65185510 8667585 152749042
942718087 909328346 112020594 882666490
820641228 415417064 767163520 8806379
190735138 183659264 398384060 241392952
672888772 276315395 606687286 700047218
418809421 780229959 457344363 970467142
181910068 936651624 95670272 432913367
786534117 47391084 764211924 109720994
849392262 503293817 515328275 903420142
371817624 433866937 192571226 52307757
687727986 20317061 217081942 636276451
343261252 569556101 195957998 633183551
865756655 440813397 858000700 944734319
197574798 554468570 463595743 407858066
267515355 156994084 828827840 476124493
408543351 817244129 205619150 570618963
675968707 763555879 727667051 805401895
434606872 5365140 281975262 884485745
137461905 527541165 55334009 640813352
249736761 846670045 80798946 514958994
145826507 645821241 284206809 168677894
195395859 325652273 168139620 611907489
425465737 95213535 258833378 977141468
791708878 662987608 833973983 664126039
96990300 239147229 372637927 342311527
908593796 488011492 987507671 383129266
251500070 144229769 727820451 706718044
408386966 572156026 518089078 715211231
676894474 102714303 221363030 776145853
685765080 225003230 758434627 195461871
721440803 822201878 789883207 230384041
842022289 467739557 792862431 730600622
84870371 746832063 190966568 502864916
311886212 383334424 467869539 803956889
256613932 163324844 703124583 443763104
236880659 175861412 303371794 246354625
54566654 975462877 921013370 335176258
406116601 212975989 23596506 657189000
800062536 265512772 880949112 397075182
289519121 461025485 361493202 712525269
187118271 799847472 992795726 55985715
549035119 882296086 839857075 404190949
825771944 654411779 705287536 874357399
680804347 900795639 520311949 911668
693201777 975666678 641569516 860289698
792916606 247986311 4047455 152377137
504284901 928203059 138825825 432164353
71001503 651723438 556071757 712765644
494710898 593301645 656337457 451337083
86194830 976770654 763845746 661354611
867453777 253469911 674644425 264834577
210904347 797935815 894016666 34811182
688788502 89558463 302372513 101004418
686191087 776378135 810767068 95289991
610189572 132651976 338995307 142442366
538693400 62285485 891156170 684056530
721363514 623217191 155500810 396964862
416571382 542527590 3047726 762701623
578980423 237153923 537802728 175612656
483705597 715629102 466911149 120657698
541201298 357801215 234170873 985247894
59330778 966440618 583145927 188751091
774256000 797530597 424142635 733785036
965862390 75379791 763839839 911212235
803523887 420844146 830368542 340715272
720702639 223201536 296673319 875076410
595941058 783808921 964224972 650617990
91660786 569994224 578139930 454966655
734632162 630924905 521407858 654950152
67333247 994278440 120322734 914308964
781398468 727034108 213095804 243705714
724644367 308261820 161703220 751795282
872905872 724796362 448047218 899601443
668512521 220831874 936508020 147971384
11186830 760506536 177437261 489450005
153362343 671623253 132730037 727939033
926914233 475861763 904676951 830785697
825010401 810053631 798478550 145509863
821810554 306217450 673551928 814986081
680464766 744398749 408793090 655162708
766929289 497596758 132943985 372236865
231923428 660908062 659144011 361033331
501547981 651305020 701641253 138433627
562602958 187967476 287759016 301542653
390019841 394162817 201537861 980495649
191892308 604050388 952564273 157699866
3400480 641611386 113132828 920687388
243940982 760064940 82498473 259431319
417589288 387084812 68946489 569676958
282221032 584518636 558175070 377031381
77537385 439232181 797848666 437203077
19544299 728852973 381145255 559772666
345586395 471318118 330800649 462205891
234578368 58749222 681160483 341065768
274846348 805026866 876971031 368981259
787596962 223102723 320396593 540003722
808418448 196883658 25061332 728143336
631614019 791321404 662758931 211838249
913154236 513464934 460189875 72511634
251213412 193399908 408172088 849480543
424528865 198237706 950811361 586562863
722915448 520573235 487992442 800843193
221851808 489677208 548506774 913279165
931810819 968718931 132460383 704419081
316028457 72635574 838700536 992368589
60228928 945234022 392881842 816405798
548660625 539828832 867227054 421091267
614077632 610881361 240470852 58923692
439562917 137438918 789175410 944729241
774759356 561540685 515092937 44733955
870669027 772509188 335408852 199256028
76235397 523930071 802520397 200427483
471283885 145813702 287256395 766073501
572788744 74046944 390481448 470752838
571363745 878534902 609361908 116722456
522716066 361683258 125879107 317298551
726242290 421951118 757621705 141584448
895034568 549719100 759777240 331162885
22766578 86814674 42004243 818504066
46665588 917120288 306507945 346045899
795349047 549186003 641254494 558859355
973310848 785646059 520179752 898439870
131415310 78113420 855031176 760445089
889991746 584398734 157967457 583972426
111952233 456125952 598562226 509923522
251733530 802098360 297092668 581286811
392167383 44492338 343855044 237553850
190010258 700592032 886886317 959803721
76928695 573371719 823760027 54990664
796338394 807231482 452538132 786826879
118752767 128842141 758190720 792282961
531460848 484287002 643067724 868214952
297645183 413900113 852457949 783633923
107814785 879224346 854022364 268741862
220126946 223160612 369151488 959103760
870226960 883481263 620860863 403790065
456245417 750474534 388213009 508554819
550915039 825528623 531801352 213038903
153058762 468093874 132490960 156699497
474107093 100546794 401093064 796585493
434854257 956241527 598052613 912185174
273242255 790287921 968442197 761973105
535126114 537146338 410023023 862939163
880181121 531703566 766623165 298304897
513473664 426065563 426372644 33585883
478080917 523246548 257141091 303386006
241992008 976210796 518800254 489015173
415450772 590176706 669247553 69891152
117556116 993870185 876915838 510966247
899237680 56918380 152592733 638855439
995072635 221549523 890069338 901206626
257780149 440609144 437075179 673313987
100067471 510125989 554693122 745897336
917906015 476029873 245611333 404729730
670900549 183295622 208314831 869769529
155570003 135287795 918313722 599299794
855941030 430693107 725371797 480658453
655399612 534748808 808916642 202706701
281262442 535270429 163071985 909642537
684164162 947715419 66983931 470919698
342134708 169445588 275110426 16065912
150029934 726987060 62462345 898522069
70560008 570283203 787473973 707430897
460081419 247121465 131988235 219458876
894204588 460030879 307674094 882213156
796834311 865567187 587248394 602345363
632371308 614225711 60616084 432459724
276535955 88418899 460895374 443908353
302789422 719744397 394783475 752167061
961653352 148823623 754914525 64881020
924671208 704210057 553506771 326548942
944279200 606472365 41282774 725301084
106124832 714576259 122337847 164705180
216347857 60476503 992050781 818766015
762744836 881293958 239499696 970847769
750994510 923981196 208287998 394740007
763729918 215650257 441761924 874723416
17613543 450061325 953201556 210608047
900099533 157404094 236545542 553140083
308200873 344369716 953692598 816133261
496839622 441922647 491749641 213972316
356919361 791202246 373865027 401635644
350251138 359101147 232529993 109725873
428955031 449861396 229763771 188565658
597446125 395173888 612771756 335936571
529154800 197368943 550663132 893183591
619261010 758296414 718810146 836719787
500025738 197844293 474169595 162166943
915412720 289429292 41171019 998126655
189234692 989676956 957973857 946964665
277217442 353933013 649882974 992857507
768893141 909076561 822095473 541810594
114573525 615101768 262615258 328155215
646837466 783547053 536340173 802483606
924990305 790904673 879055331 692715749
194672711 360577820 310805674 958273270
912134229 27774055 644203340 738154611
812386919 175024817 688276986 905357209
232372472 177578672 822989852 145614162
236635338 282028181 690519920 234646456
924111770 133192075 665595724 371146663
335025873 336733623 482505966 386197128
476913554 657987615 137199863 529209968
168441503 493119053 390359690 111006865
653456900 12113637 903771080 944176211
492380594 240602729 546163457 499698875
172834384 876408308 697677215 908580199
399266418 106430682 5830990 380432885
643123041 272165059 40525214 688148193
133824191 435453753 770860511 536565585
823966310 15682256 760955927 269836229
986829377 701454341 920563070 129485004
781318515 790625701 656785721 484624960
230874626 49309482 160336911 811791568
445444540 864346737 602908254 365811006
226963771 758652185 133751892 543271541
195440275 216037566 267563677 835371597
188943237 335000028 954059207 501783767
718355988 178286908 163809196 212360592
833212643 254618422 421207004 186358017
90374069 198879549 893954244 976845237
927997404 924285133 920544477 349242900
206945171 262162914 765141578 405437744
877984601 645120320 820671799 655392501
640734837 43260669 583544748 892443053
888168837 316379438 727027491 812478579
932727691 187072707 305106078 427006898
391279961 956289960 291205191 254747725
64645838 966563644 89977269 658283241
420728711 358759054 118337193 354745827
221848532 587855029 891548630 487654431
587853164 361630226 64140339 310365166
30981839 971660849 257998464 510465799
107312752 40998017 716087798 946698476
831592634 660745951 525878115 43032768
320401405 562224321 552317309 848061890
239789002 710303204 447842947 402833642
976172470 293852156 60461765 845360794
164598950 471372119 260719072 333116382
538404885 434388491 691451963 778007963
486025990 984288104 744536376 513410548
979984413 56708259 776094992 279622227
599786887 608254837 923397160 752311771
371910571 546862882 906285793 444755146
410994583 322730175 704035071 67118293
737819722 213617679 278624376 440492609
728790181 131613984 287738229 900987173
608840521 920392491 770014329 283731861
863719952 614226974 59398677 867256604
533382656 858927839 510790823 371317684
200604363 771557538 792755996 512131194
562199124 675784203 474119835 133200476
497189907 277451833 617005170 152342207
657256084 80453587 363418080 325969453
962160467 154520249 400204564 556361675
512972045 663083366 161506560 813385432
459434667 830505442 66449004 875598429
625210910 865421124 868669662 252227670
232274771 768299926 1219369 922523092
625917773 730696415 538503802 355395329
430763068 114913654 652742577 682492278
433598198 565817291 467420592 789628769
98135767 656703692 7303518 832425923
233033791 290879715 662032329 752315704
456564293 949280027 411857295 116302165
629524444 235665793 937014693 776478697
236075989 211491245 280487933 227389437
886209847 974683814 206014139 663876523
811089163 719209499 490708684 360988670
711108507 641038032 411539304 69581810
331870508 716820948 958415572 738506458
366206022 360416299 863760689 640914053
736895666 49964302 371552942 685169042
40201707 602420168 362111167 699290507
585932187 283926543 183053679 537845038
750141134 156898628 492448250 648827187
602047274 782576748 834765335 942700301
779738245 733754774 551273601 282563733
204263744 789305941 503094253 18319710
824589721 829467765 512177363 373266953
47141059 479029798 305514242 782979630
262518924 329608513 395031866 11066541
697981178 932224216 971754986 987540806
328901603 476046295 177915944 696085587
406327665 476908011 614957587 146742390
856803297 467500066 240926079 807189331
68537648 558758146 36002956 588862909
106747933 811119393 988064227 47998271
738667493 628690081 399612729 640603599
694625261 726125733 535747250 198797630
727362324 475174111 981178317 262454263
414169970 137701575 343096902 208999643
870043902 544905936 802226405 276232239
937600708 5728202 815333990 603640116
875652763 883819791 734263407 317537836
77935426 545122417 195802680 121996345
884618796 60741426 407612355 315875724
91961617 781105973 756737680 194579933
155377035 573683606 780214812 256172190
843414276 296599345 107868036 153862044
175510639 321405300 382781485 925955468
890052814 398677354 38999607 539295679
197344290 309800887 396716638 992169819
641953641 251187417 627072548 817842643
622851001 798865231 821732650 576064532
626536879 285663524 675171351 10683971
476481940 993607020 235629025 978201492
747360855 657246176 678790055 196225762
310408475 576530118 726704001 205809968
311246202 186211770 895299965 235040361
879004257 386901667 172198348 561980863
140776143 909504280 936334890 915540523
644857776 752321253 451060020 290216489
294485815 265662821 839098391 999777213
410557243 242428898 750860214 146252949
457454529 268191466 52255130 24344798
443010370 197522217 550522413 677258481
44725248 227839442 771315075 118818325
397529602 102996520 782145851 158950534
40385953 151010684 963562986 136294725
768578677 852066563 609987312 389176438
931172066 621061070 673595443 528659156
182780681 771866802 603347789 906170062
162420067 610456671 179390947 26059219
184589884 633833840 802191516 390692358
61409528 568717577 622462035 647085195
19520700 603514205 800931577 39101709
352747494 96913014 624226729 713422092
645913801 62266144 464537973 667810797
192362071 352697547 478938256 984935756
950610256 176334596 44438565 568020868
781749443 29341364 76514149 506930589
68862874 861412872 286078704 809155541
230856696 487568046 714978583 746062265
320366401 211972607 840696193 90668717
609578098 101191818 854834390 643629230
928406928 900572512 294364667 24374711
765712968 395875002 303515405 43743616
366320772 623529844 655150771 209256921
312463583 158971786 95566585 500842090
177825655 637003581 848533675 40962532
999723651 652066367 394921395 510538176
605538622 267880032 237862669 45741125
944728659 76792727 169504016 29729916
739319306 431295531 394367333 804913780
307778247 350860429 391729072 212095521
850717278 790943561 860429473 376048668
306396041 773634833 25971268 241074104
534648018 250939410 676570397 19327793
937433953 397355662 602115798 58935572
110180607 19533287 207060478 468985967
349284265 979793075 648589196 257669022
209009961 947502779 982497336 437539050
97004329 936944239 693391812 963221501
841673587 674742233 185960313 767914229
986190362 363403135 768661509 41830628
149658378 724913512 842428212 665522018
497836356 241955400 233179624 955063481
250652467 988364690 898311985 904650036
174379617 771277821 281302204 853418624
282980387 292755965 882537543 204303741
67076572 108580311 288636739 853270176
420667864 204864864 720959919 915837997
767150950 997786028 362212308 748794682
520839335 536655297 65246049 941951281
655562996 753303381 587826258 979922082
472134205 845080954 181176627 5054742
166730217 99806447 869237698 344461291
687956843 982222852 610299259 782601340
481356642 557336501 935333520 106746097
441513424 367046586 587835567 427159990
240805439 885687269 572247539 2550702
100271118 298478016 733852587 411929858
314797404 969651973 647051392 249257380
568994213 510154169 829148558 460359689
626511057 885398587 396341792 341652665
285383678 396605834 582992861 511036174
823404943 220016778 487575662 213553679
857609867 901589687 92569410 559990140
903726420 321004162 52562184 298218305
736392501 909133448 221809224 70888555
874731477 939247734 846764577 410328946
850010192 89395268 978261033 292854064
517253049 832453995 173236567 778984366
79395820 70764511 874187623 465167946
809148284 980129388 716693787 76410763
377884497 528145033 592551711 818192617
226749740 364763132 732826071 880660284
467703222 323499761 33173836 375500752
147231935 379416705 738150222 539550535
813961346 640791354 177133701 504617834
405150303 363871754 143852360 69636411
539931685 596159419 21392357 189301937
498138465 418263616 502277746 292992020
439946909 267047798 714779646 767251923
407130924 205444979 482997800 344470608
893849390 792191057 274551605 624165154
598049029 436959546 19645426 795847037
100661074 929793580 73466627 288956917
690129091 846791956 204682861 334871152
185720687 778456564 46153886 431515506
405423333 285010662 164825937 430296514
612949264 975889415 75122261 638795062
155023398 827221237 455009691 723195755
611697590 815799508 638454233 453987376
257861288 169540830 166438961 991802156
4862330 812599572 593514105 841004816
794225195 978176490 220469232 721083874
496098024 660265759 80028902 741383390
941774620 147744070 280441621 552461821
495368493 715608756 110130729 29423514
886919897 178189478 388943145 408763523
834728179 708442045 726935415 702817394
968043560 277147289 794062239 214174241
749842078 508604829 489333424 715664879
601426606 191069510 175339617 682115575
441022509 704106751 975514486 82295947
220563936 670230557 195668607 325575633
492723142 98215276 187183668 313461831
546407647 356180541 750449495 927002753
387143807 258046700 856335979 35214196
145039035 512792252 576074949 476519549
2452198 202036960 514801229 790311369
131408017 313649118 755942809 419532842
731884848 718048460 743688870 633004479
527118506 797510460 725741851 482590573
457029103 172760742 397861371 600317762
221537774 830261769 342929664 221053198
917114127 389910960 724086695 539683994
337971338 181666078 30385398 25751728
630766859 405377359 822537122 139309587
789333522 691918541 229055474 509516848
423117637 659966331 385640482 41361445
544729579 547801107 840496494 189335956
90057375 799457570 722941756 827402422
217180414 272667389 869492357 962823564
955287604 158136018 351325138 813280189
789658817 916769182 243683717 256274545
384221922 37001402 319763189 237864218
486822506 725866879 747990988 66164980
321678453 623176767 434116198 401831900
665334609 527865150 709420115 355547089
945555102 796770503 392719454 467097165
355106936 309257059 119804375 698766419
61291104 440116640 410898676 27146464
884826853 909564548 217381003 453600741
762428725 93554223 610112183 739838994
709005205 157078508 986773279 153695228
344772659 260799564 855424806 510261704
339179755 80388137 221139538 334544751
894416534 583642953 911865952 539586086
602015166 802346159 432066366 672685597
887256480 563590660 680706500 722809457
866677314 933042706 890966684 864220559
512041046 798215144 897537133 883347458
447427335 407727938 377791299 879912824
19285641 763466628 113300202 389051290
699906610 31876027 42879652 73409389
841599442 979897377 841972792 482123465
437924956 247621441 227358847 752128664
607068609 791313540 503075626 249268463
590946994 4029046 936545913 369553619
236931847 712209650 939569602 540604785
864288111 431860753 675227704 135556534
663546425 726671781 824577921 937455038
462359889 648089274 533159667 43526788
989361012 349081952 62869058 567732810
237988788 487333157 639524558 516169954
827203625 232716093 404333497 597282227
521571516 686970738 176123263 763109452
576264290 417433368 45725921 886277996
650938987 445882995 48090009 345828840
758685688 111336597 653310603 917425129
713152866 162697922 905073182 362691355
15806863 540295639 275915412 577054314
852474744 707539011 237704590 458788309
7858336 38533196 683360439 856474088
367888771 439628357 912502420 941559959
996326400 221874475 374623933 613094694
421322974 814770634 41464442 605705297
740396064 624135505 522455746 190277149
886313178 510087577 390335871 692767956
221479205 912911941 578081991 20845530
981346931 124469662 764212754 403696543
265795870 858931974 440342728 351207129
709951191 720720545 343298754 364671350
488975183 817839582 30486132 98513518
918965537 446013337 181086747 733368923
668251253 61853070 438971582 417347811
770909686 132331258 95143216 235722657
658140825 741012584 195943638 513833902
793937253 274778771 18340493 449353020
574452447 268327709 504537548 106405600
205644422 272438447 907397687 591522589
526977136 727787383 687381817 474233336
234485374 121261089 591304089 802286906
130641215 260437659 923259543 547378256
997202249 701479929 775889993 297267958
740122579 756793841 163992262 982743182
778237158 874003212 933850900 724307223
862374125 496459313 564342086 469925149
772299723 465059090 188096218 111970508
379381453 956553139 942306806 198245985
548679105 55262900 501363122 609102846
710940506 782465318 850426492 990770442
344576878 7480288 660205576 974286342
812588996 173192342 991522984 4582418
888013230 509919835 352178337 857647599
443613718 803988449 772312881 151100560
479338950 120040086 614973274 964859069
61730596 11257352 123610431 675617025
512269861 390785529 364690158 943766130
823965421 689475103 964764301 2246394
139470708 840460515 467119972 246952980
688761267 62367619 752398955 150934838
765893027 578709288 562268568 795232491
409965275 525416809 786326270 109588016
441988949 464397822 136927729 328263978
771816127 103570154 525635300 11499041
278571325 497340695 988532756 157809786
885044633 271130417 991483915 499300963
62726429 1290635 10111392 890769910
605648752 481100852 406174080 776575375
300050502 475499342 271721623 454461218
253476549 524626748 614788926 344008488
797120961 950605194 154994756 364712193
510971955 724217171 971207481 130759345
408951862 104004513 163380439 850024515
821174086 222037577 143838552 732176430
876308798 411502317 689733110 214804667
154244963 270271372 922152515 279230644
81038838 325243570 228932373 61996975
315565160 615525092 966877347 955677404
394435066 50908308 465692690 34455161
671871359 767125303 660234360 900864935
924394144 673381591 181124512 614900180
492347728 330422482 552882853 915857971
670889875 23578949 781899730 12609029
812775076 405108315 415477739 461576861
346985703 317488784 432644205 667881967
92657524 302154380 615976233 864182570
384501720 659277461 375773449 90304623
699101176 762945667 436229444 333029737
721595326 600838257 892250448 864442299
879658216 975823709 88231272 437381755
438832172 617392173 182400591 994347053
491760130 880200613 406619818 413596139
666140624 555731189 614484491 488585910
281862867 540322605 613007563 832403186
373254320 225208201 528196088 818305630
81950958 29204231 457188517 304371872
520707094 443035935 480421692 781969388
265539230 945908496 803376625 777239712
701890778 259947327 106945577 482059169
999643229 307091678 836374686 331848240
67049622 46993411 707318846 556542301
335005702 52176639 726442287 794601725
336697037 526066570 869157556 782913575
583687298 806587711 69394351 678777251
953235331 702741446 11716683 421277417
372083924 221469703 610432649 849795359
838673631 735362100 206326461 11357832
65496815 574319065 930578767 64877276
837227856 127474351 211225931 220436168
547340563 733130662 495725661 973108899
766445020 968415146 23094464 285860207
359344067 882431609 8208633 606312198
586062732 115849458 819694729 932851080
94812700 46840895 162643478 796558882
20076201 726816559 978450868 864364312
153283185 810423822 412628696 319537626
763705447 626038160 873610922 481011470
998038034 883477393 243145022 337756875
151935232 677898973 445253841 951511103
369993621 23028379 887614859 756391072
980824515 652811281 141501706 126555423
653194625 634052218 599237148 804568216
63226186 763223371 776332231 170120879
640566202 163198468 257244900 396186140
659149559 38410961 46213228 60958352
35409093 787311180 603326362 698990642
366725879 856642895 621028016 271216439
620511691 801116144 853150707 401865640
504933371 758304398 907064317 482621735
722227536 373244898 52423605 347790812
945323360 446551225 639013996 931766043
829719203 923436967 337575900 961821854
315289172 287552817 957052951 136854626
40379304 147796273 474634310 804566197
823932924 568709408 326628877 348425136
769115915 378148478 773587519 28292159
501486882 418795430 718405834 667533865
539316143 822543959 278339168 87992308
446166237 807700652 793182767 775835833
972206388 824232154 926425391 556589991
460031199 316070074 766941799 239012072
350864829 23262952 495969899 491547124
651369869 317394216 622307985 187759225
386622910 536373756 810398696 425028099
327733834 848037737 487236843 118189835
59648753 152284953 72230578 53354202
342024307 82332160 615303484 19464570
3533234 874737177 237028660 690905
19459086 119705740 41415927 979926480
944092714 80545316 712786243 806509152
135748770 816596155 695025492 705780877
189708379 956463051 565531572 484039946
2236104 164883945 328478749 82220007
826515027 450695800 177168839 730430092
758881362 906028198 836516852 160380832
928489510 635930003 804226798 480808317
198935293 256022794 500099735 705390020
339713230 618268632 379277802 327714392
934021581 591487007 342100223 55745098
365856988 972530056 181308298 448284694
511239163 112632363 455380686 110047923
8645868 498988869 175621753 572666462
402262564 379398372 917275039 134935411
2675018 226066360 152234818 994333710
615000217 907473884 863860659 609417106
741938915 214278811 162243076 763100839
843175594 398626787 54234474 675599616
530491528 937810134 547159075 659768678
731321617 303642749 235679861 537703176
389255144 543520409 215872188 849420245
932690251 264447826 456578388 703827837
72369982 988128814 759250756 653898355
816121239 691882432 873299866 379577928
709705599 962515444 202598880 947007253
872705299 990518467 505111977 809882569
447445217 914103598 553039491 53495729
677492264 878126921 210636271 679521564
211071944 232649405 143972344 253795173
746111104 314877478 264020094 64921236
656249566 894498464 218517613 953741928
683493877 319698440 816563000 601256168
599657927 762052161 793144421 457333551
594220696 719310579 731572232 846339698
804597088 76437812 955482804 291856855
368475717 356227713 93950377 441072635
250722027 809390029 178501339 530838555
295190308 830373868 149038828 918765028
582269452 211185594 270638092 681057603
753138158 127924779 464793652 250877728
888116621 1558617 285166131 995951667
742228863 309116512 899951464 195218010
897657431 819775844 414578567 775714771
590556748 103920413 763817624 519143777
758431708 22126903 728817510 691905355
8489855 529370371 180221931 603232298
375318282 121714667 451210928 349504259
365615548 60020044 64142303 500525814
900119431 200110065 804965654 756065243
627223541 777627369 130551024 867635198
120391324 400871111 564486426 617128542
464129198 211326822 946692161 986101562
15257041 278095336 469049378 626318734
772712579 811268700 308659575 432924395
67303208 938140124 815446530 165292212
419509819 384420819 130440064 397716881
928079181 696483944 735764672 414785868
19432248 469779338 731276661 715554737
409795646 659968279 384766026 236871444
971381993 397947411 53352773 171617138
935867138 35512010 647794916 369552705
330225120 891867831 350294181 879284237
833480257 196373391 405528017 146014295
598974157 155123370 881428359 76125798
180622450 450704451 683004046 615154263
582802696 720698247 628852747 802194165
160852816 375763433 785792522 509815573
800668077 430874207 338663842 480578481
85868753 666332437 752277311 759327907
283901437 504603895 280304830 809041595
57142509 38213697 303712407 993570181
380861148 704381283 317936524 638121032
760879026 158633271 258150337 552373499
580413291 473652520 725868556 456067194
933443821 160568047 602621948 643649544
659904822 694488158 156591929 247318829
758766550 482738785 589378833 24286482
164756859 489812254 730273846 988553870
923927079 440546654 961062469 968715194
433688314 543763427 223708579 147254245
107728320 104244864 244914902 24667388
766533939 237005462 120741901 732366312
187764543 162304657 78231813 563307638
729561754 600236222 373868862 253516132
462465485 523902625 545374421 249358070
73272256 763188449 944042470 548851936
558085765 457266987 827688661 702263115
806221933 811997683 746392148 846702624
144155687 239716663 631562576 476127368
192684614 958530602 667893877 41145249
622239824 531539275 575187342 135064727
841572099 403839946 379582423 956864850
864771597 105073104 376804111 791684839
742963623 91708128 715995674 504137579
910978444 294128796 870172352 913227410
390913875 421587441 762964089 507018970
15974547 604342466 836448639 711667294
212572625 792738346 93186104 472133505
761643236 145962732 287901534 944354755
868006177 187672127 376708744 216779250
212338958 814072554 705958738 649714718
952753291 549713292 339878360 235238121
232088 664453459 442383206 813121744
71265028 764289125 923909919 628731207
402830157 967728548 261210160 885474269
690890890 858181216 684705905 76287100
781025151 848378818 958568121 534062432
256012206 837377697 351672067 71026015
812649660 782696195 332486306 309628988
89403025 92025347 793557046 82680893
266754563 662101016 763323397 615838587
148862289 184671409 440909555 365185529
415076264 57179438 163747819 686011353
287142115 250708000 208782661 904772091
588494645 488246946 670911406 807383466
825446563 464895529 627932840 442774871
353091213 869017475 578822895 885183453
569895329 910063173 286815 19050022
859356324 946987410 69355909 306022882
909965855 763629821 991303894 325766271
758118591 380395295 587832716 372373912
455142631 269902513 757854092 915381002
719756448 329610165 333154021 727386209
462957178 919629502 836359719 107021015
775085115 170301895 789725790 124332606
152844487 522148996 36250270 351619662
407885695 800131828 890514841 825902431
186444956 914675807 474555743 313884944
888375005 606358157 691957245 48472705
369215631 452008185 259930626 189816206
212502356 105810314 771893112 295634103
810566661 126750859 869941982 239318563
676370383 233998411 824354118 335619567
704789823 326797457 842470388 924621575
700593480 742853644 556106689 343875023
279411156 72708339 776412149 814032136
307476023 892261763 249683585 657090319
862776596 457525198 397472162 366509511
832673345 707219195 356017535 914684858
623583663 519640892 618307820 50667021
740464428 348811091 719790116 573208131
191977184 703887654 373914246 606663168
565876679 547481240 66313223 589002604
962607892 272667575 294372774 34977682
490815788 226927811 813817614 457214808
71179502 852698309 376277578 965543709
915764848 733038196 7593965 99966234
290484468 687501224 676496023 222867083
418528088 462352613 39296857 402846382
173945427 825437651 41629616 815008264
62301611 302086238 641376567 214453536
816613651 440943732 415381322 579831416
38237094 214784572 444397729 744528907
926132520 214204810 285094871 372259125
823743645 894085784 951195621 692773586
4846274 861960456 436818425 732780897
915869756 622510653 690257171 118152510
226164174 333324585 323878493 313485967
91514211 803386582 712374690 442492591
686583012 228935600 138326280 147678337
933229670 796839261 651831038 421741566
435881190 808313044 696524992 357462401
369193840 876562117 953381690 265141760
166675448 298271713 311161138 201550913
101967645 825848912 42804427 520216893
136187135 230191040 830179160 172511118
542936668 975972823 214832853 449152681
703508625 648481309 365284766 152526137
440228150 816996829 322233286 108169599
111164929 303658049 983263275 849332480
824158827 63606899 28565795 24071158
433293183 410871220 463897658 235496158
324822671 171920156 324500478 225566062
884921378 648093253 56651591 131444423
41521839 193835897 179209257 265090598
808235949 726827994 75759323 172821689
861744802 184566032 587488509 149143676
165575512 499173658 765966203 573479546
841389670 90961318 94656382 762972491
996639557 595609037 138924833 961827155
440247402 940349339 270206199 198386162
387897259 931361036 902009935 781856549
772700880 37783541 319706152 810467019
250268995 858825788 609152156 825594903
801834252 139807270 348043213 339617052
882138313 676452519 614454413 472053226
817160443 14906398 175017656 223216743
167869976 848728668 345198643 31409491
450410376 163257682 371166103 325634416
737184600 26468771 629415357 429576818
55173868 801852095 543512899 102329900
995399774 681526447 679836583 154490411
653115247 736180970 581665897 918178083
78300396 599623639 789644914 122615487
44379909 505764442 28731938 913069611
687795464 320181369 284958926 8492390
543730498 491747865 871187238 324672362
323684751 739342466 698545243 815210107
477052219 588639851 744595938 876827892
761088371 567759130 213067217 745480996
531175065 867824691 608984988 144297953
398460396 175390003 302585605 234708871
342648424 342735912 191857808 763400317
846619618 793773361 97500752 527985982
639130453 342696571 601220510 848462802
222212824 792422946 506033793 572735065
956525628 127474047 427208818 165074836
653360096 992879986 315307630 910029617
728266672 274151957 499601944 123655839
655453261 127606543 291923738 229046314
20551554 372877741 486243828 391282623
152883620 86134916 175870528 781623059
720884114 2587519 531758694 761823883
953737554 514751628 959112923 215831056
3376396 74285452 616957116 963049950
388531342 632563609 794236945 991378219
301170761 766840414 350911228 580140629
849454698 115316373 492160228 709336136
466453825 402121792 71594915 369520785
938541501 598859751 998887627 568097761
933638166 935028219 377683484 425717632
857394928 856248796 921840854 36438380
766542197 762150740 808035553 751800086
103091855 356640964 492999515 274989426
863715129 698953123 692930778 804154566
271317938 693247168 142975772 408430768
695708339 529494962 46335483 400903993
676644201 518655598 700029907 968486600
845869893 112538880 143590096 935749330
631852182 276901635 372584010 355806982
212824190 906417304 596623250 428874529
527567329 860757859 280480632 654168747
330712147 2365439 358799714 440646226
760870350 393711241 870827666 882330074
59637297 411311072 506470617 824374491
468813871 311865914 913058294 555349901
103408427 576953534 864497752 879741666
858333454 154979185 682807191 281115081
924088542 992763560 500509496 920889525
312641454 965744069 917734136 23392443
842818703 326194142 790177829 83000085
730287411 85765702 954251775 636252589
180315406 599532872 799465401 752888424
85348522 640953655 651619534 869886121
785497994 279728979 722832223 937673566
917768410 879479024 453035178 856209712
367800386 185737871 159517729 373897450
579532203 362791186 952829474 705458682
520001108 300004173 761520387 950100144
160688038 371863375 238174243 4468186
799873696 680504149 848907076 12089036
409024738 695010761 43333076 989609330
675948537 508557698 960755828 460788105
420613764 995881649 490262454 533027803
624766389 758453 812775323 57034302
788393194 69254947 265045293 834949777
204239610 782113371 764083054 768128260
425479812 373691980 427934072 582205675
235619947 546297521 842838665 209360124
225412834 791279296 789535631 405856392
279394471 530449852 269161334 680626333
292166357 311332474 189744538 464717284
959453585 693444897 731215000 7142574
434054660 143081020 490949025 491711693
164122469 238142952 781815471 973021386
244081195 393638458 222173520 94533574
977221809 623896572 427171824 250279878
561198332 141568813 854268677 998867972
591536719 83029199 298698679 829412927
270711291 167946331 304646673 768180381
356949977 727093926 797576093 678553850
985014694 709979055 826068019 891235254
538643191 206241851 71585285 957796782
666394134 321170278 965685439 545282433
529909411 43203788 237816068 570185689
253784943 793447355 438619756 895225683
323630458 727877152 906565353 315002199
940497025 302973121 481894974 323270080
889440418 438028603 991591047 865171642
567294366 485490494 706556233 315957307
762840592 978425699 873131782 954897203
428657717 709622169 749429112 476323315
784101729 929723406 880439340 428831320
753470841 575830466 16225708 77396837
977748468 35055951 441210449 315327564
85975689 847533903 889388598 334230243
779519629 154064275 502863042 70284843
395169543 600311749 934172967 116094747
287819795 717179880 719433276 948172780
423542424 233318719 661747045 504954286
241731076 174575931 200507744 890647545
968268213 629631274 614583300 320771347
371273999 765600678 50661543 798820321
961400553 151159256 687330861 169069023
441696353 483270387 285568285 678138203
97031596 991710784 899782020 912493182
186051610 853914488 449856898 914725410
446859335 114948949 952635275 983748400
236227579 851521638 447058158 427817630
793703385 530384676 708376097 290431896
668466027 139406355 146532154 4919082
337771567 208985816 959363620 629237563
518161001 545175378 491389972 445494910
293829200 40935212 792892962 339651591
38334432 855209735 463765863 736778250
769004445 165833777 917897145 33285532
991053081 556984296 81454489 737161994
666445465 70990277 525620708 504093125
212974288 925632132 52501025 976680093
775049273 877753273 852269176 74336467
976425984 537391736 564289013 384726825
221898040 466059146 440962022 123744882
701661299 351576203 690937617 550473232
120749046 824551727 92748108 126975631
151394643 472357005 541144769 496791380
966663509 385528477 522729091 173309960
42029321 403815161 983672230 176031973
683706078 436908320 691760036 318824907
133962883 868952469 349002314 750150016
95230664 481771593 113130330 286019275
416540949 902441616 638252794 87544907
938412488 476067408 914797856 242334346
232357929 632410785 221912562 152620592
50152778 338124140 978103351 802420725
858698889 589919922 64409792 466746002
168535233 498540758 20031705 852147759
913324042 79591826 898000592 318512934
410278723 96927664 995140295 524725126
402841627 653258193 661051698 290360963
921698857 453297409 543223132 442566623
322944203 129723103 60390982 898506781
138838487 217509991 400474028 353705066
703982406 302093279 996828386 74962285
371178839 401421001 735873296 380997858
764519116 237955769 809000988 62846142
293858293 15209098 165711572 447678425
526452112 971204376 441911663 355350730
211825874 594558312 854178084 29199429
667793739 23200056 70923076 530567316
455315037 339575259 658597341 566229355
726882438 554186107 665333206 619654093
235316512 869260315 901583786 276139171
555877042 231595776 165504594 410365049
742940256 45364829 986733286 725943368
492026018 464476636 998321985 297221932
286398751 869026601 849782635 827969916
915993216 415766133 2063822 50342332
24511327 835291502 886251946 693944380
55753706 615108598 319575895 976530937
815868141 582022546 975115063 164827906
414763119 182989216 783656296 967383667
958418401 633778290 178612773 393069729
671722608 265762055 352881600 711875297
641156868 53667556 55957116 277559499
545714308 796872393 176219173 965271540
228707316 502581251 657550592 183095575
944648034 485369726 381751772 866795203
413470108 161551712 111809036 561950657
633817120 366542967 668559279 968139886
856341655 177053755 919907049 352900482
869959866 547095190 441506331 901395810
524532195 251455782 60165240 560215497
528631047 85911486 809874692 950996281
729170711 14177885 868278388 910050728
370920265 910463015 973457829 95528230
683666175 556394007 65796016 378133913
946943449 532746535 843803507 301566311
879281926 124546016 763968615 642627473
952056160 651102535 88761424 967203415
674817622 392201365 670321062 160868306
473292437 464463861 900140363 732197324
391652435 14637162 968525028 805308021
756643338 678865477 84940021 568970722
634642118 802303292 839044854 46214783
125769925 618348425 331099736 292639245
578726984 329079397 302819318 39137105
896979862 103013189 379731400 726899009
380525277 982524588 785608060 113774534
476818401 113692429 145764368 859236328
267169241 746647858 745227535 60302007
899841416 21528007 575795509 441321960
247067738 38228779 376260245 576492429
303153018 646838965 295339490 692348897
270781062 500531426 159514748 748227062
892301115 731945959 528240138 116013374
146390828 75302816 201966599 293135311
458373466 165809982 737915265 783303799
853946787 518467003 472778654 153604773
415688937 160418814 308629455 442008441
396544635 118055616 646055900 137173646
848768836 245428625 389645952 948148341
28429192 66746655 929262748 467113528
979011769 398041882 664089903 138632411
255678110 104338609 174630864 880474986
715848159 819126844 450465110 972139993
905031464 411215313 114151751 453860834
352680645 23250854 263020017 725135789
870020076 528909005 140724267 420287779
293145671 271730631 428322402 319416704
358975199 574238356 499827666 446942177
407379912 390462074 899166666 978336166
805777720 984913709 552776826 31636281
220337210 443681925 259421639 925465927
301509193 505354957 584182285 726614475
631728917 409315940 29785776 401872539
409527971 928809743 630120242 915851867
27122993 49189353 651471284 623046608
967450747 973418554 612392528 384357146
231413252 668653327 445784304 807237718
369009444 554297960 729788641 730361728
42931052 626001894 630656984 899179491
707512923 199665042 244088497 322628263
487494118 239991322 337923990 248129542
159522782 964169617 902659990 546606703
379366949 587079738 33965895 181130982
315262504 842156123 517357154 251772495
537821182 497899157 661678389 159781486
672027332 518336489 844252799 397849004
91717704 861222313 903979268 359952993
481679400 740722207 384933128 4924611
996598809 772936700 235167473 434055988
883383473 913908448 256625352 480174691
78800162 31255074 720447326 71998572
526797663 399391846 532802539 154258824
974728838 387810951 439154288 173675076
313344085 573280598 25176972 913370448
225271408 765998158 437112351 846519002
598448482 587239283 579977325 619356869
73208085 46571524 791751143 641710992
327297127 568486251 746161918 859265834
40461522 961934879 458896749 889243469
150412611 480207134 991371477 13155753
346776883 41481166 919432227 785371265
933621493 463191761 176265797 370329150
50752148 798404192 385269314 929533632
552291900 195362477 487954586 911185674
939978601 304693702 97505940 147019011
347926807 379559168 835930530 418760476
528760382 718346286 810465296 446273330
586355887 714849257 254428569 172326477
655509362 680022035 966819823 124051388
631712095 596189172 23114342 887346784
693049949 92775839 161042398 393781652
59704412 125317266 799415938 458342950
292180716 806963631 140417754 691893568
306409633 387134970 136028259 969803748
795302313 432517985 673379759 13237483
222730573 512749343 679552739 786974892
898649295 690494089 92518792 282805075
39150915 927940135 338669356 226075747
782519833 907455331 674623762 78284540
979542720 94098702 547954708 523734264
739889784 244466705 571211470 893264251
296142640 234114908 586275411 329075478
182715533 895179809 96313843 175616715
131938218 898948447 11533154 399261975
147403448 775691279 648681244 138399904
421198729 121080337 745021907 104411842
810425295 651645571 223137907 81496097
368801184 139058645 641913074 14838841
610966062 824516999 606885824 228127059
696838465 537705897 17443041 649016428
641758901 997215619 23126768 403308791
986733581 444841515 758395377 440936831
893871461 132482670 544607522 178934719
859921724 197044956 112594339 528809155
766309902 544078714 418218700 540582011
666272437 516919132 732476581 968296790
558826837 865665385 356367412 61964758
264802427 535539715 747795335 231293675
522334582 359451831 853776993 764938856
238474267 64844471 110103000 802859440
916415508 389211596 365855253 687720586
285114050 977003260 264359283 817553979
140875428 900466646 106316788 688657433
632903817 334942872 843425015 504911756
1471332 892999404 445229095 524875371
406481936 975252032 345050427 912810948
886409240 29132879 172633663 664653392
734650217 721414046 446194725 500407016
846007775 845776451 236055830 587851435
981168438 514518364 699788263 544620782
29316015 422657989 698009634 481010963
507535732 793459126 908978946 789005116
264381127 562683997 595677587 109783230
715602176 966094769 237919568 323781406
519700577 952796656 354407566 482973456
862116562 999793092 164136525 609680369
776477240 689977798 27908249 913747694
821666349 81107788 994003087 37583955
849427128 728419822 589865028 540434655
750319420 697896863 222225394 988812891
414906179 509634257 433921605 746691717
307397474 799233336 627267018 58410580
73727523 912541801 354094009 666016812
356596928 90215044 988446757 904469648
306922644 263165378 554238000 555277042
968905382 451963251 496675045 464471831
731585419 131838661 519500656 226711153
171063451 368427371 831781781 426161577
688210327 472206382 752419764 15928873
494237002 680997858 283356296 984452750
606200473 197364281 187307290 631158325
76113494 823172790 149847042 449355525
97388887 78250354 948597124 915338156
899691345 637126449 978620680 608841638
472559764 174702031 623315890 199345334
555917997 239855950 892262267 302068878
843618717 466006144 791972144 916303805
357602038 290662950 254269973 480453868
315532848 578271238 168326753 354821354
459333128 538945587 861272721 27876360
710003373 141000155 103448838 672648780
94194057 892596842 750767722 449451888
23172297 448910497 816089168 690083336
586007141 639076318 637962189 974983540
312549060 412478136 782095932 127447155
380558786 814424980 354696702 82940010
545652072 613398758 631796848 814414894
785101009 370275510 63564582 86683591
716118239 899332408 169518535 518620306
992066290 854639463 396563466 800748429
863491427 705972047 266871149 726806352
575560852 571710867 235046593 970895853
93478723 217566061 836703631 704806179
656068073 61139489 984177202 244299481
300356529 555149314 633898773 753497313
987285775 390916071 934964344 492602298
324151805 52527816 277853685 696744273
623603875 830939968 103917244 320567663
766488639 49963748 54839219 299221608
29681708 806080421 377679254 470049001
307215290 743564631 857274773 757374033
739965169 218750553 163207987 944853394
936053632 678809626 34977574 458235767
209429222 702559632 461570432 400441898
607852077 882289822 717785302 614827060
407486070 202751265 681877717 249045572
80628458 454241352 810945303 237839740
126556286 62815245 457962462 443723530
25441366 967124029 247547908 831027148
995323208 567645511 925465362 733399835
277592558 675376946 576184801 218363789
785026023 946147844 1138339 778977966
767106425 41375274 598362959 282020233
413949495 978691484 305499219 123050012
998061141 935661995 478772265 84688114
461931628 753271658 171144641 522916206
616280134 585936487 633101623 452879233
956128550 194416880 456279092 225607968
881701963 511985661 299319068 912485379
704696638 487372771 871418178 49708480
195470625 139281539 950294784 935284035
325488514 692384465 752285906 388243160
696847141 193695814 46571439 405104531
9541021 181024649 526277200 839916560
142837233 609644243 75108737 654028258
270507382 406077701 604907199 769247976
693933393 157258219 444530660 624478612
153886100 383718908 250504930 652046357
177826609 184248792 844110840 789465546
760131527 806693235 891639951 175971880
826671099 514796277 570414705 897914801
761288612 392639135 109157766 776921897
540823136 485144133 62997378 517424055
184758504 161517470 624624626 196701293
854198227 402968090 154270607 670638249
869937474 109413320 140824619 168977009
867889709 473524213 988589928 517182033
530789153 356008862 79401411 964818999
138225767 270300291 821845252 429534745
656291012 513617446 628579828 150601494
151800087 544814827 865442111 524918828
695933805 940759503 139444906 686842236
373501485 275636376 147604578 190040676
304360421 516122302 622932597 78193126
154270842 798029836 443074338 418497375
179720463 894590999 866829828 333117378
694407756 416949844 409682864 741718966
777858131 326654094 39084674 672901967
871577460 145980094 688740028 353935601
798252485 830020002 140035837 774490686
396032497 868533434 482328747 844247675
368357413 220884754 251540827 833037418
825670535 320868507 750187370 267229440
258601284 320272105 876870985 428050845
136239127 986871094 352335067 229462347
226210985 636027608 61344189 396158924
464557240 260571272 442651120 446053675
391562806 791626467 755651836 761062457
979920922 958054828 897678863 284409108
534169732 699143872 506822333 395171425
583349713 156880366 1599518 607382160
761533655 728005653 763751765 341237631
279786507 752993615 809757818 538303226
943308499 505114950 162667155 901688022
165752404 894230349 703618330 92124240
534350023 311032564 172702450 44731079
454303420 991524245 151829334 538199711
134579505 71813797 211639122 409843740
488468903 298310813 875195286 621395396
414736851 797466274 538790806 97529549
192805763 815613702 206214024 370266225
619768812 975776062 340752424 373932993
801176046 958323245 961793055 732797371
545202608 562112643 655881656 481750093
69436150 283102867 444107535 357162022
418244218 853010323 761417257 265249992
805465803 825980943 661749607 993188532
641981383 478252744 797087062 846065611
267497699 33636439 472077225 726533942
756650483 373324103 436901799 140935610
556079439 357028059 806108732 165523166
643923998 484180789 359722198 860111709
826685161 208299957 258209438 608877009
676593619 204831024 143514868 94892725
718992462 513711884 699165602 568959387
791494213 931222444 660654986 865464224
72863795 666893219 958976830 146428931
320036227 302160392 718967940 90615207
740546360 484799173 14710013 692321902
997862097 496314060 668872417 283090170
689196901 829003603 812909380 455646536
33333281 7995866 633210724 809453754
831600672 760529096 601958327 910276054
847997222 537178428 798790297 377425207
721461086 558186654 631603598 34826436
176364586 716751497 44488731 413227534
265370423 519111912 540265212 698622069
583292568 105408572 177081924 758680238
982062882 51242713 906683981 723308456
17896909 795742702 563685405 916460840
657261111 811233789 223793413 998477259
745039051 985258181 28351016 80360916
822527677 732077323 635708128 858334573
432497812 986519870 412770663 999620148
909389439 957083461 111812614 985316331
783195273 825403844 297996602 81103235
405218474 330512743 653431580 710979674
68136389 747662296 175942662 844010763
162091075 975663272 504824896 813853287
875074933 625348077 886223060 748193778
333505195 469186189 438135921 855505556
9823099 461981149 178930894 306208636
403530344 870835912 510792989 926880728
949889741 963242728 623791020 802186143
337738478 261342261 17608638 393913934
457663401 552067715 34331145 26455058
51642882 71225913 287210983 987924122
555659761 466531241 673875821 756602853
484336137 222418751 20224375 22457374
321562696 409586094 779591615 532060216
35610293 705907346 741740564 572067113
378907931 203813083 123318347 615206922
793732512 232136960 357892240 874993047
106538153 120714985 994321761 831951535
386210965 269909953 999995328 681553109
486361871 47803582 562570869 58908771
640806420 298883379 749075075 641058971
168358646 20432200 59668235 602157137
616477398 684914810 904650193 586466751
343689520 995358773 627620294 94918259
403889300 781388920 746151600 201796020
378828060 656981932 504753143 965167646
832942912 285122971 71746672 948145145
661156643 765901486 620805606 699182654
401810364 646087879 821370222 80253379
98691454 382349200 618867520 921729734
840111472 298119839 40406284 9156326
414374823 722685688 441323087 611644044
440542824 270769967 962019834 301746904
835023800 550133216 136137894 847152491
863732883 93793157 300566868 362864153
820625975 251269204 8411866 742172597
854006910 612943778 897738775 203736123
840823063 25594596 52623721 905986430
390186273 789717489 476113615 700552106
467247431 953630556 933419830 792586356
539164912 725725165 60013731 996242070
37062861 146539639 4413359 291483695
219507377 685798087 922081936 819728111
744164696 952303442 402896119 371772568
449855753 473683323 510436153 437307891
27258449 201118218 388265301 740657869
477622494 975264997 993844640 94269522
791074383 873132562 681098603 445007187
804585107 705751252 994781785 687618447
793650775 393942406 489153989 582028650
209755378 287378189 239344181 524046054
408757484 663198656 485182970 310885906
419531984 685204753 239139099 313813051
820457118 70324652 906842845 19942289
714523597 690186052 564644014 837806718
479418653 703247815 620042074 365077652
819907755 247992801 595067621 575209211
161089138 823151382 737599439 5785440
95644579 657819019 684261208 27962684
53749774 607300619 149618919 507538126
617331803 214296480 830393921 251224124
570667962 422763794 790725867 268638437
391947497 365681802 461488420 767765115
387389024 521148731 111399926 209072591
607801816 443715423 450500817 377439017
620640856 989146421 291290734 211402385
324937735 414740579 1635298 454050560
350161469 789535997 295185858 882832139
997288237 611699068 246714045 120812713
227034453 859461450 764326153 715726902
411505720 201475786 723100142 88639659
518786405 436477909 645861292 607675871
56469560 587796529 445149392 910343490
554262839 402327341 389174654 176660891
554478681 543792747 262612881 809193193
641777410 245816458 529553903 164330965
291553273 134488096 296765600 163962377
426795037 74057919 204116927 445065886
885999983 52365546 134564802 380057039
705514438 152387554 168521811 343859485
252490690 446907572 77892137 885095428
548690695 736262680 871161625 261306042
734040662 482271856 785437624 553421150
368470134 512026744 1042153 904536570
18406217 745321212 785005174 143992116
42924832 631463177 385479435 896884110
279323550 543100926 990858659 383893808
240769666 847316136 491357178 339854647
488214941 808448858 682165589 140085025
795142137 599581151 562157906 142468335
714937382 666205749 609235950 608922284
524642680 587275401 943524602 699874815
509401757 400033026 954465499 898782693
998065551 957673202 228252709 704477503
22656238 870115264 90863460 73391138
70602083 186817315 50459840 78315485
796730949 757144232 464493030 679956763
262357424 474819034 273983156 582173969
566283340 286743126 733554664 568055457
334351554 561476818 814366439 434491613
264122941 603808637 981911777 869421394
348723278 775169385 544216740 962187112
372940089 155408532 281251602 249427702
131915455 375143278 297090202 199342094
834301867 832826822 874866715 109060634
539488176 319879171 422991955 836737789
40918745 370003536 189516686 514278378
798648241 667898680 384503685 590413250
708846817 290987711 936953622 658080452
622465421 440816904 155750108 342786953
613768814 53221695 359341349 789137375
944704532 496835257 331935979 452131432
875214680 205693965 801886450 728083713
801920695 791981161 859565867 494157552
424862612 312317244 977745528 742651009
258865526 128531487 650845308 465079168
814439526 796660949 121834427 984582147
565576169 739910773 83139551 558399086
276920267 398269365 1708279 713872484
678549741 691209790 596709608 667771865
806949594 96166609 514789103 847532609
78261916 990230120 717041838 708133214
794007071 879261924 4814429 300254501
942948377 413281725 725982460 481230252
343462467 159014959 585087216 2669579
339145587 787974073 663446630 324849603
5947070 683294700 765010931 853239757
833500098 43389230 784931794 775267743
186321385 829297574 364038817 207391518
248730717 142778552 400276512 616993578
292448048 659470992 36624268 139505594
53344985 343741805 591117488 333630948
446683851 401623420 508686081 531837874
905242762 564162005 497203312 57047201
42032678 514866504 815125516 918572594
813169345 127934748 169839349 528349174
644167231 940894077 278872415 461231136
205169329 503781491 114044790 76883619
512340794 519151486 983578660 191644063
860384077 641841294 610547695 981382094
874859388 686835772 762521612 470752915
668991133 522743164 121742711 426506826
754970838 631080238 458002591 897857634
511400591 941862339 54970270 895274351
322117140 230305742 438439584 813864311
662743673 975968236 459580294 280462410
474720338 485920319 953965911 850918141
149369218 24345200 181360806 134163208
870437912 645109660 982588848 627334557
789041602 757028848 76973032 813392710
835001250 455751974 482564419 838581245
178025001 846322631 577970688 576477356
44592051 46332770 778416190 786688365
369829454 806194430 129690043 382610796
382688415 316682139 90068432 881232294
318085154 666297786 937522145 729517138
231697409 247091147 825799420 988450691
926704658 177966330 670321718 446122383
65511802 561721252 71594863 736324168
60157206 205309939 903478634 313457705
312703059 620673465 77105308 716160597
699875627 431061402 901245482 427306350
7277759 587637856 836788111 16664310
673825978 351446436 395120822 268349779
313714451 368230590 118868506 754895470
759198284 725447884 414586453 517058371
621275579 886539952 633685201 759598262
767035440 269969685 114874110 939663021
802197827 517917826 869223783 357964626
622137767 958502580 124848776 189775229
967832133 319487987 859886017 612571564
618620886 764234411 513244575 564959469
99155882 354871184 909290155 84268328
21848680 593646562 422716240 842776359
590447244 859885157 712662502 427299166
814141021 60032867 67988415 127868309
454308089 742060807 542660965 315350429
404531517 209722940 630597497 378631436
663059238 987430189 585027492 852829531
890299099 334550467 535269959 727375641
159501590 930014921 631320664 707921132
550655629 157134234 377959542 352062603
280636150 491575963 354824257 834198954
33150189 91855269 613848220 591912636
453287607 133251574 714845910 372704531
886146706 119066359 340960477 394430750
200159789 206589509 678661963 537632062
14591629 444082194 334362667 564121531
660487677 143219837 586913598 676311840
36289204 989437542 330198835 441504680
870005963 921460600 820167933 574932382
631665964 803185022 817188830 921776632
268152039 724417326 231910178 989168998
950823092 909483372 94666087 496062543
628349160 69290607 232915894 341076324
700687929 338845468 952961734 68809555
365677563 872893724 385584977 935271970
832749035 911526409 824214541 399519897
530241846 464840953 953298226 395871213
813492181 876425170 261014861 908677341
214720082 274056912 142279199 404404481
709642325 539308967 544380603 173527593
954547569 819068926 428680441 277913708
338505212 264935593 464870524 844512669
108865208 805106194 217023487 400514715
295755708 625840518 669634609 72102329
581167948 674315445 565492016 729490741
598076188 264551055 554362080 620323120
248077451 912350724 474021483 803123551
543816334 234192814 173154930 912749773
562592314 886547863 394996557 917638739
698870648 48266360 490448118 1564394
544967558 215124183 787352679 807087550
885414551 766622237 402517291 447726074
581176351 840644959 986162538 731872468
926239736 622928574 144073497 445183301
404836284 836001772 848508929 289618153
817787037 134650240 684813703 125602191
395240140 865924193 419725955 408121106
945612984 111676356 389304725 934631923
666963508 346813927 989143612 521268085
495027942 291779625 791416112 701793910
343969862 714757612 926071735 77510629
173565017 47183259 482587753 304912292
383563686 157059618 302939072 458680547
471122003 46582200 420916919 904839033
961974966 299323557 353836782 442050858
192318963 695875652 525637505 515290148
809268114 294131588 825971266 230544494
149297531 524022899 120954451 112875220
894871222 885911830 669157775 272477897
339183916 364263669 558700895 750290058
600106170 807530917 904139350 990518469
534844326 57416725 33951553 759931998
462535971 776400455 668751553 981856395
467770980 384323156 491601251 52335161
957489889 529923812 270245150 594449116
834136251 183432293 682672677 334514242
431139055 323563236 758494050 5544859
733857649 523501491 805074270 135863469
501905351 53723182 536608692 778809988
84121209 736965631 1880900 980221262
841247553 804529019 795261775 161431421
448867433 601855096 784920279 709104006
703011197 361228556 528177260 910607526
979820111 562306035 401482273 964580621
858189494 421285533 727078702 41965642
707785510 728742357 833836453 627028612
231648100 792176104 22599698 244852138
169203554 625046265 491863830 580362387
766859129 449321642 580758569 256888172
553702528 65347312 360512315 222270258
237697943 135481984 664486034 354293360
659008795 804969894 141527297 50465547
716180025 63945036 910174536 470496192
525307987 60457326 423078345 22033563
878093452 653569859 774140195 381284418
399491489 125436712 7402607 505507897
910902500 189794211 597834906 44085854
100687760 10765969 850251282 312104111
761254421 88421349 515453880 743718440
443651170 71151812 883686757 454806041
818249806 503323444 677764740 227966514
8781081 856696819 81870978 580660252
313628891 294018997 13470524 917122087
544587114 685003798 805579173 817978081
876772023 620779636 21242927 979800549
848716991 22407417 133677194 590305318
279736750 301690559 781738666 941675610
36081415 125701218 628826835 602821116
961045168 77514336 397898035 842206624
768836780 422289701 869151964 287504298
385027362 939359366 182892718 18315849
448175069 837560666 23617438 497715550
162222915 983666425 276215364 790951888
667324451 501526482 840148946 685068087
938159243 798869390 891175393 215074730
805364046 238217636 517514279 718061669
820276295 748040182 29893967 97239313
258626371 354995651 925901580 571059807
185187868 384466505 790098232 782789917
993429373 137429772 410035518 619347727
7130142 801362655 698276409 794342375
334106781 935627618 345499285 450079480
192729578 639581366 538173822 497510211
919466051 242885747 297781717 838577706
988204273 387694434 730759793 197001411
321620084 513907195 203236612 958965056
646976742 785283833 43946346 51103915
985138189 964390373 761477952 827130147
143441548 289358919 53526756 836319167
197249954 895752060 476932377 520632263
428189820 597716414 68838536 100461146
519958947 768852818 934045796 265534091
326393961 286272873 999085624 651396719
828300279 310859535 960419526 160857947
15766878 248243381 877390181 693214718
360616114 524319227 354931421 473264978
551713127 161776949 653846425 542118240
576139440 995752574 366323911 999661292
362424555 577578650 913422371 67023554
233432838 936799826 780337986 691704569
714217787 889735289 746677927 341330923
43283659 367103823 589708147 411072486
890337219 553937259 978328960 878914851
724931156 192562426 319211982 363694948
320903979 439468465 373000166 786798896
204621075 280123350 772445482 518881298
110943437 684278342 83482578 301621148
46584069 23477486 169254538 88586859
751064557 735992536 656988858 544706753
564087991 886018576 962678605 184282383
303514211 941002702 364858277 912152182
187655092 947728018 801546548 51434878
931670981 476037183 154724324 677464439
275323263 871836711 232209925 51798945
907944145 547925465 13189561 718863784
229573467 781394838 984037941 187510098
809234500 641142803 243878861 175424539
555746061 448557300 562801711 846573425
790747133 59691891 345107349 34679690
519405837 733264996 873394011 66005117
535476865 82927630 125788831 182285980
171303654 735440384 686063884 95282899
789560446 387600968 207445153 216956278
11777775 256703869 367739153 236214198
357140797 439164332 146014673 738347528
493787007 612386967 259647845 265314648
613971629 585265742 730864941 791659168
473285237 698428503 617887402 542049170
232124627 931418201 70414795 847587867
619294400 906688234 854631536 203081671
175930179 260152355 953029755 682746332
403879261 86156605 743488344 477492359
102438496 219380735 758435919 711996048
987671467 41427051 714248298 150126560
368517786 442286217 833991717 927439852
678728098 799941006 513520879 171396280
352062295 491480616 752378019 548983395
343184514 993379905 314452628 851610663
638647261 388986897 368546492 881106031
413511758 210196204 671558147 810948584
218274855 161045959 194093750 961324336
918130657 253596368 264471261 772772718
832265856 768637327 25653452 982834096
688637042 158082162 330383961 204422254
373237065 613470282 382255279 347448167
408047760 217445432 651159595 510175491
988761116 382500261 847191237 359352898
590474643 456200202 909940644 557695719
329402247 982754046 316642908 749255529
727278176 196165450 916935584 179966542
249606941 525966458 133436793 745924160
252220456 943654435 186590373 852562841
612963075 679073146 746952996 805307690
311291847 823647948 669062065 317513341
668601043 129828266 620144644 845767403
775297600 623656733 476349437 985405743
148172571 137244544 961920617 754341655
904275309 392791530 473627113 529125874
495211315 874493458 170591136 231090455
664667834 203432064 257751954 409861045
370357198 951552686 612353378 446272766
570799176 132422737 533690068 332766815
860314120 165612131 178942793 521959353
130332250 767263487 166358229 429847540
338645389 219752217 935387099 399489334
853527841 159928681 234597978 751677691
804982739 445888010 639904284 523878838
232415505 94724888 628871106 62891673
253480313 602970525 409996903 133459068
267431894 752134136 101494488 304665638
992170966 684019287 126672046 495167575
617040408 341229841 180332732 601962503
871855747 748091399 92287626 24228886
666652149 10701227 256319071 370377798
836999122 730605610 504794839 405124284
296192725 154847362 906887849 135247756
158063164 619036544 96742924 593704263
547567533 298929585 784937569 315614972
520441102 326217602 827970490 792468277
797144733 585490007 615547084 933852448
602205284 518375986 774722091 135889802
344326858 150445985 743952841 628636404
228340526 984760642 983663450 67466478
42656829 777984788 364330644 231838164
290906169 856001763 330689954 912995075
67773234 74095738 519624902 826109293
569072008 660652754 346112125 926809575
646136320 906721419 783437803 68991681
58937675 374499980 45384311 187547462
765922939 158487109 815182233 573490012
973551821 241556630 316832746 607052427
947622854 735115921 652668301 687675347
30447896 421672048 519627251 639552077
184288103 296226579 776559267 813933723
918716436 72146940 807431453 133286078
344491 156121485 796421428 838235948
365692377 301134707 771433547 569681356
214023788 93648665 731978570 504158738
391854440 150228124 835601573 149557714
957466897 440802434 362528197 649144466
767016115 223137343 669103416 802990111
781991286 445103911 301530568 601721513
939061233 268670937 731073403 993819831
470299290 144311226 781223817 460080848
657785893 434325176 375852657 440751801
815732319 599974451 633475235 633408202
182656422 384319864 479639640 916891414
843408349 820682567 37716029 700718558
104757992 834299006 599859262 437057831
314055959 636681162 747970690 896468790
130273927 428454778 954774418 383411025
928338550 646395289 804920273 79795030
844073600 473906255 365002174 543149502
477081686 695399670 686117612 216158226
989196283 849610902 380545974 200452054
702261180 221336181 10812939 899154035
123817313 258363225 310059235 282591609
656042276 282246903 17814619 853336739
102916124 405319644 447060370 816114880
56880344 256999826 98749439 866084241
114214988 447644176 976284435 769900384
324914447 80415973 922170954 306676310
625274772 940074649 415078589 333792619
129914173 285962852 922455255 60911189
883796299 367921228 317951147 728140942
836969228 433456368 417837395 410831699
41801262 582771230 316512993 673030243
693816303 643201232 57492018 751889580
867897487 436487686 224809991 158262054
640967972 49591113 902332028 12974125
190449662 242521323 505322573 931278092
919928385 655236884 784932044 633993786
413908123 739360344 244344907 699159883
880876506 550080748 146472216 942340337
193377140 626896829 70649722 282154963
348133643 417115937 392244919 48639132
796270021 955674731 92275049 456873309
566978446 928886790 243205632 48854115
738054628 224117076 398193925 399747552
247936799 893421349 782997129 387368666
469867758 715007763 311775631 744382401
245711083 951968962 173926752 446912264
199572624 611326702 180379133 375874840
619671768 726012962 751410583 572352058
16004200 978655179 933758814 38143348
601618418 723965621 989507654 784462710
209257481 714333793 669678703 520388221
285722284 24357828 229812318 776372094
381945021 5534784 782052190 595750334
514564199 358212893 641575965 266083567
653413559 384585213 444405912 154781281
403812271 710394130 943077486 893768225
50232247 301715596 937844223 476053978
643327321 901764937 936260444 193549775
301445245 960283077 451935550 572771280
108907282 570507459 52273235 666244742
714194061 935134545 830657106 757490372
249243743 341566960 725423671 235831151
580958810 468173361 890044400 900604407
365079324 955674695 636781577 283543765
720155771 998182520 323845482 2691090
869955892 266991325 921081736 210598780
536584177 750062678 626125461 647828297
417974660 99710843 981737644 444976873
788364210 862174759 684908370 711258036
531812978 572024815 870669854 21389135
748187614 149481295 200592279 564068933
554420569 880041403 594682354 205874566
220404222 64979639 965656838 543705964
891859217 617760566 70370468 95611332
850507995 325379363 41115786 548058634
939075324 867997007 846904053 681792991
320116493 653736888 871604709 628916471
932002387 375678224 290531828 928590103
866401372 219753896 80238143 880905899
908843088 781472227 974664763 724766410
706513635 241921101 154624820 930124434
73678599 279065722 978024001 823583199
36713586 893926381 936957654 998636337
547538133 480746185 868111074 880177780
241143463 954248067 758522355 375348900
471272413 478609694 549288676 519656647
784335456 566182932 293695016 924333533
826257226 144451530 665749007 352859218
560868 533821460 350925117 787277035
43347930 566502949 920660958 142934710
719639866 806119353 568760979 30360571
48238288 364059975 282070803 484336312
344675535 139588672 72628 199750493
755656684 348548978 905390375 444473975
764224411 292487637 356693673 308106766
874755401 779651590 827235832 779119777
968778444 705292538 224914473 539536920
551136138 721544249 602723822 418471537
332746564 669489931 95743368 60631946
245728120 661519374 410347565 83885231
909926994 184541765 177543309 5656779
536813733 954035150 309976405 547224697
94162770 243233771 964661511 860713088
354902660 855291408 981836845 424852004
402723305 411212387 421275299 531578108
423645702 285189031 701629533 852570619
627319658 347662786 14106085 81253215
900468370 381118092 522422748 216506510
57986213 154717133 355631217 828137213
295944247 874098986 200275182 195245353
817381256 332044141 415052855 507821864
390367908 799367382 944580901 153112603
761987910 804694994 556110679 381780267
603624946 787127849 870547228 124882730
411916058 889027661 830992589 218803369
704842019 366453513 370857705 762776243
693088350 643327164 930765048 880857184
472494806 201532786 715760713 372326824
986837473 212476855 634416462 176603453
369885216 816034177 644614520 151743192
828367807 294309789 186358004 251891954
104481438 821987663 198072457 950842734
446759506 378424399 684902345 396935872
264383442 299257294 604519800 93465462
557626441 710231598 745465369 229585757
758672734 990164427 74286303 581619735
449390426 787769333 138123558 602033654
360377931 543580208 807226740 54151219
365780144 906773258 815648031 685332711
164233375 806346155 817043706 148176133
254589146 822578739 643472093 476587656
200648080 383375417 95425415 505397055
582794921 349865726 708926020 688575361
829339574 644070705 781282610 138772564
798086850 181240217 271798476 549547641
824947299 442092126 649965008 51965072
324650899 938440367 882735389 539444636
366271697 188106156 47395158 354833738
812866853 292931250 78693110 625733856
189072688 326851036 277010359 139277314
627651964 328054017 680720384 11598034
737743210 400327849 56978053 830815688
600985017 271471031 444714437 270219863
368914960 152064580 852092284 485415643
697552961 580680699 879221149 872406359
151945992 56867152 522033796 907631001
579967794 62056634 334096313 899835943
178206869 329390527 906755172 164554927
692908974 715426611 997792014 48815211
8565510 146930564 945695549 888467735
