2000 25382583814
140627442 946626300 755476011 50817182
494877003 142949176 204949354 6102920
124018849 458168173 323546783 661579951
892550795 84635708 169073077 858724889
441165017 796245886 356564454 959490581
933715731 212099208 246334890 729882277
120594116 798425118 498791394 918658244
940537726 469367176 693466552 9220405
798861860 339645251 506242548 634011060
894469074 314725907 584055350 547465438
642807746 585938346 871612330 595153453
588384747 444418900 772196535 96039053
839527587 34938645 714361185 114347666
975798755 177733984 895611573 950235494
417270864 932531578 566497879 461747284
205470970 82064419 414141387 427502468
608366213 430831794 563551202 26526271
872608794 238325244 873411585 11078822
83575526 294389049 255398634 534419925
342654523 383163250 490672536 996164317
635467081 664151100 893375197 261935959
461133418 385630143 510904136 349929926
476308385 419932585 948350721 571187626
293270734 119860338 856298073 895383888
354830529 442113981 619615231 821076011
267985104 490703098 868945043 131452956
691034423 723391589 658093893 530222150
642693478 797861483 818173768 752178486
356051268 414181725 627234972 558232189
587855688 706633452 607026607 90016373
428833433 967207385 18715051 661191289
136645223 623728252 61094661 780093849
684330024 599799245 778798240 600097228
669782672 340462383 720266582 227888504
833796662 248474765 965379379 563323256
392679485 280556682 747755327 658793469
324545387 82189740 70458568 933002101
712721700 387918579 897976656 298410038
684552452 834633667 406522681 864641607
332438388 746400011 206141939 191706771
547538123 163393360 750238759 81089996
221748254 952545499 3790012 692900841
945551780 579621518 293395282 579715493
935789141 411770847 842144431 955298346
77018205 179011901 615233854 510584229
571648158 648721526 686281735 958376782
237097524 630053064 361695036 624834066
876872949 169042874 391128126 14931904
548212553 712841184 829640291 484584335
719500351 398710598 302578960 319406452
964275763 228882441 163922591 75175157
711213126 361643743 123002312 567760751
223174584 104469936 541628847 981263007
340268851 153026875 307676939 605489666
3758181 942336473 466552686 158369752
421002959 358509707 15896798 861108451
899449235 768613534 712979817 198192187
641491249 469934083 30842560 408995103
919334475 404782015 255595233 332685500
456546207 758220902 188273674 522974344
195551371 927385196 718991559 718050577
542952878 633902854 753237971 896519791
80697947 858723841 616437966 632097720
103565759 979751276 828157008 614700305
208303277 302912242 265678336 404611054
577159456 19471979 346220732 24852244
691687662 693826134 252574917 470014508
957051471 671154040 422225198 799326170
443340061 621940269 262198217 96142019
97186903 812345445 31721917 625867805
706914482 1356668 114120451 646676107
664233827 253680454 378845173 549116904
137664531 19206915 759576874 584491056
566229700 171887134 326436336 88168580
702989694 905386023 172544975 469229655
659979315 227318772 688623557 202191624
686920968 955794343 677689654 487251201
273404703 463923483 341420782 758985683
921667193 287663509 844223783 473066492
153378958 306155845 59121616 220814542
236998355 199774635 710634584 204853066
335061921 265369095 652594308 911716832
399761929 194786496 650809824 655831087
892084283 458202998 51406513 982155824
298245074 102444006 236259200 835824739
144850430 192869545 118504401 362331601
446610222 609602371 173667286 313161303
544971864 688081452 151009498 904578430
187751212 48170340 907453863 211335139
444303401 285815612 375565159 643850412
112768703 949687003 303357281 696356341
222267666 238868880 874720062 96262813
400161995 684555276 814769124 844715532
19564993 729066020 181220499 491521244
908483361 980076240 301944022 609970932
29621885 254541820 489219116 536805268
770813144 604552570 599233718 949858027
952426894 695517312 974688612 397734372
548923354 215179633 858509919 708732053
208043332 686897215 286516735 415036441
738799941 583541141 20955698 205240885
858998729 355762489 814487550 228925548
93745164 737756834 854521706 854936820
114461516 240904599 465248921 89496533
757440478 567825482 599593878 859783630
780291821 770564559 845323022 606109926
646370933 75296151 541556546 613786511
144558606 986482728 694667421 407959591
208781130 667715911 604324506 378889679
92615290 963364249 228261497 808928069
868991909 208370811 741133759 884820187
721162255 638684951 594214450 389519810
520859097 294771121 720205796 854918094
925719025 390780568 620152238 668040581
218902858 199396063 875462350 458033589
781164242 853097785 118502513 508558907
224781872 620244582 278549494 654191242
122544982 377732181 821207335 838143144
104602407 128419422 588098550 837549182
893883067 541121184 829547428 753720478
737071596 576361641 717784114 748413735
574846616 949943527 197721176 962833263
665775337 987502341 633638112 225912411
435721797 409564885 785029486 186517480
955594561 117547952 810801782 65258470
720112393 538145825 47101913 56113938
966550766 825166645 612268736 954738742
760047701 26490077 818045521 671994096
632345675 185976571 640670871 868253831
894059062 322061465 711452431 927012306
811544412 80889123 617412097 257694224
289744474 122348954 862226158 393329432
933677236 272111756 967189053 422562485
271408129 511001815 582477456 87955481
991195841 792700443 248152087 678753365
185584337 401408094 635981175 596411871
74145883 562407599 599834743 294963767
807803449 296296252 187176948 78852648
426498809 613353761 560561706 740848598
114775131 802668937 3282208 301946588
734073086 936904636 736163738 521574133
790407571 47446195 855252168 603418387
62042212 59435517 363056852 793792260
146840976 873333657 886465615 766995204
968332185 923386089 834938925 893231711
548516684 907984398 167308536 215852984
815714484 91119045 640161306 400096670
90586609 473514892 321800613 965666178
117204093 447406567 694103878 298130287
627717166 459962742 60487884 348326561
305612970 639136165 455258560 936848205
207332753 494644051 723386700 568513639
645220836 554530087 427146483 430527804
891675112 658171157 701427191 821513204
465208411 178286301 164377514 847499691
278655519 850594343 16287522 3107395
234111845 624157784 528349118 684173513
862529943 407868810 556800122 801619153
491493755 99415212 147188025 823784420
185259334 954768370 670529211 286689339
470340982 52391438 514096892 413238534
523933623 151747367 870780323 391574780
957002063 380286152 761979695 535163479
641324118 495407678 115712788 347077491
667685034 853519536 602585528 855253712
398705909 9673175 690763413 877988089
106467213 669098196 535734189 254811734
501913476 285961588 28818515 472775012
558882826 63157191 160171477 29824602
289682381 106092039 823282905 218248069
314709516 526532511 62648298 723442555
979149728 155777012 855383101 103799994
319490460 161387031 989289051 490990291
930204310 257245390 789270151 907058063
287076981 781975670 45385476 685099301
209278908 296856941 924884801 534493507
433687210 746648250 140415399 966545468
879829335 786019081 417733658 581840305
672606532 665925437 962180228 536665977
497569692 685561004 315057842 785556265
11542850 168517670 663855676 459735511
125963756 28347583 679370793 359362601
228798701 318637481 8069222 407486938
995198819 127047348 931572445 343664432
308464851 826608748 350840440 170128011
173355564 374880366 732645204 94880397
394700964 478437076 315875627 881179993
407914046 689055498 930413719 216135239
69941481 405479842 668366531 787826989
539385257 766634783 737578461 571102216
102371236 55415136 193820233 868860732
73698242 621860219 321576370 512513143
813841115 639122071 242939448 96299238
648618887 525310816 268755047 582734627
751096497 127806141 196092147 297401136
315930094 291736490 463933272 802723052
658619331 528918225 704687970 157914939
335375195 277779393 771735869 468388218
29273178 588544974 948607722 907324557
440651259 640503326 510403397 463508870
921641214 867108597 139338743 356228842
571805146 106498007 611924705 253837767
891528435 229924906 401159677 307375530
631946009 117414829 440355019 491889526
519511664 448899476 202459952 806928734
839099536 663950240 27627002 329739768
552692566 436493922 12003265 610292410
965997341 646656244 916153583 42313535
60108378 551864966 818335362 925101724
745234042 579236365 139880659 825175010
447277284 549704281 348529071 843070304
316738891 820015041 174370849 88466519
960494180 92227299 87256863 764734176
756948246 382297736 308219458 351538263
272010843 178648023 78006739 190367621
407778044 672580598 916969464 211636806
843740524 819274660 837304694 590171067
978820447 405859238 873720904 450389251
708703293 413220477 486317580 650294592
43680713 334295355 447488965 585757676
320756213 794790170 61080674 25444464
502410385 528740970 152918233 322549332
936863305 789396206 69560850 593965383
48035211 962001611 343268567 456788297
543657401 281905865 175185041 616523446
983015239 390286148 513940572 405005665
384899418 740964298 950478129 300215223
138950677 609575715 249301666 479524154
422787310 630465402 696341892 353687968
456005310 717863203 641117539 690138713
749018301 998467707 11925155 775668147
74720473 51323919 242215062 461625209
823235639 433542141 422496213 399698657
550757053 697035935 707061847 441638090
295548167 869512325 906959045 702544296
777954547 566384136 544203056 425324053
39090489 255041333 532323745 734933369
672456611 88864074 432557534 331399198
538521220 266537550 97578058 887439066
497440861 855040147 880029519 499826145
811543084 388776048 260490463 550718838
383869673 880727926 904123285 798767401
319882368 254365510 746151051 102236886
939531912 863330635 565797712 276652855
456062251 546412900 98784720 514703636
432676642 807711275 482075619 646017152
254000544 954482622 18487778 793524375
436333722 941288512 911261549 862759591
867831835 401835223 867252621 146384245
974254418 402053869 649224964 498681396
927261822 780128507 811169158 692987607
190303709 521166561 461904541 930537736
78450652 569188192 735776658 4813060
344903372 369698317 347733445 590726330
734476027 617880686 324644432 785660247
287719356 945232735 464256302 475406974
279576098 869182817 310179342 810149801
694136127 41311813 942361758 116369805
185348887 172672531 678596351 2341001
649566119 183064715 897152312 347075985
398373606 108184806 659941454 92966181
588555116 222442958 864137589 136718322
769855444 239546686 84866033 345349747
573056832 800207270 196640814 736247139
142475036 955959543 474937320 744164403
537083742 693342516 787445175 741848601
479836684 398366767 482055272 264340465
620172980 619518109 362388402 98266993
306984310 600111677 606104762 664579568
742187032 342395295 388704373 584826346
550671616 261396175 104712216 501880221
695598094 865331700 970111981 679134640
430177541 607807036 787334767 754158846
494294129 445423688 923846000 271087268
750998642 899465213 222632613 328664952
652505348 771180983 950923089 967534127
460201573 53772233 417131117 986534164
964662199 989953208 888300643 54685644
688744108 966064838 210371483 176535836
548402290 170144134 400776031 831297032
409207880 682313451 677571554 841765333
986434887 155604778 952329485 192576135
91340280 322503412 307672141 982782720
180948203 356754405 387476099 415310524
525153431 954550440 687913041 757173685
983873592 266730170 49519550 696236800
230357610 267558047 316840138 984743759
145540162 418866834 985808052 627779914
92933417 138712683 308973128 857887770
55852744 801363334 865184858 754017292
239729500 703027779 731276000 450712555
372856658 353859044 711862247 810643217
683035626 487871895 732103747 810088833
398417382 346661801 714703785 40005934
846523564 177663312 563489439 497811480
534381707 389625267 118420052 933934525
654109742 496624751 13297270 838166992
454721117 574653149 607717984 618947751
784826633 919108425 98895226 633357614
121582258 959049707 378733548 294968148
514750464 188888609 595468401 128179572
802122635 36576808 892305951 369597941
414557278 270512876 266681042 99153603
806121848 110143900 944786631 11368141
49062860 917921217 12131250 502289823
888330263 93731528 152796848 982139071
859745755 280917761 837166104 608100762
595256733 203667572 426065874 696720338
860879699 371602790 659070581 374812419
632545712 877886587 646357123 422521684
130523882 795063295 256242930 309007408
709120517 859197831 782549048 659099307
200497669 421104327 99972148 22449181
308274771 971065620 22344656 91473755
824456937 699885058 74217400 235645438
353771346 378934615 554054845 143066708
465645617 765722132 794263421 255309130
17107459 52521990 918222532 504681114
502330637 964733714 194253940 645918401
633343673 680961006 486989773 248947304
886143588 636448424 417534698 107103443
657345215 971950838 533450765 555147714
919603839 366204797 128767538 31117322
405320073 297822071 768682987 82032777
584294169 212980567 586740680 305155859
276552941 705934929 55721840 445305009
877161738 282250184 749888963 886756720
646278872 915954703 555335860 998291769
536959365 180534717 381270245 514208584
605798579 587094281 738499014 270396510
951959044 399483197 457030132 785859230
132923241 462785238 678888446 87203769
445482076 320185770 794876352 710312535
228915507 981041099 696221991 802339475
501004776 947952923 739290079 270859761
685395901 371430256 576096403 630263104
404239159 635167568 696365924 922648993
87463282 490974071 368135911 532163318
112163589 82318038 957972554 321871076
767149321 515522944 409186663 815291459
659826377 252339417 169420234 604697222
407991770 119800053 486289726 547486468
980959774 850130701 481809311 177793964
701386331 715434868 377024340 421036058
350331979 46160386 731029563 383963554
862963468 229550942 40815590 274014150
908582218 192212162 499229737 487856962
952052647 221575094 997863898 177581701
290011301 579640278 227208996 37508781
312445939 553996344 502464965 192050173
15697221 585241543 203002335 574044093
246981871 115447807 365901018 550628094
81778431 918618397 775757565 834192195
631653577 717896130 837735139 36881751
565683491 933913968 13042963 562968668
445658072 893278669 770551390 689831203
149298719 944867814 34523988 124027009
858455352 968829968 200370139 216990358
284961827 307218668 431413273 735844472
715951235 65056045 490692741 81974074
325492788 202429172 737664221 303506699
863709112 531347187 694754394 477167513
621936742 101261740 491361971 121760599
505164451 707369005 546620459 895082173
478407057 782892059 814094843 823010527
248568733 915023094 30283956 180774379
898007540 685020021 225378807 455893565
864652916 619560023 523563047 920797353
105481344 429949218 669503864 9341516
785439747 506706181 19482985 430565933
795352553 141210131 193049675 952502758
180908748 191814479 49504097 930272765
665861756 55980290 595477263 551673725
140406294 24383550 127629973 837506969
912039323 23293079 586441650 229214070
673313275 742230057 909528219 153314446
267118621 53648058 313568190 214671973
84156614 485743037 957276286 818091122
603828655 734294447 214256903 602557786
782139488 893996804 3699527 442900330
164116341 329217732 398382597 557993402
585263598 600505920 104104538 321620319
20808598 383203193 882861038 245474680
386140045 531792368 296981179 37322563
531599291 29939220 366205585 568032102
97193460 557203274 684282278 497793723
303070852 581538261 449725921 190586035
589057903 237311202 702696435 426171491
193774932 137942249 910049205 681937442
506477709 719345832 257056954 747479070
825061034 101137433 224757522 98006411
677314672 320577445 192696851 384906647
975462256 389219992 185970014 63756535
808292028 146731790 805877440 486360680
984436778 904527016 780048199 538725777
153539407 139480152 731593379 3079650
16529698 124976333 128805779 126623602
909956289 111317593 215299207 166359615
198162176 406579781 268316162 146712192
607130648 647322452 935612656 847468002
357021324 814337942 711097570 776795185
750552201 342578972 904587846 246891171
848822006 906711027 268945001 205426304
683941835 176019691 383968422 318313194
664654940 325589267 211163321 340696237
215140023 288868853 366333816 413418579
409594746 206825872 169424567 118881267
892264826 931877876 963707398 94981805
756100303 516932131 334310170 752404728
109660992 805922934 258284186 938495350
221532967 254446954 339880276 763943785
814732487 665649042 962360538 372537591
809167961 705222461 179534225 253658225
339736706 521663388 264608515 799901388
376373536 439730295 486219118 356983765
754895023 301979374 329403815 486317098
788928531 180249198 88194062 779758398
122392275 977041188 621077149 51915127
285384136 194238955 239033593 331635955
529024529 22639882 32484874 428833016
160361154 658044213 617836574 64346028
139797395 65421244 922101195 787932178
959894325 570837067 865016536 91915700
293245138 142063141 903727983 561903463
82332280 562718282 278021833 604241705
595004841 366128185 724273895 977451022
945700520 513176982 400546345 857530375
679190332 377066746 169616529 974632659
591950423 939166675 625427592 721222798
43914568 320545386 134661570 268896494
991708296 837095407 486406091 537638409
948293881 731640346 479123727 516097256
264708180 796348190 542451769 162725518
183705901 563490413 161593140 246470908
374034489 213076339 315304439 714455540
208250682 157530225 485111229 929905040
549186982 835904506 293231941 715860667
887733505 632291542 181603005 276876007
633390912 296942055 242912086 53496386
888936798 92166058 646974811 992120141
760039463 762692695 292064461 628146211
486831046 265462775 721053780 721968677
78893100 697135156 677854364 771361063
555757302 648232302 649663631 611281846
844636496 508237541 294302891 672418127
689820362 283601744 480948598 237187733
573165681 269314591 766734306 875934725
311405590 641806662 725102479 99662383
837577619 665172060 470668450 778510988
519568146 300801534 85588980 524064724
454582269 375279372 376465620 665428126
504261971 939151319 890625695 507348793
9047439 36393785 496483345 446286645
571429905 456857579 984542590 761269938
747792227 218752464 120596281 59706660
728655819 807076169 980222627 834087811
210100712 510262766 660508992 285076902
593870383 951764727 497634436 111880292
198047155 341141432 468403050 807536478
862106176 793344438 349228855 256046335
366713616 51357067 466451502 22108151
447982715 594404387 875890050 536325154
449906435 96376283 469389869 623046013
771868655 67569184 700700428 610749362
994229554 636090272 391792680 468617083
115647519 469582911 942976474 651682470
907454086 229615801 614275907 654399250
548006463 942607908 620504973 498456534
749566772 569340746 963208502 338444216
415519131 379936246 100086167 958768582
144487633 490239910 380648873 846068382
594323006 208730321 791755520 528315945
387972554 609057666 891166532 426258642
342039062 16872221 670579511 772220014
594597247 175322659 741985275 344648026
54158158 502983564 330078210 837686221
298417250 861161955 835498577 482274570
717780554 375417574 405180730 780713666
84200536 872473012 821066813 852426204
648248852 51867538 147188751 179819811
442679356 2318366 850879696 13993991
990921318 588775 465159576 765215036
702957362 969866456 441144246 925212630
800889271 933521769 825463835 663018169
362753943 617783465 550720237 737471443
524052236 233181221 343564939 576275002
759315023 222268226 703686661 178143604
443063976 198290914 321825312 464132788
43755978 451065345 350795777 501959717
737313288 5491769 918997724 871311850
107766480 895175392 217132739 110843487
702706131 726141296 145867516 830010045
930702991 239120761 9585721 20725977
442157867 553371198 590959115 429005902
97432248 897505759 908303787 627337980
803102695 142131629 173977422 501725648
835336764 340386159 73542610 56785785
442476761 774637716 138659015 550357103
540818028 419860688 988803548 26283425
334068551 49409383 724253887 597425805
743065542 473012539 242558942 269288643
780527138 7243976 890972443 218819837
869856134 892567182 424028390 470350893
916005359 213841077 970944771 238453674
726885350 586342541 626330810 230428185
188124456 428137433 734584808 758908018
293183949 874011724 615709652 821187324
984605617 524864993 138864750 122449381
735389034 211513590 985531787 319113285
144030187 859393489 845806266 949441481
447847722 15989579 194138482 84963353
401067138 760076563 486380767 430773831
70631008 474595854 550297339 346398380
277007073 838386098 20836866 213362075
433152842 151574881 734167209 361790299
903009506 235441157 780639052 533790459
646629719 877243794 978738144 312279163
499970869 470802655 312503032 13715942
82393764 816958926 55675901 854585626
313165845 343130304 373143464 351479846
353733520 642428609 15402887 432710789
213501106 939273431 142106417 568334081
949315079 523550482 461771289 452541295
613227585 441093504 665834425 618507072
698788914 315303999 758214921 631244770
48054882 905367273 719240692 337813587
435418905 336553553 174565842 551826002
531162307 26135427 133489429 208912259
862109188 341954632 163581732 686333663
321013910 800813569 677382027 547102910
808903072 179313008 873912961 472483337
744519851 651163161 520549004 412969069
587826960 194285765 326086376 587316576
157196749 788506525 85468452 219250749
260800405 837306091 349346194 575925038
730037582 855600952 43616112 121004413
713450415 447346398 726972983 418232577
667220941 583947927 616898101 345972949
608277966 810557986 315307047 83972777
819094345 167039257 661534345 557593416
270196690 705768451 598488713 44867413
323574226 569351167 547167022 583679520
855271589 557522444 126902787 156737337
112312207 446105436 256401701 901878752
301701678 795978397 571462678 601307565
277608514 5905264 99552712 487839404
212686144 862435928 717775093 898385380
311860882 812454309 388750119 239343435
222955177 474946071 683309602 300548003
972708025 366585474 855847873 945693923
627831951 23030808 677364443 675466927
597682530 571292966 866649166 847056375
286215542 98156307 149912463 91985087
585115685 683705971 548476839 947439302
840624584 256469959 929043496 15873154
552236444 526431792 654216306 775478348
495790240 885284987 124631350 737746903
910706691 468063565 442393779 285997535
469824103 544475004 95151341 683974946
871959594 423549435 213576796 950690776
584512137 586589932 60484076 834047040
640002135 917288445 154286419 54789949
191516979 371446311 470414575 733553175
697378747 700302148 466068870 859706133
380129742 655142716 702634453 600986303
612224159 818183480 81011515 942873774
654854987 727842477 372619821 782963521
628276065 967662654 554323889 565442129
484515932 670598736 236265770 762544967
324003520 287304531 881419821 930373725
450933430 904856674 271078139 943756436
61216612 121058423 378348574 401674597
300060499 99044441 445928717 215831584
707614250 956326361 532091242 422333140
969963270 20247861 302314572 752604668
588911693 18068773 914651188 137196622
92712089 205979475 95261312 794443145
16744218 980460309 41849383 895133852
576244560 101837656 287980847 395531175
904684181 385255463 916569670 678574843
510195007 865876129 722660648 557830512
3823489 694412037 812219132 518465895
718295868 642667225 195555786 62575070
639171666 903520861 918646555 234958206
96326000 161608358 687154255 490826883
636953306 86324113 44661213 681766260
539421261 520543369 800417287 391097522
128466077 193839171 932593742 121780960
611713316 755044388 848774327 145330064
263842249 637804622 876993217 176006187
277986003 123764945 193473936 846988923
509447637 536436112 204964573 589482573
543164249 669241408 128714165 35279938
216776047 269481933 777865308 706405567
479976521 389277202 688887450 102684241
128663274 397292864 797579693 948299902
526662227 740666845 53044951 276281381
820412669 157879151 689359540 680624587
422611335 175771161 468853455 17306819
155351162 181243659 256841765 885480781
886152045 744358013 771732329 202804978
103733769 229499946 741694060 117405106
221478091 739731893 297251559 552375703
101691853 555994196 502668742 222221028
690033310 696019915 530715064 859502866
305186678 376667184 678286400 471492125
485421442 597209071 522257372 454802387
678666441 373503196 64242226 607604385
300328120 678487854 297722241 419363226
748668256 860425164 524777241 511499462
776370768 568139300 766962381 480232220
252616174 948638673 458595131 492664530
341668470 204153384 573240883 194412824
494914420 611206428 676235899 98758142
451954494 743046035 229746960 887614290
435637393 811025819 199477405 451617108
849790892 257037173 370030519 645035132
546151507 19922049 965604479 959561373
18720181 523785730 321691517 672847951
316203355 753155786 727518823 319921442
566719745 41971560 732749144 56157511
351931176 672943129 373451129 587967132
417878575 944278371 743189653 915728997
517628784 229603042 489521236 846106444
714017208 644097407 248422170 906782483
685550837 772993214 491873766 420854530
930140631 867431035 660526255 178685786
840168686 824175149 69809081 206992670
504929984 257427423 985412216 917586010
574684856 462044304 20097168 944791743
125719910 377757412 823916793 146152331
325060631 130691408 170168072 992054459
892170351 647777895 938534526 665705441
84910188 289384616 657430596 757257749
10237516 847164936 531371779 999747214
595906011 237695521 369109591 969227776
234310578 46285052 507038111 271469427
621760958 700699422 586282403 538529833
826311252 555998328 913530055 554895548
499981901 875223597 369203835 487915059
264203140 550011132 362648990 665549267
800606326 581448419 549542882 416929088
398229687 534671081 218340835 517598322
959672558 512105596 625664649 645783544
618565709 857304665 15555697 291156915
244744175 114164122 756504755 156838732
675365509 698067656 70005404 370798116
929202238 87460625 516619377 455681963
55214717 623542517 826378679 805461549
604220798 312801704 16062179 181850107
383846867 598148168 376062007 205881053
255461722 897417685 72079474 387713402
339871438 391291173 163642432 581156177
60649130 959326431 946147594 69948164
176946370 778229559 261059659 763519879
52027342 488188478 237241151 158435239
545613848 505587216 429974990 454602255
943694632 97582404 189158721 6101707
278367147 726742679 536226678 218983743
211649632 195978005 964772386 285078179
551808878 189107804 957122312 792742663
78052298 980852195 162449502 42475260
551662347 384069604 159219424 645749003
656311969 595373825 727108990 520144423
63516127 505946421 86550143 303494890
731662038 662657368 473071720 480190788
537862263 68893434 359925449 840191068
229414180 553406573 442459066 374695754
126418893 832840363 956843421 385224557
29045170 324863283 584676985 304707583
512309966 543350841 471028112 305742240
996652189 594829288 703022560 367015299
426366723 916517304 694442774 856326808
51469003 952652515 469034723 110647750
790037861 415963459 214604832 342251714
13601348 417342579 767209910 744424684
156296773 481424132 622331539 45031084
110416858 262435249 826356992 514830663
390778161 350703263 944346008 499618139
637687722 749564441 256855732 952778650
835013117 209722685 914136734 141808163
295671622 926185319 63597207 418950861
179320481 979452179 239380292 4340280
131839922 94905005 391337282 540980822
175026715 314411790 959547989 77624622
545648144 68406329 176481889 275692177
603617962 34973406 806300109 649638789
386492298 377795470 597036162 640852549
974433470 168229101 455201244 549548190
949753869 424199287 395758890 442134540
428125219 307396331 77690621 112164891
437960439 92270692 734643584 224308050
737345869 754863069 848799923 117769648
114644676 83560919 452254586 163986616
600061900 248606209 597328373 84203471
28863839 644586706 270642599 730219685
289170664 51968412 250616565 718541720
730284272 38613723 474809298 493976378
383897333 666965830 355751244 82053301
498047592 538784969 382456897 906190399
865363099 798214945 457258477 359836267
338249817 745476660 226519131 50494843
775959 47317543 71172166 300682330
640800662 759624198 274944300 686542386
759821298 877613383 431308370 538206348
809674494 351097988 11569091 11353955
609577062 19831238 840763584 722716420
919621387 187583847 573473377 266992878
372673070 324473995 907594445 938809058
56980070 27049528 975184948 666462095
116808822 47609304 502091921 553495327
355423915 761483953 143958859 535666129
674546131 354402526 545184114 449344774
530603918 139900859 991742687 676377254
978002072 145837696 381806598 532012990
17187718 983807774 994189975 734155361
524509780 515116215 179551254 547573006
621528195 28902631 460956086 796951852
980530575 88771797 9769540 120233252
239513450 743801887 317499760 534445813
762473927 50481118 934088688 262475585
349269870 900254364 96145387 787784232
68980687 720928901 602637921 828776789
832849606 547780154 682817555 138640921
234503336 904225628 515790852 57767807
762844183 447760485 495232081 617401399
369400463 301719632 862883775 736293839
480848459 845296925 136384495 714130705
295907773 593387450 5006156 545609913
705740707 601242799 29357759 81763416
581433689 294734336 56383782 934732298
26389447 605176479 503895694 977134507
515338042 229663808 722127354 147233500
635853936 828711068 72764031 482985052
430926933 365385001 49194018 259835340
461882253 281617153 871983355 763455406
103991853 403227403 833019453 705769104
920481425 821425318 165859122 610129209
387314405 862815406 15013615 624830251
133995132 79948099 10547892 417486416
593354121 912820107 900841208 268909325
607887097 26353422 932904016 97855953
254084640 673857191 528149880 18544507
636969434 773104638 953607035 979130383
139580223 690152238 451023194 986657903
338411798 104001558 614695971 364900888
37177363 964560665 729963411 407888698
883737354 820338523 478394836 213765290
389066902 220370880 561149373 477249216
408972739 763281187 575749136 646772416
955085154 62811987 391686970 507268079
139074718 519846007 600629240 480448237
820959340 381425802 675782265 165757002
674475481 521465824 910299524 214675056
691285999 259087633 532625043 499765188
380886788 274836003 991047549 860290310
223675242 71322862 834771830 991673952
944615519 620168387 498143077 772967295
108392296 762173733 743589126 687670562
443771413 233483772 51925580 944200425
678944578 610072027 797644449 528231080
437661633 218048965 444063892 261526786
978910386 324320484 774455836 949013570
815177718 900066714 409346570 640735547
587251680 97704743 694141647 766010060
322311733 555040738 912837503 523528108
916523824 385577342 909168793 102154494
781842412 742617742 358596203 144441573
776395052 810497869 958110406 660741365
420704126 493270564 255390003 608847982
214912467 208093504 918806516 962676514
44818350 226423955 2351089 48379868
645881377 237735448 738938606 933015716
719412381 292132791 658919057 990579231
585774196 660660900 179725542 622874604
770299186 849483860 68257745 643513182
276336232 232737181 34809897 928318143
682607101 652111730 44712216 619954940
336607892 536458877 533802013 318501286
914858804 66724332 104667155 742075407
129650729 307420129 579886587 709745776
585176015 125116295 471460332 792492616
481721198 631615412 637721101 623379165
816065954 465489881 223900750 773115727
676261455 907925739 466728990 43000986
294901920 460903677 833005650 240684364
946437644 490531790 539893508 768243210
190703363 163992802 172019296 844819669
676604100 714662087 406860246 4737778
181583457 224817660 773526539 823537412
621240756 737322064 769246002 233348290
17028357 297377912 528460477 159547768
781631581 892195512 59915035 667160430
807086103 526656402 750361004 285504441
783575639 14041466 497974786 842474034
602281280 464400294 702115009 753365064
257824808 842836933 678942841 71090782
721073325 352622048 393947327 81432159
316989928 994877792 544440685 124530446
706561678 902469071 873180235 772460076
10825698 392945480 1057720 97873951
792302979 950995401 655394526 386303898
986094913 436005633 771152095 327256854
713045544 602352968 240708442 894077391
101155335 426854720 919309377 629070929
425691564 952844798 277956193 709150719
771184243 897285795 916723832 32582010
730630787 386246276 731101305 213234011
365752892 127199708 711289785 28545804
345119163 423780985 974300143 807826864
283994815 423552380 36966945 822483605
445527992 954314364 928766154 662338644
249782636 92989006 30361186 402441304
298899574 633734373 660475724 391199235
343981979 77044232 380761021 837921590
238767522 196262428 558534661 10526102
24439849 246943078 533723794 524615150
628892160 431535496 212328803 167950250
428054594 616124194 942433327 278446956
892609467 917644613 305503113 502601964
881130272 796222195 13840949 901992156
517328601 794580624 343777350 209063546
216405904 797292630 143427343 774559016
780949912 141018215 744235010 652592502
951732712 174282966 81174892 466675549
164644126 554556209 127102154 396477270
568043399 924934000 886803263 518440022
109364154 558183254 916012986 755109269
926706352 816772787 389543127 123911087
529194471 840089401 658863896 941361276
542410099 899155178 695068637 719592973
85837347 889007653 651805438 707948600
959641282 252990688 152551405 328566532
302736784 577313370 795168832 922421069
391084178 582967212 46743332 889783141
233694971 305779653 150489989 933832424
176479858 495563353 211173091 619241229
234533451 116380242 177469257 119493114
185685405 84238033 989451251 212132186
244223542 734063771 334358442 372906337
705287826 308955881 631516007 280771204
705055203 541265325 290074737 536732192
406000187 304751062 57110393 510249743
371946 558542235 339874677 111808610
739931859 58534283 950212299 76520816
22860814 266383759 12082667 618498342
413024097 602368775 211495356 722444336
271598793 602177671 662777786 129104848
420470892 512175759 699491893 836253949
29622769 265519225 59286064 514958539
275370944 36701081 162544058 579819308
525450291 588827480 668025899 529702971
775288369 919606438 260934689 318473329
702749820 632533004 255216286 690093758
441520605 195827967 247115467 412609021
850469100 585395333 145045618 425354035
158031106 535966882 116835630 150450256
796111916 98451058 185523772 840851007
552017694 284724780 230085878 955240240
197326104 267349399 714952844 68967092
445024516 954723215 407585087 565748819
596177929 839675114 263938859 316995466
67386497 994501721 839028808 902721584
218914170 232778078 4936974 104109249
701505403 188532301 847940736 24619741
40404186 977668698 218184169 128685890
950703772 580570392 971081138 721076458
395288808 726393794 272170972 321742063
31725985 370638189 922941651 509237784
68996034 642264258 324020711 427893161
877069199 572097179 452442310 87006952
855296531 932038121 864678732 554379945
218380263 345954182 496028403 349409416
650736362 649408408 414698482 897992177
625917406 616746168 755880447 915702678
282759999 596933951 215480545 145021417
176949466 938647569 963028839 227635765
448314777 542587733 273534324 880792045
497970987 445157002 531872527 660470422
25421470 98393899 570263320 683782051
595146517 788792322 212691202 56505058
974313589 666325936 278889842 328747872
780344647 768825570 29346229 665036843
265858754 528989106 430638435 905727293
65485619 398230910 645915251 460239767
686416602 595970065 487957387 239613809
760665349 761551275 282793421 904866399
859184164 841857339 694751242 288545243
357962409 901677577 124289983 704321717
824991597 352862772 111452911 258761712
501378559 565539413 393813764 471176002
530849402 125992904 218845456 190569287
624708020 400957143 229186636 659636604
698133370 344196590 475350188 436887017
814055301 133437198 672815122 997722541
714597475 250068611 25887420 760153041
273161986 31840542 132621933 794335608
349389561 958738168 121379090 856773325
631110031 936324910 727183587 866915876
756219528 809306294 293091001 975390715
528601571 594846139 666599202 737070093
44805388 708600482 622663953 396179030
497684103 111117126 684902805 323826679
896646169 467901294 113975053 200040713
638698054 396353879 949728871 386238218
623229429 85842346 478790932 231129235
219181085 43646145 500097627 30861643
999648526 672255450 185224143 672075409
173013670 728500092 744043782 142855545
290203061 958784057 862704297 270512486
160338392 812155982 157891764 673659691
648043419 463856588 838458667 385211976
760664199 275311075 185675383 428942108
109686134 122254509 327373465 503403425
715909042 589187881 72384429 247576236
788657123 620122344 919854924 344213295
282803014 626793669 85313388 997904747
700514256 364784021 584236046 693063084
928677377 638111312 995988000 71883032
124776763 917751049 279066625 723663186
19958522 505375253 67403381 211075571
923629490 898385888 399261316 267356424
376423961 382174067 518971405 459357334
321514249 491726860 449896153 598128125
514952792 980459249 942515557 300798296
305789058 518211778 916854697 596330556
9331691 787520197 578049985 771809837
754317005 306380802 227793240 252596614
720933961 493533578 428176150 111788651
366084524 71213512 85461062 332899517
24704536 416668758 869764237 874621189
240356022 141704654 644467946 667905855
709903348 743874911 145846268 679414352
677005374 900171459 60002255 745980955
666934363 562357107 732488510 646990556
477301155 878991308 953693489 248438415
525981932 413688861 784742466 114583275
609260072 372390415 834035791 18074921
447586881 966996649 3530331 144650522
472329574 560726524 837022966 40215347
796202538 915269215 205849278 776719039
27816389 510442942 902162963 603656118
788032133 978444989 271849420 57688008
764275128 137544712 364923277 338043192
971674281 547490611 329595703 16693088
857466720 755813151 878415921 816430805
369927180 335536531 752931231 712665117
933414466 45254183 127685239 761376989
922238925 501802307 393843401 197122106
706356387 221392858 277337206 462897326
360351186 313019579 731043098 880879122
166344338 511693671 143325288 222651406
957541706 477280086 371091760 759018261
848125181 840324355 95195654 303092276
902690577 358016098 528696394 513812685
667976447 574028874 876498445 347582490
904086291 301351551 669771518 947029153
779684618 437737015 814885591 280593426
274364624 931903246 99008628 455118657
412043943 998992290 716513045 542883750
106902183 991885954 855628626 356170415
237529678 367213137 626237192 6299948
565759846 708248027 175088699 899417968
527527578 669008344 369762293 905524350
986726833 898358567 971210391 865260245
530438390 680384726 425284373 954407305
594954118 833369055 248322636 808972162
639235488 449937171 94129985 617480595
528816489 587701547 47468908 667108953
318715186 492664604 649173930 815427091
944676446 653261969 375584832 39667115
947745280 23679985 966081720 976604917
819209498 518463113 182223007 89565898
494126079 120635591 170676834 973169580
373950008 724439819 860475969 171009823
166226148 999881011 614392600 772357930
94109125 869274464 590748675 638073130
297892928 305705763 781243069 795235382
908881686 815922951 41672130 506402736
670737391 223081444 88210893 222785164
902298689 418319051 767041330 70165037
947720877 845884249 374025599 733442593
424549667 129528695 415954367 470369017
631531646 653134823 249190464 290494256
961378926 121401246 620389062 199585553
564744289 45965813 435450220 312177164
264508586 811661604 572987568 300466924
540568001 633664613 592098512 842098973
388348888 344635955 27719678 516628522
611284766 41480966 831766272 208799659
522981397 58673155 852880316 762442483
876874783 361928602 508059822 842376751
192916873 722226599 437583384 362498455
654522606 700022233 135238305 106126802
317916535 503981593 964723118 578574752
247303523 344114503 803948924 685084260
311672388 239907113 157206596 232424823
23550564 266695195 254926387 763995694
155148324 379164238 384796064 263954938
272522315 491563212 568016290 608674252
928207168 1209793 599217384 393718477
795681744 458247685 680567087 500316592
651365410 241900015 518428601 35475552
545067768 268983488 813098259 682522169
964499258 600857683 625643950 108475404
920165076 68305446 642481129 411367125
29186512 249584154 193682659 378294126
795972673 541860389 666602032 498947298
865504752 819610604 9202738 985533413
846083417 935141178 246694779 629160167
279452468 765689786 887789902 312531511
165004061 722722228 11908301 514368251
78522861 238540403 969629147 688375546
623003543 489973644 202341059 472746978
942160989 182226340 235424508 179498274
784421690 108497087 825696070 234761406
50869673 329386920 218437479 80332150
313731054 530286488 270938965 413347073
51663108 23374164 175674011 95223957
261109370 803200013 93802602 532479065
470837765 243490792 985439805 575005957
367482920 148629568 178509849 706527333
362094745 406806049 614900207 280306315
513163523 358248841 871367409 673762495
23338705 271484638 854345256 284398018
613798031 582061646 100614434 746902584
773206096 791672801 66547919 758545033
515928828 923659104 124246755 542813510
307641790 385751418 951272183 683678695
636472629 740158285 238212511 635720843
63266188 811786050 13441099 931151962
733854736 250524720 982897356 35913327
935027672 982318529 954324943 219743570
641232607 334743730 680899176 599306666
429007677 571823577 283270458 857413877
495357826 286516947 888903724 517015223
902702253 715949163 511846400 351745685
177749239 350452357 281251983 934083046
339630047 512893698 441192385 496020073
380875214 438832443 726999645 510238516
905375745 736413314 452224554 310222885
634704717 811889486 162892571 149592069
940369033 229347441 413956323 885046487
35535905 325709193 335726174 347331995
564874725 109500958 1333810 333452148
766534673 929051800 20224975 292917304
516432289 903942122 790312150 579298724
888848670 969709177 952700532 240801660
677443247 425472543 781274119 258801453
231045417 257198748 885830242 36186194
548477828 490066055 978351074 416023878
11138297 281297206 438332535 754087025
924000705 851751004 664787544 524926142
58339278 177168016 297881675 104558353
966073658 937825954 228057968 274912181
323656716 188273818 164884123 176511771
696833009 642199034 246674585 184901461
70635153 947552802 610890527 984035600
58522291 161878429 223907307 804209233
142006727 795689679 40106684 8231072
381630481 749635978 110387447 462068752
876642900 615984887 90292201 219217120
590231424 637569467 138053368 340627494
299457146 737791745 383950547 721623606
625338579 254952013 160362505 124055364
698931689 212191307 740677113 48915399
828942817 866396766 387624090 736000021
981158879 530617143 886664671 950532790
571581369 796683099 233603777 986130672
562183966 959648038 306141814 844055729
125204835 285689051 765814901 256160294
946182648 591628436 749134179 80775596
721829152 599540522 384401546 731360905
597073121 496033139 440997381 545845160
744753819 146881617 840972168 833386151
823269825 966160892 200209030 940154135
821998710 265944308 236164531 409097799
771869709 29324410 426770147 213528730
859538052 291552489 249057807 734294202
296907113 556621711 908441460 162755508
27483504 962011060 620806211 355594326
196848827 317409597 354056941 706502567
138811905 486549374 67067335 431105151
543428843 992720413 383863695 93020683
73016855 971492645 308158505 462052563
890506182 281403694 781424664 243788548
855134390 518999433 803567192 490460634
794694192 789296468 43062410 205002988
422206827 235716847 982216291 122487961
103614614 936659129 316986969 640526285
705105125 888811691 451657353 528770052
55080439 716238005 352289799 729169363
595587955 434982667 704264221 789256781
928026507 955037257 52554430 306576307
337587860 407493698 839658344 131236088
676677398 690873769 183095580 788216960
231014225 523296678 533944411 371729343
882649496 999835676 553618131 164230459
440726661 701428730 416566411 376791410
273138659 157013854 261036450 149468518
458426695 985508265 573583915 653934082
951698125 899189724 590328798 197032025
385354137 652977695 200744885 374996406
368589749 357580391 508601779 519093325
240810173 7327253 184883073 371720806
170032497 323580515 137503815 599770165
758021969 442200216 611532264 976192897
4127545 994677356 284132426 451982070
108721183 977184707 926392325 281736415
321245590 306260453 765597296 157542890
400663766 753815648 573349143 359915206
985567498 218887534 78765325 99543501
924599895 510623505 361963332 212817320
509428112 940411818 574786654 405753244
783799290 198396167 5789277 617820620
813552089 460274372 504792894 852375879
143971700 909544454 469381046 67452584
809612480 614342274 357277153 25031002
912563290 245837617 580530290 899446648
176631632 419789339 283133735 112363259
443991994 538184083 139305501 278440231
689568547 871229125 430528762 448609108
905982412 665047218 862635865 15005524
398873291 223970200 587647294 281264053
263033884 902137610 463809380 337252171
764377540 790923413 630301211 39463956
634496641 672782942 205658778 827179238
26176766 873660743 953107496 579963223
8189977 13458464 511472786 880703653
281465154 652385620 690729243 15879054
645383867 338224026 93681755 543632865
696820423 54698850 155423518 470571510
647547298 27871847 340088686 948941465
487060452 875782042 170941232 370638353
834590710 820200340 534868402 333915665
842017853 775708522 941354607 990336502
242027243 933049741 953718710 141694232
517404640 618514827 292721598 407443241
678716103 679140768 164591892 677345710
857685401 6544958 689220006 286517356
685370250 38160738 260789477 1155649
896203608 357444749 436247952 966590175
388470117 716252206 240538776 846896174
280316932 543835739 58134901 7442148
194280987 39893511 149282835 15528027
745735309 592082731 161611988 540857327
47552014 8439598 157928345 106816823
326700357 257026931 316354000 897331963
706037448 786393344 615931665 252854294
813505642 534738445 737377343 94137419
74033984 303109680 126083902 372694769
203710742 512947720 287404852 839459102
582348815 959344643 880698142 529877855
989643622 995809070 752551222 667152057
938963322 194470763 51610620 346883378
50942081 772454899 520393911 455091501
313957049 552267155 395416175 518185137
408767414 612613604 279710016 802698371
79882483 728052290 973245566 61665548
572269725 666057113 269364186 257708189
233347041 64458789 64049100 85615193
801928521 937189778 293588728 303125400
660108437 558983607 961880900 741925221
53125597 728563414 339615829 184984767
798355253 525928587 801738192 60547948
741647216 420630129 948111522 902525439
950354884 67217618 279869247 895044814
302791680 36439270 59089249 895381439
950355344 493215015 229360708 399276041
896461159 961419525 988220396 681964085
795385631 942615320 112333658 42507249
42692243 987510529 697932709 113936162
369959707 406076397 710678225 780431737
458796371 960002789 323191202 740654546
671401227 261640102 264389815 41106554
876957189 760039029 597382686 132901550
792297885 894585887 624719961 705886744
151780264 805251089 800904853 953521498
617792659 496941097 530014802 769454335
12632559 472022290 584491729 29213235
235207661 815855189 901501900 599448962
282661550 389355263 190801844 489341696
966767480 207555109 444735012 449597439
159972876 981990262 929131604 816702195
916130755 269390419 816675377 245104752
394895071 124550915 265005190 469625783
645113943 57108332 500308905 56619814
807828075 76602846 243667120 292978750
456894277 279288785 841164974 941456381
214867582 489057380 13142020 333631433
406823933 410395973 517982544 737521727
393107100 488707289 594502221 838773181
318388802 383036117 639464824 829133154
884625682 863984262 901283132 263337777
29225142 591647332 848100285 454375350
652589067 491789364 536309907 699009652
270648785 929771012 751515539 997930539
370466360 294029376 646287253 634229979
355452896 856532585 741933961 103935844
489780667 61079996 650386883 901631139
513120355 356382289 961031202 921666036
892126400 773162031 496372733 905149514
683963171 840980179 97387627 255551944
601393468 703720882 676149823 759724792
661254280 436621510 124571644 712959442
43482758 691587365 548790408 261778389
334244846 400598684 355137939 366932612
101281550 415508120 670067641 657583674
402437922 714488055 237555031 152295373
880367236 164799560 22253489 750643321
448875654 155054224 407225687 828732716
674692416 453448208 481647920 636799848
709512349 424953824 78477370 880865536
908924941 615802014 997123343 821148471
714272034 675577070 638466147 153038004
141431172 85647067 739405562 891179340
54270599 871531059 726160337 703836354
243173305 984902695 254794762 671466401
227567423 384276689 474094254 586464451
172504287 582694052 49584909 817431619
401969924 699693707 949876596 210057519
591850247 704079965 191966716 669185884
676451574 448967706 273451332 883832767
830749734 264840896 440272142 273807976
763885503 798686084 299865528 541185078
42846144 766442186 495505687 136905244
649290475 761182408 22183872 816363439
334491464 94077271 925813836 717412496
36719527 337210166 922098168 796558836
752026449 168118424 614017764 460102557
513148491 107323848 184257584 21940331
712828967 661587971 872018920 170073282
966499471 874543713 13637096 46928827
43595470 803367990 245986523 934266846
130677277 812413094 548114802 665694660
771562918 658500096 915976090 995420020
855350557 125648440 266064814 715395541
807668951 350597547 885795194 512066616
4761403 82640339 640745432 330486729
313370786 462785539 631156655 640475720
434138245 449007046 49782724 896874706
143686924 910720809 932151554 875607853
823332862 595036234 510621611 795254041
174380864 67887014 646757135 776200995
692792108 745155995 102087943 366652552
137413955 557077926 742738569 524212766
985760839 75752605 25996659 872716960
458121115 801888312 506075873 518425912
861844112 582275796 617806756 128226367
715470413 936206186 949121198 251429731
273243021 771846784 189826470 616010954
312258951 911702328 136068691 901121680
132196948 409538281 661298041 361126130
601457054 58092234 947210205 49419778
798010780 680228528 451554080 59244607
724128688 451147664 774046838 868310073
524439529 556450494 459247625 303421983
408639578 25993721 302067087 686333360
960072217 609821906 981156913 777468849
438579811 195779047 553913295 528477200
366062892 482662718 878731985 201475838
675334508 447161080 773738096 198651630
493524035 552692546 120631548 633041354
315953052 203208078 997255306 470297407
501261208 139214101 464716847 846143118
429851061 665196244 810421669 985523840
270223820 667211914 875159877 164199768
989112723 28069109 539598661 178194714
465687903 956964176 328312444 179267548
15026975 58237500 99877804 110881307
424322051 71625309 229846482 771240650
745677676 596975233 342273394 78905338
730349949 392308974 545488007 738558290
608214193 78542456 926624384 979247772
52463240 334825123 760185114 441371029
917510082 510748869 543138460 716662171
147232008 357424465 149504849 900244368
664901361 755708579 698857111 432188883
462886345 550382310 855773641 886740235
600408679 143618839 71360139 716097958
532905622 887080102 126968869 125034681
805925556 797258877 897182966 920029327
849903999 246893386 839537605 478082729
934555100 879128310 5601471 809272174
841294615 862448879 882488150 588825374
370991508 307583430 847290593 351597450
899791497 424795635 900036844 26023100
842538606 971071007 47853253 109795018
664763195 167137779 974953230 704016808
924739082 556269193 825092790 971333795
243229345 303902029 477585010 806592935
850617759 173328561 304496158 52771195
500632924 155697276 719734864 567186630
36601750 39369800 700600181 711219418
996421349 643917123 966096543 56368332
86691604 102697220 399887023 618487701
93285152 985004914 240318620 326973494
741867924 474464839 191590287 448775952
641571664 924295739 256394975 542712215
833556562 521625039 168303867 654639568
460066770 334505238 957548383 709110534
908560718 439914765 856300499 286978316
686284750 627571969 256847878 170551035
312467990 664472104 5849066 29129830
499837451 779633909 648439414 881066430
400505364 909393861 14013654 166511208
452932172 671693539 551793062 599484638
110608358 470222636 513288009 139736474
653203648 222347293 76988392 76260258
285178043 541297680 328737485 82232703
652717788 995215991 129216192 83530244
763503094 765023973 706793211 225411205
549001773 589216225 968829308 157607943
869488668 635193518 161461343 530345231
482455723 804430370 626089953 97736951
570405119 663944209 495431372 482319084
270167687 958890641 968344772 775942080
627047428 632481467 987923268 928889314
237282341 751802603 912832658 827138810
189570045 296294438 65043039 298933806
153689667 628853886 776939119 895861206
477267221 504136983 689826681 560891792
681943030 413764347 320287243 736834302
98611054 148184961 266524777 804551655
949818749 783740347 73450947 696430289
284993544 112892056 17162002 775108883
517693433 461188071 421576139 403325066
80092115 432200141 32231622 987441988
609000162 856255231 740646214 939792032
390567243 998132408 50226445 444992253
699235608 390553606 682614863 136598864
21201345 879361804 369087025 253841239
249849319 460514392 471544961 207189414
500144812 980408635 954424293 271711729
950577775 739706566 890502516 614965779
613205505 736838263 35406441 533914298
923118050 982307499 292719797 137285871
877008285 717238683 932957357 278768265
64870984 335542182 39748493 340826940
985126931 613094124 172093195 50130012
472140913 327224236 668276516 830539940
100267296 124935080 849563277 620715441
600774850 676211541 330098775 666445434
323204182 565441762 39937325 816805487
731274284 223684052 827661660 467929878
831765690 673413012 432814894 844005443
927720510 521471587 670530321 63761442
435126691 917767203 75018689 691204985
803641562 118893044 916717398 717265413
851975984 214773140 16168677 726718973
73259386 250550648 89399006 515252466
263128978 514407561 332508380 198546906
598814783 838408048 708878711 117708642
974781833 606906827 135139195 807859745
414177166 621556549 848567656 676398611
356463829 44897156 324073822 129744255
977627349 514410311 661023107 714736036
852277383 75161732 788656058 146564556
757490640 618577355 709422544 264783612
943203998 879939025 378929422 749344849
357064513 308352347 950766665 772937288
415790451 426401623 778210383 208718653
219394291 992364048 431744773 754949369
897002157 795243044 421688423 637083956
651755172 709218216 316009515 389953113
920538334 277524484 610718862 674634538
836047342 633095971 705157782 581645159
258071061 367951512 285084741 834092248
112354430 607361765 409028771 118593391
859291648 769930202 476742370 110627567
954180895 552602451 334901060 498307625
175601881 586315489 645174535 153586781
176117641 608012483 194716542 215186927
870802361 945907277 714711838 664158966
466201725 39385131 627903174 317598923
723786489 843594070 30926685 518514146
558261649 565862326 370608314 657866811
880368798 694285709 594083220 719080387
868116409 810543495 696255696 593676664
565695801 283737055 479015415 674869330
65024073 463527686 649512877 87183783
31495878 722330332 129650707 460912351
774959127 101314745 167501176 534920732
284017243 268500492 997291206 422515981
870109084 531052306 241526642 51756198
469202652 828318316 976232139 296017696
901398579 26472611 90485999 521417172
683669894 162539819 795078188 428296417
324439757 455824072 422949188 922068877
143410904 426130561 18210377 759403215
359615833 820566724 516481046 119214687
87985577 122036418 500838842 403436477
926285229 805376783 211245866 914127691
282574046 654360789 143235662 295033198
81352192 449621911 600886964 85137632
417971814 961097154 919889295 244672253
497565270 221084667 347800727 480837689
122171406 841444231 334239685 870917726
106526552 260280036 399540614 248151960
597741766 672919963 73454163 41037904
258272186 201605234 629250467 488504295
31208559 778925266 128351219 121850071
913339621 53560580 524815253 233821443
944221165 195689668 496998859 591119454
988005357 254463272 839756588 248089061
434015671 295023265 646268639 547690121
9915607 325329176 646790191 342275733
85704145 6631398 927525124 393315215
171484345 945644677 154796105 623169055
587069027 606169975 708555144 5552428
211011505 357174456 202434139 462665684
850659251 628288107 685904911 925871921
290986704 223654724 749478232 573191633
794978116 701798816 142723286 40267893
232404689 617774102 548540520 608245896
373019299 518530491 695570154 984404431
406021179 935633739 768086736 322891271
823858928 363881372 681688919 907366026
758321834 942783604 966338717 588243799
796943509 830893931 501919041 232949597
106328958 184453922 578426440 123166690
542295496 630406583 57883927 236628759
994171401 550881958 286438860 926897606
828491916 559348478 580099399 9582632
901794134 986811813 869689904 346288955
171768967 107036351 788548136 449786439
511032983 886756601 373393204 128614760
418556645 666623534 234629004 515003085
881605567 305723659 887141250 256674631
852045725 907459112 568438707 125093849
962896273 235755947 753552153 476466470
579797755 225221077 668551300 546869130
812012739 865808627 679062891 433519498
737324063 156309128 7118264 830127157
127948326 440240120 432034816 190707943
43665509 205006535 543724928 491106662
688698559 701300710 256094992 558804156
156186142 890202702 334341242 518241274
896042808 648353366 826763527 602906661
138811545 575051985 50465636 169353543
847572194 642017780 917456264 120786491
175531469 381217793 348962536 573098693
547014048 833157645 62588864 249085211
243614500 322485242 112334664 492517760
598157953 385551006 724926966 571057604
322720311 107981277 200842715 760055138
81360008 498386832 896491125 693647396
234748807 339000949 306162232 990698931
213153803 782845743 92537458 538293378
712319749 321440026 60516674 661819593
197756516 937761431 559157084 72863140
909004297 98696192 18406863 521470225
399383463 703844843 965665978 6255831
420212626 594908133 812696646 586890976
345790724 635057748 466573609 549075908
54435244 404273466 752125312 3260557
165871172 194118618 68663880 186599966
752527609 737215192 164468795 430182559
580430093 430855657 578001212 506217742
473270978 981569916 750679891 214842060
27966959 753557834 902559069 240169657
821610311 165606338 742520591 964862022
231149636 431928107 409079604 556988785
777761872 604627185 736621952 887316197
464348116 632582800 14370836 494544494
979123440 726844716 388521964 779504052
511650731 13701180 869898399 696485563
503004949 504026418 847046206 532038924
63986063 280622178 793558140 353777732
551974589 839722481 445238549 466113168
14926092 173533844 130807932 16065956
632904749 410652295 344147013 468921123
618605591 106069632 828465514 612059336
807163549 644243706 270579167 526281500
174066543 583267335 656706642 704402659
858181162 499096116 41661429 526425863
325535944 821728216 270793859 432305747
795231328 745536177 782166385 150252729
830884358 333582011 479492413 183006948
983936405 935048044 51043387 474896362
922732080 745470506 602917609 200517074
400152424 508994601 182321601 160523667
739696965 698916834 837270670 532278245
193388361 730934814 588797474 244545103
435497519 482005586 35383461 819648849
639427839 70054380 847117549 683962171
44197593 65858885 67254869 528969818
919534189 887622759 128749340 457044780
303109577 272233466 718761079 50933364
335812628 329067803 441058521 617067978
604666917 294707684 469805315 10960196
557270 309847765 594696335 410401757
314668069 145052528 337506133 363141185
16663172 357465685 877353005 453235167
595468598 345842936 187401970 956079472
575111717 249182613 609462492 911801193
316567626 330272551 590139176 425518664
949776310 862728780 400057627 255633738
707590563 562912099 296796134 704299135
241119210 464483853 826345914 277425235
100688049 101247058 880103140 980792316
74067839 99137944 700420164 698944356
607638170 931773877 940557073 52131969
382216810 146319734 28957068 70217461
859647716 470418707 713976524 496193082
729096144 422927826 443807072 690349064
494635098 928347995 480933170 777378568
851221334 691143807 860436092 188933392
52667504 221344252 405640538 194354250
152481045 58025840 890089967 413400768
526841389 819422855 999296620 335806634
322023981 555727810 193786237 451716680
53271434 298785643 474034408 453677804
21057155 126177068 6148164 353812779
18125540 420875975 433492653 900715296
967747500 81063018 288742329 340943623
350553678 489133835 402981275 19241981
176166177 390863003 563205161 711966489
761863454 133315882 498441183 874135924
985349911 981836677 486172998 428985925
146995697 275739295 498208451 635718037
819809856 1846722 43832633 418789860
98577784 773084130 994907895 156554892
786318205 202850646 695171691 181347122
818494818 571753287 177731589 590721538
869572972 161566979 300320281 581927178
355402990 590567712 50041018 451944397
728547135 812750638 204023577 116830635
173685807 954020900 564350119 476826294
817553694 63102300 420866624 556903640
628016722 306602183 336373461 598209692
623353200 399859585 210037643 227759996
90775793 257415434 522723303 484291840
542344837 731421138 151203160 145215827
300013069 100073387 205679427 950301553
748538834 417770378 137599084 448430353
264561952 600301630 452993685 631131812
640033134 673216578 773377449 625556846
876446205 350656509 912581661 294468731
783479615 650544962 690622146 144618444
928343216 591441199 127358658 301302303
397553584 618992493 886170705 664505776
760527632 988066260 150818979 181490623
159454732 600202801 821821434 27472032
207708028 660224954 78183220 501683846
351008136 848543643 983548844 955415162
434099761 545331179 964716906 59213980
977600985 745072193 405456290 701636345
728302849 139361711 463962203 190943972
562113017 34403314 872340857 525137139
558348763 952517037 994453588 962543152
130735518 693128606 100032707 848480806
450403875 832445259 386454438 717650834
782881344 29494789 606518115 337385833
742692254 193417711 45982369 987089690
904969217 56605253 399576382 789141811
865884067 980047551 849678131 644307327
426947808 90975739 471084225 955289144
112007190 505694113 111290633 441428193
151296759 876435950 262816128 891163771
227104169 495493736 425659416 655938406
587981670 21733689 481832785 813729834
319948586 318174143 838315661 866139564
514684530 735328952 990718446 123640494
877826853 593540402 994350776 552974061
620446208 456996752 880080926 937502642
871373399 910890367 510026065 733546181
124184677 10436113 586619058 543355594
5583360 750188007 907643141 398238727
955802906 33166237 177623376 601976610
886348328 458256734 382532476 94901845
134522565 771688909 508563050 54677376
901262047 341062482 347624304 473334351
970556572 868528226 106692605 34518173
114658834 520291938 745586291 493064423
173608335 434108840 953744492 653328164
300906472 738305815 418584311 167703348
318627726 646912565 226674472 804223859
469457044 705543328 615722168 975785924
104586176 843942487 439883811 177749937
687295165 763242760 437665490 750935838
853736807 24034667 444236398 833125987
957901949 969101092 818002220 857077006
742403017 722435991 442684189 633207240
617767008 939080438 800576538 292456424
49947365 290107355 257230776 29923255
393415371 446205850 792279184 583382148
610868928 831016068 140670656 720566700
420840266 148273730 449194918 825550865
293490308 152715676 351954622 721775122
672126610 76249539 805585821 372620865
30118391 589102685 987598889 457622159
389209892 591818414 222725046 327118043
163115652 683066416 654162328 58226839
162461401 13875203 288454337 37226741
713792570 884387736 232109580 13913652
532700370 974154611 389585049 380261458
398179022 712058680 332572645 455691257
196559325 309993987 547603971 820675665
657542996 454335172 816993418 755733595
183821631 348043885 210137029 101299109
605069873 506060980 4049512 149251881
381401871 491999122 360830018 869794851
319366127 418057468 638173854 974876062
435690339 303069641 690073625 758178716
264385642 966341855 814226525 431608014
94193281 404335347 855577238 416402743
98506024 94395562 260188503 670681120
822250435 107396788 739704157 895490382
743409973 787942402 367744243 343745324
652023628 834558877 690186308 876355782
731437391 763903915 769943168 72918715
581425674 24630732 611613640 544240829
752844831 167226051 191545026 367045122
440441323 632991125 198273376 209424618
403299392 316088652 99065676 88866883
484206672 140439591 568986942 740269997
87041168 110795849 766881446 660491669
723069851 694248748 51006588 392880158
668727155 560989920 584403677 704797193
615758847 946217414 589423536 817934862
501305076 930805512 790012828 184019154
626526482 939082354 487967020 862939174
853886745 270467612 779408104 259832529
600600346 469742193 557410991 448858615
701333662 522268499 325693916 873328653
261594786 120939278 131057990 688586218
345206416 17016710 522071546 271166350
59288555 506735946 553843719 786854846
519872241 220602614 702596343 122359181
591788942 502625683 908472175 811993686
260640422 269167884 994086106 330655648
893238524 540998133 900846524 911117908
239640410 766986479 665908680 202611570
92465992 381901108 259513664 141327228
387403328 475533201 140547506 894076238
681763888 672842046 721767049 153245451
468791650 734943050 412675974 742144235
552120627 918478475 582369456 241563735
210736685 779699040 986743138 448317850
504412012 849049333 273909434 322153786
501612152 264906493 253783482 246443079
109865856 225818852 398886646 343701702
126262306 94867312 888723658 488938370
998421123 118126418 546887696 574311321
52908155 508510437 576982332 941519428
343373948 317421143 929710395 335348732
306569997 448254227 812218129 534381920
70445927 327670049 317203063 863422504
403478572 200387414 838804268 376923849
85737724 637420812 676935519 663187685
608348438 680893009 477472186 847157822
485187774 920966778 451253151 940554
288307202 934426174 680858781 906513411
29713954 298100765 270811544 895153897
230003566 484461344 621102557 244434674
286343985 490197508 951300169 614515238
184176679 786257408 21913650 48028319
444558499 479943810 595187903 621329239
251005065 448543087 348978079 792522241
801112103 777040733 50910377 339402016
79266179 823487279 739404762 63834482
703285614 374266779 663946802 597558087
106701367 444402008 618709522 946663924
718020219 102756443 872474932 884908854
495788794 100875990 80739160 546240144
631908440 191512977 388101208 995222967
369818375 215855931 650561433 544416988
195564974 138708432 456368087 560284500
629073854 335311975 852843224 725075647
795292048 988064140 666656197 703598103
262264709 439932653 611690996 681647301
681901629 431024616 585040887 190216176
526137386 768606570 272403456 486844627
433527514 923028378 770224784 305396401
203752442 530819884 554417855 967442162
673883247 190084700 165991386 621848150
816323442 855026314 205823749 516903507
315470425 793860736 842612010 792240746
142753557 827910464 512534550 249608608
534134237 86975014 736434577 327259790
774982150 383392264 978649980 283577871
669403656 241784298 148277084 348459127
804531613 705201881 372031826 14300401
532659922 369206147 731183633 278120165
536950133 220828693 163071512 746209752
605101131 345215659 44747200 301374096
388970821 151958539 857121094 430456920
739702276 84419654 464452669 687525610
373752806 298936770 78699837 404343746
988135966 254557821 950192301 869010148
860667013 236500422 811416992 760057747
221340899 37892172 621189338 466768459
883527410 255050887 220446569 553870492
567579848 131508204 21942290 446748528
103651567 429068245 879044399 137290264
506203536 497715216 726298046 111398463
671428337 352554333 918283676 145140865
753618911 767260426 534806736 314114562
641227774 810279098 494826893 511200558
216798503 677716920 291770830 333985294
274270423 865349391 353652080 988650133
80446874 192504376 552183279 963054564
529263901 623870398 436264974 991259696
813380382 491160421 597122171 282654456
635183556 500682222 82040770 55955729
248523805 631187351 310790780 578109495
248274632 409754668 133675334 249481597
346419952 971881133 975143700 926242607
506867633 777211942 707861005 843363158
677696293 887048517 906178754 347810126
117188555 687450351 896987198 883791004
253663125 616046963 642751756 946300247
367765926 827050703 248608487 684612456
410017826 693905407 247312022 634270560
110135186 682967228 440353128 785825670
856837706 796977129 110753771 256757965
767030980 454012775 322613307 209994223
988974624 559504013 345751828 134422520
74394808 151179630 290187395 860713082
286650552 251920 60590891 277351354
696463762 996200737 992904514 846352110
286619891 742957471 826627753 34227434
633375488 728064971 969960610 812262938
655883772 804062981 547445283 95518218
622228189 102109889 309421938 159115207
266643195 380353913 684720404 374530851
285160466 577329299 523606202 945031250
560715469 491329486 882576504 98895907
750757031 57103189 845303063 315628505
531555487 951333950 453658749 411097855
821658852 255116166 152464219 813156232
550064256 748790955 78723048 801810300
481198145 315873607 762035870 884718182
28570200 12274903 35572121 493529148
629962494 752976111 445957326 933249782
763168813 604303072 396465707 657704756
755851346 643346590 659257276 488440693
823410846 127825622 548521891 446392977
247072104 468289613 466724809 472661268
334633255 768038822 509214057 129128939
740458534 168451454 732873234 611263313
152232807 956358671 628314248 153992552
277503143 719512397 105801889 150940697
877405915 976339523 264900476 961273306
475018454 376632072 275238599 654925111
989506009 823950343 303264152 542278078
821621113 333840606 842875064 21325522
644654030 264039984 880369803 408985358
274384746 957691990 309278936 900053847
826387162 77157985 211055688 721505624
845671078 428562709 440504251 640702580
664336625 107917079 743550332 604887022
898803091 754731158 881477012 960641243
885775936 734597011 628524322 384802557
299956220 456441960 155774093 795307518
824878588 868597091 430634561 51787660
192806456 192070276 966776775 191100699
863780560 481975618 266228198 64715342
647776377 579381269 202956228 260559208
818802895 335787535 753233492 842321221
687714374 857889155 232753115 402548163
47190398 187972816 512648717 683894394
586370758 621180273 76762008 908606608
883009722 616368952 227285062 822283479
832379723 911272089 949887250 378907542
903605108 816840804 46828182 238344943
413390854 604386421 248955080 46609461
854226186 713739851 539553688 695067869
464950106 463690389 853401289 546234406
124822092 169566165 249866881 426427275
394594427 125488322 543807215 14826990
589556841 719526801 675672080 378599402
687020024 749701403 128942079 379333241
907197227 415028044 605556738 353411997
376366988 24241406 353828064 488518422
927509461 620496563 678773212 998049294
785207858 305848243 357399776 658899075
583497709 236893585 638896769 347786012
680238705 545398531 468221072 296504232
570428844 95544671 478274529 99259734
428327318 759488143 713185276 97313490
463428283 89029641 822865594 854444554
937921930 948341062 871276198 101348813
564045768 688808480 507187632 217224824
624010473 162534053 610121287 428044942
539659616 870037590 936425865 788236217
477009501 343068391 627395326 407476068
853812842 832529522 181332484 76990159
754529578 351745406 430209992 237549262
240111258 697497935 658036140 251298165
443642637 459346998 167078831 819761679
774017130 738179632 309059991 901347319
491047456 601694488 62880527 976214416
658732009 708583223 550348805 3101050
637332538 372389427 615917825 509680127
757363042 793542478 273774779 375832971
449103041 582910458 468080516 522272503
391082197 952262381 32214655 172735863
236198862 704837987 708395799 153331062
153541822 407187955 434357869 669052013
700619887 32376170 223907943 665315549
511611955 661743056 196474577 789908110
613645145 394583468 999285994 249657769
926836792 606890577 895916277 805573771
373010308 504142220 737697233 573847066
62832219 674535994 584145078 419985608
475624663 827682957 744953597 456669438
71396483 849425441 980608090 882233114
727203981 399324467 525385588 299412569
215881715 588672207 944735855 468760275
96043999 500890230 686557083 21947790
570759737 100167445 258364734 78557659
591127438 654704085 355513046 765662847
612157817 14165884 807779349 876637917
579211186 789121662 780126405 878359329
541958184 278427331 76183896 904345596
952274603 608094822 694405705 954031575
23449745 229862512 987405848 93720928
691904568 144526786 263281605 614563156
182987059 571634562 990994834 308587045
693571073 597289867 980447470 292163233
78553135 215238842 710206357 306475123
757014673 793903287 981592495 598818569
279860659 502215766 699664263 148758713
825571112 282104276 949795739 825998951
515289713 712088678 418801764 129434561
758539616 256451604 677553040 745163558
597131327 847612498 741926556 269887982
691741957 441288977 462357300 832048980
140307678 193003859 661842740 7279944
810515780 123628260 358556115 465020288
20747359 567238300 201112469 430448884
900198825 457194489 131870569 907678221
950213753 940078461 702906182 120305606
313280937 946255272 10067303 889457407
78759024 7977335 541201664 298221930
15681757 456149432 46883296 28860704
804777347 607833635 639330603 177327866
909287581 613746049 141902144 176298368
371981718 865912852 321835515 235145256
100740058 268338029 857859320 685520281
596140579 793965585 919831887 616814890
474519163 768532886 426591675 432174028
736498187 869553803 500695814 83593427
230115695 660996225 468251965 167030641
202664998 742346782 840652284 844129387
652775229 363734120 979222452 335568098
368729901 83709484 101172398 641917686
285967644 552874676 681794 949831208
629153822 776702259 951334701 527642077
57567995 491373097 541901289 373987590
647646864 461615517 581714555 807008131
608436559 492413870 13042275 36611384
508892193 6862472 218223171 78986838
394214752 653768316 815682495 820619198
291473514 182240144 284736422 229378798
318106641 131949998 262283770 827424485
111680109 26368611 230450610 575522912
232707294 754239907 681181096 516705514
775649680 318431679 458485151 77578698
117787313 263791763 387260618 349734235
490056872 308637469 28230744 891846003
299915479 652208883 172729134 305420868
844288115 807409027 681472109 122567502
508802058 48874494 177106896 164336294
619720017 2823878 387326401 750273251
480174776 390449621 499101382 622890644
585432160 740512705 578280549 425247731
850916174 902359852 984077842 724363668
922583003 753831661 896782734 80439790
949495580 474984510 971369062 330474679
611133670 105087433 501026046 301196794
995699055 27076615 736513795 745203544
146316735 616360716 557418813 429869976
552456083 663092045 507836890 892978129
822154840 81186848 359286188 353837630
6716991 777607846 277300019 366810563
462698791 95098533 26010730 453394457
539276266 13643376 345644245 907555284
708993956 322195382 994647512 656184005
758352889 236796010 203072291 651589679
529309587 788385057 577215238 893022531
693621010 508935363 835194452 987841103
484737803 209021604 909290982 581062641
284744196 990225656 530948244 192216930
116212237 441723977 301037511 291435139
120086286 798997546 245386943 44171857
781340485 836527023 679305101 203717448
762864719 639980118 15528840 830153962
219153932 728772206 78574494 59762079
364800951 141961221 78615295 653451797
884818944 546432099 441823782 363608424
581690643 819240546 687688066 11054205
214844468 688039430 857999001 70320940
77796563 327259632 338926526 913912418
173598433 61392896 82940955 853437323
362405318 592684530 827135493 702282693
805747120 833913385 245145003 322417576
466456798 616778232 408760405 305473706
278349666 805470506 578917471 7273726
298548077 912835649 895600403 327666319
478578262 589444171 364224894 345092621
136104068 972550580 92886250 995356125
756233487 73779701 277501609 505664089
101395196 235809957 874613017 763267506
936731780 64159214 373328088 695233101
69024677 182989165 961763193 639650969
976954308 979632681 383960534 86567090
130207930 389772231 525253586 660190595
363817467 949087240 869674183 235357012
936172276 630650811 12921745 919753650
934190492 142244240 243976301 592563184
653883414 912020581 64594441 303739553
628747952 819790021 57020302 63387995
405103279 975355219 359860060 194190994
884111399 208448976 174709547 617276491
441771077 127968197 143177325 781119389
324100075 485779980 909564425 682730520
988779865 637848408 965894394 273293499
82310452 513024565 897615342 232521528
359633873 173636581 553028948 759604318
764676734 8322495 148994460 841898948
528678094 580326554 50327024 831564505
433143813 916226423 339970648 964105026
71683449 744610305 128267860 667027915
773279541 589364966 82493338 684347486
859478199 210836934 453809142 345203287
184909077 166642344 246096401 425974451
698205665 849232230 275754595 685424480
295897608 453581623 869749254 114221804
943043039 621796905 583244045 668399128
281756760 869591231 828783501 529177791
267991292 342973376 122395548 597260129
629110862 626985430 602545671 643976722
949553544 51794891 761289885 904512548
913317864 366048968 364389433 917573826
891742653 718677445 355390502 738633155
250265754 639193615 161452136 248928536
529009472 256427296 136172220 378220924
958433068 528886811 675496607 127172414
425257078 10172531 622298217 363986771
233509243 794024097 494304468 490593255
197425904 253227181 511341630 676071026
923211571 893118975 643019305 636537064
45767063 531289229 108853677 700096349
282989621 607553226 711601259 758661798
860348679 146407930 358003766 664640091
366000138 876134244 786553787 196876266
59483879 131386769 653555648 178954404
18648995 139969292 843094635 391797209
155571987 386748237 476359982 849271821
304720925 507274273 512240745 206951441
243261627 991609136 937541490 494229876
51728787 86795634 463185684 442745068
895664273 720377479 135693309 859256148
732004014 431024538 740208713 335296506
363926819 963888826 450784270 240757245
365892360 925348990 481486831 567239086
201096953 795116603 115166048 119541241
466532499 792717620 846921875 762324743
531115163 611795906 215429374 577439050
468021487 885931102 25048799 809454858
931584258 845152342 297017322 529808066
651168682 272911707 974637247 119722776
622810521 267881467 231125615 392084738
538739442 567468070 681450392 190180100
990593723 29998093 723808641 445756408
448092835 720852016 778236980 74372302
142458713 26659948 409055301 930482167
59681186 827176226 292380725 761105563
688821847 233422027 85686715 331522883
738206564 845747081 242198836 526899687
857341719 63697084 201393437 75363776
275340174 811378553 507986669 533039866
794890585 95334833 516675148 183526072
819407938 212804206 421833251 650603898
440692045 366319779 105579004 643588894
899098870 820915581 946926279 658825138
936739633 774995195 125523110 239031689
410544739 767916781 654046251 563693839
727950393 5031717 89391465 654664784
882516020 616904254 658574355 751719010
749386936 705823932 849922562 395456540
851484019 851234423 804055970 503606829
773073931 375092904 146322340 86787592
287319164 807412767 669950443 805124029
134559452 834682925 282504788 60681110
233367940 330158381 949319610 575552663
593730342 51142849 172263138 847027085
575991704 767251127 131707932 978418661
585808873 143966698 674732299 411402079
615734579 452473943 734871748 556562092
691322711 745109541 332654845 777302077
601663737 867761459 306300843 649489810
953278525 839508016 306998052 27236130
22990796 577732835 292159354 232607886
598246535 677774369 827684378 360725424
40978175 114740955 489373172 762861075
1668538 100874549 736236844 715946487
