2000 273751669441
371683067 942008408 570721625 276435956
517446152 999091392 186836060 487470299
123137247 361448939 711819015 555988746
476579214 643347657 635875553 797651904
765835073 555694111 578952315 897872790
812706181 254576719 11650037 136139536
390917940 782614106 598326329 6256382
551753900 534321992 303065675 99810041
313028397 812041324 736426673 246718963
197861549 933672115 26860093 249746377
548894588 348116711 407111546 780971744
707392619 488029952 257015428 863282008
972777944 39399446 792608781 858217660
768642786 980082492 927416625 521568054
394277969 565052586 726698322 531419573
805349211 219504560 890977060 204463443
216111552 722678596 159710729 224547646
304319787 360547174 745452348 447183548
652862400 344820383 777649551 827516122
86407566 825226835 227459653 223580431
655103288 958148049 846590705 453519598
286194742 114041944 554730166 440903424
648316531 994167536 745208050 23406779
711733278 540620845 202960944 887120147
102876633 394923010 166731599 158444845
748094551 485437402 359152180 96252028
882157064 56463329 459205290 865773434
331349505 776771288 180864536 295090644
831451283 125110637 471309880 424356722
803198270 555167897 377737414 954521329
152618432 564121110 418872948 281284931
144742510 731470520 967373751 434477613
205172206 451035782 23765648 605457387
525897082 699434714 387350554 484878781
25671526 540743542 308477884 548529145
678461826 887842001 198861122 104556833
29789534 810521102 762393262 493000806
974537685 383754493 875741458 581535442
959334846 694316320 793922022 647220202
226313781 424440221 307279941 303294259
170685777 435510928 386818947 671411040
8289320 936362307 794336649 964635440
570933981 824977360 454765487 859293417
574832652 486045799 150932282 451151473
207512820 491817822 301081619 862068109
425101412 832531052 395092289 322668437
731448303 96711885 689541804 468941937
536340862 549240968 689215498 905006761
812303566 370211665 935358548 704238286
78175848 762060620 151978796 308232314
878778799 771437411 24304784 234842321
822325909 754132902 378067966 866156
285746550 345329755 966815830 973430622
572790455 743222272 30612692 719709608
564630885 634470776 436747701 213049457
496762523 53110899 688969689 59141301
781619525 862388931 67937207 155127277
590233053 6484783 251965305 664021436
626795701 608220980 895133701 979047466
58675327 526697293 795306080 884398752
321479854 232248300 513269803 781583893
750564408 576386438 590131667 775810878
229986598 943231091 668336976 227230942
408919510 36433755 884691037 706442584
595566162 76869919 806520319 694493610
42765434 6541511 263331419 34846239
819392156 883217918 238098567 458185307
620465713 920391907 503438773 603858936
118057231 906946852 601983481 752611555
873163756 231100932 56092037 733485807
443527064 121878452 812702165 607978292
783745360 354062743 729926626 788226778
633463536 740640182 214905473 466435536
411809319 584220928 451823395 426077290
568920309 996400384 749364820 234054773
892039568 871071371 27053260 589754124
961518556 851046364 351705588 533328344
317971730 670311408 700639285 805049711
74282227 287875753 830602555 562997289
198056971 244147112 848495714 918757767
928890803 400362694 820191139 862505951
211683130 116472419 282874605 341651342
752843701 908337452 284423995 583383710
261359543 599008306 344685817 508998992
12828349 304483735 969574633 351813931
946416197 931720892 722617028 492693477
827055689 929426976 178923737 58727044
103969865 115323363 502265500 451618816
805110076 294081640 606519531 559713149
810516824 542801525 771036288 858707304
451732928 139603738 20960080 466712863
342507914 238485171 261489478 196208913
457233337 806845253 661749353 444141326
317979376 765915228 876781644 779970416
126155802 801988787 589236167 242839105
228980194 734593084 201955890 606389672
995161823 140609420 632639344 806625829
260977549 169386002 609525995 65907276
735991567 391578780 47150044 539526749
711849314 321889444 48599810 399947796
451588107 982867112 607968084 968782825
214472143 490702840 166616778 804517747
932357446 758874026 820403799 406847867
398915489 159157185 659933679 341916927
572726460 602790289 746673401 914815621
932690182 293830523 86184772 508649236
782171190 894505767 682777635 359723108
449306399 140109442 355725117 436090166
682371009 544467555 142556043 403425980
588446689 903983388 401510291 520659116
89251117 761041061 769503164 264813305
259285067 171496584 519394026 416212004
417053562 714117511 36340335 7167399
44311287 355325659 307145266 364560031
656172507 806432465 408442905 634155056
221814235 185811429 402471550 756489717
52171958 790568440 276635267 902139273
661200492 864775720 225442053 958461462
203099066 151093162 32222072 636194527
98180425 944157264 695111809 584881487
942502686 992302504 432542412 90385786
571224002 655670642 213799069 579516216
224838304 309606814 294612235 383451200
927991241 870603685 852597013 251166122
238782383 435341362 176557848 782177921
400963131 297715615 280428087 648480110
638440476 127030982 16181183 535776321
686939173 430937494 825126151 426332925
807507064 186446847 319231700 843418915
304477785 164010181 198863186 291765109
872245992 687689287 479459764 67249133
170354683 658365109 463360985 77146687
926177163 579334874 747501746 65577550
283389134 763637595 66865879 796756732
28871140 824754830 439302089 61223332
729153574 939535704 101398761 135381618
679440734 917148259 645810629 306536803
907731705 365331735 693857744 977403792
381966892 686617019 615850855 654492285
240902492 856346757 255034003 812289437
246956386 158719737 246399527 978647367
503452385 453184591 941289849 287769849
767121215 876707342 909710544 364657623
296292182 892764615 778301678 596379815
457937408 852577314 364792924 690752477
130382285 185814975 940001570 338989704
383907650 690158896 219373766 949064918
83262209 594170965 96409955 971031590
609877798 170803476 963967131 505824095
554574955 952072366 654432317 76419858
399193281 870752155 817843089 660813217
795836978 739704161 346696629 584934659
688123062 466768203 563991227 129354761
48830159 260857070 620955307 741942602
820193697 185970911 945562059 304448900
244143836 474722602 638649089 129490512
562760542 171797334 448018902 955080288
870532822 250167384 881728748 70877089
163704953 309094933 575931248 500752192
850598834 926646871 122159198 545025634
654119427 226125255 610746995 268486915
429191600 496758878 111420042 874194083
667922564 739097672 690705658 591431022
846385220 215826863 396476374 892892570
164655131 503744225 139158912 713942935
644357393 422840553 390725717 734855541
403155464 923880728 295628205 225794633
126652948 326067667 760201583 187626463
968978385 343272028 316229127 199939768
123084783 644841882 948541811 320445429
598638785 779795944 723007687 373536536
945057228 15427284 378046445 848996178
893245033 567063925 684695653 13244789
328022641 324405824 538887101 407026999
770812501 825726346 554950940 209871712
757624644 983074116 356639807 245928674
589046679 459387677 425824508 715221446
102427089 439308025 232310003 7661820
644160154 785782069 867107787 777052134
640999914 635264708 504612361 212396233
659824237 641507709 181867499 688095452
991246377 472173274 271235365 405720629
382690994 475953917 726975752 529097630
866757081 26619897 560675332 873537804
698735763 153489402 321226639 738024915
924347054 299808943 353664918 891294478
429181307 222989468 109174459 166298652
36206148 78132053 975789043 507500015
520461483 386613447 621521348 889946238
895279536 863098729 947781007 165525537
140442929 430113930 825065643 927287759
824983213 551202511 233771893 742678534
237924332 927973946 714489550 712089518
613206143 501773535 638983538 304906607
482472314 31178750 143727631 655694740
115497287 213088805 96478547 643349228
968034686 491424692 770275059 270201623
703485061 809429563 839135616 324555462
318794276 21253590 10386715 330780979
473347906 373714817 250564619 26575718
903441429 268242687 775375368 688141090
384305342 821083920 618121795 861383989
916266093 553703592 399018277 124215168
691265216 783696046 237431459 831080980
396702016 861188487 539512262 643025422
784306154 690716491 355496189 338710202
143128523 57305 626166716 20671890
870365097 472078538 888976484 342877006
188052288 319746026 202445052 607580629
745880838 205213424 996079936 746986295
655643926 452231972 890386896 769240318
87195494 721730001 119488239 645447080
463632499 199017515 508308608 765868296
430476913 505050017 606470662 755320606
551398869 926450093 342089837 262872307
912349152 52097773 883524439 336043120
618240519 162127198 711162948 62086268
923393568 890302271 848298941 16157858
808160440 643975238 652293488 840099361
891202354 397548780 547263084 178804191
901095793 449905405 25324728 217040261
393937318 142308777 216246730 207665814
601608261 176054533 526931330 532852611
9538089 729935401 133168140 542751123
629127724 183308595 724472857 253720132
493474063 570982861 165201907 697233955
606114977 10681087 435591786 333745649
85592443 121906841 301194557 509130162
714468228 68409440 916423099 36843007
846904721 154984313 503440761 533220525
256267334 321466925 842777000 626532467
127043009 521666725 33601315 240400406
674949398 888156923 954659469 439339143
281557280 874415411 447043273 166809334
532287466 905321703 182604804 234058448
890531467 756359605 802733185 245107737
386493888 627797919 732295374 150703628
790400671 936307668 269171684 240241527
704930105 385748508 160987966 668434459
37979891 134876981 775493391 156443697
484382430 50892706 169957821 162954106
634457005 269738839 494861053 622126108
883545587 393970173 975710307 736252824
884948085 905934026 961715476 423674762
119831248 540171428 56783905 550221657
642476070 612519402 354726784 670227050
585219002 129516439 656877909 22321897
973257661 64071471 86977643 32265611
973070161 279502808 310108909 341997723
924383169 729757634 450425646 8668151
321484494 123910788 4974907 446324928
124259104 218577524 713569083 114085634
418369518 631267098 206309472 891031828
429716385 836819617 23523425 388332756
544217590 793126339 514367574 457690224
107655008 900207312 980256561 790462038
673662276 29462766 39920239 857015545
338387270 636851746 381978881 505457158
78871445 313063508 202136764 990676121
466793124 881518560 444025118 930049763
743720211 151345290 841457710 162246714
443837639 146505483 381751480 91255092
169165860 650523269 53644644 574794390
996289177 677855017 734886435 339837701
506012454 415333054 556737097 793762104
857656628 232940403 399744626 183635287
421694874 714672789 613895366 657503655
332520342 671008285 353149229 310530749
671628553 799632767 936249912 138265754
377905618 38697028 231723748 387946712
118605161 598449062 542488261 278551840
9976890 656377874 553915316 358511223
624244778 554788270 485099213 75092061
616594364 415642718 532061349 593606506
926433421 942260331 79777676 722022741
462298729 817691510 959110355 49786327
702591914 773593445 220959115 398607983
742235460 904104833 191592814 689388262
701695153 103757735 837099241 478538284
548394468 361537846 944439877 660185115
471856963 948395925 589547129 752028616
543558792 79469406 427626074 502705325
199931518 991239284 580740609 93025530
215720807 722985892 393309368 980649549
353880471 394259624 450359795 231699825
127674233 146774647 403947890 891123298
564227666 870538674 429877769 168835242
157744241 415976455 857951761 697898953
493111822 831078308 197555057 85488338
111869603 324702598 860209696 705485380
79253636 862567681 944394358 182790566
753497166 769159532 120986210 245565580
851773132 709251517 63113595 204722204
443836868 729391930 404082747 998448519
910324233 233456730 352858303 560370509
335232921 836717046 756914591 267600764
670138426 357460290 33185961 977330549
300439829 152340486 366649064 141889778
306007453 948139699 151871001 59866091
847950157 417025048 875464580 402771944
134310497 723269208 662312711 914645359
178302115 521172364 131553511 740615778
968924541 950614295 210308021 39242984
131892875 851614544 309396912 134279341
457784861 804155663 59227017 747212479
173282705 374393283 209796513 377409882
64741783 376050638 970037920 370070662
367962947 893041927 352476788 426585364
747222938 692881840 802142131 25343650
656202112 793105861 765126126 491427074
712817541 16685778 227497560 623881124
789286572 34624650 728820414 887072649
246847845 322781821 137576398 108826296
214090688 396677136 215122391 183998336
358968850 989044935 995959884 446781479
871271563 745487764 571779729 209362595
600670651 136360479 347412298 68160541
949897512 226546423 904239649 296668810
873669644 54092472 335761157 957968426
631145968 449337522 212375830 698031264
452875513 828069656 695948010 246332674
885980114 796305068 714346097 543728763
43904047 903171956 14929449 309528990
604945463 96106913 777067870 235164042
306242498 48294655 693596909 647276520
819979067 910468827 365899181 443450794
864265336 402711620 943304510 590743459
462351776 13418935 519141787 40695565
428280928 991813779 639995815 815926832
911822017 989400775 375259527 913666169
923027823 57230900 242163544 489709044
186512663 230399719 166172716 737993134
243904971 93064719 698267674 242716226
868237625 362012064 984882830 833478363
212743077 708161074 373939416 377857777
97922527 431712659 764245119 988114660
240104270 640387881 860576669 268817478
512658738 465014201 614587712 601986460
119830127 373068946 539547516 568015437
843651336 623740356 939800842 265369921
33882401 782302599 863702333 247139330
660515819 457208570 190408024 722680054
611320748 806720524 370835521 467394554
942801717 526169762 961938092 670069178
769426883 634113308 710829101 998790842
60457485 102567802 870960001 774664778
338292930 952702823 955955371 865151818
885465539 719220226 91362036 652355597
205255632 932656928 544388403 943688426
877723294 809846672 441045118 987448531
780879477 613042597 308870388 881497195
50420481 246260488 863612800 970254511
96546338 55759618 338618288 116230030
598612684 168567345 556206116 416846397
548915820 66846840 220523767 37252045
976169011 413995922 235221316 608744383
46651945 410876159 651741120 848278513
362499645 28244106 668618716 550692115
355688894 917540247 443118630 762538933
698937827 88020613 619175904 576919504
177910273 455578693 483055281 689798975
435533558 968960661 956591751 439144090
109371272 233924601 168268061 467099723
714499082 645000430 547501266 50112125
471852433 899574313 762173003 447906303
112068388 290796493 614683240 414158961
207021516 987431745 113047630 478449872
175043707 384473246 637911063 404238629
165723479 257911239 609457442 972087344
299236052 763208320 654907869 936286729
652997709 696242605 268138443 365552225
638666396 438683606 215996350 938925166
389089169 118793883 382349701 566416466
970990324 407916358 423459996 525473293
456289638 664346394 10507935 633413039
814161842 593107014 739946100 260279630
457383651 68856346 439848325 796327728
248797174 747937750 277293072 662134035
821889461 442559672 442219660 937988809
630790703 826865263 938583349 432493817
621191958 396818310 377964139 894782164
10657412 314385636 63793143 909372685
541108441 628814391 46717087 726200979
410076238 904671795 578516624 90489970
642819445 762680671 489364329 427233904
564340210 659105182 866411344 604260358
184735204 49222548 617836716 852118775
657453942 712320886 964012288 989837987
122150903 403956187 869705058 374422756
330258248 433984685 249817188 140325097
396948826 462324509 676060801 364653029
164970825 891073908 889818906 291831561
464375695 41032727 901466451 345029476
344873557 306680150 255076506 540858591
796293083 862492537 553932462 201406013
474672976 104004310 793857464 823875840
144478722 525570980 411802058 867757313
412030269 501703673 961033726 354346504
533660584 956910843 443193833 628394748
111724228 199053062 966677117 278921094
5204092 317101013 926570484 819278683
271992891 793491721 740272583 769676319
138492956 84833939 677098961 800277339
236584146 582781572 565075471 245320210
627544159 645235270 351825301 875975833
240943033 615774451 881232494 998996200
686913654 811788672 302120278 279977652
579371150 808626623 880535119 544052837
538546378 740746488 538445114 493514936
202624006 371901588 742978372 637564249
357244006 676462987 63079224 706897043
153274785 495158142 936445175 378022697
791787985 207381913 499258107 765800836
207728246 733778319 126725395 724547903
495787102 134804305 639229585 266039001
681724069 381468283 564660756 954487386
804775333 985938602 605549795 358630625
202700212 597044757 124162752 917664216
13788915 264578565 336023202 90999981
360876325 583262341 839611366 212006194
93461053 285370995 229092272 49612954
687798140 347516144 402384604 785288414
163383091 356734917 874187514 96369466
571517360 934436971 234892698 442128066
791712502 459914593 899585054 160598963
137329018 609580709 894516669 902719796
398783030 611192078 207570117 347443270
14245231 300110813 269083321 882547282
245968673 485691272 73524098 101969307
149842265 624434817 872920784 884643249
222074575 345691822 55363170 603158225
520992830 330358562 563530536 645145053
451226805 427000773 141388263 405765130
430103968 600341800 412215150 844567446
822461077 665743519 103881254 179301392
871693658 980843454 783821147 184875896
342203447 696228028 686314458 778480223
235943040 535040985 785095456 410503207
38101865 278244536 910187880 84883432
926758549 426159414 506409805 716274977
82332694 22891438 96325932 147212628
538131289 764466933 541314705 185261808
706755327 812932323 575690159 842581762
997128294 225108989 861991368 574263259
796239511 943258264 633745173 374409836
876684872 597003637 446136664 876269448
644385348 339158837 414126374 499006653
381714790 293583131 637536687 439215889
9177895 821197166 108799260 484635478
357584127 873067323 327127822 358066607
834053312 37484564 962005563 294186739
55885810 461952634 12347693 432721932
776937423 646461314 325089668 229713405
776743985 885836446 429554333 124066452
732903023 226482886 327390063 827454823
745428817 143589473 307581785 207327928
944708096 427050664 514346001 969795578
872945189 356634493 443660567 234735164
189664122 285396229 283890301 747474585
907265159 966113690 542849652 134069416
448400067 804036138 201816025 571229283
49835672 681881263 175399886 177201905
617696250 602361613 426074157 682844502
78910771 712936836 438399033 7788624
903174201 530088398 337538961 407346326
665362823 679865473 909721701 707405073
905896511 520636276 48723448 251450836
996339521 238025001 261300671 698432817
857023934 459549964 580923259 710808108
950255027 127875817 856198902 105484246
103949171 801655407 293803348 630836500
887665542 761927190 425638513 578819709
846668533 808487073 325086972 439053614
729171076 374657501 391955609 377649148
796814983 11582057 439010958 774974168
362809401 241602487 268087683 652353756
183085263 798397668 180139134 319599748
488077509 537845938 597359344 644107374
965538931 366714343 628931500 433691126
921914668 684108105 88911281 58972553
237382886 467317784 103592353 219142524
7476378 289931117 159521992 722094889
458498569 739425394 917998439 723518579
334225363 946186033 71422735 745827151
105690140 236959031 787050529 72988174
598028178 830407230 485543457 745219137
609389725 605334167 854330095 431891630
577029711 440143726 542517940 667830512
526515937 707476018 369083319 308779134
81384736 757267943 871651698 299180734
96937670 946759592 941772583 289649924
495573068 253195582 521865112 486073056
245861091 294977638 239231580 441264063
521827667 862407324 370613193 537723701
610696356 99087895 456068415 48174555
421926781 586577415 697365689 991543326
82625142 570345182 468642373 220689781
949304433 334777551 622275121 324683027
60294216 683923948 117615663 577365477
802428542 373116961 151998554 457672712
662438698 469351957 340596745 116092988
157953105 176084965 324542088 500399095
949190967 527910714 762219583 278620990
30509387 899148664 999913255 177189924
441481690 640829406 428367259 850087894
768677550 973174244 281197693 674698655
261255063 22573098 860813573 718189374
624028624 563944136 343220970 275487633
56171751 889572865 174516885 519198278
29876824 300624130 245030180 18046236
85544156 279176515 49400654 410236967
108052825 184541999 477587541 957490000
798673710 354755369 702586194 886184409
507984755 832205384 123495922 227847239
792962115 584503719 296673142 100343406
369437310 497899666 891147049 471103450
627447603 44431072 145861489 234362146
710401375 771761912 993107484 278362301
994246022 81951479 680596460 990271908
921112673 274183633 864908108 66030233
46462463 22030295 847693948 832544145
693524845 84325469 292887302 314147664
146333024 854320841 754152525 10050582
623336272 958124158 317682841 382136813
412220846 546915872 647420174 543208593
628996236 273714178 378530036 454138521
923457644 666219121 241779867 226678106
378077409 692246674 47821738 884825172
729087402 767741029 256843203 402464899
582241132 590540911 391166678 137986400
21262638 310453798 569013676 730850087
712466064 359593432 12914997 907504881
612822287 796748158 428549565 323791918
644613273 711224968 334759836 551308163
331436443 762181396 574889446 576089002
161772344 469978771 905695460 612072666
57095108 112374467 712735913 152053039
312604690 280699548 683671224 70353830
399588147 567738371 63587037 820741610
612531497 655345405 453470070 291819674
996057640 729513710 316514712 588373771
317611638 509802472 665185332 982286092
496604279 738039128 400036157 129413565
768232633 777286508 350200353 222887365
870138663 904282561 868956598 184174953
94629458 785612419 930200821 716406694
362673369 312957470 693589206 547555232
313336155 562964260 375252949 675291974
582302783 44947833 333058787 612279942
248495619 289308440 222761704 431626934
304856656 963603842 315191394 150427750
257242759 868180759 818428407 486721017
624785136 671035651 954654318 869044950
868618778 389157456 761467356 718691586
154947321 501189364 278515276 14549565
298218680 287489109 137268205 189549821
310270938 596898416 136259254 966499933
989935702 451035372 934902943 11130606
116194754 905918628 848303391 525510904
216894316 437291892 570166195 220575355
250885106 557624156 912337891 271379100
969540885 757549837 365384430 761662451
178758321 73997190 721610723 19377516
776963316 469073185 215835032 26061386
935267281 188714710 542827512 45633297
817010947 978162128 74557785 680135095
421359786 96120071 716508238 922405814
832598314 605097766 977286985 285363024
692849117 585102417 535506671 87185327
864384598 674300189 787006065 37492371
486344171 967632802 214504086 569140798
779087432 593473981 940088201 406820153
793707900 896183328 652679710 571656853
725807802 169689554 997900093 753679784
356357925 71114788 837483160 332492801
368411448 101817788 637924855 921523039
255841709 240613952 788506206 789800850
576521106 563093743 580225291 239123941
625223040 992757088 513336381 442060848
279340079 147313619 727886800 743279321
16698780 833214298 90081955 310952502
704035362 172121208 86952364 804377140
386987600 472034862 522608177 293942455
784143871 377643591 669397623 352464036
172894920 986895781 484495611 893558465
361503765 929144105 174132695 357444436
669369043 474429578 900692863 966248175
472270759 698112988 421939778 222265488
292793862 625953658 389474518 457647905
798061029 898601675 637523377 987869560
343076157 105674166 635583561 754423858
383917725 372232781 130839803 419926411
522008958 607307185 332814748 686632813
210999235 944054385 693186202 150518496
373072508 838886791 440706312 924111696
291401744 82411040 998647982 786095176
833999413 533471958 706188270 90307153
744593879 65285570 589784157 588245718
379737861 844728634 634479566 735799915
820761252 444651665 487074454 686172626
662912232 140242538 572832854 699345082
277040808 479087859 553526834 249911186
250046382 204238308 311923761 439006891
69855967 752815205 609973276 869495146
635381700 820999031 525409859 549940530
435729633 235499483 367884213 148400412
935381373 141958770 886292654 595343051
332728887 239875777 453994547 408642484
142211039 625522551 210630309 870660449
957322757 487591556 746832999 498643943
89880346 231046194 166700316 494202845
425743157 550058812 127785155 858577500
401293073 704186425 365280036 415553497
817140613 363762505 82836243 72387329
997477487 902654691 4128221 246558962
542962247 50839776 809533754 684748192
484074918 182440975 828390527 496713759
689973053 944921494 592920468 501336242
576099151 824229844 631586563 901446329
595878654 141483582 706040746 640399286
687874321 274222687 506050 689693424
860942191 442593500 792771033 11095564
538615002 570983943 310264637 492954821
138599695 948483279 75155013 239155354
737707314 51578250 19991846 851143353
235809655 467531267 966433359 39203039
602129765 576738590 826588298 870015504
567952765 96047549 984946177 426095375
632932037 810493554 221264446 21821887
346211157 776704825 67100274 104366778
218237171 575693354 28754491 497052132
721867031 268224492 499390781 685533691
205361981 243490090 760454466 892115104
489008491 644402794 558985118 23589590
769974335 929015220 939155471 102312675
299793557 973007195 763405767 870736369
150669150 418122253 622086229 713978793
76815463 237643140 252119916 45323502
446056842 199841071 114885411 960325428
535917991 899820974 73410883 110538137
727301132 832729424 164322574 56999821
38328196 247376478 21947667 929413090
781099960 380396002 432514420 956765457
19983592 765499821 145869660 785464229
255185353 321156373 395342777 957758523
930122356 150195994 732031467 644032308
173929614 281624745 228487706 273948294
187246662 856812387 492716816 245701601
506086704 140118555 755141117 390328661
150195650 562421264 773529875 855345482
315180737 364137861 904605386 149116614
960329467 856101748 758821663 156450064
294169704 367661642 740368406 143694172
305766316 642793329 453582305 737587298
402647864 666486607 848796371 337865904
346177002 633631558 920944522 40534323
200022862 501874843 410598122 482468364
159771301 438571848 674435741 944069880
367001966 77422141 174362391 177517280
492968425 555397810 468260569 503896841
763764544 54107044 264722346 394026370
751387915 615918048 970218968 71383344
389694203 804061275 385610462 569611750
921089929 497950269 791656704 391531014
232503665 361302911 874248956 117525333
407182844 355707071 72087837 49363828
247709212 272178271 396845074 484892000
312305206 628283874 681803744 875953086
972890705 517177451 675983733 857040700
337241151 327121956 262759830 358917908
394041286 991295925 289894329 390188196
565217722 824192633 735395088 558992168
700563934 282719836 518291408 724619770
873683839 847629553 3221865 675617770
153732148 686676955 53231188 874927274
889253780 238778361 55425962 956904833
836698864 564929499 179288571 969341919
394599577 902770976 567970868 126009451
977375695 848618823 933352290 877091399
959924279 679401687 79496268 983241195
571309499 905213031 144465628 166097675
994536565 993672918 808039738 47404625
708409312 324197572 822219240 543945251
438775149 567240040 687761098 972046948
34011155 733395244 461214686 19811102
484172998 111480833 430395565 595323922
369435305 43996470 997768986 759293540
358802543 850191384 923300773 588660208
538226761 276536173 707662442 357988561
333121647 156432713 823013432 847628508
410918069 734733542 837452832 305479228
352174522 62374321 802357804 730264256
98530463 485463824 870811952 233223733
921898269 430265715 940273454 428841383
78053083 356710323 838827920 903967910
381022274 497652209 955675732 869151455
524886189 739114366 796929694 11534058
778745908 122518509 30172178 441170828
961301187 872824909 560868683 351277069
306148561 816450946 254467167 452976270
864195424 209722176 24433054 915568636
981755240 896818816 684679247 552725599
709163594 302613031 688045742 671893962
703992310 757919412 914350430 709484781
616395592 825063803 380890087 522504172
944098213 885504491 427866163 931524131
858142481 586410183 188847399 904773318
779598133 426496155 48850412 956643850
178715483 980985078 67597147 920309527
28766361 625102397 473584834 313736328
43710401 898124154 367090985 404156361
877800776 435324503 261449691 152621804
328227059 583583609 708816864 950997160
198445595 918576931 960823669 558078689
902395858 147406169 879194918 601564603
31099483 542572415 97287608 694849270
796469833 977657414 150457801 34479139
152634910 337347785 818547271 962457004
971529753 471066465 531487179 234209997
874415144 430508719 500027458 343597653
241633248 978682749 253415788 983750237
744936783 869960627 941998974 198610701
644511293 401856344 378170183 136525171
106405044 386604144 989185717 622175376
968917214 407269418 185617881 864666362
512689073 955558488 363389473 581723901
461511042 519229079 819136792 502044319
306492571 999799814 368211123 439203993
462984947 865051217 776570034 576530256
95853356 163565980 603594724 899434335
816509220 985718443 939957391 746020995
295621011 100394448 500398699 913282032
997447961 572250049 592430936 418094122
594642783 110221376 785792464 820943263
853609549 395665035 792831375 206528701
579445815 815613357 613488624 915594410
586211727 307066055 198195098 951244029
294639125 94361404 620529993 627332681
815965315 567701851 460968091 953866357
610191769 168822622 753575472 108178781
630335422 858762114 731401452 347152276
366744278 647871050 573674750 263001866
294176668 295730984 551374491 210029464
400064126 76002442 639087592 573390936
279582917 777874810 630850275 483936357
162128254 370174419 560935426 380349470
226990311 130144773 756831292 988522310
149207311 26121850 823222983 156319354
13306663 789909432 397596991 816110388
465815409 550723753 649500458 113079068
532903500 486771755 653633093 838549511
936501722 99063391 196917236 685235116
205178152 597564338 90947465 795622302
210582227 123635511 299617667 581702637
949085748 86114173 448295778 569977955
702618181 445496376 716186371 961613838
127073557 399411309 773308664 327722253
811683061 716422010 486426596 184772401
557838483 734086205 833462843 546285786
553713686 769091244 504360519 79201733
738444616 158911702 69265028 802414664
400951391 743810797 939245017 975140921
215144302 138479565 378761189 989640978
399230711 973732431 681782436 305441565
428198704 821893049 521931016 137499353
986190291 55014662 502648079 609045836
388965203 454876622 784053136 555592694
883604118 754881054 72761506 31356133
10691584 693943120 987224264 408175326
96413358 857302365 285021059 506082077
694774062 881102534 754411172 147282474
954254458 735155083 84379400 296729688
471507957 715842132 933013435 724410216
698103439 581928200 542616139 408825573
848407590 447438264 230906317 40690203
929097340 84770082 660245841 85425845
925821324 612527913 447621655 877140430
263947173 377764286 163499665 801228965
699868021 474594697 413019092 687270287
935990242 891859351 165058207 230483407
382145506 776181387 26144121 960481921
398834873 749929087 521599754 9752692
829340387 771548838 747569942 635306067
942569344 313799016 422620565 56237087
698861537 337935111 541033535 520934793
344871206 323956820 568593875 819171953
27886728 720374461 307129107 918945971
240785048 767987265 455193754 585743830
775951310 451320017 128530791 652415258
578021222 342095400 32384775 280053869
592219144 207924427 467367127 44105399
335826772 568294987 701246354 895748532
231455385 171522924 879656523 653397740
598142560 352249273 45088798 728058613
466525820 946467985 184341385 919110804
317673353 742247559 727775608 787722272
990158776 489991030 363843831 271873023
107975999 628877643 58016075 945280291
448866536 739026432 639319387 947362315
993011537 452325434 154491137 976325441
507982557 165957541 758419760 511177969
255390238 636119086 604966008 355952185
735756307 841491139 949044569 176239555
170485415 167723786 950325977 548741463
195855757 829631510 875679173 224740983
343643407 897274097 116271107 867103785
650662264 873596214 860624800 157690429
381339739 175328076 237628837 855141307
410786497 802630108 41027889 475355975
374717458 209949762 709511228 25624340
785966147 628719997 83236304 462399377
117575879 77016710 986956346 544477858
99056235 628531862 470523307 601288214
541433660 554291916 229095226 199573054
834008429 40055803 93297854 5048001
955892209 779857333 390924478 917417686
948631141 213428980 931292975 752675904
811711245 389320973 191455528 166373747
161101129 837765048 841280015 154419144
297353599 942571572 742539052 483975578
31922808 201183523 28574664 551877266
958593114 250171189 715953808 513954844
874698108 797250456 984448948 402919079
50768098 92477102 706307353 669959307
443061894 946694012 703494896 947651269
29262853 525052498 477890771 310932659
757580906 286768130 889533402 493980021
517487532 387004072 334600644 832076543
966751920 253153906 606459692 420591800
733770970 978249839 991157571 901912939
589039268 12573106 348758008 905176528
843152064 880103856 2935296 404458946
873208365 261780340 987868710 777459119
574585888 979622179 113712332 394826136
672084051 509061546 532174472 543955203
68248609 600266374 168980387 633376678
740641331 761007864 223579781 218094983
876974598 116822397 358621986 722179194
997597134 742821790 887149111 782246024
133995941 83038607 254827800 875018305
994857569 536979470 635343091 488317655
590540744 276116668 690648986 714578004
949651453 887447700 293902824 400828838
538561022 458384407 575469986 561646600
961111839 589347252 688456374 487091944
848153618 812581885 876597140 435017170
822421908 470960180 219056539 635248278
977967303 922214216 461244434 416256404
949922988 920332790 160615140 128110677
248192746 854564569 951193443 906904859
847350619 336678570 356773723 319715423
995513331 940686163 141837224 35498575
499955207 151875289 45136546 960270504
647185768 833559613 431558248 977705383
612754968 600970117 47053036 314161651
88237171 436108269 432416805 942916434
30408007 597839840 130484071 42766190
283677897 425632377 579766873 580939995
882862943 578818764 30432545 189634391
335272059 777052115 748849344 887488860
341719613 86931952 405449576 698662645
754635549 593184244 988548491 97178378
311810500 778153724 109597569 847600249
840219712 57358603 679764241 756563288
850205154 440733484 456505967 496326493
892744757 818296892 276462965 678172272
717333016 324182634 840995838 923405642
132579850 151507518 943851428 594978792
832044987 832580062 73804550 430751258
431850653 802417169 776903014 864955961
299510406 945525649 992212125 498029318
774698308 719706801 546310825 538365302
890310881 289033887 150373365 23344527
230547519 971996298 346332848 961876327
878562737 87795346 426258926 734844211
381221281 241946515 216469939 504275406
269744542 520617435 102421317 835229791
858868543 24775418 579019293 354825207
359519863 156294963 413461099 986504664
235166514 760141733 293755589 107036610
844444016 957204522 394275318 374104517
829713857 108929503 533003894 663078191
84131803 823234792 701423335 227936901
731440079 598703983 898721103 516267965
430411987 369239633 704548649 26980832
159323104 963754467 562788734 237366065
503409329 470092575 647905074 826836302
879559180 238903252 867379500 913111532
29840788 231562719 789728637 910087562
973050627 985930515 387838354 553816739
846843060 747436770 741680097 802266925
830658731 80256342 269844176 124386053
967475394 115022452 541360268 338401306
217850346 266800507 946576815 251518940
459598725 224553543 225760452 96548075
363616488 511688945 382653090 127843417
63058815 165846770 697033005 460028546
393329907 588749503 501685764 868409516
140943340 726351797 474062698 318561330
42441115 157693977 371594075 674023177
516691167 817906478 191421786 504355821
882703495 550405475 710832437 381998839
860298310 256149392 702044648 702214773
762848888 525667426 54505174 863007543
568750752 390112446 619416808 820868289
841194510 501533484 926632346 429531940
180301643 102389146 448742731 446065199
345645514 305884700 830532457 35891317
981055202 323871289 580509477 733154631
753197675 614684422 988184686 826611093
516903176 391407753 15382145 68495725
636317965 182009437 691849239 668592150
984056671 405294994 83268843 372851235
467363958 368572135 984878240 704881848
634545793 219355029 681641821 244504038
706881383 76877521 24054180 687740032
484596896 671998230 780220057 202483239
622388393 505544795 44180311 631205023
22249767 497243125 266473812 868420215
202383247 673275055 722587799 198919537
671768176 632635823 205600966 213096337
242560316 872796396 644943504 601259199
789693922 727671786 103779734 124306047
803114699 456774699 933308155 334756231
720700376 195293458 468004336 318269484
69969441 404419166 820103054 384463864
491897418 479633399 849077504 788406225
861640270 959504732 849518320 588694252
770488796 883950938 463628950 716576562
689892178 958122934 947266827 383993819
989780487 526650265 338444192 753998796
521071233 874838895 940374518 824090211
192813948 451096688 795170182 188681045
122328258 497475474 278352285 593802959
553707578 774243375 617430177 455637792
614500512 71498317 19559843 394091918
4030810 629984564 595323185 92604235
877098112 853014019 150387705 514299478
89950526 769254432 295228608 766407209
929790318 444564402 661870835 756037305
877699819 160682713 325661731 844164640
220663954 930147944 77213746 53526242
627854261 450698140 565390859 77738524
698348159 737349428 309049239 96040797
740941572 754977660 702526430 405583627
77732391 88259771 870685585 987893000
961226606 204050651 978349463 137023848
236220282 59602798 372530086 730474249
37689089 152304722 754778679 549162417
804607269 272016474 68280464 190190482
404311213 300412409 81388024 518781198
748275692 225518622 803576951 876881863
302395268 905297143 371010583 418121407
107662710 16589314 484662909 935242728
827440294 520943203 174463387 197272248
709755023 897806843 102882739 215498079
160122021 1203611 564670413 565653796
798398343 31081858 51662182 85243165
657666765 69220373 30165033 735758347
490555285 592066793 865324426 201919321
78660741 77990258 310737614 552329551
936033664 182326353 68685042 35473232
814074904 594055815 833790638 87848170
467223724 610567562 716768851 855771299
611736972 335597309 209017285 181705838
37970604 957596803 893101041 687074498
555295747 505551597 835895554 766909646
518104506 235920151 602849711 201272572
790265469 850329861 89931942 167660653
155995553 140358879 426236990 470890083
388487021 922493243 41442174 97650319
360550085 773428781 208550935 358329963
127395768 456028513 153461211 67535825
839577267 171831616 6505176 983808584
131938149 667914254 113881632 913966019
57841549 591313519 173835502 834540079
408647027 99005395 429522890 244692762
137152044 581798904 78242692 875676572
825855777 935641460 147707950 449736232
56773494 771520141 188258154 228876180
703250267 998985176 720994120 587255516
858239706 961830633 315041295 700959281
547990187 392163999 865908631 34930322
654491357 274466360 524174452 704531012
631832762 411051580 929427506 459128339
394242442 425940390 769865816 57026537
198318916 517728579 407717249 31455526
814331712 259296055 685264878 958133371
588325484 184930150 352021675 871979923
702221894 964656761 138281105 127050116
608070100 182521602 814502337 676312847
779482589 574761761 625304661 877441996
72711369 645457358 670117185 483562036
826270156 777860995 153109798 102244146
151848160 974822820 262257551 609562692
439843854 905588093 721792175 931907848
866354052 256960037 24065245 871668809
349472125 979641249 584779533 46848031
771154927 277057380 569633964 945396932
407293992 107186542 21276788 815190882
539557793 510317496 332513967 928264302
665252903 977594903 279718370 736353142
697948151 106695656 143226315 852615380
823100601 289951450 289987120 417862114
334396828 627561961 259469464 608403889
419924080 842791293 52778846 770026470
374730434 166327232 777180085 195090431
349066514 938887501 994647505 701115471
922072182 643492292 788647957 58307164
318851951 766212421 956823179 141274044
177268221 984538694 40985055 112259376
386546562 487983413 331284244 302158211
888994399 768140927 480259683 350252555
291891518 941345189 943779460 441473993
522759002 213560980 170489589 62414273
852505968 824486915 382719262 115701715
12540693 928498257 840971554 948151122
519700288 668772944 865921576 57797428
691969425 864292129 844460415 344546998
991015939 633193933 427780533 636619058
34017214 239367846 814914687 185516052
512169274 613135148 782028526 649200660
825797577 879790430 455275440 753173218
867099190 618040372 615715837 408880589
951050662 346330684 618191194 449054301
313514907 509370900 936783699 251203264
920714172 762616312 3664999 633726685
736184439 238434196 463261784 107810687
532123485 487715614 183088117 293797769
346138008 865717515 208911544 523098030
580912400 866042720 332516309 525259692
883140182 775519694 109004855 858623708
268082192 331945406 646370984 756134054
101360541 648758722 494473856 820967541
476399139 487863197 173133602 345086455
730481000 6628399 310870976 608506785
488228491 470024815 256001323 371962117
915819224 315834089 227528600 847867272
591339834 513304182 791775934 997836051
636289538 911657413 240156310 694460808
530390011 463812203 268204419 749788193
68278147 634239377 286830262 157465692
385214087 863576759 513364321 985705349
859470223 703045746 632744394 395562839
926081382 257433734 847696216 768776761
112579614 779351814 524659231 61777245
252505774 187330515 780984588 928867177
270112565 72058201 632950943 844961259
242491405 662027126 573919335 529544218
276102967 156276142 467021900 756493633
82686851 456806025 942443602 653021249
188096815 5070038 654109119 347821238
505613341 393088626 345277459 862455473
57276526 305077107 425091782 225516029
335004794 128628831 172546312 62943436
432197527 501009705 871905318 327382920
808827503 616012791 569709358 228338530
457097970 333061931 653982398 324082347
303097369 771445318 893973835 786589715
535785139 704383183 569563278 861327474
882872539 795884607 751857986 313300805
249319053 106554390 726643238 481770201
373532816 350848217 407211380 55679208
264216253 850936278 52660761 709958813
383248427 764256199 68404459 957700784
371943966 193800458 875360872 173007921
852293018 723798174 28645266 382219199
968335307 561697545 991171358 423279023
410156873 454229745 298553936 778945760
283958184 681600192 582349996 444636077
756925935 773715459 72264217 391188084
592865403 415139705 491804655 927483801
616403200 784489835 483732299 340276982
212208519 372452208 37491349 821388765
508336551 447649154 383542577 467983583
521312190 917547003 342923102 752249998
841544522 931057347 2217893 581378785
561354151 589669067 468983791 159810439
17988437 363998119 487298931 959744618
990708689 336531381 233887458 972294839
833260006 22667489 341386156 707599914
99541713 748603621 632376913 86444611
411223571 192945693 40387446 890803679
296809157 28148149 737360632 596839373
641360445 755604096 339125901 827129872
416969562 90331897 942766516 728640893
498296634 917587635 131895617 970527086
677329561 4555419 63748309 479025232
477035834 11482569 947603360 142888375
71275804 177556266 868022500 48968324
205162986 261461150 691748670 85741264
447634707 556317358 651038971 441784678
875915866 452907869 690940211 855390767
362065369 169109333 534491891 813817227
545415173 426593102 201628844 940009990
577940954 924240677 271554084 628577542
811497015 481112716 410091603 546867282
553098579 730375945 691833483 24712654
672567057 697910583 702508595 370704486
521864252 787162487 486712913 915867493
459640355 326073808 40572282 981203486
213980689 465452316 565378556 130426429
758601894 823721042 390682374 125178310
766594004 946371607 883835185 801104237
659008753 510454908 76489152 45892165
912984432 829368128 851890836 312270948
42999416 199083790 81815089 174706512
918706608 806040247 643420048 604850892
790389162 467839747 135649916 45231167
753757802 37220366 118142744 839541149
537222453 297419755 627513215 815203801
253171085 526560767 627545273 236138205
448114769 566791616 797905115 492837452
200605364 34486435 449937978 755144073
191501210 48640340 431303282 353597494
240309847 895739634 522338107 214006124
42287994 947490307 989871232 380868008
971629615 539621389 466219566 100416127
81808093 276753662 804890932 120349901
214145630 255333649 65613795 301274076
102896298 672183245 222362149 76922551
838051006 353979787 785495478 437381931
279537363 126969544 671047801 87981360
657633495 840365051 33149208 857573427
529758889 464110596 29731918 60908501
302010929 92365442 156022667 455934929
492189499 387491611 333250093 105272879
946909532 705721461 796650806 497261307
896366507 489024937 922003060 809663990
233093424 641896025 75255362 407923480
431180582 327703703 992594958 274768551
13674359 465390152 63006766 11789407
237397539 22426617 40266379 598608683
805789833 926267458 796340189 87032521
249430721 868360984 995035683 568757690
408931458 864968481 181137974 818311008
117675204 522994933 225493064 504693114
7881273 260159999 938692635 457423882
469814662 146697579 531549067 426958621
662255704 729695173 637394674 779574154
871392029 651510585 582496921 808989943
840563016 19094840 458481924 211900468
108895224 741647854 206598199 755298116
384492381 213218067 704375597 847477580
87868988 673645807 852828542 710229317
221129575 461387633 769570320 368376313
876693729 920324729 397036957 740520046
708048876 507884797 65032821 969145777
884038305 484888581 841375532 333252183
370417346 702874706 131947821 646387246
834522538 883943236 453762971 633193730
998532445 58963224 297391831 258290557
996860508 883042037 162512862 189226771
620870190 356955709 818717984 653889990
610888701 109625360 684278141 857560950
558738091 707721415 104649827 865970468
822143918 880647325 160016436 874460587
626949270 668178615 584952628 782869682
322143335 700274970 394446943 348528620
110504152 862410416 867189363 845877686
855794384 151759195 173737482 93889510
950728092 51792938 23393032 153377024
211009258 859980557 101913189 56782281
515755574 534375825 593490534 796015165
840166608 131180189 771755928 480838157
257557165 235328759 727600627 34975972
308477478 734078318 201721202 929112750
145595515 389730310 115196472 360197829
679162994 554420414 437208994 952008047
979580088 721264714 750728225 732231268
647268497 44868413 839071448 360513914
43147696 602002460 509599751 338284895
972414303 779377780 132216798 839992393
300167777 827504837 13116887 621849147
773767112 631814769 634323926 650428210
507107917 248024026 779882624 367579576
556745108 636550366 594305723 705242435
936321650 272260432 874937043 928221276
461055539 177750587 723564055 788017464
375884969 587103976 663312516 991786596
810787460 158716837 474063044 984254616
914656423 827279896 801840482 510308121
840236057 689273538 240172961 903188917
126390570 118676855 14629370 159007060
489517691 515011965 683731328 817660855
428535247 433948171 612901571 913261152
448255176 309985909 844549243 672818098
659230496 702923138 829171385 491010500
161769004 320435638 866475545 210494589
777532617 271943302 967871494 996537674
416292897 706033837 993088011 511776537
242746422 243514895 651619757 352453840
669296769 246992196 384236223 465436480
660983663 650053443 711257909 584640297
53844370 991484249 86563835 618615046
515766097 920999351 513693950 734707662
962415410 509471883 177204650 172220194
239190382 884963037 965938628 483467783
296156164 579757288 615289958 190907458
138645796 376329308 999992705 164370398
584051837 252650271 825820089 21239489
929096598 143772951 142321568 988943121
635695330 999340826 111070466 934250634
923470093 469555376 195707299 450772120
297460787 932162877 29769855 91957854
384442449 371912141 959698830 492948262
736263402 167645634 692926177 276506357
761412710 360259398 269377973 128096709
61256551 712593841 880864329 381444152
185098095 821366631 178214264 695133400
623006411 94934277 426641200 688378719
356523447 933993885 727094884 312691410
586382650 793161005 462901510 83047252
818656001 999881442 173387569 418850197
212926933 156734960 594980016 232393938
866777250 285501523 265689567 430173368
637354632 982460207 469322696 690178140
574081603 773085316 360183838 233638271
992135485 681557211 923681598 675063553
403110055 493329895 393138184 637506869
728795401 101723579 33561458 350277816
126248768 784040658 965467003 693824398
385319861 581921514 176898671 254852231
889157809 466971398 423432435 432983934
836781853 120993854 68465965 507012765
483380158 174912632 118202260 682950049
276582042 773053624 639756035 475355288
328540228 715057186 339620313 71670713
109004248 180500343 211679431 981381202
246924890 89117561 747565604 824155917
177889718 626838408 759999662 832919682
149726478 136079329 806741278 438086466
128299492 618030306 865534625 954816024
850136600 845523550 261481952 199220265
782946254 685355370 232855465 153065601
464053858 861652839 775057171 996968789
190784147 580500008 96256804 435732388
327052722 341253427 537179427 220953739
442704208 987017599 919166590 493143677
324944208 607664871 250831097 88120528
466422765 706114174 139684836 949910988
36980322 436101664 589831740 658043852
480990402 402011542 765800584 503126176
9311680 479470397 723257882 64157600
854179139 988790283 335567587 918422491
502500730 517808658 956938434 618636657
925338575 400894638 158606710 669792912
561900187 559916797 197501342 836321378
401860753 543153510 570467550 988287278
897381096 75282051 952692907 841137081
522389726 690697484 311285718 965638047
443442985 922636273 839155191 786586148
499075858 231748535 723962200 725663166
648742914 450950931 342358886 443011109
153969856 623911279 208336386 772696980
670335785 386950553 115618891 371830042
856795237 562529287 770988662 916331193
599154739 333363123 188774535 859739029
620645493 392744337 985751332 908108132
114247430 781332949 405506908 605123016
536473585 753161048 907320083 561659401
11625729 820438590 291666343 794060499
820843164 180978781 15016944 771072476
527344948 478907129 265698368 231150815
460044711 404592811 79936663 181188606
619087160 621773501 919080643 246075805
462602106 354987870 307655923 618692802
843187524 848129311 611343293 539751568
274826525 714782022 840861318 228555633
765413752 772032208 179571246 721910926
424378198 665463984 963813780 221596636
94429057 80376646 789547001 473957369
553061717 299563770 532504056 842755868
919771725 576221668 887561764 677508060
759509810 205647886 533373360 474977998
97464841 860332893 834041509 72677803
298483569 2905388 208923518 596586733
24455774 612252822 123957442 679917114
436778673 160974759 916211404 403456425
850082152 559710843 857945866 307816417
53578245 196960708 520550508 494422234
249237634 896958602 279000119 297077084
771239206 321299880 6182902 734613056
960983848 971784361 831822867 511390806
248129409 856711193 420338554 816944314
166137156 320767289 242486114 702298165
64804572 783024951 921001764 176715553
106480804 975238652 62290025 911641033
264352272 961489819 199688200 339386046
238571521 183702889 666489734 197273602
998210296 238190745 438224305 169512803
745577856 922977541 790254430 644251339
196740068 324622009 612416832 91933474
539919476 520611815 84067494 710069159
344041146 843489408 585249121 586925723
511291653 50500798 164359448 429993081
491433494 261475995 868833021 830407786
267286796 988935048 241564341 672165690
379154326 519812301 36067512 309032999
202712005 262818164 646351107 658583402
129618761 92601023 851781968 723469864
90174015 357378899 98314305 856387947
744851571 813387573 707735762 776983038
125304697 855300324 591851189 515433928
111456536 291124259 132341971 47062276
718207287 119215845 290891810 508268425
812515815 402580288 977916878 392117677
119825714 134007219 255227937 598780189
181711569 629921800 118443507 697589274
118274583 865173465 46002996 740912039
507101471 701378306 676212017 784311325
633907939 843334329 253733420 945482341
183328886 867581685 403660246 90407596
556310004 21690150 553603271 548274658
838491786 122429935 627339517 146539580
393517410 548191679 122996561 636843629
843131933 270447394 243903633 567534712
823902749 176721635 434596666 795790963
403756212 730438498 505639982 47405114
303344900 887089080 583319057 115587001
957276524 894756998 707694198 712933417
880147881 589547537 945804558 172164521
751672469 292202762 975298396 727379086
885919193 875871123 465950624 784448026
101819403 668008894 188649758 47338588
706048400 358926325 832482108 50902165
99334550 972106818 920552651 935751057
961766729 510122457 187498047 311015562
517913403 53090156 490375098 133253273
571189131 114024817 92981619 120353878
538090378 481063868 488761874 179768410
81661282 408295008 898766744 606858306
653656882 648868168 304653674 363244812
662258052 447665726 271146354 381772669
24983321 342017416 522657586 494045874
850067416 733290574 693249296 842942368
972238960 334632573 731494399 77670770
502013332 618138631 984046336 30469668
158542759 662695607 141680393 124475205
780441542 727968115 320787848 250130658
318346174 334787615 68972940 44457522
484711097 849530656 961785529 194813670
671958561 873538854 639623523 14201914
916019516 917872481 565949847 696144744
195521995 861481984 886561340 596767629
150766682 528628403 51721916 697448043
174764192 849560303 739315017 9945252
313092094 299570822 445623231 182787930
357970518 480641529 544206063 575839677
528644805 120406642 568383228 228589941
235296211 661113425 673575138 247941742
40695803 424497095 114662454 373098761
204273603 867015943 665642581 96914629
618390042 128010543 495797923 396606101
408225939 345459726 475086510 643215425
425103083 924233187 288994650 531845854
850702231 167766608 204255017 110625342
294702696 210440535 847463487 369048350
934591037 924101357 159212438 574842638
434685073 205909444 879292686 38288492
171775728 340783216 687015339 995966059
224253254 621464956 596090969 444392194
814047938 944724296 4665312 977705475
779131963 712604998 907230315 207817035
45398524 521467489 71478353 699221775
990374448 198818958 982433114 253952780
236646114 988946791 313098745 288986103
422041459 390715463 364774182 507261529
925138722 456292151 813599850 966724118
58596583 774215191 694555409 952439673
137848487 547761040 636417070 159157242
56777022 732453396 727076049 47902487
624738812 251861578 312291734 580763005
930152434 570354643 413573524 354149626
834376547 319267257 573576577 896904705
943598910 130949566 119745083 765523251
74466169 109371249 869741576 576212574
839413721 529870536 571995810 741510668
449310312 955450595 414681739 742545398
422734 860694711 683087216 707331249
296909113 663914171 29895734 826936956
183870935 603746594 527299578 437542113
626863067 439663159 195976977 2102457
812378418 946710348 728034832 491472670
500509024 359333004 196693946 453168984
859324467 497736415 426413165 392204600
87716854 720913461 629095276 927668654
919105374 196487894 423456534 127637482
925100894 472606816 613312785 449690896
398004890 914925635 462292819 123286462
611767094 832627033 2135229 580048969
74844390 444664239 521628966 176340838
549029055 466087585 621159438 405703338
203648456 478418447 597783643 661945760
508747893 869067760 202654186 275713750
6761452 817515750 16337596 803624786
327684458 832991367 510878551 949190280
571677393 174813577 231835325 140897371
319328933 828032186 308336805 153723966
474123552 188511535 597910812 201031768
203505072 584193407 445695465 507736525
480805026 178372304 426840423 464264026
729640313 179178470 485174027 643026501
520025104 841573855 777537077 212241033
358183286 158468400 369662107 964890962
973496190 111370717 598061878 336783086
542543903 15387679 537524202 991452218
39208965 984532774 100059659 405797823
288092251 258650423 494769249 163937143
816096858 570453507 59577422 394086967
468075135 732797251 856859956 99464665
609889065 714253500 626700727 590798745
803496762 944398762 450335804 344102393
382130699 38813598 162157113 384335147
594310669 342529039 473634346 734823689
224668459 787205867 887751645 830048515
885572648 217306786 733037699 441568601
766011512 452475546 835342441 266598526
57119015 137869394 691711887 495131106
500447127 774049432 893271652 682091873
587537021 143401717 677076761 78547872
566045011 510051450 663851804 269564434
208458709 704811408 539967348 414159707
425571797 840059591 569122038 664302331
67885065 900633619 923745805 428795995
824180544 540349838 501477141 302379745
479792801 861769703 384293246 117405451
392999786 249131170 97143125 482761619
848816514 760831292 573750237 926235072
343227039 950278139 693296838 608386398
247957604 293315056 959354387 819261177
823908695 839374208 596351547 67400857
811310323 568127030 522398929 653035567
14334409 639098707 241856560 954358709
364153383 714271782 753264001 769268838
788869396 548278434 790173969 605518743
113024637 146268725 240375102 614292326
454518954 195363061 528689963 790221411
357395951 436817809 964976596 944308247
786537543 553771431 217345428 189778360
468955267 866535607 904402847 798022103
59046932 475829539 742235380 749742545
843431675 695395942 323757815 555304635
927817169 822289233 468135360 540609676
374830939 656119681 623702690 805756916
226673075 344672780 427647257 236016740
81693252 367444948 598205758 917081095
472661278 811329255 266656631 304775714
187421418 240610539 370640692 300416591
423633179 385438401 538620569 114795909
830203127 122117424 429117434 929666375
583181357 582128039 847060149 998592421
5894504 975732764 496983554 100037033
754760816 653043782 972670109 633403799
829062425 646261433 987359778 325443848
54560809 294740413 988747905 790662456
849657424 894003909 599638682 682911903
325978728 634720970 878136035 634349211
395518911 399560507 253410676 331396296
439344509 593628994 425465764 730705104
706070885 327795166 391253576 359244220
58313532 210593600 545879361 311629699
625603510 695380856 704711932 12334900
780412342 67901779 824058937 188547671
801513801 297167736 278198822 563446359
556433180 861645545 620947232 872060097
707335248 323349086 928629703 231831939
226118236 208970429 702288645 129205437
846011482 886413264 23311592 394072168
863356375 309210131 125737292 514412103
27757161 524606926 664101993 978661298
363837584 7674869 225361745 434979359
208351062 225328792 174702585 802853173
627059940 867193447 333095911 65328793
730233571 962689632 489001192 768705287
565813127 907941443 1089069 837923915
830461429 563074332 906418232 216399670
831981009 47723841 132682419 618098033
619145106 383490834 113236824 484383978
67300185 1812505 472581616 715623528
777392679 940517708 727273893 10815701
20157196 102064432 179354997 7298507
176974540 993817156 317151200 626996322
599829244 470226988 899457685 297446738
880184143 864414190 768399065 761561420
554033255 444087105 275770053 952210710
754472998 602555242 583076381 714059379
136913029 744682711 246166498 674784159
935188894 468600248 282373753 441595599
931919893 160026354 607906093 805894634
121408429 498908058 310648501 686902034
348335897 198652275 125000535 200537250
806756860 134243334 977056578 33582526
543241771 671528938 443496055 406301392
801172947 247875258 39827589 800716541
496005777 318708979 762217123 306349101
882208106 165057627 312959998 642319625
5925556 55765744 682691224 59788261
640007907 314338904 997454868 58394583
675531449 232466071 834528572 654711022
838861035 695325820 444496277 415679749
852953469 722297145 822249533 853232014
491039190 686533041 847161264 298927003
821609238 72011322 651143974 380635858
903772026 407611063 684860449 595153032
483242972 936903175 871001734 571641493
752149916 23159475 445286925 585897019
919347965 689693520 135939614 330615355
60207071 630026966 655094153 272404791
501883256 412548546 235723507 953118986
595572462 215829934 45787291 212296143
979961620 479851884 535378083 244815994
613579807 50336210 28474848 7937228
961900257 266542425 446803267 471580861
659325547 10162424 77455332 565692336
778433546 757346994 85683351 944671135
317347326 530735676 549049400 690027826
576108085 785405801 526020432 736298071
961573485 576003086 250949696 896784320
404155561 29577748 461738436 727792669
519520992 855324855 334634665 123039775
389780680 462553722 970959096 143100577
525827460 604106856 956643760 585850585
453918133 697206980 989879734 249148832
698036651 120095714 943827127 16745252
612919961 18893318 236124452 37563761
517120354 905053601 232401019 270022859
338771399 901354786 920169955 556554378
764749225 438076284 73209472 256345266
225524290 873410803 409102860 625987200
19911858 949024423 206417742 944966397
687641011 502373301 190873640 158795178
133579802 684307834 702812833 622123125
540086623 946181201 275764803 843369463
865350277 334955656 724571062 782083124
916500971 406800786 589223147 249572649
345102726 546066666 825670696 835747675
393066740 947581216 882710412 535948911
708706528 192532299 762489180 649000466
637443865 635958937 115416550 983202909
408113757 657755121 184702962 585690152
769864017 167090803 793846826 381492883
114611247 445000639 695333248 147846329
353404445 833056244 613210848 60280957
21023109 855344634 45257516 263517128
867400536 894232457 451269189 331028788
206935520 909556395 928069371 528103716
763419107 685224019 373629127 241410310
707158353 312916027 994345281 5690563
578725149 28691053 343442729 565097090
462172017 818727108 650512953 10593334
110572394 882052851 447713064 428196616
141350921 127090818 781318076 109317127
422836814 383101296 314277307 657466403
860353180 324633052 969254387 171212525
808403583 278240206 26894312 825097785
984565127 428600175 902417884 161568655
290777866 171732619 350510110 128922419
135510046 873968162 184580967 516959616
114914446 590814733 738436430 524240151
465324351 659446136 942223949 260700459
309141594 69611951 32753009 617042073
87481249 490984028 286555698 609699378
747738409 967195123 823338126 341404140
148108599 222288035 165446889 361535613
496681354 536108548 338558588 683104760
960133755 813027126 456616409 991380927
266266165 748994399 744592212 912879793
353863106 702119464 65325336 58556962
263717318 72689070 90706350 943436554
463605884 50044127 511782230 554792948
63593810 51096209 912346004 995405132
88331800 5679957 172405614 692766380
335374463 343488851 127419402 549067026
798382523 8245682 748036515 101915464
554667433 674470266 421580435 109742792
395411914 887556401 763385645 315542343
846076744 618632544 131906766 288916217
649581707 644710592 460720321 619245634
171454879 979388455 798759384 618789406
573718052 294867410 69222486 301672854
280100520 234864152 31904595 77563679
879416634 537151245 995482779 955191005
402656755 180718282 287683518 395920861
186945147 717350642 741965662 492250933
92097914 361024722 849665570 953815823
65117871 819379774 937024577 942627914
498436416 911093358 389135635 360454521
145890112 356979616 810817381 625067047
423315446 724193205 416367714 729341062
302515354 855371160 93374663 666023901
764791714 56129710 630971978 285254979
79147058 535431692 867088487 402742051
792946297 810268606 984094783 292161168
527605422 662556830 940183606 731345108
364454080 501266709 541877162 7250448
724893118 528170557 968910500 107572882
550854564 310660977 657019079 58190282
675909590 382244132 733724394 204352494
766411947 447709977 545411945 38270579
758240521 918318908 60470564 499398684
694196868 734942588 214375202 895620018
629876679 875090117 832460310 523858312
100147637 961334298 963697671 656941021
618638190 498970124 640141908 385573403
368946618 511973661 955577006 242273301
625338660 367671250 943843842 176225203
828283582 419195757 993486105 668418171
668219895 480706378 697533381 196096528
183073478 342358664 471700665 407948541
810483046 723549277 340419467 678977657
26907492 608457085 252925542 364713483
17492604 967166387 225964683 849784635
848987182 103581614 776164340 476845168
272780293 54092552 659009453 631023006
41375935 421780254 263409075 168042627
662604497 204195175 451609403 704400287
180435036 180406344 541890905 345738365
312180944 656718683 997487302 42832016
167619334 604946865 637306821 972109501
874028554 884127154 34470025 253099312
336153111 840487963 968731485 768093132
756933482 873153241 524385429 544368861
359889428 258354296 345667717 339290268
350006672 297544002 816078185 784277429
156198968 182536881 606589436 218631999
361412734 289903601 636575990 251528812
998435594 305044152 104046574 215195014
725374748 6969398 933836365 718992003
671173813 163234731 103953828 666169865
425492623 109470456 48739785 965086864
416739202 936186540 422447064 804049951
185806531 50654862 835061617 704863698
879723861 255301356 284468521 287504105
552279306 784521070 615668554 894625905
778529462 93007481 253130520 636441
321523575 706787320 988689814 395825364
541413391 713420041 783256772 629411562
631105654 251158661 345231021 5349113
118655984 691484689 904965538 218869230
707313587 261057249 129740703 230153457
704341317 224431587 149433647 488402317
756531310 510685687 746899885 870608113
948214794 486386341 994271912 609687126
874358283 973018118 613824345 911447704
190539071 536556345 233760524 126354785
557320739 482734881 275138995 796304705
404232375 546037487 547977861 804272772
945147364 730678315 916028849 631963244
538816861 703310037 246875019 95474846
142670390 239453994 116074681 348232262
883480134 626185167 85986906 656404452
658170616 156453410 876362949 4177087
251005935 360251068 896993074 651109295
405661528 135038082 395137723 253367307
160510384 262823237 288180424 925543589
700779922 633858711 165837026 405792055
863371714 43144720 139574727 410335096
561663022 596529721 174980590 133399276
782090703 718653538 606918830 369208571
667944941 593262022 851550219 248561349
104398832 192688741 721708602 350870239
637369325 520020437 11254845 981235200
802400157 901565047 84492101 88335789
362418494 384455073 707995375 512200496
103608916 55641965 188247066 872178545
344093340 261535232 447678578 520392938
440515149 699210257 766891751 32393896
671137919 493068235 702927450 595981059
779256879 384700872 145430328 15109677
141586241 815441667 187536391 782896862
61637101 552992596 813126695 989060897
394165343 436357975 677820013 717799630
505638853 444246675 819755898 506165064
129536272 377050003 998362422 896790058
240286449 243537670 473670790 138555477
585687833 383887143 338983160 928110093
271634745 775229941 335791080 490201708
783961444 842536473 5679523 287824924
746928261 727591900 569840094 241803207
3582257 377347232 267289911 637036105
782852817 430943414 758874973 297700648
256319385 277222777 42168183 597675766
129343933 162465870 449331610 766444511
926765078 879690434 731631769 190701405
531372627 63185229 658985536 18101590
676808162 820021506 577328472 197885367
278045686 859779171 942547812 631039498
754712990 536134788 367002455 959421671
448629478 834592024 251505853 536730400
849858720 45585197 429674497 240502955
398179412 355028011 87888608 740026164
360608797 716777610 207913659 825694871
467836389 202071121 984208095 514492634
142767862 718740363 557054861 5455168
395161492 990609546 416119209 164883116
285286712 542648483 593323157 778158032
111277154 995753466 811892163 346452145
167178951 691849484 82205112 294819125
818909706 198045483 737180090 688245554
975643846 683078448 79774876 943279699
214313166 181468021 708108350 220432075
599797063 952194004 159958386 352460430
171857316 115613824 735917991 309590855
823211633 909213136 5453521 720128241
246076496 841258122 432765539 608834905
287046392 552698948 974449099 125813733
355826551 348131157 287855097 581396827
884058167 698792130 374392570 128158113
229626329 698208249 932069644 55573021
67873421 89593301 883012815 264259795
89978831 319736819 137222795 609718667
344069642 480716945 669748846 13754049
727582000 655546036 394786261 702785813
346818916 334015013 304403669 826546638
828743126 980214979 782661135 241086213
442605760 719813047 883051404 630372955
434996338 702836226 619382398 680879401
345618150 828115958 114181522 570041951
250006818 355157119 101426823 612734073
832087681 333835170 227341594 73331091
185416243 410443120 230916296 519258038
895973526 368569904 994221681 384034440
464644657 145881383 725610001 436403040
172011209 188797854 809639369 540366968
565304742 835399436 205822452 381206433
876535219 625295741 288702689 294675296
483481962 25014808 799141549 163159697
674722210 148974245 263972034 872454074
340437452 944752521 508303616 539504634
656012189 65180993 368888889 513605042
379361608 570640661 873104058 808144290
178168259 758552572 722843204 48498448
48903140 588648098 818672469 202939763
330812439 52479994 61790601 808040998
30384504 180268654 384464241 132495304
286818112 680334331 822509286 793147151
802490031 246106686 472095457 988397505
528566683 928524412 629853620 941092497
34625928 746224656 490237190 909339599
44237871 654208370 257489456 770785201
424457997 320726722 138471845 520264895
565582157 550937785 357341611 625994952
685212872 123956164 66107668 31044315
585048698 478104349 101727456 471667339
460308493 475790147 561191549 224729515
43423788 149543134 656034307 349637840
344196287 448709253 841841708 767853073
263077278 828218418 893987424 334050153
362194442 68829153 917380112 438307831
565692833 551915254 504722508 613341027
95337474 487949518 186164039 811957072
352777542 742786867 702334865 888060968
705188758 613930485 789914520 736206761
921840946 237432993 420779423 235820286
706139710 141601678 275939311 705053652
316569697 437341515 131249721 46327985
316601884 974503819 396719009 607893195
988719383 154666894 400404760 691907253
98877253 142007332 567063741 644566282
182015652 544831287 596433150 343131653
913807648 880312993 212622056 957294542
319833520 913439133 598694387 471160885
915908385 901401106 461124232 956216709
952876890 325000134 315123690 701416375
166511871 52757759 379558452 479864707
658938838 79058855 956034240 735624314
505125879 298345569 24392567 279935501
491538936 555895769 734531820 773843460
530407123 66683966 800927006 90452380
387746008 90346687 729651495 924590850
48846505 607534736 738050992 904011715
71746430 746991158 206473119 773751139
227452818 763333117 238656640 944722680
87741259 12314933 430440582 748833165
713997975 997549308 515854013 838436413
46034798 851128348 612350913 422703110
158169996 556425854 363533969 147563751
856308823 907860006 480692185 508957060
757534212 181287789 625810105 603142977
646905721 414050376 70494650 676773833
685417221 931490483 566935323 900567998
842027937 344824433 998374728 124145290
397532842 705378197 789151580 206095227
430158245 758602244 849394164 773449674
932266962 239453894 586273714 160212096
39288903 389622307 168249692 205562834
960849093 724028985 667670125 56125885
959454177 695230174 318825890 922463829
204492077 996863140 439589156 172537800
503624887 22156397 463937482 257735899
483461167 489530713 678503313 619273744
963809832 797790336 878792660 818973354
983493101 579934993 810093334 437141766
828671468 945464814 138428757 624340872
847015664 238329921 656202796 902620050
819264208 749315043 674093320 826029210
429552980 304032202 327328919 152080793
4282941 341242807 8559310 423277047
556682217 797045426 134908618 487810592
662321246 619712679 925546493 931738192
895766965 680665854 495274410 141478774
926539312 572966923 927723794 827357208
17562937 604745282 290410521 727346341
787411617 685285195 974714965 715040694
150724080 640578443 917939604 882938748
384801885 737592404 321763158 109625026
434860643 821849877 49487755 244916223
671425543 693890912 174308763 29989080
99425416 213592095 670887886 993887550
195114032 761885288 621756423 21887651
815645839 146375256 168546600 524637029
725263527 914792830 97477853 411162025
616532965 708562479 309247385 268215624
602531474 907639410 938148074 525541588
41307373 704950580 759525779 54948009
115703780 710213259 146447231 462140884
597157140 852231777 925193759 530675216
727295139 325321048 349090485 760474482
353801797 97337978 397974426 515158733
725454512 496182624 848830607 167723769
533907626 383460811 97882667 787292282
341858572 417475497 981810550 813015808
208521347 221753450 74954022 857789300
822320621 44043946 987686815 811498743
577358168 609292990 439055431 483931839
918285294 312246638 434026361 231557493
32956931 300681527 709885684 474979847
504509038 461833614 600933477 806747874
351168323 488692075 772549204 58863263
756125731 39978998 888444834 73945055
25922829 302446121 898273670 743035100
624340841 67265811 192021664 84722266
444181192 934757815 393359830 772925836
520512928 103324633 558950219 605935010
551809107 688508198 888579642 503650873
149815359 214881467 842442226 553194029
845000781 23849749 256051001 947121984
316926823 126502533 359535150 921400931
987842544 650371066 165540598 81350563
321776046 560654393 381592127 376340067
2555800 432834617 716870618 560991018
32639561 71961883 571017646 730399790
994234862 165255833 645618613 621837774
638195968 127009354 289021918 372954676
20597584 324777079 347011732 949584755
982147622 58918524 458082151 61518773
943894733 291986647 234226868 551199901
970516217 248986059 309600282 863838461
416553543 905356919 15630765 880731008
729529202 684380546 924310539 929303211
816922320 475940114 641998660 137794211
73463538 221741961 943253950 418374586
796407396 359989396 668822007 136106627
864554072 24474137 21747672 541063268
737563071 263424968 234975741 388808485
909775075 304622876 599051909 916236379
199083999 914919966 449173353 174455782
142387604 55945093 288461663 321894895
750649927 937411365 138992724 151874735
728123733 294905936 124709181 625706911
725001731 265854156 268055256 398129113
823597642 368892074 934565694 107708028
214043127 933127904 728301126 38586694
650652908 471173997 731434105 645847656
205421793 924308893 891244812 5157042
848827748 789381270 621629319 265099999
919652181 879254595 900577938 926244908
44180437 778568906 681712199 736640225
894637591 441321226 648491518 942100161
107244193 561558861 220138313 47092994
442970359 407035862 5763079 491136719
984295997 570537955 843645039 265707732
410674522 982237058 3561504 959578289
183537943 773766388 211754631 822956476
892287568 246984871 677387406 947697777
127929112 508475453 785899344 801080070
146508391 878404193 697657199 404333026
406827317 90026612 836003022 685319375
132422750 500399867 705454763 846298194
964596815 790612233 171397250 592428798
249376704 706477762 773815881 578133215
723564129 178304408 252375122 619091584
608311827 517389045 647030543 671169062
546883777 473352741 818646897 81177029
477580781 644143862 675466047 689661981
688437576 190762870 171859840 154389189
684471695 583823657 894904346 6626407
507824181 231317671 36705650 496275245
558045644 876195523 221422240 782767290
90963384 215614606 446812233 341430470
389491462 562159667 27848369 776974662
468057984 851487622 941727147 387003326
253422466 510407454 102346885 958444926
492239741 602830478 904342002 564289138
887952644 698040588 209356618 252708367
148947539 168192651 220494177 4149061
695511660 279627228 757094898 387997334
250274246 739688826 541132145 595163792
568900396 514342826 279173784 404195464
666168360 924116639 433040940 86613494
920156199 7528346 668566716 247209766
158366997 689859306 980043756 648516586
467715113 626141314 438715570 131989328
550998883 720317802 11514155 832283644
710374874 226714160 504407993 263732267
20816587 907168455 55382113 705542083
487547334 159106646 84567941 518177466
383816324 972757710 125354469 138997912
986167764 176394532 868323578 471162446
815775666 651292873 969560133 636238330
89747506 4038756 302723344 66972464
854910678 204715557 65723686 188127437
446349020 612320432 786365197 364517766
486756635 984939475 882525899 426394628
770181706 762014520 783491329 192708987
536520876 674649319 150901583 896886610
471285302 198445334 989524389 484234418
358568736 261186750 924971143 72760766
183984398 798080962 782407097 485074742
502170181 117905187 6353376 634324443
912713914 279133606 835482736 478245834
587484466 748602085 504609744 652590615
972004115 485550019 344892593 244008862
18511282 290543951 318336609 478567386
449103907 417378875 703443432 120222689
740195819 543026987 252419691 498662771
222045907 234940987 556285826 2608994
266280764 795405675 455674035 759064069
679579176 812023474 149458725 638041729
563187424 434745618 519436008 988431946
523507011 57207545 112813105 734677312
966445220 270151329 794427224 164898892
125294052 860270998 785134041 102830524
403939041 752116621 967782449 936547041
280430478 615284578 422050123 751751553
384667084 347120115 410063018 783583741
820246071 250522344 968491062 50519830
364932750 961182838 502011938 6507335
606049715 644193687 890353214 790073947
537248285 571386200 219493326 648641691
751231734 518662876 62766581 306770366
849078850 333282251 373754542 576533656
262717055 545389950 992490887 703621939
457370029 842411659 743396953 122870544
363409871 304219930 929385568 705884302
657769930 829816181 397355036 710330791
770108212 827554381 623948393 12561339
923525461 180941292 130349280 334635202
27504154 907354509 254624528 720900172
237099310 592449488 435134899 210633538
480477986 552893023 136451662 764817356
107137687 66272912 629247312 134140360
827398838 592624856 6010143 698096332
297965201 794713984 189482170 555127969
898027782 222306329 477464460 546777753
63303839 685681008 228679471 534808602
96646751 811675422 625690442 706942237
301411062 342773615 513202025 581728994
878961795 701877698 587521166 58507356
467424527 612801939 461207010 759598822
449333604 395332551 825173459 661838437
227488263 448454206 586997517 588771464
282051671 392965159 193463341 358029674
510996200 772892408 282545515 130367743
66839198 706567171 265343963 150454127
944959785 669512840 510031933 264619384
586626223 920644129 927663870 447823920
903469724 291946965 443217963 476567652
958896057 67202554 111652397 779877601
609387427 242370553 711383030 37405149
577404340 84460429 708305973 292902055
629454791 475366735 48460937 134928006
321715863 91110085 291528852 833472949
483556321 780741422 503854048 570518092
552737066 288878803 502722660 747230623
309921282 68820856 924679789 349364486
954761282 316244470 232486732 507370641
852617443 715031389 356574489 272713679
894311106 708603989 233468187 218838925
459728086 480495475 29819509 69820510
491436587 276124754 77790012 165182587
650575190 723380268 897005715 210141457
194532433 380700757 36083429 120912022
757452957 451994723 621265194 716144684
294574152 49067903 212071540 42855133
375405530 76947765 938092107 223528846
746313098 458988708 393761763 173270740
180529909 131344753 104728562 697660781
887965646 480995966 300094051 185223628
230566162 877221299 428987270 194675454
113715026 766779811 848483650 121548626
327199588 306117926 154867745 254283829
170858216 55861600 842126116 762236324
841547533 74142509 152171825 836509513
675305367 692496983 238788011 536527640
509262102 26175114 879436418 475290502
640311981 26841620 869239626 526855227
764198748 881541896 423902707 814383896
373976397 679556739 302123107 820403406
