2000 36488592961
184112084 629603808 310752825 638122707
947511575 918558095 815371001 637273653
902803021 51371959 703916944 14219812
472125821 974960090 539877151 322170761
825760180 447001767 703960157 330440538
952918352 739236554 184370120 506914369
59281307 595267022 106581083 233039760
879435277 729917698 954318898 320504076
757966718 674048232 596302597 710330151
716727792 976400016 224175527 367673547
380318325 100075239 146022567 466213517
496336913 129103826 227983719 363760102
868494365 763882975 22698913 220903679
654604681 639433665 46768268 902657778
312798227 239182261 62001810 33858606
514736091 721917222 523207260 534106613
499137109 831683989 439220087 823460940
658394024 701527487 649020858 847668271
1023359 853794613 793696093 720363554
741508222 673679929 418993905 312834717
365215460 776949809 798590387 734474075
647195800 319396395 534412623 154195791
213869974 948842269 71697669 735777418
534103016 516914836 100701530 306346289
596065139 371205884 654165091 523896760
858777343 975756308 572301645 560545
923304842 961203308 464574941 391242392
202144004 218147125 970660796 335483039
657478123 227401669 646383476 895197290
371118937 591000173 74185021 917375615
645568296 599626710 933397275 940973211
8299114 550961972 858059028 583957470
219490288 264444553 358920685 270097779
751384561 627805566 891188203 247405027
100337122 773753382 685971028 457634797
806899696 816876202 68652133 985307462
694823001 211984371 690024093 420533972
378626233 631108881 61290828 793111184
760590738 56296219 689449162 291757890
959978718 711632509 756264532 844627700
395215533 879048153 397879549 616766403
687505512 894929572 153649793 916801746
402366107 552989903 559247689 599555655
719151160 441119190 415420412 43283288
149627558 711955169 515794207 852469026
238536305 268525045 446591805 875158709
441133440 389502433 318550257 78914041
953699090 247764429 153780801 694650137
344422448 98417675 967266450 527974590
139399350 335758925 951147282 890026773
500544717 451196927 855960097 194968919
279063115 756693818 247250443 299791972
29669093 821107168 289579756 29753168
993847129 287212300 973498779 116692077
798795054 401958102 573956168 56440607
284679940 681516062 242683123 483412539
161624201 320109037 96566254 641483336
27973812 601455896 523181877 540198636
321955449 787337742 359298652 623445657
343682337 525288662 450817705 720546636
739695907 890414665 393145486 447693606
5848591 416890358 27806976 660627764
351216470 222803735 13363338 327281356
948306658 768390542 743961786 904916912
625018236 318663162 24554752 566992259
510232111 562861418 251728845 781542045
803265678 282095394 237365154 941066610
725102259 580013128 412570948 887509723
932341316 342084641 893363563 125096559
164478385 319010433 568429477 888216075
353966120 507808901 92539981 876742762
861057115 611763138 717353394 569677822
734454378 968926024 262107435 780318201
321559385 13563158 829992954 684536536
429092082 636578182 234113563 900008556
590720795 100075573 179446691 979470806
348314714 21794917 225024542 23129985
768005900 498929133 693276860 170776305
148095727 131304737 740547963 536667368
968156925 986149855 104460734 534586299
264525836 101441415 554810596 283982414
536538346 625815523 410430085 165320579
932577698 339441472 795424168 16120923
546652523 599707593 144992470 531817470
194960292 266964087 520637631 898908526
574125021 441530170 161754471 134691274
159407680 532486954 590775243 884486207
279793417 212201910 812720485 178281503
837883083 276821030 911306276 248805288
738124349 189611148 831769277 531379228
902965826 790253671 340783087 63979806
829459171 476894621 303412408 32520058
834463954 699939032 332795037 455218593
698946389 718011615 44003392 644352621
325484820 330119886 425362967 296682602
751326550 591366647 959261098 963445923
633064764 546085236 459480926 441607180
90242203 710945361 886978949 857261017
538937649 154384250 642030793 190117099
536277764 716458410 47585072 403134631
655548630 484519481 470916437 403794022
8183837 355845914 287369604 719014953
395740818 298526767 917579818 118480838
162676004 422462089 681200918 859193499
521379426 455730448 923155960 223100777
474162258 894825714 725829808 190071238
716630265 379678523 1629000 887826669
172264245 962199925 931030526 39309273
409019046 511828807 919924066 359659271
833526536 268413265 576847559 571063227
495046340 872465438 34834787 999331889
14634457 235765546 68396609 769113630
689017550 287725330 99533485 338703209
108175632 278544929 659929723 197769873
718155053 581319838 146101193 747495811
22654825 809058471 969627985 896411830
731623588 131409060 822600425 717635413
613587594 664278690 916563084 515754846
731245661 533191798 754324217 612286566
360046759 77104436 759793683 962620671
628756341 428314056 864299050 931913414
164754895 656327155 57296018 14764783
284258428 254578352 714960132 605211093
426783897 207281839 606453748 999402812
998790201 111315711 955813972 899507170
68999230 950436285 670475648 486819335
647370595 78353540 32428229 390017901
669491494 51295500 775835007 607041851
612192473 742323181 495661616 554726795
448544519 438484487 941247936 688165068
10283986 323858713 3010588 27016825
902762085 936233664 387536306 888180629
156821451 993090089 149233975 229309511
528923135 528617752 932487713 682516014
961946889 898965947 726809734 630322313
229940949 389115064 938266236 700747163
487524793 378900641 770893924 212964067
206616693 698774650 671039966 68580750
957085233 97585858 934026734 781702562
764552125 747714930 321688112 970227985
973382109 181668724 208189342 582555192
708205804 912101125 73831085 500763272
16608281 926426923 343405246 949664173
787043761 275157371 654624365 551179246
920343316 998863170 21865425 930146047
594983206 788793025 757232939 915498892
552469850 245983034 686019328 805903538
890799491 757457979 80826966 12736528
449638360 979024263 327199582 375963891
567434503 143038693 716787760 288275050
616737084 945698913 471359197 26948316
802617966 465716655 163842352 852061632
876441215 939447938 500217470 921120863
251733801 565030844 9335497 360700989
519970398 699664853 813011703 16213997
488661060 147515055 204783760 600327195
122048929 361812024 579221383 811153156
830014484 751499817 683334175 683605656
547664524 182811866 156566765 435506979
548816509 369948728 889750275 751584748
890941316 978046720 977847233 223416920
945641696 921787505 122636952 411579032
975498979 319336912 176893255 986312519
143307005 291930883 574935537 148190921
869208752 220527669 511803967 95523374
582920267 238063215 852538857 117713059
312328614 617930844 372532904 616047269
650348058 650017718 847168138 306528234
524879707 360579309 566070291 87153244
960549338 656936752 608226569 882057264
79405929 751069873 545543798 672378078
632837294 901928877 811814334 824695161
412093919 658065341 806337479 35623545
202100847 106111331 834551614 60467093
892234415 992210401 719558079 43623774
869949814 715954714 14403679 376768763
9080824 47854022 513916001 113863366
741586722 923474172 684849898 295082645
195727126 818897400 757344241 200763929
162909783 692555749 383452615 549687973
94732504 38532792 832748296 918819822
112811696 133517633 203220402 398325776
7170927 572242027 299000915 419144567
385572106 576139458 417712340 538653176
33014869 268290284 495044648 816493885
959533142 180865250 576810461 158122078
591088160 347183317 149269937 194775125
222481356 187982709 127174835 768399659
299549360 906705493 357576109 317338827
890215535 185342941 997372887 768323348
92095636 464341463 932746272 420334283
615566966 302330794 851024702 179453330
877530690 388481352 911183884 965605570
327469171 661316124 384957332 556772003
247602818 707828667 723380184 5762826
28838459 845391571 152354466 863004770
622707358 578683705 666141926 957606553
900212886 872945721 309443619 684509612
387621300 901150829 88809912 564087674
937329982 380186864 344447751 954516970
85298828 412935245 262463896 145819019
492519565 685201506 459487359 718809720
820604877 34876875 695826786 748149378
712882489 868209660 716275497 303835434
590771599 495149977 876999451 972372473
212530172 486450035 939543435 679200905
266076954 528894426 117984531 846286418
704800157 762681793 694385656 853508201
251650408 934436993 472627626 814963564
446521273 112481303 192253085 699296270
290763564 9710789 582912997 172362072
786188488 222042266 923066826 36354817
89549416 521243765 164951347 119587857
678568296 306431558 533555768 182599607
519219033 327683285 986993107 798471171
923840996 818697437 671225508 775216827
712600466 450003355 499757708 161738940
690525200 748650366 126828451 450898740
446904015 47032228 609881083 726769732
460968859 801171728 176267860 999007114
388889963 642227600 748199081 84755006
166290036 830623072 670439042 838824908
575031616 939570345 465305970 650652115
605326716 427863961 924767028 606029372
48148628 509416529 843088964 997729715
336990116 311923728 221455216 72898196
425661256 394818773 560319986 89674761
842735324 414522497 733435130 723242994
948345506 488453478 45824611 690945148
861997935 155564072 246576420 846175048
787824402 835241481 47904672 14227000
179203521 424789304 602393014 878338734
134510480 361250190 62911584 84081624
447775779 432960991 433896499 607754617
279600585 641439651 734950985 715816234
135831292 919572940 648025472 297807422
545051201 595214934 153677032 129559886
386296502 511863472 660376451 886841068
522568124 766860000 72743954 267599787
737153802 411462956 856174469 930932162
664656001 344545115 670220419 150339572
506881531 583033821 201562975 521178381
657416201 348899463 81214963 916564877
93546396 999385367 394496257 142956839
282133598 649341565 684920566 693163723
112569040 51070833 276132936 551638241
818203367 326262407 566078370 427033593
525660401 879531566 534712964 720844882
339101871 334052904 810239001 527711293
353103501 786899871 962911009 449741701
908068679 687069746 835033719 815337745
248646369 355341001 545078717 77964808
870874762 448447151 345635393 142282070
699384131 930388358 289010082 107244821
216813718 361363407 55864028 663805396
196135049 179736450 671337848 109507139
978378193 764758486 286083700 151821425
260307149 533551359 666437466 895415809
392129043 886988526 387059184 668735614
133440868 42549203 494938106 691538792
809671430 37814013 30159212 285578105
574937814 215025652 784746615 742162549
906126449 719798685 865493970 920977685
125975238 127418708 148917163 561454034
648329827 893421137 764183145 833073696
980198651 333506996 937551087 311616146
222405948 742923574 595132476 74150238
176654566 186134282 714569467 971334514
757603207 87410781 934109322 993157242
961689171 996874302 881476764 550799022
900848641 453083124 139621663 653816133
883979956 603693766 158935085 400449461
787114552 466896937 153384340 513346136
176037096 518417633 615769 464307294
604525830 591120290 646705550 589643381
855532210 322217261 765204216 827328429
826233241 393205760 544025252 229952457
935986825 976928913 192643899 13487594
303929575 288443276 690873660 947850987
672605680 226231038 239528723 805636936
857176328 578399269 652132558 693458174
333717534 150289069 825226080 569535374
850024962 207752590 571089333 116177589
120512377 816519095 643519791 652809883
373941287 877123093 220673845 265506278
359731601 26694194 812104713 135457608
705433232 390242338 291163609 360757773
886569058 256927318 117735244 340003731
912324747 907339787 959957710 564082892
111116604 955629074 852479180 17611330
611796777 798052658 748829813 283512138
668392635 473453076 875497329 590225286
211083651 422608673 83726024 128547938
17108624 753119661 563194248 833618759
444267956 804627209 820627263 612613191
630757348 344747278 208481575 828717973
702749513 487748954 295148295 919932088
458159526 23664105 128165824 555935640
169341761 355746323 829240704 458138197
841147121 216528781 336135083 532818101
334813080 302453970 384150135 526571055
663360944 44234718 285493985 650494098
667891150 604150852 393873431 240486218
337706263 545670261 121330165 567391618
412360098 1043121 713495796 826140489
727346335 637814991 454327609 812543372
231488491 99840207 737945799 905559774
670066323 523251839 329665667 622475766
903047119 743923638 223149850 897672031
947149905 828444698 268172744 577699593
664575325 608560570 501113704 472184173
992747359 999089348 582055118 629608217
931061271 988856815 189213492 757306492
322624979 259894186 411214043 886669726
817937134 628576151 670288090 623101580
138171883 409716711 684803771 714953986
226868229 950117592 651727338 798174473
414383560 701544885 180802153 483659578
658216283 676172212 606052108 954285490
910812546 576511906 225980394 266344421
988832936 981854056 373691913 635051543
54245149 238136568 31038868 446379386
140323394 77758460 57833676 718921675
42867355 62668111 162389179 991722332
378234128 787817758 772856696 701152281
798109603 185705607 619940082 164033917
44367489 67472892 620132409 462907543
953651883 271277790 287980715 563491900
506424296 305755898 440673899 318324033
176019989 780862308 193154349 903352606
750373587 636851722 139348056 497277037
934297781 313593992 162684982 297798647
448025614 275117213 442530215 802686957
402510627 695895078 519459898 171310613
753698314 36162819 129265098 179863547
373653992 412131571 893570632 168042153
623193249 657122302 580292727 362867744
879141166 113451040 903766769 695166099
396401813 689932653 661908295 261566795
395237321 367476297 355791223 778210401
185169768 487203215 328107826 810121499
663341572 838535302 636551147 975563688
445913600 709610498 324805563 806314852
464846479 910988656 783511883 499815083
785852283 815839842 819921514 379540513
904309374 988635031 91295205 473136260
775227399 771113185 29937621 471881390
879751872 18056989 908227881 214256183
531459172 397353486 46162073 15108227
493930491 168352678 553066627 542937048
354733532 672966647 162475163 590706997
823678112 545357942 995331421 155060427
665708990 163777891 826512328 533909158
658363857 241173754 425339933 976119780
763363438 92613206 155397054 656010577
716350840 882375160 975560895 367401083
255094786 304838099 419979425 96341993
817720021 719341246 924741339 665952823
912369726 7029573 470293742 405299313
61683756 381498734 412736253 769111670
862632912 47915096 792642018 302835364
58654939 276523782 555496619 806481591
555293495 698051464 798940342 397399364
514582400 113346453 179048287 713393287
374853931 914260589 239810871 523595629
647560223 61183276 422925394 863250670
998367004 499012562 895621983 969557270
772997848 765872811 726013465 751306075
131695356 141313528 20298326 50348522
718920396 221571605 718818028 848610793
277742102 649130305 549601172 671540688
701673876 645263060 559722077 259426424
28057409 22317866 937370727 942934161
770979257 205610453 228461024 520625861
396495839 544870760 793972630 232638608
519840046 252546206 527045594 2282284
767468308 715144212 520579340 252438424
84831803 166109340 45417798 666139427
84975694 99461611 748308621 199539597
855659681 940290509 164410070 286710611
732179041 262314573 925686104 856680594
242541953 191872207 137897415 625268651
785052898 189805410 60732983 495248265
475366463 100538041 916405501 179273466
953125174 683107738 913541651 369141471
345241907 986785087 973776601 565032355
130075014 522826721 775094137 295494136
126622217 236320032 462555587 329620765
84292163 98876870 800609477 89609965
576053202 262423290 881344777 538039770
82684646 831223971 164752552 633708079
613662014 16117022 33386024 619301193
949442136 393222744 10190008 921914232
278361708 357518639 124895281 645483141
453298214 814835241 881864402 497802889
863959603 297747714 400212247 565727707
137230771 699222781 475115580 933745371
398060929 875197473 92099535 33108180
13305506 853701113 688504375 598315777
372391678 119884072 407333624 53731519
405880420 824324182 200418326 828233249
66570916 461499954 429839780 772316909
251907441 289640832 978272449 7930132
242578038 370724834 853355155 567951986
450004242 606877521 525978893 311871865
564691264 779872337 708357875 811032374
662345425 234765143 135797708 223465857
109449683 139210608 719575360 408174936
211734539 434029919 764366108 916203159
18307610 752609815 580629456 822776338
540322785 228032403 211393469 154277584
462607220 244464815 230713828 900079803
668517666 238226528 585632083 759997043
213745661 879725219 834039523 497308142
894010478 693330692 452247501 545501278
415797155 893613428 390154935 969290331
265521957 388690167 546423525 538362987
768440882 300699921 100861981 543418607
842375387 147749771 292214915 486288996
591723611 270334406 304248513 542528973
989351302 438602157 898272806 949864939
941905424 609301912 314903806 246350409
639275018 879872511 113733896 475258281
534410460 971002436 835044328 447476415
293989375 456419718 294807616 970548051
485338457 232673372 730865982 102481797
410093761 28473455 176161645 825078162
638859965 165465635 143810348 649382249
756932825 382039759 374082582 699789858
310134087 853353869 867480694 587323878
601471826 845363373 289742364 745631103
779465825 189137536 375824016 281972910
487926782 962484588 48798329 380549734
58517491 644487636 466744697 877544002
517437151 2225367 502846156 203093695
972053924 845299458 77357425 876480217
347319500 194312582 412751746 362895449
367568195 318049102 120488744 510009738
29119120 133351911 229571723 257875041
725643253 365680164 561321343 697921943
127052799 690957931 738753938 825635166
860029190 209649760 909482053 229851060
664676132 34301533 56262461 688736937
19781169 335042254 702458247 380684112
103741094 612403504 598768542 148072779
7626009 611539735 559190556 527742080
231972996 788952321 421928 842872720
853991156 558767031 943661300 41133831
217622641 687234551 542606779 880150946
850015175 7587616 548094659 413008109
471938332 429078356 431130715 530893796
343786164 232989478 973163486 834850968
106974619 196064191 460149174 136336032
959869118 12467877 330023256 804932803
495196811 720924773 166220355 440853766
656266891 834469726 173611512 915890483
707348908 423824315 957597276 562250040
422983297 285053832 619078465 125379559
659745647 525401555 316094776 73041511
655481107 485188393 218020470 966434048
92840929 466675781 513779513 365977316
217394485 9386409 342983547 976670048
695754517 530259319 62697882 454396874
165474863 519623885 247377816 593830487
245409792 324994534 880664383 691901177
731793472 905699902 9852864 761890263
747470840 687632402 795109252 130722792
120154481 182375979 773071979 361548414
817877705 990418425 402703712 55822690
512667423 560737266 389949166 824643126
317995084 551113530 206233773 916852826
918471314 209423607 397109074 768820477
771543918 628425100 591282298 305408167
378327753 256446249 929297091 484159713
764544824 179725931 874408225 760171678
259718372 223124711 173188643 328721072
212216964 576177600 318182904 80431381
757486698 965634327 704619515 187323130
312071508 47251990 430892380 611840896
723645251 784311645 967622566 860138028
209672746 88067715 800688594 710050921
49598771 605424103 464177143 94189170
259266368 861050537 402928271 364737
134978882 101230561 596742168 447485979
339143350 107936300 817061874 217288324
470421900 487292057 104829701 191096526
560609399 260770411 863959631 198120538
909027264 746371348 876725762 969166987
5027078 960418175 337687204 637729746
916270683 194232356 480639444 709377198
352415857 101928831 238349033 497700994
966404296 406899374 958202102 655629208
817311112 906394637 440316191 712388365
176284214 633576060 175049513 967323833
515772933 927716560 432751078 918414458
221319690 725170812 78402326 92162608
259368717 201628661 864713435 428047921
536741240 905488464 289020363 917129415
683731951 163116148 845145550 936531254
530853070 808740828 416023370 415452238
926442562 253370174 342497033 144994149
541303592 710250288 815039427 494899926
365241418 671343169 584888702 945500698
564286010 50363270 976116390 907219815
899208651 934024591 105462931 954810175
407301726 529493117 952703835 406099944
461149666 966526091 142867565 414118015
644738565 337695799 564075456 418580656
753713204 693520423 332288338 33521457
511090390 714433078 603458768 425906665
705292714 171977608 479582881 871096885
560817665 915812817 180970470 934944069
999021794 837140174 47860985 770231802
258468164 572400857 294606872 877296810
433440894 476755393 629790928 694455045
786396191 760990991 57533136 632109320
842895481 552160127 750670974 413631754
155223390 60538954 689159557 90974640
359220459 244007991 528398018 165932399
855139579 437140710 540083938 646687441
750875294 121400176 879480480 490894125
1275971 276623873 704766418 100042391
713483981 554876987 289098752 733797731
965117548 808555708 727687148 606469019
14529868 677976456 504598097 299179974
176041877 96713912 841720245 958788702
605371546 12497920 119767700 961825463
573848353 104740613 613189625 862348427
718017736 558995440 615522537 591008954
140800924 801629815 156835708 657777181
707918663 43709493 711683906 652121216
309275301 466343277 407751709 214614273
546043161 186354890 300154219 377465185
815243630 134883013 843152435 741806217
173194178 716625856 135850054 121042155
72186688 785344362 504671882 341591768
172269683 516960642 163306997 70557085
37601604 348418248 843684014 19676850
795920271 740571158 566900733 268768041
476815376 644749369 286142814 805758699
852553943 786951857 172587387 654728012
275670082 835136031 154664722 644269396
876845965 747836622 561619939 120601542
361646249 568228560 319428090 195063405
620783116 489617666 464650058 204176367
63738493 518663386 531419410 963061869
926746375 424867773 351582041 250884240
915387567 300347409 300354002 997723280
922549428 763112661 819914233 833731898
911907313 565354963 989330491 270365197
21763656 7856206 413716645 333930019
14516605 436519179 159339702 584244263
988691984 985685111 280204596 784393678
274655277 2277026 78165093 302693896
596928321 448235643 186803109 782453336
956895805 969017420 581986818 334344493
248998099 384857680 419550065 721346782
583057805 112501637 142641913 301073900
173713129 737748050 169259421 592144270
461708536 41897237 877877090 24930061
218599864 534657669 984767219 134582190
469854678 241672662 373645307 401249145
185036754 217840141 138216842 871612227
91174070 193609381 272289972 44305359
705900640 739183664 851232734 528852700
849697662 395850044 367880606 317910928
699255708 102281767 576921469 98479605
447515677 973253321 748294277 386584464
601537703 486033631 489174999 783319683
863053980 560232160 787868398 340861778
129152385 79551616 619698235 569601303
338273915 241056588 336883555 63508074
5397006 441519209 951915080 904643883
177062516 290539683 168814808 548454504
168333926 560557802 712060287 535310145
974101147 60018636 833123045 58074234
219584793 490021838 410537165 273618506
886383790 601032759 507031792 292011962
582124002 883056046 166769250 922461244
587013127 618683882 440531099 929789292
661368895 753058667 374703936 584713994
569721453 908052937 618245468 253263721
196019225 95033891 449335532 596222195
805679787 84612036 532422350 331147744
874655427 687669545 967740509 348714979
996842270 552862624 164546796 410746334
639563323 66510820 147200608 2872713
609467408 579972190 661473661 885807503
163196458 851168917 13271874 123319907
473604715 642227681 961452039 964515190
31181520 97616431 662761206 376321891
52769420 284619542 836319129 679804311
77852362 865034661 716454947 551474903
944003352 718171280 234609013 838935058
858474092 889413006 312514867 352318426
94353747 140620730 109332357 815497660
658725657 83012247 611534192 553898385
844461921 985963234 636115405 810215144
114858460 95264590 935402102 536203725
895476827 655430690 155753067 936323924
42928667 925546603 440880301 1490212
331430321 469348712 744906493 257309528
636615618 535801449 532286616 466438119
460624915 450604466 9668278 454877045
388786073 273244456 777936148 873708700
299327939 441037592 708842860 151088324
145267024 706820781 822031399 24279589
932062529 969498919 811323007 344003
247170199 159864325 139510534 172530932
643334776 384218724 389592822 861252375
474683295 561343139 98924219 912262668
643817450 553467562 723619770 492092726
249097416 723689578 636183389 560005441
878968822 902306192 601703080 89571904
166538407 379769639 434948506 605244360
550654071 657869922 858324130 314991865
158642813 828741013 698512178 20229191
858996562 962623789 238001740 438867960
869058995 903518802 625116484 914373364
558192779 394278868 582255261 106512769
643952175 533267467 244905727 724148344
636358212 491419343 957819708 38344004
553289940 240953601 477368680 564542185
95386852 703144947 228701773 518922364
991174171 630942092 365032924 837657436
311292595 630439023 697129492 38132338
414099247 239675890 5405330 408715545
429773616 645699043 57489609 431841028
66500153 70987555 660816767 139671187
896775747 21340312 142810778 962029760
336138312 143225790 60224348 913627590
598430762 512283900 639888403 23573510
924371395 902942635 443321886 55017568
573501197 996720252 897016842 196033325
106267885 989890527 51557599 798052995
385058412 472945083 634294313 395264020
941434899 985973131 212489127 626366638
516186793 801293594 353317441 795607866
374561815 680617139 901673781 69877508
820375901 43912311 959749913 942699242
431473574 377927509 522010220 813674783
691529737 744697397 32649924 250173510
433022555 964123500 706286477 591689246
686581001 645767895 660413222 384799341
784536965 535185933 336748372 63914823
596905538 524553642 898215161 108420340
12249514 450312798 713455104 914198881
714135944 671263638 492546241 250263304
708256025 84251252 536315438 342038054
483079901 459878423 463125233 75361280
559239819 594382412 975339596 99481066
895922113 783053698 983382585 996947496
994311350 730203189 311555830 645489904
179137475 805657705 299350685 495982899
84639609 621173524 48453417 235199413
363657347 563101227 764272968 93819527
849540293 474784423 57649094 483710170
438814828 85882758 913230257 183059218
464217238 555619273 194437615 735765734
688655081 238666368 943333898 2653519
150046710 840140230 110992297 28794417
743354522 147142618 331981960 163169806
35134202 811014958 461090621 728953957
22239898 294855366 231807747 15742966
371173679 117778949 400496544 252193088
105876843 279509872 350340589 80705193
648363739 521263971 923705240 328286708
176420232 441899508 704413435 968019349
853267037 566018236 588693619 301146796
793567392 875830428 480196881 157904455
390309726 252085771 745688259 936939468
51681910 788458170 554433339 338422097
387333475 93411347 620153791 518053619
211080056 859397340 840775628 813324495
1017060 839780995 739564402 651917560
721757859 664677434 221217207 452911246
502747064 362409183 18634699 702713590
470421330 194778775 839003530 401906482
889805192 65864754 34066826 452516907
912919933 234040072 785824357 134404097
791325394 792807880 955376370 763640769
626852613 938550597 911632633 459362238
523224813 263178450 551320892 557261322
132388593 965936636 192035779 535986644
980272052 599690939 33146923 700603967
122542475 829047162 861513786 893070676
343282146 12449510 956668142 835923288
57091791 602275463 832487037 950222379
36063315 31447424 604166904 740813115
301057539 357192651 831768453 718891334
850770631 515440447 625562949 546502271
936979923 460176678 788652030 992344331
44299731 562521621 422334793 158815997
601931431 713135283 640606963 216909443
425129703 518239983 871272299 135978463
709297758 255387102 397458627 223283021
253221542 97044437 687641512 775823417
672549378 522365328 84724554 19140355
318219873 812097450 552422341 356961692
15948777 968410224 572507105 503102751
895346923 504158692 87612682 275306311
840428916 822151946 878430220 880510544
657058096 420323518 500598339 910254016
16004361 581587673 101633730 388423896
258502289 394008682 458132020 708988865
418297512 285593495 496909454 293090250
892415508 285025028 520125049 830097012
307245636 535813107 409302489 956939342
363760059 148350301 17240010 270002744
154866346 826557011 829044289 42576349
211848904 724365880 214292161 885095343
124547572 553159420 43309163 702763967
394203723 119981856 778443150 621680411
846458448 308549274 460193588 748783035
352271661 992624952 110838602 443223856
28060137 189767555 21638583 36395467
651815450 354048488 612765917 317545324
305229458 804653024 455987218 375197072
206184728 204112692 587613405 676053203
605774360 969957764 469377384 13977696
562196958 198189117 185641056 931144515
778419791 903600601 319077672 665852530
464737869 360441748 257527589 670727516
730966315 571119533 887125528 655247835
539322799 516223733 899799414 815231138
23503356 410826534 621010947 428127356
192314949 664766091 100604649 779261588
865258563 105879164 55204499 160137780
402604020 610073390 465070663 386476683
909362757 649366755 513133199 524999
237493105 617803006 200064766 874514047
387081658 920225350 5941651 697517210
73043849 468776667 975544074 665935425
127331906 837558949 305058695 740349388
13309255 134871970 864980073 636665334
672911180 281088902 937982033 424440304
882060588 859641418 178172203 942884850
348809413 155441267 459931783 387553734
226982934 64006214 837852309 998143456
547433366 988320990 365572074 145021649
701831159 242018760 73073957 369106411
967172960 283589132 216427412 442583073
223784559 491656664 458744211 258195249
511741302 909969800 599788416 814501039
909975814 675891511 909110049 511362084
389838141 237392594 608169152 730856729
120833696 118055417 399874574 482959722
291781094 848165414 455923126 776245767
383688863 419870173 803514907 491353964
141433709 553372266 1818235 444283775
365653328 252185140 169438862 162847281
248850822 832236866 430220761 142322970
374590706 30558533 663518408 92403847
373811175 31807895 296518907 399804549
688688333 541801293 120502852 885669299
539553856 435228865 669173960 587661763
297473771 977039127 383543903 2675603
479624225 245066682 267101441 459927581
887143845 878289451 58525174 259728233
512618992 666887465 646179918 580903312
262877998 676390028 984405129 509994459
126119009 105981025 303283627 578493418
240708776 907180404 428686246 174237955
261255706 746719144 272018569 478273586
450361971 79292633 827954350 303292197
672853702 182021201 662170818 93360362
620760552 14910004 173762132 699946477
314813032 38754633 513631145 870544352
246995353 963767495 778255285 964761223
338761928 244084527 892601731 873935571
286932797 944506973 474351123 239501145
5542383 174326774 187642890 733929526
208575609 718192919 879729977 560750731
897566452 558855130 326345979 521798343
483529466 691701447 852180587 926221073
908202219 941980693 116523270 891544113
290413216 135678868 20831435 233998399
991912270 341107641 52059280 93354281
33850437 377726014 258677317 546300632
590747523 990899141 317957424 126874633
485640333 398421294 24292644 119930907
359502147 170804040 236490523 857892177
22247983 981708652 324435005 739013122
381433055 751478380 603828505 130499317
686149934 714748208 594814729 930213832
79479578 982839195 768439537 66842862
715724024 959405138 639692272 547875183
206008427 880997282 160030777 496904559
413887865 333758295 303411673 376483319
459518016 584050542 699172399 994580315
558991855 585133529 32507816 534334482
549458660 108166871 508771113 945896715
755365716 114984149 809117126 254512721
997951886 670001626 593767056 70203522
62623548 121575892 746945416 743901521
196668682 962793369 787646767 439751321
742100536 356547296 415482716 71709806
772266021 96818791 55510731 154572239
894474941 895030236 457863500 724161753
42017620 497798405 657739248 785587546
917150107 476276574 824382084 485439506
193315383 133909857 781196412 588902382
327308891 110920679 859555867 748604976
615633749 758574804 809078185 51801916
918420081 191657460 206762631 67990217
103567680 898049882 846772696 836321039
791152327 954420624 695879097 685148833
957792104 646544800 392043368 501663374
29069057 644488760 687007208 36610328
596835976 305331206 618033994 630806114
970386485 230745191 163794429 942127759
290782311 912650484 974923722 19589029
554028016 937085460 113333230 33771809
551037444 237917222 479341945 515566952
197559065 784570475 21967029 320774143
788652048 445173185 343622794 703677249
973891356 654296248 156095091 217833738
677108427 582453198 902982842 351243671
108334783 377805360 841104387 222456172
519473928 364266126 367946045 293375467
748444525 840606484 800644117 954430658
173754005 51210516 718891952 996015482
306912501 792253253 491986613 107123821
997837130 328115083 605743768 794128311
280662533 931142438 47158289 491239314
344575508 133051266 654113592 668715439
538595995 693881346 934952224 104497463
576920293 799646573 891447877 372273505
392971688 744177133 164191719 508778053
887669976 157103729 126057565 808370131
84873768 586502666 252808760 154985085
794986446 973400093 112575805 937773175
896678089 210000987 10369495 781866295
728859645 57959202 184124881 792722359
305435592 169402246 866419523 633552874
814755028 819789240 98569611 500091377
658854032 321531960 145002847 956488069
280078008 419599913 839795703 936779542
785578821 815471104 610068408 666357164
164981011 404970549 813022181 346055571
997048468 758880719 419585878 417537228
964300041 761395933 583296437 387859078
401132212 651303255 908238983 743752215
746644840 300821139 625357192 82879917
330674695 514011829 540676858 550046326
549570187 442183862 704004688 634342275
56665612 120662850 24146327 630090730
814034834 676811392 237994406 48727953
495506006 455934111 312022257 254446312
959151577 34207779 984338282 767116734
3194030 976044458 988831596 437647082
920222838 768170975 803526843 522483304
586871818 547624044 789767938 903856562
704591407 442350240 944412583 246103039
369575209 439425009 256640137 510382267
421062754 94516678 866432281 832770149
49854433 569479841 869745319 822624948
803212782 152497980 542560285 876737598
341111736 149774850 792955005 122606942
721026964 270333044 887192312 655379011
402855026 577148230 172122791 6580561
313984645 883400971 620304380 189685221
66842616 719729882 800937072 402106032
600611393 161322873 830350509 451269224
488819429 292846685 174493086 247145682
684689232 1703105 296885212 384717195
817837551 550944057 664563621 979358449
716281713 526451924 576251938 434808588
396636515 440134392 750175435 794767395
299339431 684416021 411363832 620252026
742532273 599840441 51292085 304973716
866920888 517792190 516177319 46884637
337604873 284627773 814992317 653695468
44680362 388618820 149765190 457782401
717308711 874180840 558119069 606752693
177898131 971716021 685370588 950577067
485775410 688269231 983954640 589414495
818827216 195606095 705505582 590619138
127916896 16674744 992906318 102205076
379769702 261944851 553455657 412423330
87667597 779725965 230237296 513756743
524878038 886303983 558822575 368980353
513788087 708492678 495421631 865121504
897202192 951998713 463671742 270177106
674002769 915937729 808104873 643703581
707796387 760892438 728603677 792474178
571336851 161331847 431375950 940207294
715391676 187388401 500788123 60057827
301146164 145830371 777793841 484188826
18498022 645742675 512045071 888361520
886215327 414695887 703328101 317423961
162723972 836381015 31052249 721081391
821307491 175417396 424321687 284257083
750454564 839411301 396494712 58572978
469011131 360578855 869800662 815573898
571044765 457612549 905028445 91345330
837467127 159281800 153935210 848438876
570247886 714904178 53143113 595838140
703108166 647947693 541882835 560179313
40293215 729360581 253171846 657193226
465589035 313353857 358369556 372154782
295227634 615183699 704601876 940223926
83776851 847912382 518779076 389176101
90926600 792759651 411795519 607440905
478246671 660943910 106711177 205710073
697342413 317184151 208263940 368948774
222714676 809214697 287655152 597223414
495325010 879754367 948424615 375391722
642596795 503276732 776414752 799571268
750813709 699224682 517786824 632082075
353446119 390537342 774470178 963055139
722870464 931221893 602737791 894453601
599380193 472243131 919620558 354846234
532933752 152884592 184483048 955127134
44466992 717250493 70445553 951413383
333114528 715635891 390368760 843266966
913486858 895283327 948398413 547001396
311650510 93540597 125651772 125752322
397248311 395295278 621401961 639143829
921410791 582392125 686931145 607224042
261067183 381549755 340899246 954465615
425382207 244409570 678975608 499764025
124895098 657886035 174672511 497127567
102177729 112759427 396503978 72308864
124547425 612747629 684164824 806944433
586012000 635060211 230520629 690161288
707984452 135822920 750688545 864368493
875201888 124489014 499254396 674429071
132060244 464907117 748711745 833633979
850202052 279211113 855349484 611906485
872656986 926547274 60553028 366619659
77316943 945144465 542412333 269062018
824024745 789893212 515179525 122397786
460125411 267921292 211427787 63214728
898624068 232040470 504228485 400036903
183653147 715690625 373502022 733524317
989514722 987768061 978329673 580242134
510966488 786381476 695041377 297419963
995271165 802421750 495326344 546864304
122110050 825630430 452078267 153465403
520119943 101599632 980403169 66534100
979809739 702063091 780755563 545601122
902932517 897836864 842727538 762524787
311426742 576202361 332936842 144540705
709641889 658075765 490599709 196971368
533180857 419416072 454461572 378323103
213318477 20020988 559736721 904942925
491584753 318068412 226037138 192668348
723739828 141612282 116571404 332900421
891906091 719396565 226696951 85722976
50363420 787675584 668240875 814459119
293509016 748487457 762774716 906734121
343996121 454002070 756310140 612933713
412207985 248905611 281126574 211807983
888273578 360582549 797688239 106168023
490837112 949496187 767266456 976520338
688480829 445939684 222563901 926575877
259850506 450734984 402326535 31589929
965016851 850906630 330255581 64881867
853366606 287771886 337802232 251236279
781555153 595445963 991810545 720170350
788483374 580206962 901223200 605154553
311790572 413264465 579944063 100238852
565122428 673143383 406940065 342762150
894564590 67691794 50799394 661852794
715750917 172697458 996913896 739467945
502264064 716879106 23708730 734231488
992653283 718136053 966566518 208070958
966443185 369176810 900405420 641553519
518981269 933846821 446465383 33359764
783892273 333627966 649918526 727973163
847661215 651943380 795515993 975013128
820315428 347510607 179735713 593096095
777335681 564404479 266726572 170043340
573604212 149856860 13101527 775864218
326252121 292597985 472345765 664923309
183441420 638122111 435855398 497403680
1121042 942968684 425363076 396319718
468847780 419724652 922654463 71357240
129882027 483317518 116715594 952486147
590182151 225377247 132276765 245519089
518784945 987332599 721391272 768777679
174764249 719152495 980287181 467617779
990238617 591857685 448058563 851240841
715303940 176034151 971602094 65981256
658183160 933126748 679517474 334557263
480762527 625292699 566225916 942789121
48288645 245385216 361965295 209221554
893697961 69146406 873420792 845526953
156333756 587974812 77555684 376469265
153110350 553506333 628890944 69903287
638578601 284947782 623268689 898590127
423801785 247724703 111399773 187032192
623630826 930577541 169669731 636031551
648790907 54437342 57412069 640697927
291108074 966033867 248198827 627150136
112451873 25628320 723104227 534698098
998660053 292371491 50019374 440517421
61071731 594176988 67903918 721317623
463768302 244465582 806095728 228657197
690650514 285614590 832433187 754656930
557406122 33774127 223247833 14783917
585907343 499753695 470531568 869002083
160545843 756374926 165752356 567778044
99422461 17577551 153262381 482522680
53857446 158731329 623336688 334098558
927660600 383959884 788927250 54142789
141129329 344035682 33067817 199826495
332547663 181563954 20195175 811891337
607336370 882365539 523343114 14517700
717210109 925407409 547554737 556139872
491137358 592994019 913432293 569918014
524502146 385437307 589135174 436416868
711867539 503738239 955565400 234224124
608543689 103377518 508494923 999142171
870325319 104012001 587222404 240765784
462415275 409099406 861646211 805300725
386243867 490649879 357726698 438136925
613689194 118313178 139451054 965064550
301655897 877981671 13393487 80674948
453723778 34363549 547996217 220355951
415282464 809770036 299542899 815674838
859904150 848809177 67919278 433705592
51316606 633474499 764581883 654000152
832375311 608739171 204290238 435546140
878264628 794087672 617819603 292864938
58534552 15114048 68419018 44076230
295310195 58950473 879131932 103501890
642116657 281540214 610165204 978468969
501855214 286123661 774022529 377492008
291755299 562469876 205163724 295671458
801157521 428783701 470353243 195801532
425425990 568096185 973338884 852316178
795941232 959730081 277580907 751251384
100705655 607116798 60292953 736876112
930288247 423502764 319143535 528530137
947940252 176307284 532823423 928966235
1272883 587892045 794844004 409713453
156381448 394848763 236669071 784902674
636708003 787963970 448655477 943061416
902272427 965442191 841109263 692839528
618234977 939636755 347998081 736206430
699560590 114831552 429389187 971669957
144376403 126202506 169184964 102038667
74880063 851657998 114328665 59261503
871636094 431672423 114990310 593002351
846128024 392764845 393402011 309517849
545933794 663641821 789492432 876624883
299405094 193228540 234892569 275900802
675608905 561872780 766414048 528856786
531121940 655284492 606790241 788742029
538880870 337350662 46319296 777864881
876395861 413723194 672258770 972434332
621257288 24428911 225852160 343781221
82798058 442194368 269587911 293773439
751830342 645577491 552450738 255131782
998119255 786046274 990440394 761070931
736800612 624565543 415888453 854896498
862371210 176093408 803666606 514443533
405520538 832329667 185349506 843541865
725514513 492630859 745313718 875707462
909892307 606308952 760330869 221631556
992688536 918347623 898396381 665463703
666641277 888087829 42389805 274689211
124062986 521316363 615778668 145008581
914482545 98890707 613427647 44084883
4019397 24188214 920952323 327272142
318892297 630470125 373664218 734940847
805494763 473723007 134252550 566934666
102927070 670691562 4464242 895335658
428252834 188505170 340550966 591520036
681131373 307099 956112080 62757525
952793575 791256675 516489762 100891306
546577489 608706119 30683003 315553536
591671984 67553207 121253472 87743140
392581834 475349393 151280734 571243746
479806239 189715810 382164358 921565029
853897223 491684356 71926420 410677925
173909016 192998212 92658835 260664991
99608943 592957095 731332563 202271258
231253106 678571651 970597390 22418176
15061903 206035091 18709588 812950613
611141181 658429624 970089728 311847247
818081719 141216107 346620503 168805354
987059845 966508923 749340716 688567946
456124280 400582193 241848530 696310699
169543374 301102695 194906083 644786669
983498285 578415493 903064955 601174983
544612053 496583401 87527344 463303949
550758125 38472107 80832481 57632373
427143775 557696992 980881655 556737104
964346463 588105805 211436658 146316814
573426182 233122961 234393344 650484834
68010111 624861065 270843452 39593972
325896840 850797099 453646601 854192956
240546976 960955229 274901022 406650321
163866007 509884417 360410431 526763642
251185568 52297681 938683151 704612647
304511655 737923571 444041473 875763755
755358809 504406839 635045827 349340450
573517084 596115821 76033479 203667498
147916506 295244907 212744965 803625963
102308107 386930684 122400531 739168190
650686343 433969939 97265843 819914048
46664330 952100594 946524358 90426810
263106914 374881177 23583548 464030357
952249118 976758673 790150104 499443507
670527924 236879251 509889926 469961294
484256099 681467337 711750408 559766036
971590910 133199976 312218562 534679204
966389567 671439479 294115774 387836189
936847509 814411167 313274113 84503131
250854255 260834304 619434710 737373677
213756529 903594333 183342770 47883050
663140926 627013700 773288514 347669843
244059384 14152880 164348815 319376171
43704492 309050199 82416392 582135289
259147123 920557899 562304254 908316192
468249836 866484654 40352099 579385693
191429705 154221374 654166800 305025150
700056581 234038379 808525095 882699514
533257298 997923984 923390650 676249695
819722464 18372977 157774808 682345404
35573804 633130143 889251447 790286098
624615435 71324577 461932193 372521073
307678172 148840532 661431040 176406580
949119 589156495 622711679 830126726
238707170 174593877 528379273 413035476
648276849 236791899 638838004 940114183
637304180 333219453 102912557 698747994
130560194 592311058 619708839 697165773
670131034 332752095 80594101 940058643
911044496 308620366 667660433 317900334
842650068 360047135 115736458 812859142
969686260 380790884 292071247 94432806
943017886 280818743 938767719 148327651
49485426 513406372 317105433 896640382
849553537 647242207 443780262 839786562
951219803 681577988 190069488 274852272
386083140 510738807 903210406 134499229
62626354 879243705 326980586 16416046
823611829 101503940 935825658 464567355
228081009 77903333 144998729 425924230
355449544 518507708 394246894 599552704
880829231 937335053 401745760 709654337
483704945 969616034 347425123 136868939
138760164 807092994 625730045 395566998
906104740 247208564 137527926 449755470
627628997 711445610 57705704 798637951
540323900 736860498 610943885 215344444
950539733 877713645 465315658 672660512
294242693 295040106 738152764 106495960
697449942 9727265 811651206 365188830
409708762 497642927 760010289 53480572
763500356 933833973 952845860 406649926
126980920 146428456 168992309 162247509
222929308 456317549 381820948 116475326
852276314 323834591 405257611 522227147
507065160 961768509 72525743 508018478
37914436 797616753 536307353 267853976
783142902 360869994 739692777 330064482
893511457 52516969 671947084 671951495
827297158 329355482 780177954 341761996
412433316 26692510 796185287 10375560
12671819 66442767 905400697 975944954
18678369 211676894 183049340 910359856
575988615 593952199 492702937 14564477
140471296 713161537 780525917 937436127
370910876 421939267 837162616 190509974
251598641 877657542 725823070 841192043
668323355 447084515 605907761 826294697
3998733 888996254 179437722 879202894
97409966 979621704 90768718 102186993
572151062 501237108 879684133 133933155
674921151 411852187 870704415 815338807
57880084 116806633 812753047 953403434
978362675 942619898 442189784 427868287
504847812 490855846 782956380 387465365
575498317 615273735 616321539 2217957
869508301 890559795 48862715 418110952
349925711 439203468 230609682 67424560
828933528 592156074 442820140 201525207
790883468 553626718 43244272 457457307
729667088 600000554 676488106 996910771
460395523 575756309 813712618 404162482
426220948 419210012 227770960 109209423
940942649 771587801 486639437 482651430
18151963 106580641 999357130 527706776
578694432 84562058 352333616 667456229
620476560 124289547 450764661 993226361
170838367 833937315 143626400 38827554
572386217 21572274 138063640 81799138
860770265 539554267 546749507 274365457
625109621 796795611 872509896 70825127
803454375 184690295 227947601 231112724
882800433 889344682 230523516 362768540
245374068 839043063 426040278 640227703
502468951 404189620 779065756 827768084
221430357 359994312 637341001 849710201
330708322 146346864 337705304 72341520
945054087 302159398 529977033 741024543
715417419 129501495 804888156 947427746
376807107 332455010 458674973 734696205
269872873 404549776 601340215 421219243
161662236 793389877 115892575 584334595
147921665 582897153 674376830 120132125
931221617 469117992 251970982 558450282
612753557 102488945 471413462 293770846
217452213 629475048 765893005 63475798
324480319 747851851 504261073 347776578
81428085 906106928 710786419 696809489
407529985 319158112 614883122 600184399
787231891 752862412 571100022 534720106
110435451 953663833 962086523 287473711
774523309 161981601 167867875 824147547
949450274 626401485 855069934 319962573
658223673 370695392 585588266 311387324
600709755 353180533 756667222 887498441
64897301 47102484 781014944 53163919
983880088 368020716 790256364 119139878
590161527 325470621 595114393 230077731
236805462 234141008 593814306 863226943
819505769 669047208 109008483 281741214
151504780 282206697 995615396 683219661
274936165 965655471 633106361 954230774
26527552 60863993 76990485 684870335
330232984 292398004 741816161 381041776
80417350 9908484 551195621 722351408
168382453 553401480 316729242 751033745
698800055 58422574 725605588 524266499
107358394 395215864 546000971 739195210
83105507 122266327 905367582 597296183
367129467 149173235 828379121 145415641
478092605 302334521 109059802 195305503
563695126 288842155 442312232 807611590
302710150 800731350 379018403 984021163
615400028 468085014 164283690 705531433
264736186 454631456 527481943 90801136
637405943 408090608 864506764 23388364
746340802 521725791 39780735 550272015
896728110 670693440 667251920 250143689
894508960 48460175 266856202 499653546
297061395 351876313 101005700 487461456
382685319 585857383 791981489 288133227
83370697 38525864 632045838 362836968
593973779 60962534 12447030 807834639
56283991 653627259 523918037 49047149
204233194 916822170 484567092 967575270
908484974 623167246 904070636 591685562
831877314 255551361 141192307 460326624
3048471 73758855 36502192 890384872
809024761 913758084 595571385 593250687
744746233 16371035 110675018 50292174
469488769 483499143 575287640 67948122
305999363 652124297 438938638 653551496
969166570 435744030 803732666 466725589
479136480 137711561 583232034 343045557
84497935 272655442 411030113 13470285
5590442 166253046 247058771 410512655
175017157 294842694 291603007 895510804
511187369 403010636 296001618 992660271
45535480 69268558 302624004 12469521
981203461 37936624 215550220 150463160
662021824 147570073 268134022 626638156
46410974 276626454 277425014 906178934
188992739 263053150 116472517 364103522
825831535 358465141 945197407 879674144
446988121 519191949 772431085 55452903
345912513 900259840 887769111 558720789
713911785 933074140 617519053 933389016
658180769 272632796 177811967 727833595
132496089 658708319 313396724 181266688
444014034 10485961 291423987 196016066
631985942 414321369 682589532 797658346
858413283 418943624 260742206 745550408
723428730 378115316 107682407 869813857
582892055 502409194 270528390 16344287
188517604 403393034 274652694 84599577
897856509 966464426 23674822 311788283
651488559 7390741 530813206 838562539
928308338 921828321 845904972 493252117
541627419 155009347 409210044 503993850
201565076 187465115 110984160 701747458
297191448 216166465 511535443 946581135
944203611 210299106 228157863 242906370
30231312 507790366 740416418 702389841
864957468 469888868 430236748 808650208
619895658 840689558 11761524 759439650
852925920 818265639 933891264 942403989
127461597 29297085 543385771 279316805
934087255 829332180 7759663 358913781
774357819 562882028 943248856 884573012
352180251 357976856 297004017 16315633
152371724 62711155 424325694 233482907
912373513 24117582 366213786 919039539
418401805 514038296 632576344 656466484
816581437 916909739 707057705 203919068
937228910 175808182 168284950 173558012
45093245 147097080 478398673 108258922
235725833 84008434 815049467 96636251
979613970 86421903 429986508 13369328
150651830 483192161 556369094 264786561
28574368 639042902 271486714 455735703
212427300 819856380 329784804 798910442
128325847 900311085 169897017 133107337
29011440 424588667 658976072 195042679
989959638 169170302 462872244 445679157
112188621 65455010 524860794 290947763
317246027 657396555 596572304 317078724
7508057 14586446 906252225 384082139
155392582 939824732 388777544 136231861
614725211 966791756 930208199 341620120
557239881 437815825 223981915 51151965
147547816 571870151 847605830 881082648
405183959 290458046 99264394 490502665
279142676 665016130 290927239 870116288
132008298 63807326 514160949 989038253
53710940 930451040 461229683 275218828
166812253 877884441 928866097 300022603
222068562 895283901 821985059 634063359
38221928 514979601 364943349 206665882
261536117 178168963 396438258 207260003
995044599 706896624 850499470 908637602
653540989 96878079 821955081 11269906
632416075 659965669 826488860 931251237
461450743 382254367 95723882 606044784
30335990 770178978 636348957 241800669
742089916 33237186 674498428 344909497
345189506 203871471 161200735 20182163
367043781 651111918 871426263 973609317
804521669 182189059 894939943 169134661
125648669 19409940 499833571 269589484
137831825 536812014 584135935 571592929
312281910 564008408 968100327 821269314
203398862 430136027 711894439 30113415
355235196 893454920 564884775 995176862
907255701 508176555 557201688 703167805
871123973 166075010 923883111 397877688
878351173 924800225 629553485 217391274
870909187 147055482 89435335 419871122
419574885 644379154 354572071 743609923
195256932 731710660 338080280 138546100
608999632 972643254 89007232 200173489
812575316 619211734 732582707 254458622
807505725 526724112 184139515 508881687
944279713 340121490 117955681 121954223
884860538 846343557 605408430 856571763
341024711 338173402 625142114 221606639
753830988 217018940 763899248 444327874
611708473 215395400 977986241 25233605
374967533 300143760 315810817 221699871
411197890 601358447 993459684 740508524
342674106 830066473 279191752 934246554
596351520 266163907 771281628 787312510
288522721 157934243 68406983 27424279
783225185 73879476 937312238 231179379
48076781 416744284 328227614 663996660
737713886 226771489 894527534 497238429
617019760 513955507 748674740 362540700
370653061 185813926 31259087 268694721
798571177 729805866 972469068 613638673
155398209 574846585 839777749 505782933
973324979 780113237 80665114 802958496
588211169 49418342 21310623 156053377
658419020 296845060 823537668 817034525
665990918 562239315 233466094 917917276
898623871 122217588 359348655 461602697
738514689 159008393 486859093 459187480
311932377 311796660 355654154 38568374
61297313 205944423 919697666 408032699
683904993 203853048 47815048 984640294
146060391 626527532 414734050 328193339
452683666 580253663 838722094 243091683
110632564 16403544 190108357 712730292
294264570 858387906 522652746 704291988
217942747 512309273 676869551 832954506
328678725 227159378 877630121 1112761
733231510 377137922 860071510 420040085
117384380 643645 7464268 573532441
528724776 928988902 762160546 802194767
910753787 182439394 569508662 881226741
94335039 106302688 965646273 583822525
602224449 601079204 946786857 251612341
242287546 215151795 811735424 842629579
663746325 936340894 731966519 836938099
139609266 723832516 210983294 221763838
916648194 842095001 917701847 756954491
126451706 120753027 185191872 34423676
861214415 779078359 786460279 446093692
947345629 524986212 2907532 950813060
804246990 570711073 913743157 764734209
359682795 425545832 887127052 937658625
718599504 267376287 440910274 365812176
326698708 845406012 524564134 44582475
965049693 628611941 797982491 266296710
982138351 866995697 213947394 616519061
9442042 968599479 893647990 92508815
567729707 850610112 435705589 96736017
269128728 431243401 403340411 148057159
888555081 152577241 412486639 544791859
761001590 212158360 272171023 612840097
385320292 880609100 789836173 762688844
306991958 166666926 432056681 242109429
89304464 771619939 814417525 941682455
855566308 751032596 97123221 36545006
278314677 264211491 340965717 315138810
272540882 910620335 769471422 159034515
171458817 702820602 406723747 815483068
535260745 422070613 730934387 140100722
226138799 60649433 855867324 868484985
229083156 744169839 219770903 571359069
727804522 296663391 760434979 21350437
711126775 988627978 575482116 300341491
230306184 628702301 274582951 599935704
770240904 942853843 998040804 552264294
213723788 351610594 540473585 19608742
861608165 987481528 410161955 790941621
49987425 188007190 134344153 941347205
501497229 81032155 767156039 43634254
771161123 705073727 609851285 188962120
943637083 901529867 558990874 817853691
919075451 381661947 340220700 888179752
880380609 931845481 144879174 297186559
279034771 298501957 119745709 632929530
248749390 34443572 645386014 163855093
942406511 273512178 262808762 283943707
293838408 209396536 192151829 144062812
226559908 533210203 333497215 247922589
498458884 278798080 93655435 773346610
617967681 724167521 680061722 791073536
742817910 612094056 368210997 38891170
241903243 787527625 986289681 705941192
239176905 792422816 349497153 202092319
994224719 437087246 591537247 677262158
307568545 794290214 674887827 838552160
355964385 850035446 380011322 18763053
759011215 677560755 269626324 830945906
297445620 850601003 116809936 566796992
910434853 915760918 726522850 734711151
227305793 999432395 582703028 877893554
755182743 218496489 431578733 983596110
742402426 916629582 433855569 852507522
620124815 285881194 77834782 275472918
300905489 137994769 759869414 718842101
854117448 961302059 171002071 810183406
271914148 485168252 881986655 319025629
92318583 446237982 312548333 387572233
532968215 444616887 250980444 743439245
818821284 157881950 30280500 783114220
481074020 765897924 486344929 759341431
650793021 577624550 679286976 451587143
142882733 819276209 762297854 906633366
942382790 598897638 840170150 313353890
347223169 220997420 345022459 825805634
340018341 700648492 966791143 407595285
229702625 798053171 361573753 205848586
297402734 117046091 380113269 501801285
186582214 680812212 383553844 20232473
550437147 217566059 951680592 320030748
857487515 282290807 419659432 147550132
228517389 770516125 457111619 689877024
152084760 702351057 868297367 372207836
214352209 333528025 926294334 339793740
491071920 40051096 375797180 969886878
77464701 365687652 900576336 811724210
367903230 482521410 773268720 735627122
519379781 284551017 133795285 661259116
136190461 70530410 493500866 712301652
271485781 2956023 358099419 618746604
776070125 171659831 466482296 301741598
942155492 65839299 539645002 37691788
326605380 259306776 540835882 490969124
232496598 218694364 376267778 518496477
81641430 918517237 765009423 59588488
437581940 256877281 900492676 365657574
368554027 863688580 301799320 270538224
284499407 263914031 162255043 98376847
683312698 270439502 836316780 8242195
159305434 269336862 930954549 219497112
185862411 92959065 661843723 78167750
157463442 597670744 43533620 587344212
647654202 73812738 289442431 569786537
447434927 365722454 33024846 933474496
405431572 677133087 863935644 770841048
258052142 411859327 68379815 710799088
325223213 924145259 723669395 404232557
184515187 741595979 168735598 154614974
859198260 948325715 521835180 171792006
890954594 530572542 499392950 962488035
41589173 259506082 425570198 240404303
817771069 236448577 384889056 174032493
856733777 924566069 73459433 596695200
654409903 378061063 507439338 43356708
652009306 986463386 528504111 327908811
802657425 611851506 169616473 93981690
173710299 594697234 34201923 317703032
24871735 934670311 365982064 458509445
707046212 69234092 644906547 832591896
808119206 236866196 635762484 966647992
665586144 6436133 472205898 71837244
967370236 911879428 535450941 376369572
98796816 640016996 581216301 122807237
662153014 874550340 785233380 625976777
735402509 956789415 953167882 491630535
27289891 387852930 666492387 489867181
945679637 506530442 774041067 75219778
113945543 86909543 164598543 425702017
436404523 174567587 737634627 461868153
259921408 476872833 214031710 236695492
613094280 217693104 822200188 898652602
692752355 589388099 305145880 29631719
994080818 833145690 77370001 768590527
519565424 723466796 972802773 892541666
249512419 734838483 540353325 728061727
24206190 302585800 203666858 520654651
130932993 329495727 845612224 603373461
793560043 99895801 546218766 728993325
620846859 806593342 194141454 31626888
67751301 304987997 270702770 880110669
132940999 372815152 440537310 973624032
94584776 109849787 827102015 214550955
767697757 518555332 317678389 331224276
206002337 297126070 412451001 677194604
869431611 731690689 67409676 131913174
104070614 782142886 468146984 911398623
409671465 801230968 352414743 379674467
191563756 30775954 400111318 477779187
649280622 466903848 971550510 341703455
865632444 569802411 479557782 357452726
612322700 851945100 90318964 870776363
889613868 864293172 557726780 394525135
141137394 260474718 977793737 524054333
86933872 40545592 686353750 257902259
265023152 690984914 959194383 502994050
352772170 14350796 186991457 52130918
316383742 416249401 424375590 635141025
303156366 940085907 742747140 66730908
583057372 98203769 175128280 772934935
808578057 457110576 625798976 149337361
889390439 245467833 540830605 886683630
433338539 359480529 546550831 427387077
925275261 731575954 936491305 773345831
870122222 267217758 156306397 786864914
132200264 541772731 856376270 198099409
973398467 336081866 659764844 237552594
417205965 193113308 698405757 531559878
967830456 941853229 303772161 617134091
521625696 588259115 572928843 544845446
919352749 69233765 199250027 991318556
719690815 680718294 947421554 148863229
569757334 453588155 27296590 542079009
126124817 188913412 248014212 124610846
6429917 834092719 589417842 926178704
456208359 840417865 20685298 793037713
768201608 692242428 380364146 449347828
432236815 979425042 61538953 457870545
602385372 319499921 762175735 931023153
252721881 665450625 721638177 930704128
689227705 103099340 235082667 174746559
980731634 364321114 914457592 973945941
165759200 650818795 732777013 512623145
378826205 858068587 477499874 289503776
900073161 832797150 195595163 93480486
453582648 820645970 770730418 412156985
626395234 862470927 864529554 678501898
316667193 225565759 829293671 305485601
502708102 743872233 278534612 967433875
486670436 848602749 897759577 186055046
239244996 4914060 575440001 788779714
998415706 327118320 70415989 667379503
423092383 636799149 176096300 680576715
678468266 587376423 289596038 274303319
42585809 92583624 465055168 815072101
208214660 809832399 372501805 137962293
732312949 354239515 692545934 618146021
203785819 582364799 382030126 499925178
446556033 302261700 604963942 649917433
906658738 272065526 197373388 887414943
273985399 933038835 725930332 340950379
175482301 884474211 573670904 321952610
746567611 380001801 198587786 79707519
844323826 95448510 54933671 255729752
671740207 214074348 124383463 293549808
891116126 198014594 324495188 550832398
945003179 490857424 760865945 676993435
62286945 422085691 781893398 941590906
797019732 462055993 659290126 403757554
908496071 773138172 720039480 182959682
381487357 713707786 62700680 148198123
922101790 909411503 282950976 87891467
589518311 155867394 630579048 928434791
150064414 957516489 764861989 275227214
960867046 823617163 24208148 740785087
971732093 771156642 424093663 359196824
13326975 457897710 781249804 448389227
587589106 41063589 717610332 237112413
691051926 321724055 10887082 995627463
285686152 547372079 147900842 555482914
111193528 666205285 267815099 341878014
679548164 506409868 687308902 948394458
459959904 395428166 588674098 993244822
169292469 968925768 726636029 779911858
833220416 589583820 745242222 81043907
797451478 148995363 632032815 974115902
563064266 939223606 720775339 791455050
344808959 236596312 688704392 670653118
637681863 975360005 639000251 159057148
926123732 929818757 498008297 926498948
206822200 282089589 88788004 273447265
315465191 120025002 414975825 887309232
501894847 224490883 617410599 985236618
678936590 731768970 715947029 852372418
47159781 509398538 488572436 509802736
145469194 365909828 450840886 441030293
582341604 638750418 297524868 201680956
889720646 795706616 251775833 278129007
124533 563541855 608726695 554510485
555098296 906211473 688175909 973254640
405954562 263777369 308211586 979454427
864365728 688582940 921889252 392177077
203566043 832553584 329542210 79726990
995402785 69688240 932570306 982062014
335060005 519062717 108557666 142013438
551783972 402213979 974231836 208129561
869759440 86797497 376283894 235656643
587790526 680811497 753686944 48062598
723549388 589062066 489946218 739443164
910707478 763510938 814731126 740560819
905510533 913497409 974195783 600933130
141174841 359922511 233355280 115706471
937530038 567110934 511048275 734612230
860240440 623241125 627625837 643812153
456729820 853990928 22355692 732112633
621822772 560685682 192338342 395700516
229382315 804145815 336290616 531777201
821149045 11956303 921728014 183771734
602186521 578095717 422820996 745720909
733277627 752365512 531247726 332923805
96012605 577305144 210003923 314365068
145936548 585105742 490746005 758087464
298672056 76736630 676180742 892015009
829562030 628741954 183017489 120586373
410448588 963611507 255929679 764765495
632805689 992810561 618975848 329350157
506289831 355020639 131406676 249391474
434965339 210178326 662026951 333455971
647737977 633224793 987000328 330947882
126828867 316040341 808601411 210346328
828014527 693241028 438508344 292487247
110448084 765640541 830966266 462472408
349879219 710892056 544616316 321574971
916079616 10599314 566792313 52869766
97989515 45566242 332438298 646547824
936118677 511826344 327324187 943689821
862337300 484364906 288032608 700851996
763199800 441069188 619727436 598261551
82729778 358492281 963209894 438960878
56346483 915965157 328971414 786760171
424808992 378106765 64853210 845163122
208433904 731903102 623763643 68492837
848562911 28574784 526712714 361757403
672597872 731429801 214003550 749889103
419929156 706658952 50502412 960000425
874247530 836929311 512529328 719762964
920777825 804067839 871552390 150253892
90113905 102818725 111540252 742069217
511326008 232488609 253766431 757668283
146451215 715055860 938291162 920188960
186375253 866722411 408897551 391701832
609333855 872100037 901698357 822268723
48665262 430454740 633136324 540238677
20077318 585555078 487174167 81469334
934122471 302726476 459747614 785175383
365590012 977609862 146834068 253669523
199840376 483500214 232568940 229411498
623049132 694674125 768579592 417102296
946572752 983914169 736745484 212493896
387342760 206356685 986236873 517490717
292785623 494477024 411893454 321234971
96850738 138407187 924809689 949023507
977453383 224049893 79286063 922750697
372603320 988772572 431592828 987335344
161299780 372649571 638682014 451743596
501193931 227799037 911395572 380100714
474747385 496268919 165213303 78716822
422418703 873693710 7163617 565372538
87189894 291728400 370209776 1479417
379245665 344991226 777793384 888113382
885312335 196676835 288411067 917708319
627083825 257006684 219097320 397894394
886397635 743846219 438701245 690912561
524343048 821160831 536319696 348690738
151219214 810938877 380646458 195894917
192717972 237277620 95882377 315543453
505660032 302089021 788178794 663103865
399660628 959954984 416160534 394362964
518815205 551072052 12413251 178075602
126578226 429439380 292328102 865828936
298404949 221504882 711026850 79794219
579827106 372862385 676349074 579512224
80084060 642124373 397999875 984624518
242611933 438542627 469199297 444368143
670936321 639754322 602991463 442947449
676180838 294060576 399368944 59098326
363047930 886972621 285079522 156289558
531744618 804063808 65526716 121748559
916243202 526574165 404132750 546415018
394767170 309479391 928715493 958094245
469347341 615358207 793291526 48250600
876381311 24054779 782760085 205627048
955499309 380877999 414858489 878368148
277835519 870230557 146447981 389413927
724123911 341571783 329786525 530698178
439958047 552099504 934976953 955323528
423557533 420442584 294863066 453717846
329096096 199540723 918616329 77896841
633619032 725433428 202365726 990660093
831614900 84945520 259641396 998866202
130010469 340113795 33159391 473339610
4267366 402686985 514718914 822678092
890909360 902636047 457869759 825901075
400712346 65089242 901895403 749290449
651903442 365545476 785641217 186267651
56392684 84101211 25032943 153089405
63270585 632963528 300580940 392385241
533865364 506756113 146126699 427409888
598651196 59216972 178133015 939989327
288335869 174650311 577622979 527649587
581877438 675341756 593045723 951498228
528943998 12331576 75610519 136123004
771546184 588860618 940491417 757690944
589073982 876459428 32297367 943127236
258737744 196880305 987624046 160628677
132910846 615925225 499314380 273539247
891553856 307767047 409536972 305448843
954906356 131251037 901373172 225016194
735150156 352345475 580980804 838658554
886182906 726913554 185451679 923549973
995212947 422905300 526808813 921841477
653272568 974817561 785515412 427446864
328442826 305441782 832535314 595257510
463514187 317266638 140348458 497973650
961642731 126552719 982262918 503976472
507545629 890201137 860802649 875861628
687821403 644959112 243608425 450464280
591267788 680451620 899851710 542764039
440082019 363037935 913899535 198711930
587836751 440832321 453423980 678417991
341833732 874834737 36275541 61669124
479565611 621852365 846489691 491237222
899453807 460303988 881403470 479119708
128702667 213991732 674146647 445730625
780719152 502931183 989694250 530558652
109767642 958087020 448429596 219651761
912699954 209085521 630989274 839027989
892481678 745174192 580887315 192444527
815532431 128616732 856740985 692633339
606022075 198078291 923236200 195467589
158194573 570621186 895689766 835915063
860576414 909954864 244325914 337915511
611661347 281513624 606418813 180147622
964659255 870917882 338294497 137788768
989751280 293456531 674001116 222686826
154272181 258725678 489145787 409950314
14758733 21017687 16004419 116380888
426218185 337585348 536265986 210774739
759788564 176226074 845591722 557153585
509786883 564296335 556177648 143406453
509002167 405973891 316659800 310529512
897409205 514549966 744810147 664538291
108498753 435276223 336463867 880498956
693620248 156187851 349287631 132817926
980613595 221022142 134529178 91618824
136293633 272815125 882994792 374908455
394008710 89258789 379039184 90547548
37217488 196908494 573853595 272262688
681215000 917208179 729824460 586883420
667485056 542093290 358492271 220966962
540012177 623215264 777306536 11418631
679726127 571131780 952966795 708091643
714079769 202177625 724969021 774361609
301400370 770392625 203182061 908082151
210548969 492522621 526522790 326543060
811125763 66314673 48954243 102198033
196183109 712790682 816096386 57282738
184795242 952378892 579295217 177724175
1430252 357582230 750205598 247389551
171555592 157118985 81444760 791732728
299628231 555412157 227112549 964844311
194484152 5060847 72745452 891199232
877515494 126718424 556861650 324422713
853392187 527955324 192398438 755567156
281399432 573906671 160337783 786491663
593285957 930611480 79924626 297120017
983460065 839181649 942584341 863913518
172777428 817978605 767909136 37536
569251805 661555834 457998687 610043322
55614612 459468273 257692537 926106818
743047688 600227456 616488251 258493701
854937085 19968516 597762355 505531125
515742237 230773402 817759174 139999470
67887517 325186998 513515718 326058616
720602121 258938082 122420221 227668394
155651987 67811306 290185378 547904343
396176876 956127522 448583359 385778038
83367997 883076748 840666987 599212555
491782639 406547720 716402303 444973644
581265710 369835815 903602292 726460155
324321226 988883063 981465075 487065519
753601679 294229001 416406988 625819143
6600668 766846277 62257479 35585519
866148639 16170620 635231778 99732948
641523642 66497233 621725529 62167893
118505647 778168067 562763357 703924571
639137197 72608730 278900017 970226598
831600357 244872352 688269766 694074826
623820748 61364380 703816905 978980406
963128265 638384314 303813345 43643795
541538784 360284868 19756312 438756273
247682061 349411633 957790480 606628509
54887807 944542800 295727441 19457774
993690942 198441542 407909978 873507554
636516354 170102687 111817959 657141088
835690704 978894888 355961508 770187983
393500613 539998473 451557174 168361747
827131965 396742832 879544703 498839666
613548376 842572849 749631157 705501892
505599365 481870887 882444031 54450620
15661788 438720269 949037486 162736370
226065060 898401512 135300845 795032992
322746337 630097701 232771701 174979277
45100743 460452296 740886018 909999872
337066244 489565681 229323448 85240192
91042580 73101589 792331295 421026629
428496266 560402920 521700677 123735087
967028403 175213648 307014213 289194375
773022184 986467695 718366483 23043081
876715247 627118267 8394860 765225627
316755676 78901007 275149872 882746329
925226745 157202589 375730053 884939005
762343216 59784972 640487460 236604503
252282024 468221410 657252453 258211532
389422964 703057061 659129278 99686792
199083072 107103551 434096556 543637781
923717955 736453103 341934643 498079203
514282427 67918361 65862380 612278782
566881689 824560440 420501632 814682414
628381238 881698621 246792513 846707455
486930258 216381812 144367558 120583482
998364225 712124780 721240215 767594691
544813938 358564064 254676634 754275120
42503435 619782149 825265194 459500326
866499396 252116510 987021581 566039771
632689158 236606353 317889573 37779081
240639114 117550954 284807807 611087358
627264319 906250504 319839938 707761659
221743227 679942584 112816171 881201306
716161611 473330493 97176487 250237328
160320089 955426253 332397548 891223008
193207335 541897458 910966228 45975225
706747898 373636538 75966305 157464978
592636334 39538783 965403792 417141846
356190358 104114495 878285676 9652140
292074682 366375373 195880031 478695009
667163485 373204777 360468002 329354457
830211535 37466597 862394220 630582199
256714375 993434 235295834 128208706
461314231 260945005 553961124 31397345
246659458 236794447 313142397 79038410
427268126 637522412 331786155 703838779
202943853 428745758 80514713 974650180
609723111 361291635 979090754 244766372
187796422 575106290 275064171 360577758
950528316 379984657 230183902 283349242
66920569 45070099 107785794 538907444
244291705 532476725 984716828 949928488
663219993 762327081 991706703 449324432
105661641 435114298 171891461 624463939
335284914 410162221 986593362 157311505
157638447 290461704 260156778 529731514
396927844 879483382 579665945 110982198
270529428 270372781 232045565 168564612
528459338 216075326 243556491 720187857
838224760 54309517 686276570 673773992
178462175 813463355 556242709 460097163
183455045 777910217 233648028 475327491
691616261 875358865 241133471 987091375
760468433 350843751 996392648 872773103
166034115 339863175 496523248 286636309
500949846 620587929 876057149 185629604
873130823 688508312 194119281 195136585
519090930 843228831 738398499 258960616
495008134 932223916 176636487 125415819
689128064 407292485 82466989 705457663
587303900 629272877 919222746 991336678
794980600 518062228 692973849 551706133
64946137 88930388 286422956 309699524
582685348 772874037 866404244 94553977
153534288 661474116 453969277 283244078
559669123 910759844 384643076 996558671
137284427 975672321 491064001 908925660
627886310 241789840 943778539 137485035
165175525 171284411 814095442 729035773
97841512 531920403 739871926 657440019
910182891 841429041 344106189 278643900
373646030 398332503 861106112 695243567
268139377 709778288 920109114 798600145
123848192 216230484 873679580 550051940
937233650 344383376 895429582 324059441
217277409 508035719 831973300 38190544
32640583 12513880 148829513 327051831
363361582 731789088 991908269 98614948
453517236 345487492 92871478 899595693
353163454 935726693 667377419 140962232
201802018 318441612 267442616 483472070
743047932 972018679 924447850 278092965
81361261 567378522 996069773 423054646
751250916 836611039 835748775 182788041
547018812 223528498 545797843 115048716
928709039 22970652 315689333 398915246
87410027 614951759 377158718 271397408
641016986 362638669 659427095 716521589
267620524 760777874 583951890 133452832
372223268 915008712 797961612 615368346
537731288 543939361 961710937 439068875
167804225 183610954 523884395 161601511
411678708 884103005 523732268 37044328
644270088 808949197 380991117 656984853
905334066 949122101 55633965 339374200
132345784 84619301 848086790 426503311
728058521 604496247 869515077 166459083
374220364 873409130 825509276 70871826
639235998 56985705 740465112 447668320
185895969 294887859 440034689 619224382
531605963 864224760 859407469 274179142
321505610 506171724 957384313 247234162
574763471 590984289 455196523 894196469
692550310 134123947 841575265 361917513
795299673 220084338 466286661 544514186
441990271 122324467 323520415 173799949
445882333 49793081 859006046 284733857
335042691 971453482 346657384 161274401
211769804 768810199 712911218 958027529
687130742 347852944 27264450 210148756
487341633 451344466 496923088 234272444
433513865 242863115 139490261 552267263
770966292 633677402 443457232 195584934
164635680 122954162 100446443 724345881
868491796 360916315 695470792 805458989
778829950 799493536 673461617 942757675
91947139 158807014 864623970 460715304
484359013 792398061 266757485 100293120
563557938 128984334 720528396 370897164
545134262 95231758 611054092 63188511
107485301 126398635 946275275 455690860
300974019 188043514 426553994 337807767
40043522 387241848 138004711 755605473
288703946 39571673 357144181 419340115
935875794 788688426 367399858 475579322
767021611 56256788 774729404 67613059
615368960 798041297 854414112 20255934
435269391 540285905 543595875 833470616
517621814 387276962 304032238 58998501
775785541 687218749 203712019 778338470
157270034 253846875 997888362 818920859
389935807 470546112 334676911 130983688
775940883 480921566 667943661 372497354
739149314 87872749 853805652 592765777
161328429 654985013 250108621 659580351
330793373 525685675 119828552 116888323
617481591 150176246 654641270 333116044
378840312 634111548 921578331 418895428
368925163 100042841 140045049 981684933
310658412 214537427 813291238 845272704
893691778 670260978 549847351 654680473
477172325 594711007 227552995 633865840
523760199 241429734 834304308 294952482
984515247 286644214 453272415 448839085
999273650 669563526 708771457 559769060
117859999 281594081 566461103 47821966
906373589 797543557 685971969 463358589
352644041 438198275 982046000 854142294
637519775 433096134 405256944 610166616
892180488 873010523 805039268 736741719
805243420 888219472 914792606 255891283
546402777 210134236 743391182 257674477
218085252 590171023 226375421 542278302
930941008 871328674 789107407 999789331
488626651 606218635 451263071 930104605
884967737 461992942 2846663 773638911
230130021 927052140 414451261 515471763
729963401 875087799 993673519 527114604
426833112 293406727 787046868 18727918
957738956 209190146 607977556 199071343
23059800 2585126 826043205 190050538
900670317 350798565 954906331 210964896
216749567 639140074 69715867 720949481
118512415 798792127 451200302 894757223
443686132 801157437 335303920 850240787
369211532 989490783 262413484 249071319
