2000 38332783960
82270920 879531060 771800575 643793277
38789501 549274403 511461057 148577802
138529957 444220058 869217381 837009981
80387963 550563017 703779871 702723735
947243072 413563124 243152714 966986040
214096848 248435279 526057209 588280334
380724355 770765634 883171601 185726890
239457498 232064397 801770796 452307591
870128442 747995557 325796563 610615775
646668834 111506022 975387767 337878334
493013036 805030225 925674781 977930235
217664371 638318397 923192761 130895089
233775952 237841690 254946425 38161630
431841941 86375315 866447834 58913348
208643926 780909386 878982396 250733828
292610225 709822755 564009125 328340255
343012536 935799675 166574479 751171517
561555754 293957210 376520426 418215122
848250134 488920691 859828761 808967484
320094659 599245149 15656878 278454967
473159523 878528026 912220552 336529198
964441096 107539288 728330773 397354206
381868907 40544977 802907311 487814340
744913133 381739394 755881809 887340166
812128184 383663930 608381752 537056584
278423152 124008021 363217328 265964891
737516654 501576144 486636012 621621864
131514234 840313844 783247120 775580041
944563545 352107543 196066854 876447230
697535876 673966886 539847250 752768068
892387176 137440722 700111450 961676913
688868667 567338714 826571467 563022905
480649543 468855817 958820113 189603750
150212547 740078928 70298500 132506404
323430639 689611148 187974992 304538055
610659087 331390593 828311799 166866781
744553346 641242103 19482435 400972360
731658862 750832696 341691070 209414604
99185603 982164301 487365029 973401969
53664178 119392271 345171697 695637398
325354214 596902478 442575181 641856833
278122646 199673405 90513963 269480262
594572350 5927353 425329433 901247945
709605096 991632070 143079919 636113789
445687391 553749338 614515856 175764523
66824711 284474167 442451515 472250207
375672236 302545777 500138441 765200048
697222516 560213800 220904444 798957455
581605965 221816077 145330492 999529093
390314355 78953248 200739621 984856503
945455737 67348396 970613203 500303497
181911887 89676002 858498352 773796221
288951340 196933839 695512710 654722043
967520229 532701993 573715907 249195693
950002035 659296406 114130025 512829816
29007908 634352887 372259109 890026851
325230691 998891847 19733856 808321208
724920317 216766514 894399516 887369726
453356997 515202658 75988974 674446376
460603080 959110625 397303455 41523427
559875372 997002187 589100663 193974308
55290155 116961917 229746884 934484935
545352882 476305116 443215511 686327446
778223886 459388879 842027467 110996075
4997279 750450241 782797482 553105135
573283732 319183611 214672640 122763376
655140373 56108452 915751609 996073804
595446817 882612927 682138878 659526381
460740219 839762791 978889796 101233176
708564969 448967369 737972023 529046125
258352696 169892851 709102087 528646455
773053538 755054076 711132740 814300193
73519851 391936661 469048419 475029531
655028520 751832799 894096245 379729854
537024218 144566911 300825583 494847048
322882299 96008198 731501289 108869645
83789652 286716660 350195631 152827029
338901800 498890748 513353095 350863213
947696471 801133710 232103726 896108028
610311862 463980309 992686577 195875715
519863240 820137416 682796359 659317435
159517084 520804858 425355008 407153899
436491381 366397451 640510144 46971181
424742471 301331507 193446618 545472877
606815638 877727803 548794388 330513615
7163283 324819189 445703433 290547681
414624076 666025426 421520996 794110539
566458604 743642138 466112765 507007825
969613304 972397870 633018247 834693324
261910904 949116808 552211749 765424686
383102865 973965434 183338606 540163565
427691266 825474180 116960403 816246662
248025227 633424170 831031001 607808462
602714558 496359316 689371980 21495560
501810501 243943368 122206317 244164661
178494109 681578609 221282066 198953994
179861881 206340543 499662521 957422345
129023270 723643963 883766773 282145435
956726761 506457535 211690937 354043613
968207137 92683429 328216842 140200899
829843308 717087663 612282558 282717562
63787071 792587918 197347265 848392607
454973073 461760391 478060757 807741190
214052292 890742768 447405280 509434006
393026887 730226161 580522539 778548900
551080351 546471223 472766383 111879709
989544790 313117712 986286594 339966839
545507207 812310664 413983699 207756497
261803690 884802084 571772608 570009048
232032176 304854016 801977064 563567714
566250753 707572995 123866848 904404222
417509784 866769753 234174968 447867065
566002269 273258208 153255398 829821037
798654411 954719795 103336553 783887062
640332799 202950272 199151871 131407929
770616936 198460042 452067067 326685864
961916103 308537262 851651207 20305795
792352248 767758492 305333982 284868000
96843689 902374411 953667435 948924396
570693579 793841125 265877744 699277918
322492194 8205318 363647402 35375942
341746561 175785664 823368012 28977834
188504968 526910304 371377067 151818117
406505788 159808268 683181966 394284053
264731494 893851817 544201144 179090693
33062231 120040503 708233907 749044242
149495169 507777525 42404098 844893984
283412770 236699047 339463934 224537937
694003889 97631442 132026543 917228516
413158421 481624220 642401937 817274592
307977030 96321706 161953926 959108135
536777379 340398313 881222661 748761310
797332331 608281077 630580343 53709361
56561497 861438116 240584129 427824178
906001186 852060425 777020025 328076861
738040074 866461463 801589822 67026282
583321381 177014240 240553385 331210297
281596129 664771876 404430302 785110577
278104610 598515832 535551096 317822097
89520257 666570775 277344572 71584254
685011632 829360457 605050699 939777802
566635460 450970184 402780376 938081615
174485526 416303913 417270279 274427295
493611182 180414109 687673329 913144198
16703415 844883148 68426896 497731677
349090137 482018553 198031444 941513431
894320025 106093609 410157659 120252424
819719094 986232963 946831595 769622186
504982235 912269967 889295032 845685854
232687924 116753122 958917876 310332359
27952541 99457325 875991034 371607690
559758924 667075023 330476578 80750334
529732229 379079937 5511461 114021181
321161370 206168203 928973645 231892726
645294827 521036309 208238694 962423498
413261712 773125665 733694719 67348589
109099570 363816160 36013493 155505217
91311416 959934402 398626538 545501004
832990815 604000761 597702864 159062754
15844416 322616356 291715224 244610225
908128515 738288559 630761856 656365446
144477750 934422835 211839880 178209166
982598125 750262529 216079980 120415007
618149989 137128810 289902577 336196978
520197626 890001266 59309949 163457237
374752595 273059627 790274788 160592087
779520954 478477888 419811669 755963116
575465781 440739214 726001589 259745280
844643791 403971451 757500469 585071488
727428568 258765265 278322640 856643932
380737757 251855984 815980821 627586025
134810071 420292189 734107335 931982386
22238666 849409383 611714628 473547425
736523057 523866084 572163723 924371969
744582157 547511629 820744035 111699276
209188670 956670455 720982775 865795705
421937840 118245897 293424736 592125104
76688847 297372630 76783704 219025463
917305712 768526306 200270368 94108102
263796084 182518457 12372797 395271768
469745081 572969929 958687946 876254866
821830375 713872245 570872203 313128488
280784089 37528475 350206052 499992477
658544865 151481061 136743987 826036102
984417994 592990616 204514441 683077198
308881731 15172593 112610305 431304686
292767859 528910188 994060766 775386923
953447897 506992370 453106190 49079941
244929855 224888004 989498610 558858425
660954811 507469781 20020923 646063196
444543832 985131862 252392488 480201449
221396789 576935475 788942655 413220424
374066602 229297844 125213523 722103481
698109221 965539429 591372726 140300127
820738293 589385359 840175065 629943806
242645250 442889655 418109949 583427794
247240603 247539840 311116534 950730188
297526775 676579561 564238425 82971186
535818240 606896366 222389819 155220746
646799515 295716797 827980427 511948813
688957769 488309717 858950942 997108698
823328297 401149346 807368470 333735173
167137253 45433226 635811429 548978729
309643822 381614340 878211687 988027416
603180490 608379459 150204252 460705861
471143792 253471768 579746406 330804182
447038392 394808130 795414042 762549095
205670825 154229501 10516405 36632127
579297142 889488244 595491494 29359440
160321953 574229839 148733322 515112842
618235157 415785249 28275551 735142469
541422874 306530364 270560942 339706542
153177898 916298736 274568181 479817762
8524450 903105124 295263722 609205331
608906354 553311504 735906241 129557468
343530398 350806982 331538715 50488420
535503541 500297652 90143752 893503874
147874476 466239782 500757431 31276021
815144448 770134096 114422468 619813603
283612831 780813778 201824722 112927877
332071139 217594708 660549865 965796063
469278171 463024738 619278316 350004896
432306888 908223959 312479196 533635928
476707683 827072290 324529017 331178326
166776322 761190235 763902647 120496019
745106118 950568309 820286675 201310516
620117411 595626865 696392635 512024782
309412719 304088935 93377068 671129399
835617384 949037711 909543580 982611704
225050746 717596253 606550924 479301941
50489688 236131666 73800469 179470230
968176097 900102589 204960696 183529540
426314207 70648727 613004218 900497787
560846667 103958514 912028333 550328544
925400679 794027901 351148724 356419764
754810509 228381824 747877696 435227254
129424131 335953922 831802365 383785947
313292740 529031125 489971302 532805202
539809397 704822780 543962618 147281711
335433481 729166260 834150149 323594782
393312660 972705131 432134802 423738419
530897853 760451457 512591730 748946292
219715185 948469452 867852021 71771340
811566364 439744611 197009791 158610497
265176351 224662064 608912938 173488569
801345915 780571931 19431546 886572804
636937408 992791925 209318784 216799982
199512370 632923143 96471474 215464613
519083444 239545412 917121487 408807875
522894012 579473875 500161352 680309972
953947679 723672389 60352533 618544239
80610651 163449615 576819549 705305246
315618862 396624458 611666361 748045352
881611396 509209921 460854204 544373951
129828802 140803553 224614873 839594519
672975174 77540817 150924538 609295693
249331258 831883341 416078041 369533813
180028827 929164035 609043438 22835258
965627336 163914182 469197958 626616026
787772451 875021570 129641582 467065832
589922246 995347076 60775507 386533878
461876712 603425236 357470616 685646588
936635777 882076813 259018197 552451040
61624573 316931992 747521984 411679681
200446447 279470180 667701788 297440291
452666417 515202826 747189811 639598541
830474128 386630274 889980299 4975821
671326083 170618910 539523347 562018871
70130986 65313890 243186224 724533666
999213028 159150732 920879651 733540283
606678342 350401439 608662433 365322304
437299862 154101277 312107150 969865794
721938937 198889072 374288168 415087133
462297332 351690386 912926933 39180813
280817802 590523592 647907667 553219711
770036833 698984622 322902666 206808423
682635394 72865040 758272682 834731429
371384557 978864902 554538609 517509887
632336596 306230192 385130326 591000257
237652611 95168304 177828594 77931371
88610996 416619153 213128155 341037453
138836833 777937812 40802164 696484909
609827728 657884127 843548662 458503946
233897484 66242231 795150014 279084086
514404057 216168749 548882721 531562841
754491834 169149309 226882720 967463105
831610216 89274775 75495557 880075977
557497882 405530999 152729524 125440380
186186689 200452618 927996951 811344355
253703196 243220791 586113368 341302166
411685719 884774830 99546638 651149213
615423928 389851496 107308297 860281246
564400105 707660887 947936038 696979646
811748454 965603091 90411084 658819001
266320693 304016040 64803606 503385746
7076767 282674742 45791795 822947575
495395405 52623196 623864313 408686879
485960334 617933992 873901924 4021578
115737639 430274577 869295567 968378294
432440418 330164744 32733588 148658970
309089842 343407040 261106707 732775208
466453224 695828953 186206880 685722797
167372334 281482468 756078789 7703924
934220802 21329027 934604716 628319297
497060726 316211689 524896296 954604578
141029370 471402948 220741255 878843135
157797096 379632695 342096368 289599874
822685131 910977297 250988835 717320412
226773868 331746016 479854183 369586617
838676427 936319996 182327619 758787612
251660900 229711028 563823730 63870632
925496837 915125046 587348146 372938904
585529535 370270205 319476590 443294832
832284930 692109665 150524660 407457051
58176812 240752640 203309742 69555874
599304913 84325013 283284122 197316533
195292374 57220187 786954159 290942500
320270011 494094175 352259975 163138014
6487721 298749521 358272560 496482938
241558217 41419667 638050895 677329053
159014175 940667253 668934244 409341146
92569320 816145515 733324528 257745307
233851472 737760592 26035458 206838049
439247662 412320023 196337479 448851199
29902992 20667712 13428050 816866351
808753299 681217045 259669344 228828308
239965583 93134726 937166225 37794259
99069404 951594023 351312614 651809750
940555764 518561032 371679416 258023292
442337732 734266315 117208528 313235843
404424290 806235966 224062799 268162641
262262922 719845891 592563298 99931509
96882844 267745875 775617954 147061923
529076306 502466194 890212588 178430732
357193833 577191443 202586025 243464644
829637547 524910395 9616431 150195636
919520500 434818959 381060429 894248934
228162208 598473598 705945225 565750382
14039065 365605769 580752045 170219361
253045199 226292184 874093573 844759948
729125007 835351510 737405103 32429333
534572291 283278089 486425688 134243681
926426727 898571502 954452005 484701765
383794086 508103152 332815583 391921445
581153780 663526931 978448934 464917619
105394933 805506220 415024574 281163926
68202148 719314207 177097646 250796044
373861908 6089639 725638609 934691404
894815025 256803127 903942967 223898352
827355997 832183568 75231722 531724167
467024950 297951395 856715574 808261665
612614217 584040115 498831761 692812960
101340765 552827633 68573231 699104694
933867703 876056142 147265222 174218177
697494312 285986099 31241687 855064060
9812680 692869037 671411846 316974545
484550148 546094053 309320850 752505118
124447197 496680204 616996743 986463787
338618896 640446092 405788108 101569264
923868386 576179032 115965997 412638331
880776846 212200120 729392182 399007443
399475263 500496760 493544570 737288672
830392235 162684189 14704196 70929035
430746694 511993666 880401837 426562911
444667602 555849317 935447171 872825234
609191014 870961306 967542974 654593731
455878021 825065518 813167182 94616366
399868388 759148920 82194348 686381
624829063 566127705 963601348 442056093
382656381 38992840 259291015 360566255
140847624 443036707 912037250 481689727
199746213 232430722 520914755 900814529
42578054 421177533 909620062 184155630
616429146 898555097 608222412 745751838
790209466 859259956 502921033 150478534
300081863 364536511 561673695 373576067
778479045 74349173 182851221 180233974
108515652 141974253 798957469 360003367
772564722 949924548 770285799 227623548
593377911 463536467 47852330 973097869
525035269 769418956 566062051 728520045
280229091 854865849 848266258 701763516
893566188 730513590 700102119 691446100
752433318 231493344 524355096 860726548
683472516 340757660 994402054 585827901
378979450 545256442 206343749 877836435
893288329 607953479 918795 225120723
956722015 21361366 824094319 159897542
473930173 155623256 152341074 415145898
604119178 234988458 984165872 998763458
727773725 878049996 564534288 363962908
998217806 261494128 674007532 178655254
902050638 140986400 472644595 561943762
262502328 472376954 570163100 372612179
382474477 153707987 317107452 346333490
587696266 471083609 919623020 196561424
221973250 940533761 955250802 106782583
730567489 166639511 241952390 235973209
921529229 784674244 429408040 294205377
753258634 170578033 511958842 70308037
575719689 579709896 907460188 262852451
713567892 318610122 971664832 203219219
132754431 556841647 641298596 230316107
334070647 58768389 671265692 968695553
569387277 925340085 192125194 990755100
301058849 566427915 655262022 118961252
902695097 167601013 692117149 4696879
846844131 302513740 617426808 822237287
978730998 498281883 418124616 658403984
194483560 298442485 543351316 679132589
309864001 879888758 839263695 699316997
637321667 860289785 36508065 577339905
717628663 598137154 984965834 22278210
477405975 527001987 581118954 749159461
350963345 924888492 294307124 958572044
219109118 779584648 544421883 77024903
661798323 704100830 138516743 509814763
989763410 379369460 165219726 41826104
67311016 704584618 816822540 734334750
720560969 739244880 135917894 19662213
684666035 55732186 433495922 178330096
359737098 933698368 832103835 6055570
556028676 608182689 693224342 710981927
142412498 428238992 832801085 913827591
244984658 112381162 292847509 954781317
429080880 590089419 125715919 455405849
197359484 247295734 887460233 134148916
181433324 251020277 320666704 110773656
696469334 194653628 538575416 605176612
702459457 26423947 410628026 563261742
811321042 132622880 797638025 120125997
638179457 881369808 507577271 370291733
400376928 462514657 433343057 433547723
932046309 782340717 56062890 977738397
629362508 997370816 742073435 778607735
667670933 309938864 206829889 794800007
694146984 574819196 651150156 758427882
986934099 714314451 734757024 8400900
998961505 836924638 150753432 837760249
606604629 793042554 566102815 55139619
199694337 75382992 172358782 530770621
998625298 159506695 775660640 917455615
254175274 121360984 616289477 993901983
821886243 364534908 731274711 51311678
675351187 668095693 30059655 740094404
540635410 133605424 993943906 705672789
425948046 612538225 107304303 425489688
3465581 837282531 261783475 544504616
745375536 958739216 205221200 618019114
279314872 811705483 895575499 335930619
403327827 928348817 445040930 820360211
505379220 956795361 24266980 881118612
609531837 821949187 233194239 75746808
691539180 867171185 442128799 239608489
225354762 414647162 938325417 370469496
118350040 756070266 295149056 205926071
618496250 269025203 115833740 38467832
889027847 773391695 571712943 477692119
340048013 673862966 26952418 776203129
885239583 74849761 977586884 43855770
925465252 223021488 184795540 180813164
579932635 284348563 895465049 774317247
775069229 817732894 198366980 591168464
55263778 461459603 991742017 471694432
464535830 368257604 959412615 679126131
611994909 756768853 475328595 580850477
816059898 43937955 432241916 287371570
163652526 60897582 122394693 337167652
885141801 67959809 4958330 425987623
356758417 410618198 563556300 853121222
742172177 989087774 180814402 543551967
197788251 799093983 630713119 768477591
496655158 181622610 62852462 735379165
744223538 308547486 80698427 133994567
58156127 644395404 1972641 923663914
44160092 438363715 638908885 263064111
358021412 629960874 801238966 821395286
783780473 750084687 416781977 332789604
926080279 849552972 64047092 807718756
833312153 706550780 850789168 365088824
150175203 266896100 866734831 906650403
810961500 968218113 768890735 860002351
323530955 673630425 485613743 203961981
105223153 696037036 253018815 616183804
948311394 2517425 880620720 634087605
539533150 19129047 863884605 319377954
438602200 167435081 834164686 393688970
555335722 948389024 427693647 558350303
839439186 512615514 264672886 976738137
532721883 633362723 740148964 677646496
24569097 673951004 634886967 920423711
719362073 261271464 241727126 219704845
73708752 830834460 686731146 214119682
579361172 518827807 583954818 407604117
976008629 869465203 624850009 288327297
440143864 907481816 29953672 256020437
535779276 313901261 571486102 252980273
744120550 854444159 37922691 920787279
536290622 824579935 7368193 120249020
873172657 490561579 635442876 543069519
118273299 622697317 876079475 673096673
911839677 327050991 401025721 319104962
163528400 709537842 248479093 730463357
382394163 850381927 428519504 375160502
678736976 39577326 287295467 894829642
920933825 191307548 353025875 257020049
720825137 810624261 80844604 353784683
872843529 216423236 924374775 625854504
925399939 514112561 444063038 132566050
816730910 330031185 364927873 601900308
239291062 136805714 766746277 656841838
456375112 173778765 163172745 435001606
760851356 791624689 403421739 420000823
653110461 521730532 8981819 112363347
602256288 882249529 337921955 932729445
966954642 985109031 954995371 473810979
195250679 850610031 971500660 517862255
231498718 724844492 313216504 731589248
953746081 781564130 327567547 193774735
745523208 650116987 14047104 282715961
29552345 88983639 591537425 477479560
649864221 902370428 560118295 547673439
530634996 472532222 221843987 699689722
300826401 150204487 913936205 107308704
335300846 681598884 790591978 990827343
903599608 983453084 66631912 6790180
89437302 884371965 685313309 468536683
944067378 560737016 322349334 829611326
181102740 446712957 839518909 893903397
741352108 175149382 926646695 453940823
328340104 922591611 738581803 753070156
355684804 333415417 818653480 785205262
893534140 552540605 965137562 960155841
995443965 420418219 624988781 311586900
373315309 904786379 495138014 811539678
671358207 962283113 893273137 944232268
346423757 857413958 322604389 630840913
947798447 597570957 568494428 464358965
503450719 589502283 236807680 989040435
733524527 660205280 721553793 172450208
436725956 968202548 95988043 919357281
242781199 380046130 49658973 903213331
33091381 52301307 615442746 123015344
100114513 626408497 540806235 725616195
207148220 527280094 248758759 807563916
718373612 213451744 864751438 623622303
294416297 468413971 473585401 427995671
420604661 765285736 552968924 898609591
773529302 185378836 971908563 860571404
432438010 684019537 907795003 363495028
695876203 233095331 434756285 989782377
222519343 612156411 389414882 170776348
715193423 413513346 76473805 557145252
629396110 553622668 233413305 469778516
571016054 21363962 297585848 547705665
383001631 519057103 460295938 555408330
457956651 379002112 841527589 204425280
792772406 418148095 718513683 729879993
704914886 678015537 274614649 945948904
649780890 604957114 269382868 352375797
361450298 23521892 649797301 911761454
206187645 881654661 511861675 312183135
862575782 456791260 499484912 58445957
521757550 11732144 284707582 384909543
856203011 744136369 397334747 584386574
309707696 327003088 822519630 613570641
38539149 678049782 373467328 305578275
405295669 890384110 870613843 793207621
529283992 682732457 642606911 94905393
155970027 96773966 207966084 566984791
918371636 825665033 35051076 32750694
603738327 646892620 527257146 116186938
785463255 642186921 843438800 256648309
144351181 63803799 492440232 591858447
372184426 359591825 160576991 434489430
14672096 733603738 57152530 611149271
57128438 143019404 339896035 578840839
30243044 619260546 755654044 88846765
278175896 361946621 262992651 169966738
629065310 770121016 987757138 624562172
475158308 502796219 540921192 542541527
712597899 341529824 470834193 652452530
128695091 217762170 901472813 659014657
249819384 118005112 402331341 999167362
384768154 295485557 512460475 550792676
61322461 788919662 989143235 829868822
99089381 589199112 683504019 385458953
867008104 411725443 719871727 685612652
495903059 579454487 558251242 461555611
744621010 148789585 251530966 3061100
526288799 467800743 862668549 197052783
331809546 411615890 435518872 579826930
876864454 549550104 201616595 302219696
202500263 908294126 55634702 470009459
54968585 574855396 363439210 573424351
527238473 544876156 178407531 263935694
402969870 981619045 483738875 974524150
516459612 723768629 780220843 928567526
289171611 15965790 428199071 504579885
802598027 626670098 189288553 323264303
223884943 134516581 923209175 81791815
416759328 5370495 585886068 357484239
117255992 464420648 555332378 853025409
632224474 859066987 230107254 536887689
183608907 695510625 298140019 968586808
85364982 215801881 766381121 283770000
725276664 208586935 742292582 64664767
948497328 815487086 63325009 387221772
943757934 698243256 974896071 663032379
636078731 995642112 834022676 859128853
726942787 337242081 878482537 756998040
654667096 407243048 313546711 387885528
365213399 587335148 590018358 51706000
847650858 626875430 482978588 590401415
861039987 330057316 847568544 896191950
619503875 873522500 381438417 612030386
196310055 363800637 348830711 493506516
345477372 905870166 593693461 781475235
575622884 768976681 52947937 409820308
955697047 833280835 548841998 705502034
305120015 911001767 975523903 30412322
39677593 715530543 968073048 332437772
201863099 306931136 61528197 409473173
816261311 616915956 805050819 825666009
574513355 483219681 824478996 560428492
654094078 767203780 301175858 694890692
245863520 577552243 990869204 276798553
320079097 280949797 974122975 28784501
666624097 41183071 66784457 49128133
963066755 788548103 179579448 102184967
85795893 676983634 807692041 280979026
936489502 48453177 510906880 965144442
507945706 514535003 446291862 254404953
40605431 936365421 797700114 649686665
55119507 101352404 310118684 122149947
693378769 212304798 385581631 632387223
36428876 614970228 439187705 487582183
288978225 208565637 875828320 911262824
91469788 451419695 815145616 666383682
256675380 44265168 755338651 469754250
708928714 21764705 773391850 631737856
750383927 87365620 667982623 334338889
667062282 964290891 188398900 445669499
4125024 897002203 456129328 597198437
705132394 477462972 586361615 706346501
34907492 461892819 796548487 4041328
728951204 448330096 982885401 783819916
890992021 855360773 609527908 360084756
632598035 487765996 82677736 230678196
829721090 599530431 907880287 783690883
47864871 265062031 839883307 337074787
74812418 256547345 877905804 833139332
551002687 590451849 708719795 146765470
579668397 352775842 866305853 251651916
863400765 74650493 506714770 477947243
806777976 169135249 358527893 272574961
356090506 344214000 933344862 200746632
225012010 568059678 966574301 551782237
872780730 94368017 539975079 972883589
134914877 680157535 596851105 368419831
348064165 428711756 790859061 589328965
212644991 191518731 763510 210783152
471508197 782491921 849805265 81453836
188065984 105141896 814900926 65162842
545777466 331294030 545025993 814526193
835511371 248049316 107605712 966129446
507643389 424866499 324275671 81522710
628483557 668934635 999571501 139043188
681447089 641982497 277555441 378220445
914487721 802683168 528008299 700564527
817772336 156243540 490692698 448282451
816996067 551009780 778471632 235856410
749150002 596186807 563553443 980776410
754288982 19843836 875535576 424414279
996210061 532341208 62595746 377298613
620294570 299659535 92241135 533981683
845763751 21837752 459784548 860128155
429005112 483474535 483359291 265153804
558439952 939931687 778268268 167388005
947516145 744587781 324494623 930593526
330065373 526817988 433982672 654560690
428963039 775157248 638009089 879441307
13909882 722847240 588250923 719559441
786048954 573811707 894976679 102315561
526316963 417336686 574703727 368696045
169214744 785322108 504597581 268163205
116125745 451995098 414535127 8522979
17162717 950250987 626244526 522084232
113536310 287027654 933482965 194104668
921244627 34137682 922970113 328021396
627565106 172029800 730506249 863829151
574523215 685460940 592780612 653405880
94217514 944759599 739050139 106088446
110912575 883182321 253343692 773270894
195933810 715318764 861301494 464125648
881731343 790440089 515856381 56085416
436184023 512248391 132489819 347635076
6057431 165900069 533138890 855766590
463951668 473662570 744961246 587699282
819018799 410036670 702312505 999062836
461685947 518310683 300658120 304512500
604398662 551845292 694674542 31977942
273201263 910343763 731689554 125141653
642044496 921165453 850465674 142982133
396317033 209323137 240866048 368431583
72881698 444469684 891544927 406996673
9173743 250747994 958989881 610792301
110951042 131624629 623114794 85201979
273121746 573887475 738464134 679536932
356531999 450987172 27714248 580911409
17891335 925215580 814477364 790013340
712947452 170139679 353700317 104723898
330549670 459501208 345402047 313994018
885834434 936057913 227673468 75115394
668446705 289736841 858063202 707942348
364878125 869957124 165695437 449394097
905843531 931375739 841529759 629842401
994220448 892862108 88494983 845165744
66166221 858487114 848554084 812389900
93429901 696390013 160855951 48976195
843216280 871809433 677823866 197808932
393183527 18183903 606328202 206699079
725118591 912377712 870545617 950485852
866104443 469902259 507975220 509248476
797145113 572180915 113345026 547929720
32817537 256583444 202501688 513419329
561869513 146571651 5744248 676901164
52820525 130201956 291488546 466597892
490398749 101567439 455525302 430141369
894608945 49438829 97191204 95834367
9532344 889658447 712098235 388894331
658937074 271371899 178757139 986637821
174794604 329565944 841224856 701823818
753710481 315304175 922755427 954052731
547419026 817726820 884980637 429382259
103175906 55780441 387482811 281027061
201914940 438519439 705926483 272840480
852889259 452394302 728678492 902934968
170635870 758274852 841949020 617777722
521631036 374836896 185291498 857497831
355878116 110687994 145597700 697399681
848066212 978765571 782532392 335032088
615796584 888656777 820973044 85671007
27175240 652668176 17455818 566553897
923635562 472645460 284614401 719840866
529555204 13614246 64280280 58050780
972321587 44586164 805769241 787385540
100148774 161929014 446435885 336100504
505834455 793936365 831124132 257855446
850417807 814716095 751077906 389699129
687509969 381908288 156970753 196135493
972553496 414630594 442627751 778779586
856081696 464544357 394536485 156080892
32986796 883433233 77908067 999340441
738717278 631100233 408484160 268609788
138960699 890699621 555482978 305667240
221037627 513257018 47244551 713998258
899035945 660337612 245117212 18940928
244922874 916495586 738557618 43907088
886324207 508217048 762682565 848177625
366892144 952102422 722054506 603274846
663161269 420733350 658918365 357245901
678981195 489615479 370443209 152576800
112895162 441061508 851230986 319217327
200442948 211241323 405524650 750419961
758273231 506478768 205620909 828450046
450011318 733117134 429123282 810864503
186169572 396117076 262340221 86776850
402388727 250503543 729925528 108576246
762917284 488551988 74660845 12411012
548205840 528671792 214837798 575001017
787396908 150435189 232468279 802092742
218849043 116464269 169877245 438762273
615500155 605703459 767191894 499547487
663847678 961583526 945261608 813477190
896948407 432348404 471561627 368660451
636896099 86255867 552386931 61966742
183991395 7483432 853952310 985214643
736843415 954892922 431426742 462679664
510912024 217927855 285475403 436377355
218745612 897828988 812157206 627018681
829636374 120869575 305874593 399456383
225718826 595129452 389720637 251453906
442330294 424823547 723947313 71946621
896334407 357214151 622880104 184300688
827548131 882523437 161313358 154761758
409591465 100832375 992266949 395984268
840601372 812699485 799240901 831103922
251578513 162880630 740500847 166339852
711333741 616613923 720136832 834971247
331672643 969637577 183310869 509287214
581144468 838778465 836315963 446176526
374322016 191787049 819048019 850730449
237138730 724293798 409920731 911888111
32551579 513771542 448858766 263168398
830364415 811508459 250843869 669506783
280485292 927237777 468863009 839358936
211929053 113636270 508401388 939036785
565383319 2227299 809000437 365949918
999868935 577840345 936694724 927313025
903623032 19191866 486790311 795116435
630801845 72374622 407912680 309600764
75607144 460034371 671911030 930645553
833517714 401393032 360124051 819819693
269009660 196966455 53502683 92481939
360648071 449745873 289667728 273073026
823678012 288894367 462619817 383411596
481691462 373699828 557147760 362621668
527396799 157784416 742738303 485794536
925564662 699739898 743268836 859953787
693028463 656794723 320639591 896666719
57438795 980057127 523612228 226229997
901575531 850542230 822176188 273290967
607571814 708330367 819517261 800793676
247877195 926565759 883594512 102896763
919716350 265368875 156034637 383468254
296264686 3681161 769263285 42712188
785158206 659529366 38717251 31122248
352896160 816031804 240483523 699158757
433718874 476672310 529917795 740434163
648619468 328153981 334265089 431050672
548463148 471745171 230895386 758541069
726920992 416836979 992193689 535977622
283765941 338645719 677630776 449921204
433268278 947392006 762349197 207785552
300532482 544122680 589644696 52631740
655715065 221513978 151006683 400516127
297383420 831867763 724481575 970702494
532538116 841539537 612550041 956582591
526097131 133999667 922948758 728293492
208652690 885985513 825649487 654727235
274663785 521686928 282522662 97573485
297082161 631850673 165129304 323240417
727385582 148706698 21141236 904999227
659181550 412216116 621057581 539537834
284252893 947883591 724490419 568793921
99514543 909522318 412943398 470547404
544063911 203148278 865271435 881044657
16623877 596790337 347261185 694111753
775134557 377540727 181271296 897829300
791605230 158763228 394414700 317217978
66423255 104434767 453720547 527137268
324042972 992552158 844420119 916527707
356444236 70808598 527191783 620613325
502070664 532895011 366318254 156677785
379072649 497734192 949301098 93167096
735575311 676644330 738198029 516295022
570133211 527431007 687831923 289016965
523306781 328521918 670408366 516031861
967067306 655239118 304085243 803801362
469572515 532284309 490904792 929427577
928182108 263607678 576628112 655500631
949094647 841789991 880190765 490410658
796095046 84087405 859419293 359009694
860261223 96713632 531913479 342437157
832349725 950278562 604759947 271389726
272149228 814451432 59259626 78055467
845786746 946116506 137838559 120807096
541570104 726299295 179544754 611057920
119507107 100475445 794314574 824002842
169164219 852440567 901765067 275351981
983578371 917312074 866329258 177060662
712353142 296497592 320319678 905973150
644323855 239323649 305251949 361730577
86693875 468403055 162207068 188231420
970486092 305309251 509014984 38476592
278432772 814447113 65199170 459113026
858212689 168218257 218399014 631772114
117183335 375444491 29182835 454745388
955077903 31528311 710232416 235697005
274798424 183923184 341114013 78597874
21416981 566089025 929292722 553600218
91631818 904566397 815980145 28425071
73760998 598076893 769097835 429275433
165348508 302230913 380770826 506469847
215206073 531856589 703548220 492267196
922734140 446154916 693384916 105409718
833729997 640925744 35370167 221536033
911194747 421001981 270742240 864297496
75738758 534920963 105000666 707824078
432886174 817450466 762490602 963647126
639248246 718082134 619523516 280609304
152156622 974383088 252531892 352389517
41665077 73269026 613557645 303706142
248135573 734919350 685618928 893887318
192065368 114658829 283150879 489737319
985491875 270678940 824527149 865456529
840182621 657640800 218878565 275436090
57158277 851823218 307546742 290120774
208414907 795163296 418332442 953337408
246425654 500720853 324003166 667400919
680851566 839151473 12250959 227050170
186732139 339048318 650421813 202301311
931437095 131204619 709302028 844507494
349740223 734739716 933938858 886780099
891701071 826648194 90410284 221136366
272889460 667983362 131360190 301691620
197561550 419379676 737403469 650907924
398636175 621076360 74552490 545092256
246841023 777782990 268887221 812392050
80284150 117077517 257361839 238929422
844797133 542395526 35822305 718198386
839582737 562268901 214064979 398120185
206825502 276831604 571067349 539670801
101115041 13084276 773122617 884652787
455469787 592439300 216763897 768700390
430848322 422223599 845136966 759188256
630106828 967988102 870358592 347899687
111132404 67926273 71344743 205750461
85230632 707348215 468600679 700145591
901655756 346629095 508368183 89661365
286257373 366614162 633901792 903452136
285895740 364271191 342139124 328082242
945835674 159293731 88074419 945967670
23282263 260353277 217294200 83583479
282911186 800163561 498645599 369737450
945511810 555299143 63616822 641806376
761739487 394020802 843761463 799631185
579369215 596660050 546065542 552845515
582900543 750474588 982780029 154232062
224451418 24369742 886408206 880098439
667743436 334360082 626203627 777151208
744905711 277803774 612816810 213919557
57334098 923289841 22076913 15113197
376725603 27851533 166864155 842376084
915510429 578915705 532653714 585082759
450334131 706398374 487858773 459465227
220117935 664840880 575791101 895884596
768400924 390757351 282104300 654117964
417937936 271399469 949090466 73654890
534675032 564214662 592443632 519770696
191040760 282934595 549648705 570615309
317282261 986383217 478017394 465756275
240969968 31767981 227910956 453903817
650167456 795237553 63309583 481881786
814095863 538417751 956420449 945634173
319649727 163945597 747141094 763741971
921774801 446677105 629713708 782826315
743546000 333386825 685793465 786053330
654157725 936597679 670203686 904847631
784045040 471150450 578851283 689466898
365175097 798739129 998896182 139859046
181440897 336581047 674868989 919308438
70539972 368152981 101094930 481073123
332325867 317655450 356514665 82791296
484129608 410346025 201665463 148956954
797414990 666830211 35851011 469261063
737065175 240240676 641828329 208881821
743425784 351344499 495247409 654676317
860934875 482220695 313275973 151881444
840811238 348082632 754079656 412065515
761068272 292195119 184853789 615240978
170945574 709750116 647539423 898229062
699494084 325661852 843955140 848893759
119574747 285576116 508329885 504141640
958111780 925750637 852784064 673092183
810515301 189207823 892158728 679131965
241478837 746492047 564566078 612125315
532202622 591027136 940700015 67953233
821803525 917532627 501959100 947263006
962391806 356141124 499714283 924705138
543452148 317830139 363378408 221255208
851917605 726231758 421866958 213836467
816706063 79583719 92277725 485877166
3831905 379452787 199408688 182378779
974808826 516822240 716759527 784382742
403284540 807247249 274300317 939926
487467771 591223701 757316753 199314749
92084047 890903387 538968489 794245745
93843185 830679051 114759277 580058746
520195668 908122807 444666882 715649812
107894719 804748642 808385884 377553241
770298971 90108528 949890171 873994805
162140726 729286411 950873378 790856879
948684842 322059379 446165049 203817282
888848652 383068218 590274976 698200978
313247055 531423384 488911232 755162408
169216840 194480800 116545704 607565979
322819494 163164126 733436210 732516134
228922775 697457506 679196403 4593582
907548592 750908602 294095780 945789180
40982090 824491255 666931279 415362606
239412485 401403043 795675309 312489045
979576756 671229267 159864221 820883283
663387201 966190251 392927990 860948216
465928013 352097629 754860827 445118816
779812697 729985767 278191656 996445540
87977478 744312937 133583704 117011322
814715105 757764914 215844836 443789318
501743882 684140708 438810642 490566549
282187764 463470673 40428889 855456726
978556336 672835930 221868415 324731767
745237874 777103999 677239599 678552908
344827533 332551721 712111967 293623132
815908779 468221088 899032342 662331071
946236846 481125263 428888183 194402261
440928658 211943854 161801813 731882481
948861039 529841525 301060143 980199955
332182521 374192663 713679004 822223770
373206473 317225176 260176577 583537817
859729560 964473978 43195981 101725784
744440432 247577651 113763237 607341939
695406002 625820996 626681421 917038831
609479358 44221621 182503541 578682546
552197393 941198469 414093435 599207356
951894634 912577320 584849566 933871606
857516505 392953357 78720401 8462024
378906082 88164862 510981144 605871816
696419777 996027896 508538089 244392773
817005681 286977390 387464935 743376672
240775525 820014263 340612873 499628466
446946018 905731160 978806553 487348597
970507901 683653084 627117944 22022324
385830894 147029737 22929562 705301367
684161380 640158529 794188322 668824475
705230533 522384203 559456790 934332302
456065724 85592671 277737644 776698757
137349819 524248796 399414008 411200824
359389521 746409114 824319243 69947151
57241278 42623652 252256907 387378678
474152767 168010871 379279576 569992207
675679851 787607876 184563701 560621645
203565210 109861470 119448497 219324294
538810271 211069367 312632467 38441130
144135951 115319647 505652705 617446257
761375831 548804660 613484674 824562860
49856581 908424673 196472156 453715212
822818635 678294469 749995241 585215515
662757088 696343176 897885257 132637002
78763517 898533556 642060159 126269740
665138104 327012164 862245226 612088416
816360357 323871763 673234797 724332907
33953458 208673862 283690500 664255901
625364005 410837763 59907930 170697459
866072482 521210157 444573446 675476789
41175858 234905432 89881025 831672407
451670841 312808435 403905680 727245742
390250859 381749777 203104283 773600368
733768129 901237069 926211650 726659864
953180624 313030994 197513788 833229845
696914950 985300333 25773267 878491620
732873480 564474703 166528276 870714278
99016663 478755117 437390797 42134577
469805226 748893868 853184177 864500306
62637182 30102737 588129925 572872246
367674282 331860848 277018370 366882505
219237554 695462459 503454498 975868054
648542 806589784 767950352 838082427
212866792 698906041 23771224 157705062
475691859 9907062 662079707 611200803
554338757 181598623 208477352 454118426
62734874 48074718 8863161 814559368
858382125 91735928 982697580 691633652
937657710 661486225 281008011 782429944
761256173 170784190 316442339 966837641
607845713 128293865 674119209 807034310
727214181 934095331 516867608 909346639
489389255 952798874 918956126 453331502
392333150 309811790 99450732 925781038
745644242 321968529 689255832 977271518
237609059 837674493 407544697 921788621
224139478 543735691 2734874 935413760
550350398 308081168 98490847 737385243
996186635 766671084 736001730 231617899
761952809 466541624 240979980 107745453
273733809 13709235 217466715 608579834
236644276 131371188 999568199 428079966
235217207 524143581 367269213 394090686
399763672 508872622 153857279 600706712
176286886 172924010 754611103 743346156
905419235 806693254 542477119 490080177
844894190 937066083 395288127 707622099
714911727 859902192 27423508 596671430
925465646 604872003 208549073 755621847
991973446 309660452 699293048 751850910
399492736 731616418 900950311 749437592
536838460 502135426 367502246 889617082
460917024 361703623 861020828 616247232
431640080 590956494 34569604 675540988
767873504 377583990 609193459 466030505
568215351 236804352 377150483 871608974
821374929 341408589 384457498 658134927
362382124 442354176 765146677 170381193
141298076 495031167 709509144 438889905
176927171 453099176 869019612 150948610
920555299 128353663 91390312 20271912
87786269 445786751 864844065 335817690
88630837 623550987 430648499 766522546
673923476 762553094 26819444 920526728
907015291 58977833 617769128 720485448
264903589 890417751 402903717 488387235
183844086 978485185 28766685 354906889
572100387 236453152 10470234 900912115
637547750 723100112 750791982 746432865
96964074 481914872 499853793 672159520
832697601 126229203 570572545 985125523
821182662 83616474 468263165 574210527
728608723 529408104 407361166 896708803
967059166 705568414 484972073 323590191
511722078 161922143 309677856 642277389
114190956 887830084 720823679 145887729
703110000 928356212 425251582 521243425
55868243 171020196 811325425 644881006
596690251 701498282 582266034 279098852
636677569 305718129 698300133 597413517
57891743 998074085 554284499 632184723
118570644 158127503 678515463 252234082
332511989 960084875 66867152 487437732
490004054 759414689 896294513 396195335
373285050 901010585 945150904 79080215
196849555 985289635 901414865 293106204
295948241 91819931 388027386 785917048
791284565 687925826 112301133 212863753
964083543 457457646 936973620 161109775
882710587 701020269 52507552 543160274
565831238 343235396 189607309 208456848
735328301 590839666 939153065 837225086
78475249 20099510 590072136 481624664
357410220 688812732 421498361 482144066
510658130 523802204 609763807 12735070
20836295 978872537 222008753 176786677
254888897 793122305 953847665 96491442
504598810 304659581 159806583 988114093
197463084 724276960 474994096 424430783
53220907 404589607 420418404 987572316
290569709 800378320 405549083 279516631
230456704 813105862 747896644 5121281
243030079 476328408 943679667 555794437
651190265 38814176 641004948 478666667
17502133 786092865 183596958 378546350
236162394 807141509 120358034 962699318
661323515 664624993 736991724 805893494
849416323 410994014 951558516 560219376
768939315 68392322 726030740 386355040
642409312 407485646 100120530 356443397
719454344 900816261 321990829 168729027
609261648 174551246 761898586 300100062
770982393 741868230 588191580 85941161
725674661 64975915 557228665 570835051
521787907 230850478 984903481 98332690
881994358 174281623 614728093 14812562
785340591 387146972 824709602 835644036
379599884 911494811 453992238 660435547
46609911 118436380 340128937 394689154
894984258 315800576 571272014 513445
689937951 786639152 634176926 883743647
343871687 339148871 784718590 696719102
466767745 353821308 993884801 913593306
700161096 457893537 348738591 528740742
874112879 674456346 810171691 380174314
982722540 595603868 719367649 343258598
489223326 123336811 687403336 139459566
152112235 277153966 366479023 38896141
498608899 369589625 917475595 721846634
38290550 3541432 536697810 606139979
550695669 250868538 521919920 4425485
692931697 165763313 726164184 690681935
966466662 783333 936832341 758898288
733007705 496310930 349996464 838143117
670970081 69866618 368974276 149928552
239604346 619143363 296518982 897109525
998436552 559999144 339145836 655922388
110496505 352273703 404073033 958440979
947961876 122565692 197216781 18150414
248168405 197719603 719813907 618589259
481802281 389667236 722140257 681297100
388953163 379154132 521706369 366527865
116962876 215566535 487786624 200814294
158073036 276987543 51197555 636752233
164304093 924849218 691374207 967219368
956532522 38155693 304452672 361475424
543763505 717602583 274912385 443992277
743391943 890561403 460691508 403597602
714058697 631478016 50615010 562943484
623533992 828333264 995243583 285224928
469429825 597592839 297264950 612992069
27073024 472938479 559625878 823297322
46311245 518891072 280523830 967308174
172923311 122880759 847866996 499823973
844255165 155295175 257422364 12431215
94216891 759550686 416394319 983683681
387734682 963757092 714765141 594190795
638817637 527765577 406876804 434736933
33555855 714714327 34727717 465843228
635949045 568477122 62588908 765639406
957790660 229508932 869814298 515359747
828425102 851336918 674859930 615195068
985542361 116846651 159573928 573949365
490108112 498985706 797109190 986318608
977617523 888470932 509237439 211816875
730247781 626389505 72334915 842296169
400297137 6539176 396612289 223758790
883193123 745269055 318564100 637335538
892962761 37614201 488500727 583154360
572414483 259823218 440187703 715050058
205770548 766530141 244071838 206217936
32528643 840674123 765701514 649071457
21988025 867952221 299781567 62519840
718454773 690638816 564642312 756824478
816544159 605068752 88294939 821935258
433888039 78799941 635708320 387014482
717017549 238016096 526141675 327442422
408289788 799404976 785095774 917677531
555829012 73042599 751185668 519003982
953386196 890896242 212257888 401951191
150063985 952415496 763543651 284755527
520858150 813443212 887820368 852401247
873277214 578847162 49707115 40417840
75573478 515760228 407964240 309367532
636361262 800983662 571483024 584511745
863979438 831479981 390997155 561101174
553794777 366195477 758195734 95641180
176011548 634727228 459644759 128955975
976618742 677953039 276987533 102729611
122787617 963341801 99463885 58895858
280433835 284509116 741308211 907646245
492665735 735517025 230231218 167258249
196350533 778252113 426977030 547211354
698243164 119463789 291930534 914025920
702002328 653546127 880951884 726384699
439772921 417247017 331354517 402443503
417515920 267095419 657320050 74455977
268250002 820882959 615739018 20013406
192101592 315309491 811690434 779873869
506205271 916141044 676168113 757445917
957795711 212858063 8182278 507842327
221852993 58148867 95363170 885896831
592361705 44079553 896225053 405295989
689489696 615510573 864109721 936646152
469264628 899552999 248036343 470809157
662896956 630553181 259848770 602165075
991071265 145249225 509318143 752168488
443032488 723503377 357660221 865680359
258952998 384252457 502163619 440703684
557168510 950211366 115781681 984616571
795009495 613407236 331470725 826256949
781790274 410490874 693581947 238764934
838843286 746893744 494852195 967286599
868267557 895374184 331636365 950347793
224399680 846755859 706182480 523168256
76320193 816975065 996140388 83369026
964463642 322891168 645598039 182668833
50748745 648475689 970694838 584952316
763044419 442354589 271019272 975541306
782817077 575952749 570854627 501250002
107043162 774564421 286938876 437096385
823561287 285739543 716729833 898778017
446656844 993602943 48891298 208803930
477700697 73283593 746336082 203545082
145794851 273346654 918907551 9002175
468840995 921423394 399333577 78119708
260024129 889835785 598419817 214951141
883621456 879281347 798170317 930392637
675629046 676072263 77575946 272373127
616273285 864563316 944084608 7193296
498321669 977986141 141467752 701409151
739294467 899248734 736777147 419639105
741874564 359961653 623128173 726665333
812384426 347641190 225079746 647104978
860316796 715720702 948067243 457081275
69121233 269403264 363808943 829973345
165084437 690464149 388370180 344464723
835180696 425487800 260653883 28324198
608693079 393788356 790176671 496947660
365130823 412091177 518253119 497053214
12813749 981454468 640594005 940962396
909774260 47746146 927140550 605151477
734771551 93141439 561601370 145357119
515982679 777453647 742747832 340031483
285851792 806576472 833942924 271965011
816771245 344687258 901744574 440375680
708172007 379802192 90443490 801877402
446316532 353840970 844501146 976955879
545305927 599787202 272085216 49319114
786022050 275039972 942280294 781314025
852865947 854085777 549470443 243416692
108606415 999031114 871069046 456768799
499092699 422441414 822836933 589015323
558359181 767594335 859741688 274405149
132651651 809314012 509690259 584434119
295922063 228826291 411773646 357304125
220936300 344502552 169432845 842196432
283272507 477911541 46346769 928587848
451611291 661768689 432563074 182323116
823061352 128354531 12975952 377976305
418293182 223807055 859581654 270572756
254230302 937724777 200297611 517715592
412936144 250148402 186204438 444110704
989505809 765974033 833692421 969186255
809768377 841627302 186560477 763396096
407838143 943924584 80686695 473245324
201181294 936279996 444725253 290684477
871830471 525207194 785017383 773181006
502143534 731746629 855548431 625225792
951675370 681532703 660556630 469901368
946656670 223369424 53596338 919377511
884646663 940108615 629962583 173178119
79259015 982857399 36058053 260537317
691243545 132404234 492097699 797026917
617602333 338450534 779815433 915629601
592347359 41740024 255169923 920652120
573234098 793371902 534009402 385797530
798861488 322149510 911060307 702071850
825933335 502155 425143956 512893654
426357466 656495158 115830281 334411596
340765907 599132206 59754570 971860255
406144015 950292525 609991243 917788286
80887605 340216082 707472114 898235891
851846578 796567321 549098081 890479385
660024030 316650641 810713668 877172427
764025139 30221647 266744721 770560691
775683757 694892221 225247715 973348738
248352147 570324141 320148822 836937349
74667048 367859359 87396614 627039662
412363465 431799769 920272245 106134917
443774902 653084019 463941319 26777711
370721237 98070493 594822648 162421560
220669897 840443229 66165348 997291768
424892988 645557638 674626707 294363328
969264540 647750383 672979942 539495656
675750934 431254075 798525756 513273656
720929139 656325910 740364411 204449548
816709808 757633849 40398215 936791831
96449153 588983816 780049513 562223176
197214268 765464709 250062384 139907584
434877989 320031827 714155350 620400627
642389716 377792549 214373554 809983666
631096023 163377948 744424796 723160479
980815656 312843370 129318328 32829344
970011207 495356594 962598993 321551555
498592002 892014251 942548577 746499278
606261098 8723587 330139100 864387815
299913820 496820547 312567048 294671364
575173371 784441057 199335828 348841438
145830014 589423765 322063547 745214636
430285342 571241604 164137234 769407504
962953006 292661486 782113399 219347554
595346080 30937169 750482668 926951639
362436264 529251321 469897784 89672191
488292703 705535323 637991779 938847345
525376892 614666713 146453352 430478887
273543267 44163390 54733004 846849639
298557071 962872598 186579540 219404895
478926969 631173956 388863341 612545135
932727592 483466583 18039083 439053560
738102511 225394271 86478696 443094693
761506198 948706676 749129102 747697362
752755729 718159302 759299060 966909169
137371430 890853244 159937421 519432656
759324866 605417193 650029232 197476058
216487654 31409103 868045777 375942308
236142617 906212035 172958087 379073568
459345357 391506170 4240735 331590087
84239721 351471951 177464432 146970139
594455685 276569085 906408983 764491508
438353453 324956963 952349374 470712822
529163301 356837597 926431536 484791196
384144750 400082052 852405886 119190562
522546444 40882601 239449941 504626682
151171146 705450262 745032669 138833088
770309829 446856601 731052010 506104080
275552247 126431468 863235509 233504543
528489855 890986176 383679938 317580878
684621568 258771072 138709607 514012842
201128295 464724807 198095021 244753358
298400226 371580816 313863885 254320874
933231700 414715862 178815747 962641788
188412223 62236975 580013209 543894062
775546689 295028306 878131638 404302527
976112606 833882926 72853691 778667404
229346654 201702189 625502007 985337856
796190054 766989456 827934481 70350968
74200023 627551859 464741009 279010717
372424622 890907750 594314336 544045723
624189678 562850630 273634883 831525283
806436121 235299289 59424053 499636676
54984899 559585900 139113744 160820696
299434363 485470069 132773754 846635948
745707791 704975460 161919274 195718806
907560355 348476791 432013239 995856350
138670547 615977218 313062024 410001689
563658180 394535942 749732976 823238363
788881400 266014962 951611608 772467630
679134291 694233015 853061146 323070608
426176366 556977143 667781777 64441763
568253357 784123776 633029707 240165975
488091999 16946832 819191205 594260539
86261909 365726557 813255870 270291944
703496656 558754690 508278349 265045665
152490673 502384347 284455998 444955452
486888061 492239272 769094967 90620882
238448749 760768480 801458005 90563585
483493914 886423205 809562875 505065927
991053225 69894440 43190958 760693373
56211593 942887483 854662913 93422454
402246957 693744803 63106223 417771605
812083433 508029611 421204517 820683261
289276495 123863455 111896862 942378220
524775264 324422720 130159952 850047886
182987812 888575326 856177947 424654528
809104620 555891070 697585146 945470276
668200123 624258938 607370767 743841241
868233680 502127194 666529035 282697674
812824729 340458038 517263577 887327040
288714409 59394176 460731662 794512512
150005201 131922293 852748966 843488487
44981468 969666738 557227005 41714120
692216469 231959576 540622502 676138720
579873896 972947416 684475947 797118979
21282885 512645537 113255837 420501955
847599779 582704247 98129491 228610927
108264356 719250801 148286530 312727426
301592354 61920684 118022805 933570646
680641272 404756497 98508871 395934946
90798159 521383549 311352613 663793624
907852595 507139367 676254928 311056243
680527965 216432506 807076357 638197636
10035355 776058956 952330368 440664271
447080373 736246756 729606183 117238817
623819944 678842530 749509368 709099801
805491702 974624044 945551478 721133360
703709811 844127666 735584914 164360398
629576275 643533488 173186766 81114976
471950058 610207981 860961110 47827688
861013654 177618275 636729861 788791487
545755510 543589851 143894824 437816857
139452235 478825927 225711750 300600720
942555921 977096415 509897740 591957523
577479709 756347406 202888795 455658847
741248867 729602892 895226426 387578170
855465848 13331277 155892847 383483624
877071311 475049594 282473225 212466837
222873550 888613912 97890786 856170126
285329414 911576465 265639564 452590738
232764678 782777453 736095681 977660364
597150470 914869173 39917682 20333862
583887834 671055974 857782859 28955702
20936738 648659507 943524259 67065665
67229518 775071286 796927763 544879469
441533035 168502354 442156411 162951206
967289214 377259538 476684502 128071747
928520580 742226036 405182103 390635099
611114579 816199190 432885280 597891211
651848101 283342148 541159762 311505059
823832727 498889855 350821666 974746622
34238650 282543189 125868801 43988593
890372275 516110684 300359909 657415133
910969283 626674670 427479115 449540218
269710405 466651066 200324088 94676306
905208958 923200811 192385201 571906557
730662258 454533591 437330418 840927883
349028781 76165050 169881729 612431635
353071584 799279542 459199517 585667546
418812237 731573093 136124921 446911319
321977636 936091877 472144774 566948778
84289892 650947482 774624737 336473647
333613567 966515403 328778478 327492316
55744376 529312656 426199313 993278779
141332573 797439234 238589929 131360797
331736712 532602741 983322267 231758047
896013178 574122939 746177666 837687548
629383293 108360348 729677060 284072187
640708659 877959363 805514266 438905279
353708225 599600673 353497644 116238382
548044155 64720675 260054083 293185837
235880400 374823756 36986491 693773386
462794929 25478738 935434876 12484922
322794871 895833486 87314048 984883973
478525746 563052630 237689539 153550298
519586526 905119484 972674140 639091950
658971152 93246429 371621342 54510273
92147112 353715230 611773431 215880309
450400285 598819781 177825463 258433842
689753826 372854249 948666836 611335076
493280865 531412920 293497650 625945538
619301965 373310165 37000053 601327939
958739929 896827449 17344537 845104373
897580422 233572946 756149100 172919550
441282916 95618145 913895708 269776834
902845905 235534928 311314641 653854011
774860532 429010113 238561465 360486586
155404841 911824200 377570365 706503525
466472897 877462239 802655847 259660282
775042098 189791549 95835702 859879665
261612173 301061262 197584536 921556480
523929076 698283243 831441996 92374240
538942941 801396342 392950479 583234284
888229375 290086765 332356571 384752914
640659531 639822855 301110048 814322762
469013475 778656668 255748521 65153189
898745968 348458278 179198665 876358771
497077681 228946054 11955304 488688415
209915252 674717739 793356189 473691040
371546481 880929869 187325353 395159065
471786486 991387574 642538110 638221323
75154415 733289113 414063385 277014136
757889521 101885853 897514662 488799589
896202950 568653485 641632631 395963397
159457033 533978940 863786089 660467299
30495384 265763402 924365257 133460124
557663638 229846976 904759000 325178814
899589608 361144989 295539598 96383009
249557141 517666208 879658359 601074555
839818807 755854855 232992565 636665949
366679608 468254342 894373265 317087387
596531989 18045358 536300435 803860334
135071239 453855163 132787047 926161159
913377693 351003863 610639106 311135242
184173929 30832828 803487496 408699417
577779590 941818194 738893859 454368440
800869217 767208830 955534937 206137850
164684403 730922293 711495496 21356068
296735542 590822311 501521027 933177706
742163047 868112907 760242800 284836001
381678951 81473926 728650813 398950900
781264816 387457867 841825366 945546745
963833675 772574135 384541585 302463282
703739536 497284458 180613208 107889473
660356780 935573606 293985009 879581599
454597669 862018112 221938682 303569722
295877721 565140683 331476197 144900036
711564723 297038028 291709507 52010803
446470571 337347111 606004363 801984211
815957944 839483084 323865074 473241928
81136639 176719931 52233625 307162606
923340265 128713030 768476404 32505806
73250926 916012829 931794004 686183479
268584279 520782213 822532774 799059981
357332828 883060860 320564543 316457234
825072413 152111462 664859845 70821979
459136694 505659718 803899126 301464508
240893931 447694709 920912678 45124403
748648376 626797230 978764863 536374850
447484836 542318751 610613129 735627038
326606584 116708008 59863355 98027107
392400608 87700063 880805768 890903419
714839418 943997994 316147730 484295150
30515067 402305442 575741850 798837434
773220618 457801920 229025642 254667096
5204949 800633639 654894171 986754970
782619464 625014362 823449495 668188911
115027497 101864639 58240190 980118701
795349767 471143548 260970000 883539527
561971656 703895025 384997598 574103723
281766773 113667782 358853737 131949462
774735036 35620195 250825635 189805128
499369671 345509326 680593087 877001266
993929361 784275059 871799260 28330474
309782195 815082448 404842124 985540073
234635284 862145260 575534700 269437261
415594584 698769231 608907266 266188593
759871832 776144414 452287131 636296256
670618774 427192720 327811815 575306282
223944221 440304689 43453933 919791215
55490796 983610239 514527946 3129863
353727941 17415125 94685813 559044021
846408194 571721076 698344764 248559372
863321502 534754053 400385650 998381903
250285871 540645083 524361376 772666324
951607334 305569851 757538414 850417920
53478387 814240595 566628621 366734883
183070380 659098007 485625971 740428244
403282643 52965846 774543502 982781871
821045448 658021379 60981897 342471456
191890274 246206275 32128559 123895609
671880449 909825793 270330616 375341865
607226630 238808781 675239951 993067294
80201899 19901446 660647782 833342109
761727670 669820958 529410608 507420644
241242906 66071687 817848583 355390742
297428156 284354925 655617968 232527930
263038869 117110211 636431335 965480501
310551308 119127358 665880531 421305417
242906257 601238859 49653861 771709619
388546367 478763398 602060053 693602526
664343803 7834366 19886402 105060557
288652354 620466336 535382756 799757085
716051010 435254836 449566258 185837939
990373805 953583470 545144941 114765939
411701166 503462922 545590385 258445976
733986474 954622262 440771474 916594331
640251402 580366449 908812011 373564759
811116934 316536893 93604579 37252
180120784 568340722 177224547 307429427
815868559 875347700 143201724 675755260
459601080 636846137 902508622 527555437
627611928 219465122 67427271 378536324
637359062 71627880 609971499 986507085
964490397 447061538 620047248 215194273
832172547 698914112 420838259 316074224
745447371 802525642 569480210 123774365
160741556 983902513 15946592 114506926
953568262 569017521 284316383 933593413
84622855 29965865 249631495 905216643
739369933 945652204 565557844 49956708
984849815 657992244 707328222 186406740
436768593 12139010 582277161 942539411
33647261 674506215 722376890 15340080
308355997 585114678 17439312 6540726
624183167 760166372 285285153 862004101
607556615 277317109 955349373 363347465
186591841 694911586 106029179 280994204
690480692 683733203 310333630 664476058
513212715 858774700 217068321 172111338
999506326 529309102 618205459 886523294
80111960 702468467 544212031 996408672
649589853 969290742 206826897 347330268
954898382 106520162 519662982 512319497
225882284 983764884 505188669 810902195
620896124 357264981 995708424 736353772
868002421 597334097 942191796 793803273
701226590 70309530 833818211 663180455
478042850 2701919 267152423 433910233
53431545 344970161 956289573 965465730
563623344 983081503 663319309 58639723
539112561 809100590 929333883 891370827
25240973 861776953 101912953 610843475
421125344 681028738 781279563 506295922
383371324 390494970 654574786 776230670
253552504 34224646 667779348 335392334
931292730 441529502 855403007 817414035
786117440 185125252 66779862 225013942
297256447 905011911 969266305 710441835
32189670 640545543 364189650 443062747
408016479 241510668 153481575 110217235
484876002 448206863 526363943 634409927
877991836 815476328 516500523 587965381
973963210 733755008 105734803 708252869
611642809 247997319 665006746 632780247
219093011 535209317 765974839 734058378
778079205 733892109 440203759 386783472
276007891 439226775 369292675 787192003
240383096 206195034 214171919 866914561
67569660 938436361 691357454 631047029
281675963 784307392 574171015 914140284
43970127 994636904 189098913 19284126
951972135 557814993 4628132 326743098
679424639 105453701 318626358 319640734
557149845 356038339 493561767 959019664
563350149 422421697 571248837 681895158
78956098 429769112 33140202 816131156
279223180 844355989 627185013 592040483
634826768 233947814 909588918 669675888
897033515 187643580 684563999 235869249
886792588 757185253 826281778 583396871
329461939 465309590 469630289 8857636
159793499 810842745 979518861 933958597
810517973 180712152 13470071 213722330
877498256 97829449 384882222 255453008
480226704 610259065 306003951 824835113
293090690 373919464 468371280 657973958
395744975 934203435 806400788 235170534
782337364 779782789 565300412 802532051
559978109 926397216 144448854 724338355
385314993 108429071 66602615 35273726
77178362 585690526 176466128 232664228
177103600 487889151 469721897 562949302
43184891 569315113 504613729 680568516
153113289 457860922 40875436 669238155
211622410 115628837 158270076 138600151
728630871 796641016 499076262 140940164
787459832 424014558 371943012 345127222
307613726 645436436 884703033 305789437
69189312 893896503 549604606 354911600
478701469 960021722 669313301 527556508
774922698 360114742 491208654 534251265
623061271 35505292 927790545 554935960
629144079 335079434 345910983 616835550
175686984 835220839 26745988 442397018
873946428 429688596 717305614 770319373
628547595 267984902 272048306 311808148
7181082 653589456 360552537 305002289
413785702 318580967 463018801 112556832
47725284 106898489 318611774 37211953
157162857 406595678 573274954 596479823
28534765 789665356 590429551 601186138
895139762 15837823 583061058 657543059
367107614 31825674 642360558 103175588
896728430 99245979 448987454 314356855
177204653 367023157 92927074 368803203
666847188 224621361 888085660 146935762
182293046 156842723 305772150 82406942
859805510 862346491 547794812 796044351
380587779 421371479 290750428 617038374
528121985 844470283 729824347 19248454
622759194 769509267 967095884 661802385
674416069 822116684 603525196 735355284
706206528 352756937 865702380 376672656
351492019 95205682 256902616 585397765
947292836 56771784 668338192 224179685
456141952 523874442 674953778 362263882
395209405 237895150 462858542 21519575
453210891 930260310 997437005 339807756
931640433 704399839 494550746 859809903
77020879 739409422 334834421 385358796
105930869 650636448 795797671 414962245
792646581 803638968 474496338 413860276
361671544 358828127 142544319 181975360
623456221 730193905 812915074 756025807
694892709 199932097 941447172 100874045
640506884 784147120 52884636 905390358
990146507 546056103 830905240 461879343
937123296 292119761 832843259 759868470
758173623 809053105 671375377 815785945
676805785 890059741 899824974 604567197
964073382 568636807 403180169 537742493
340277181 644146086 522708355 780109802
627024879 602576529 837853619 235327997
884767988 362839734 582494518 771607472
702473110 86596013 680064366 135964092
524770944 121120993 551140416 999883423
13537181 498270859 122124100 901775936
621890196 223122304 391945909 748470877
595460495 536418955 915906480 599716005
549252528 373616636 754079027 528850552
687856773 283065766 687191895 576565019
606561124 633577156 811542471 167257172
936016364 931231931 31637161 716755608
603402320 315049496 251082433 602169221
880337890 109161472 507867710 96546618
511742099 977879217 281232656 248115437
185355417 600610739 254270089 356090394
100945681 800486059 970216081 121956663
803987328 784281162 543079995 406531603
996993222 215192540 122801795 243203221
386287622 281959877 265513637 527397928
137363152 845715198 970155095 117149363
775818307 183276640 759453999 636837145
834249140 496368427 360122016 508716386
543191403 593229591 212432795 762547423
96096399 684803305 413924737 523769746
570870565 367218022 979347591 736223664
694438168 997521271 276510024 783141826
203881866 463620073 786428368 826273651
967956091 118769150 6369933 132043479
295760958 802000932 776493140 46468100
476135325 290664634 648819859 887152530
777267960 905627599 690865922 304631290
892282686 635641638 4347463 206891766
9989324 794450574 818915785 792859258
19325298 991835868 168601239 34063452
854225591 397105966 585845786 464318391
845103159 684798918 627287418 119146095
265334638 899408755 768990292 444372370
6621129 907397798 723484834 893738770
341826217 561917977 837620182 328681763
290430918 887221140 390571877 794526479
932590803 151771628 514219574 917285724
198796474 62100610 636276401 584568752
442306336 781867766 425324072 656423634
99299796 79370397 46440669 879978240
220041187 512528483 636165031 50401412
237003814 48827818 32285546 968174997
496945931 599715159 891436749 936013172
242352488 489815289 343555785 767424724
631488678 282823472 273850741 483055445
374513164 634630105 659639330 922654421
495589259 128065144 180753943 916203587
593086459 110400815 610989172 193761617
639229389 672341282 88551927 943206402
969655192 754001685 513629902 925455705
951362013 781189428 112619134 670529634
655426007 284774086 196661225 723484890
212969753 946246498 413541204 266552850
792520086 737355531 780243838 545165184
668512941 699149529 635863558 546969725
25604493 312236547 685194757 524051431
685728272 737206945 860920589 520692834
609600179 19552571 940533276 941344802
943013393 83597453 826594871 252410897
6260329 981863508 608357078 158255585
576577717 984689066 243126353 138750797
976052901 17014181 287544988 884917665
250601764 19807046 603532573 570320176
497476479 893712805 668148068 402358123
291380770 458442288 388702479 78136084
78052878 311352849 807629915 352488636
419561570 450953071 45911084 642861717
477740377 649403347 393643116 234240372
402140145 518681472 220440555 555844259
921489616 901100368 542732568 737632097
818647671 762483919 395200018 682218271
687004847 324675003 822044269 710080654
224500326 411321960 620953461 403160992
816039373 62247527 81635205 712356440
431312532 884980844 703757375 462296441
902409783 588993293 287747683 426754665
431334777 659459112 602178431 422808228
773518791 436489825 748523340 823925184
626503037 648234120 193257860 723262105
443094576 135901034 524888734 459327636
842925978 273726295 637484127 926174793
141433919 553736506 746442450 174996289
10687280 754473727 851422093 588291441
589108381 259073340 460674610 528403973
470469781 25259452 54818376 16680233
251371536 190578232 252023364 937900940
842839516 392286386 180422148 64881550
173196549 390845911 631008705 840774229
55577239 304963017 438784930 344676604
931114223 140407058 403524856 409145220
634346033 433396854 201200353 562030494
354309996 133744357 499899911 553541231
870580489 535892030 546085087 740609641
103276097 135880324 955296339 395670959
848429392 199433768 209888883 53137234
215215892 657124166 746196196 687938374
817393809 968959432 345938997 162351361
14859216 336058764 31267052 931940589
388436552 553530587 790067077 580908341
614992488 60167290 130155853 617207727
516186804 798680420 332456132 146452040
979116069 583276782 997253917 935742919
645168149 728226939 555443580 139917236
535625763 98280116 77130075 617389819
799676410 196413078 727576525 114766336
805456178 302988421 639800963 52097832
562924426 127542421 45599267 948044870
220506242 513583938 418235147 198228149
404774739 883111519 457169074 117143518
79791465 907644577 390320881 134751028
838048287 866937271 17704351 985681550
567375040 72448416 414082280 466677397
245502324 965136318 498640611 402263842
99131028 123182165 14315924 652614596
253887137 325360314 874704416 474368175
322391171 861147190 447395302 402923217
704404720 780164291 515526645 555595252
212900099 257360044 721353604 205207006
862217889 132186862 316272307 218181132
113000121 192819111 153422835 86691916
783624786 190795160 736572510 306209440
131748017 348990348 890521270 590378538
608884099 273433387 232237230 693110155
952539465 127892613 837453158 318881069
337033828 305921926 618104923 109501787
898459093 251912114 772137201 24527963
655139989 263520674 337018310 219293521
86001525 940195495 696850601 255585953
955363302 44192917 117053452 532158175
632080386 485173737 307951483 370505157
688020415 505293966 699931589 784021978
529541166 77349120 238303421 459734727
631429665 342094414 232888275 499194268
624304664 178328200 216209186 818944352
559925830 569489637 111447271 787701219
12939722 212778409 988008075 936210981
821889147 466467002 861442167 557873761
744202830 508256498 885005214 971794332
413820792 167987376 650499785 635280853
939153027 331868197 713821459 949326516
580805801 725203478 647243244 116858212
531548262 755316432 773131703 186563964
878701283 136174929 607657403 132113026
321436190 529085085 794146105 277328526
310161630 185016082 541380564 41227264
627551998 585297005 673249220 411182064
601082938 136661152 633243690 161844828
202938347 851211904 511447561 176249116
772141234 237317088 296483297 26172515
45085347 424444546 927930490 208649786
56428133 413945720 22600645 690528219
458229057 841729634 907497268 873279542
450219663 214957661 659642603 852134240
458079321 459955987 851155020 417722615
668666476 755451372 343095704 865577716
262355889 524079147 255540318 405709300
975658500 676780202 12322721 260093925
121478409 431928305 689473514 429661183
455845693 118772702 455513444 60664044
87450243 330644920 591526320 499353115
979514519 153873849 848281512 218520799
995135177 450345044 174085115 189296882
590379708 297978307 788390000 389155297
691863763 170878077 940117471 821126689
319402310 136899186 790476025 639912449
343753269 470276338 940328358 200745210
117234084 46028506 313373683 738782078
447011350 815157128 299528496 913994992
57291032 905774566 587919120 946725307
635117888 314682866 269235564 739283478
634235162 573581753 922577557 205216109
313489272 881166118 703325704 289487857
216060685 447763788 889333929 309552899
154980205 383176977 291347062 413438354
468367945 486750993 421682702 868336526
188126354 116300698 492457993 586916348
324488815 826310344 693752956 43584471
206622931 153057159 676863758 216875725
823650888 205884997 496804739 248539054
751608297 736335636 5264081 353589393
548151311 924297858 961478334 686550868
564813728 859277051 682716203 881699120
698006602 142661743 34317188 710951368
524127335 707580623 357090861 732925862
204601058 380916812 124698120 534600008
249733793 130376981 815107826 535051314
323035153 817128921 182268529 964281321
388236529 990776518 848855171 845679768
417984620 55925571 673329444 415321802
505574307 258941184 896730309 586858924
871015503 145111983 923137355 111974771
491569246 311045718 340841114 772299792
346958161 281397578 538236641 891091927
371968050 387685948 220050224 396176633
631414016 799374860 951756464 798855523
90095985 62263328 260445830 612194581
885966648 994601164 255453421 4491811
812065363 836273394 692198397 925231575
515084504 587294208 688596542 433551792
240489269 259157673 238085435 144207693
860357675 192521958 659071800 831889646
84917118 84462570 132512646 157511477
593715838 546043668 797989791 827437364
45113819 139892702 47906138 273069810
279198377 313834687 782560896 263669130
521387031 894352016 955216844 629996544
198065099 411176980 135287158 219893688
425191223 444404819 903065818 298160508
17580792 360636553 798678530 712272115
258437330 599644186 824083096 466786352
312506781 134568906 584792614 101712258
809693657 98242111 762277550 873021017
513896870 715701499 797632170 349181809
786220366 130519061 114749436 446027442
234861399 78170338 832103925 697623325
877390207 62394745 280876092 756535110
354100851 533726804 787044150 212905491
87304210 657104447 720743730 380836612
858195710 341735724 735600329 479165863
482195908 566502800 901687733 579048669
749695892 585253233 795962400 329000958
906612172 68679746 825455892 237253847
786072868 972668341 108430205 791139194
224616686 372686512 677782290 764670823
622353468 119352532 725771076 408317261
155300833 944669772 695250347 877368320
690565776 198447153 624051397 988014815
573474752 469308708 330662736 923727359
194045525 405450988 71870399 532778548
274850715 895720659 319811866 833867150
507145131 208060526 439076996 823472798
621162827 723512357 634976989 690609262
428653989 694070917 252842492 941315525
505452803 158842108 568276019 187638783
149059209 215730531 665363167 541710308
167522004 510311535 908662281 4505047
984057643 984111709 984006872 53624736
610232752 878445632 845723890 569658924
8906722 768315016 983104791 505070978
385477698 945323444 419065815 74482597
363174175 970079214 161045750 366980383
641942067 42251490 23978460 903135568
162718858 193260111 206826542 337074200
63549712 472703077 776425424 196220419
718675260 623530841 50059229 873423103
495506363 638737851 329379791 995438299
14613349 353795790 793342748 71279173
480282191 480666362 548698904 897212728
955072981 359157383 244353302 815159935
730484653 185029110 189420747 433773715
95816707 679472720 567019066 897269869
280244156 453102910 388668457 706264317
488773320 55090925 886910888 710753354
460799834 312358643 935875633 112907109
344531562 202337554 535793108 209492692
395893527 138923768 331783695 464514654
645423288 670134782 972320161 642932270
233268985 418770818 633783981 341293846
697717578 379399138 344405102 858979789
343644526 840632338 350846010 128722236
745662087 211466625 946562305 287904664
485863617 558919171 936290532 588891966
226222286 601845195 689759011 760022767
63983363 314342087 913736921 761020889
405352140 518510546 605288660 630414481
419873422 982788397 470941297 659484943
600462823 950335772 692546446 516907775
504002670 581675818 770989227 960802087
92197674 69436739 762330554 604098256
885866326 708416647 125187861 962360638
87045899 679308481 872943815 248821425
967750611 875986791 16991833 867151709
442972274 887871483 149033163 243672262
625813929 827222490 829868842 222120355
293741416 296908045 92960706 682198351
746336689 226416585 997616957 778247901
825414646 625963504 30274650 556276270
465281032 580322156 992435541 700884141
592782758 382722011 919617450 969369036
22125889 361240218 342779793 309789600
735498425 55646450 780337463 622521440
882513814 152871875 641661215 957997201
180010897 883246191 23833733 284808453
374487463 608312429 702939572 270226504
580196270 56740454 479557827 168249193
399236082 628362693 244237620 165273083
832634104 850370790 165132560 476284968
392540684 412372235 153546713 695097410
841055995 132009121 351193363 588141731
