2000 22542511489
72389795 308156024 45457929 54380138
554185634 269388067 487471461 756548325
754191833 233827142 375913973 593501455
242202394 540613283 441035699 431641951
829559541 126632941 46242826 897657853
743746845 564150494 89435020 128154809
185179185 334301873 446881147 208023932
692701231 268326196 29175962 289589013
579935182 237398663 407361671 902630303
228099060 601329090 628885201 878336322
467754171 110615980 390726856 660621082
111637335 726530879 51087956 157181751
485359863 40515600 449998825 186856858
126001070 443959167 586467673 85210371
343688285 805516600 673282049 534637465
124155539 919095895 635367580 381558086
936062508 297885310 778901794 513501502
458458010 500112876 86386686 850708510
391590179 801234903 739682936 473220549
573071141 78112458 789584601 845271885
459553460 707706449 88578879 965464155
71096039 449414603 507398674 618390990
504869435 766848384 693446066 115907069
402599254 585544850 399063162 715507624
999367184 304312536 210548575 519369418
806768765 346233380 975166553 881311688
974897399 398104824 721686237 590554374
552902676 706620603 227073083 901270536
18858981 866961627 962601420 459201613
589808968 699801937 171253398 164162979
334622998 489236286 264239549 629996976
16709918 46091813 28522124 988295409
563042004 140806367 464644716 652871416
28827974 316298963 378928625 69585964
133365138 793297128 510372406 270474335
160050132 401023870 552686582 569846327
844161641 487035836 265936820 421157491
358479820 282730959 201532016 877138250
803785973 834776359 448787280 404750981
948987365 275052893 704210765 685225012
499394219 380415266 15813807 587280977
838853520 383543944 343344392 789268203
835062263 342511797 24751433 266008520
243278495 30186319 679919490 287782241
967170932 155797959 9813779 227294402
627410413 775652266 92023469 840908571
385270839 234319199 167923045 571819788
405750050 276374095 540138289 556681777
203799189 201125743 843040250 394707139
22043902 122435848 925319961 45408002
270034717 680516386 34182059 22765974
803051271 240164380 898167709 468334855
521053932 580224839 652651931 878279901
705766815 145672697 493444777 98780726
769530 15010052 37308810 915236757
958147517 288445477 417221981 880823627
64993766 147382792 251905500 685166252
355975312 815923603 694949399 731947355
233948186 288182822 808247932 853108656
454170894 410633865 489558691 103741879
798985761 432117090 184694143 168532174
871404136 706921294 525220576 180511944
721206612 940654789 662038884 60734950
7692650 995209405 773998198 286464914
339573629 236101021 135915361 855718965
728995733 199830021 150379771 274488291
549516246 847913133 465657442 806217394
608397023 553273823 680309287 913276614
553278664 384302883 214386643 422740851
650371737 577602415 969016139 192316799
708220857 513172428 381084669 742214022
603519594 930545005 177638147 991841164
631797846 24808399 246773613 753941958
34033604 962087992 418001599 10600971
648721881 408614714 790959945 330586186
205863187 362263302 134237254 415677595
597122634 744666735 734360398 744355996
277313375 533633341 688358534 100801137
959818746 732699049 107928270 894006881
236007041 267635203 774930664 180227450
10860103 95737053 684092501 154535723
63801788 551142962 758838127 924530474
216884090 660895094 778062897 464220986
49092347 612016379 308086931 557607352
331598965 891909388 196046490 957016709
455317268 14063499 165204917 154640299
417776639 768203294 906517651 760548681
701563296 683933638 93737549 850788266
896461023 635675857 278397077 215857737
860454518 235921414 22869623 664567900
160503636 499111683 62292407 116890107
30171995 279077917 442675316 254065059
724427907 330541355 227800786 227329969
163435030 381555920 615565684 646732581
701265320 599746844 727794345 437135386
384118525 643932693 990595024 795693815
292638450 476309826 432727334 736794202
530834887 294654219 77055859 308769213
428124810 316162176 316719501 244640022
398857717 898452905 492147580 330480680
666208906 950428486 723500480 846251334
188355594 15078176 892787226 810385155
118583588 570871212 20286774 296250380
783968461 187972875 952274036 614968973
544090462 19632370 734767556 743872029
186786393 538300174 936826746 324844678
706300969 299297019 492537425 580904618
171039619 612463680 647077638 84262055
881766656 801697917 207628922 427890068
110779716 140366472 698061266 473343968
866718957 882580620 891678621 72420975
386108694 408921414 418381577 461740753
401545582 738655857 563764552 119262340
176115571 697677217 445256021 732190724
873385531 504796982 643855817 894309288
963805257 894334684 703477844 259626687
997622960 295035207 697516685 628863185
431180979 506817208 214280476 460184694
856322977 972866306 179320611 402656143
45713735 189055102 484301465 75339837
430936042 542952270 119364714 4619070
251209958 816219198 951048495 332768299
923262262 851025465 102683108 121704269
930975330 344337078 656507658 676793246
220964381 281700384 296587902 255054392
607357626 424624368 212304617 214048494
727828819 122067813 351249024 57535467
625464556 882763275 373168024 949023068
404242488 655847999 343018589 832574959
229798879 941016539 908465312 999528362
37824233 706158168 44447733 538516860
779732408 314762236 358973647 510102592
179565062 960450548 986915025 998427855
305570900 336108917 216320546 594728683
552373192 683445816 619679171 304219272
656452564 271284960 570529463 236237831
232673734 736104421 578339454 841152060
470297938 358285549 794107145 626514974
757359319 116754 361199958 380023179
57380178 199216519 597552457 826290172
686598153 558926787 363949907 671638319
4725050 593944836 689586511 134313244
115722010 706348900 146634505 197808121
301365000 263864872 455489744 679466660
543486946 872126986 415310577 793211951
740224324 29748173 874262893 756284814
248345971 885927950 502319323 335934073
956096003 284991326 871494670 666499967
29698050 253969887 18142769 79018765
767228719 509451649 5696970 703176565
786790409 987305542 362518597 465465124
760881815 90257129 236990753 377014963
142383407 536879271 34194530 503749926
63454840 631827416 207452898 786309260
10485385 960800875 966757558 414575947
966912977 644830028 838299850 267409674
155011872 738771618 540277545 321568881
429885152 623593811 417879392 145204989
982063155 399308249 35123741 55293117
745927621 322507022 190778863 442227501
825846602 944735255 259466446 510925211
480336773 76291891 592666156 589807615
706328007 707161604 228762994 854545300
109619478 675290652 768806063 246371933
442657028 759933561 847644655 833225759
713558654 646670418 562405396 518581056
184868856 907358871 322916808 773774496
541272630 864589005 72852887 407696821
733084340 472940016 350303806 847428382
156347038 333276790 623988651 195390165
39656470 447234497 857192360 121709969
598025319 386394327 597947152 423707883
185560743 988144240 54910308 226449013
193754153 346260997 109903856 856635417
801385422 294297640 445058161 900950602
177812989 956519365 631392174 232011432
900929835 322713101 190393276 482331938
42695976 266120100 166438074 721872040
773046663 984853447 506799787 188125680
707842254 541059802 159544212 815700870
448560435 345719410 557183163 109642815
632885714 465720407 899014295 524625050
80270089 730540862 695779357 956809044
135181139 814062575 156982995 669614163
407961308 365772513 148906093 265053054
434414069 625118729 312025650 154083319
636605549 66374350 102657875 181664242
451537704 863485706 447458792 143621021
220799634 184596076 654343681 658543995
91293434 519816853 821866007 654501281
330656140 262859067 176940 455950903
490105025 444570257 117680254 494675211
693300180 47224530 497218593 412130049
710766081 860073926 419145144 534717394
145534236 488250652 416738821 655120885
469746339 277047459 601867243 507981331
63640381 103860644 581226192 149763307
71071406 821474044 87680823 606523653
171606422 289751357 444143424 659542092
756407920 74368738 889826205 141668128
406633668 42257117 986875576 806899358
241989019 925010329 770248359 381233419
889904181 374321388 978034931 235280692
586840529 551321121 502379285 389224696
40377593 728181577 202397596 875920197
490464747 492260609 236809368 427419830
801193731 191210762 66133111 838164363
567525097 993915738 9286605 838123065
649136918 557632698 351142175 513723126
388424584 983143777 348363218 377976488
975541777 275561556 398612651 117759334
452007290 837871854 136888223 260406598
686746068 417627490 209065577 991660194
967172949 603278496 488305400 474859004
326591076 312518333 887554826 88964796
942828438 424150298 640637242 874863554
635429945 881093733 654958235 861137183
29582883 809224154 539318308 638493836
804839383 979919891 814608225 240472466
575323578 487956630 124742586 349313821
921228990 992279017 870036082 875700039
267429691 662856227 307697412 718628835
513650957 111965881 346573596 360992383
844592303 817411646 602060072 30900319
144270948 962217717 820137686 340789922
832454525 954971401 727742865 982640052
52768028 225548199 613131620 428557121
108667942 588790619 115381224 24739634
884948018 554394048 574660681 30344214
232765603 345843827 825305209 121950562
536119981 229578952 570707955 11119052
189700389 965996067 717109436 429997703
246843502 362953153 464481769 693589846
438425565 510799116 724710358 257808385
15220144 474289342 928878068 164860908
36163021 948670953 689151770 128016750
935408579 375200999 822618892 696977513
222339524 534337173 294405051 774740221
419663150 711628395 246140453 254226702
652967372 562815396 389455983 753741466
619221907 492896495 773225532 759718647
520331997 196756326 1415728 559580110
416089771 832744137 651582165 387800588
475210545 592309605 106796322 597933527
155171783 221833088 374595616 50916427
755753207 214830834 958340090 910504639
934858335 800886201 152650273 358104787
312463482 60984523 257537074 88376534
47215055 800657096 75485483 393284430
669286864 611922842 620055716 522422013
918734674 764478519 515720005 627313044
374420025 554550472 645402740 537348947
943327318 875327739 270819177 842744480
700109572 702151908 904695529 883855006
238630151 891185868 340200242 604378568
346844987 905489482 124291703 757268175
653147491 538634307 498780563 18877674
822380852 314156500 104992490 393531089
995120647 569673186 52934443 300574185
308624134 737334992 455351786 906888592
339546353 590433115 537623301 836201759
976670901 72729282 658738478 920622140
652807982 373160347 376709533 144649029
469267474 639166780 224733105 826241660
613775600 290803462 490445165 581724538
338527946 262750131 26347874 570677557
98235087 69409066 899397754 935115668
320909907 213586439 233677128 33406791
214458070 55008835 9258376 302003115
302348438 996963125 266484500 75820209
842802132 587801603 95155046 285692098
839833872 666063593 981847239 443183983
345434063 559371668 305967281 263432154
770568699 932039919 189424413 700929285
441555030 291137964 966470250 755175774
411814619 772427128 414574440 68253322
658724016 532998518 200009381 442711277
370355896 951784497 102385002 472703626
969641813 900796952 570680359 260506366
742324260 521789185 419708429 811141748
703024606 378819620 916053443 409739160
17463616 968545931 510446003 952829055
569438088 517266005 4229454 19256664
619855720 932842508 984448484 697839483
629593668 186041429 332707853 643984509
319964609 423230973 102306627 439457063
704543888 786160477 59853385 903144590
511062601 517693014 289010808 270071637
938970151 103044973 895683942 738913118
77767682 164142470 997953909 212401447
633473757 515457184 28319969 267319780
940214612 272109855 634509747 429366857
131806615 487456667 45917448 876889194
837010829 247689841 967753204 244263554
89814073 464477738 247126548 337782374
438667101 820229769 645375833 748960394
349546960 749567499 276802488 475490053
13882765 895624621 768476287 278725606
683032969 520006518 666023257 201282902
820611489 380915651 459315605 697750139
533733134 439774487 379869792 555180916
148127229 782724142 657752200 945915353
16537833 961411818 796366812 7264673
437411073 55146551 628246932 205389322
436567960 619052245 984626588 286166741
858230890 768966744 103534738 229383679
724466537 602291997 291006535 266664581
87520583 453572991 130847935 636321252
278494479 527871351 544775011 5817351
481984855 76343410 569404256 300551800
350369055 580729447 298707227 905842933
640425340 281918598 604060435 345506892
336063000 75704856 349826820 715160565
829781375 774808303 514484470 963910495
866171953 811148590 54366916 435383228
831434998 45545223 618159290 810538702
75725637 949972722 519070591 155569312
259080123 302726607 682294493 131319464
5874064 204798259 505182545 821410025
34003184 646696107 138753224 260008989
860620934 175635765 506102870 486775757
742919445 304109717 713757122 797084315
538979268 74978843 900151572 547570954
663165536 788243629 36934334 451624463
759836321 828066306 748442775 110128866
307009315 622465779 190693027 991241050
199777650 830654608 60302643 208769451
284034069 765608397 953299844 400630274
134791667 709732262 514271283 562208897
140833805 723862656 59260162 332836936
915924208 870465841 923384151 464509827
147072027 683634822 102143874 235309388
742692323 832327902 984893406 919152827
80021320 767433068 567227072 971237270
799050117 625390260 366015353 39529342
55579340 489362650 368993320 132152013
418545755 76061695 515050211 435795386
270079853 692684527 16230837 129602519
284756779 665084729 725806331 460330205
501647653 271475612 393154456 695274699
3262951 588777445 998564170 834234683
462259336 979511392 904120844 202961866
814208180 836392023 669073846 866889696
733345862 762912468 81103692 78079182
239366481 189934035 414660257 654650333
204823118 399561310 188023378 719459117
621816856 693492025 263003048 238377977
917915245 434786557 951103883 992017005
911816649 724341169 693346759 27816638
145703915 786461174 137112584 47448284
246232877 807070978 231837516 831876990
400202903 950797301 133766873 960831578
635414624 243348655 809685145 85642649
437496490 691168206 734056151 718088038
578159567 155072400 324574165 435302826
913256477 247642474 130944650 282384896
61149988 677151252 266520848 625010880
843365803 914802995 579245803 836548497
493187971 207216346 440280148 781530489
692686263 509369687 713540060 117466596
811521495 574110566 327369692 25054447
417028445 889389150 260615156 598659748
190215234 903775909 990531966 558691316
471680954 389380517 270464964 487760326
264117989 508939058 986540531 857893550
946085746 552166676 163037711 952329159
638908674 731144058 149947451 131963781
982989524 486919603 355250734 481686360
674623911 396721218 733317709 727348002
448176927 148504359 978497636 445134500
279584503 55582396 40791543 120830006
684793955 584835274 755369890 855897212
86606461 816031631 661050555 692489840
79668971 520820376 264982023 687946337
849826883 101031301 578493759 308868306
457009685 259439696 749907778 743302153
366983524 231219951 31020629 3088739
237178246 272668906 329192120 230518440
717203329 446793163 232117658 745061817
393668493 330715798 571489203 481909374
855714199 214222615 536133107 435206564
6619043 981911192 758252204 717261735
138520925 693392994 719093415 629616741
656395077 555069573 678985760 533732338
275821641 469018259 711247481 484117128
214539360 859793372 176821618 198223438
846774982 144201121 44325035 886927733
573100591 375204978 870072731 397115817
738182854 119713026 574988182 24528186
916931614 416869078 670382583 30095390
887294718 320131836 435138879 518648022
812501615 458462533 878658177 704100182
963194919 96952271 970876980 536317830
457841280 742683963 134765026 273807442
139915531 570492713 170192213 42737642
179418179 988466644 545866979 746847267
713727010 516497581 988386840 138202466
468042365 197888734 110190957 116953645
45010014 307688299 163248357 47107015
926445115 239137925 326181292 278352603
864977766 697731750 937075886 725341686
550663387 603091394 936974621 897185341
892816625 110435058 211254979 980572735
286588615 190413954 780584213 950812114
232090743 307385566 508567516 411068437
275096110 355445062 980509479 135989393
592126467 512125843 489542651 217427637
665367834 795597653 829236219 715896447
133818017 921949041 655664725 398206350
250048125 893050163 780836682 168073430
141974643 768903865 740797371 227198335
583886191 882448179 868177908 917501479
391699973 577844009 954157925 587935406
396922592 52172200 314641241 964696404
82322948 948229864 8459682 719236228
921541325 163738886 163016871 525988314
513287111 800398945 903741608 789968793
145306218 31334523 443296643 624019043
297145991 486861370 367173172 678163690
628836798 768381488 468710767 369870091
534385537 384122216 276803075 473710713
566515149 145211639 607631497 244541783
675093899 393494255 487991365 104754905
225149358 686660111 395201623 483369433
955745929 323908556 900010777 265282543
680789293 281292306 212567512 552605487
121986195 976546444 646289058 324451075
494438438 858606688 886892966 402261810
36636575 572604203 887751684 197129187
176779533 202904587 702042043 387500321
174774696 418772080 208751937 675108552
529879019 59755773 358282758 22233614
282463406 820654239 808315854 736285473
511717918 416059423 77810035 724800342
211475411 25653904 232259108 884882022
888642071 150756710 36323138 167640117
256179581 526330099 310104999 573296463
106971489 704630208 143866082 536879830
331278165 149317295 677679199 817405068
996335093 51418732 300881411 622617545
181137175 926219768 959139408 493078566
222001667 398071593 284582403 964597236
260298198 255897543 909557978 895403312
819246784 283093877 11526055 948524408
155552580 980220283 266175367 654544395
12627969 771974791 350646884 526222672
316534171 649608440 427580172 790279336
169999206 615429518 315177874 516018627
558956683 963386179 308242253 223011053
814735507 382441232 528635473 98391135
669409170 907843315 630961877 535722088
396957693 404545407 97708044 608537496
862215216 259963503 80913840 15132501
427559963 11813504 341404440 458035013
831495495 134367787 270823561 949486379
598752328 615479353 744969491 234371525
811555343 346729271 139771951 789021739
677790548 370169068 817183648 378160887
840319906 582007902 602073622 19253727
480786374 103218861 689534212 13736015
581749493 67355408 335424030 694311217
609521629 321366107 688477446 100792150
127728587 14542988 241276641 266936332
377666997 519982298 443095543 320092442
98338466 959147559 991351499 802456253
580003920 999576273 833366727 540447790
229370755 358293555 111053835 170390847
728201234 798783727 309593624 937585419
743624018 584942347 128588433 557125080
602189107 551787262 423440200 740588173
564559284 976868710 57424727 885382070
49592528 137700096 426350572 608402871
104172192 985285048 488231506 253332933
948698337 645025394 856914343 205173221
393139971 103398775 509281207 946304485
729155697 866221371 764194598 149909362
428368526 918824709 842413051 184117831
741528010 269697279 34395572 96491153
737875405 941425183 274818801 452508731
708517684 285366806 343205036 836753719
679337717 823298941 314323028 377320163
180874377 134815150 192252255 526225033
476922515 572934294 144809560 655001429
489279235 214722300 254482015 538741521
527161387 583330077 422453372 220613325
240990721 496816657 229966507 999274916
266359330 969994422 688605164 607437125
875774838 577492714 33480271 648287207
137968950 738167480 860390731 276682481
460402630 466415464 397253651 266317605
24210586 428895034 907081643 448820998
743619165 376610604 33970987 731433454
503826821 177310205 611125224 440864329
600562966 928253515 197946415 285883838
425217142 645250717 626511407 668053268
498500661 154917137 899879075 521357222
360262412 602190468 6397278 609768928
71596980 283518224 793436906 548613095
358734315 298600417 659368445 771193874
56327422 617991622 390212080 312921741
381372887 764114996 992509192 889666744
542449604 103305360 316066650 173233695
399217798 27724474 852972889 649476051
943638016 467645220 316189455 986605482
660696673 263509702 483406792 905632600
974624599 260276342 453459806 223973342
147356596 6659830 104528635 123961526
240860843 254967742 676861045 775741372
501694759 303522091 859876305 808301265
485616997 116238244 63036280 210641306
387260140 857117767 653616420 259257514
717804003 250519914 277385175 750893565
420163721 162631835 267359382 6571390
728751027 174846747 902694115 609653910
327683858 162045346 25663268 290361235
253341075 373945562 604866559 452802775
564213210 330318010 468919232 699258176
608624143 699177291 283196784 634741572
595976530 702308432 277940998 668564380
719909649 337346233 432426118 2751654
412182294 490326616 596401075 27651535
972596252 11371992 143875546 868678151
230624246 432639180 174731633 289259149
17079916 227153778 597307832 988873505
671066406 189278649 618859623 783988696
993248104 286313544 446518197 685516300
234464610 429606202 908569123 84272734
85207934 157523512 673933487 162361396
6512321 31843857 961674135 802302707
780504057 15041929 89616091 397095403
697931573 843917077 309708140 484333372
904094428 490069904 340338281 91083519
839916862 353573284 742576405 35664284
673799778 42400954 644812643 321821612
920972679 574709415 330906410 415534675
325835536 715801186 979314674 441711041
39402015 413976996 639087817 57673918
102945290 374998004 134302620 540171578
251221926 617163720 259157065 116790630
969493320 682511506 969640203 998430308
586561362 306888653 957472941 704573060
857823553 464904929 555183537 302799330
375453831 560543079 670380368 516631817
937316092 225793644 636283218 436333619
184150105 244266703 787145134 643499299
539922450 388135540 522175745 992256734
756857482 992933134 512496020 273154519
312660240 349294831 112537987 825171206
153971974 222417977 340203595 504547867
797862832 747502127 66285976 856118868
565688084 712801009 887856934 743487434
525668127 553322977 118809772 6693032
585015396 130974511 877506838 207438240
888843969 807580608 826068572 793894224
809256825 216457974 793645912 456803131
125182512 653900471 579679206 763469143
150807138 841167827 356119661 959067685
369472463 280698532 768769699 62088436
622845187 786351548 147050643 478401563
287312407 879012603 401283067 581095185
621700177 421707619 522666951 490142108
799215443 811432286 416639312 300187950
815318056 479214050 120638339 110641444
508792161 824510870 97840047 411376425
484124835 425950400 373968467 890625144
643743882 877306954 84447206 385936547
304938774 788361107 487584274 911736192
349515133 359761750 694441246 906469705
457183545 15207345 600803848 779522167
497999208 674647803 435431099 289566742
763679237 587769962 719178382 132163656
464317890 889287560 80863658 331087036
452980637 962342452 357332158 848322027
349552934 574688465 136221192 393458789
383643167 410140511 720569106 630922848
190888733 887166246 788319444 169129816
720768156 802653285 883317913 952772963
925314304 817032051 801365371 123738237
326528019 655547522 312318615 51651236
594248609 562458880 726994515 106150137
892523476 733663855 134699123 494833912
346445655 512004014 425943893 163816647
325223860 206418159 150960702 950835402
130604147 926648024 174335391 889814156
286923033 419678093 5921685 366424634
569517888 247869048 301710899 931429987
537234982 187278246 551948059 399056199
255015464 42346094 410182340 772657388
473696303 665678474 812424086 49927036
733982145 37356533 460983093 350520736
24207390 657859206 591998897 293250398
947526209 946460162 20352832 442705307
616463545 485446218 269474778 758969148
914002744 568493201 434928447 904681202
800413432 398559682 103553472 421768496
357226373 17809679 436489871 189959901
502271867 234355187 360256455 828530038
610116303 827685788 673393695 115223259
500643681 58163804 670132098 986689022
343683184 862765118 526658907 595884774
647898930 408502609 510640895 160458936
626754550 760164762 362940373 747327066
25636000 404707608 815449562 742079543
766149825 469808491 286763565 563518986
656204303 195955917 835225471 514551638
277752909 643866538 181412226 232328854
314797610 889626902 806651270 43243386
835271479 692667847 388399306 53055713
370475149 660961367 291455479 446570090
437545181 406431730 2073403 759574827
467411559 933169171 283024513 357741845
496667262 791870997 509408244 796637879
741545857 25101655 690982995 707137468
984926921 627818371 823819139 643036217
23746412 67780451 796839268 332508493
502609611 557122100 657906836 241748006
67941113 91831169 653734727 466443082
969733862 601159661 479400629 304518785
288469578 162802268 582338267 71304798
890315610 550097115 438995559 702047004
980241752 424232613 39955796 898155727
989410540 394685470 125884755 374472010
275238897 288153333 229047085 961049142
80855563 572609104 389331278 855263048
855903598 337998128 286057081 814830012
569687937 438506945 973856886 344851518
189587012 682035736 948413218 406391299
325895319 338034931 64953848 155767726
978707623 281191302 868045591 161131261
657300846 69278023 587232031 277384253
533221706 253164122 384434990 382232373
247392222 641987265 585260670 353130636
279977058 274361629 374260786 432012380
978188356 387799040 858877216 380742272
747108289 69953548 796171035 878973686
397704073 165439101 360756956 932544330
628868653 386959005 508482587 963453921
235117071 56755021 689038245 396137305
893350955 309403249 776982080 200340055
617732009 668338284 590886181 399777738
835128372 529772207 119247623 49931684
485505203 718224366 579728112 540080697
658891274 898482120 240045895 702216476
718694495 326437371 607960203 482895940
987388127 353328399 763191079 106215866
573308667 727240994 656154038 915435286
766948597 733852651 80233188 446633752
762825738 49192538 76697146 116073710
878273555 602122683 934411242 885578306
82105121 794321074 312808436 120233128
214885106 696036084 691173651 247461405
812445423 799360718 709176061 286049867
785448627 865515517 229308036 813521677
502879245 598560831 269777607 613791210
291184508 411361589 785985342 47355891
118134289 636426247 853698866 184429169
411968337 693923355 918525129 561203856
25521887 641703660 592926114 613821485
563150702 930014730 567114036 391606211
201360451 496079210 213914534 288963256
260047094 692835179 668460722 714536728
110921651 678636346 498202599 551224461
758929192 718532274 549417381 127705848
192939985 997214645 991561005 338119647
156140766 944132998 606685441 832094489
504663194 391359630 416747106 342971250
157368455 316507524 48282708 697886696
979152119 411253698 66857338 945405974
399794233 600279662 425741567 646293839
644647296 394781410 487303220 598331184
971082353 306710303 485230865 141456463
781219986 491517211 238818030 352773884
537117901 483146507 141565405 911669696
61967543 83286258 100167925 874718001
956804211 686209476 976679230 18505341
950777613 483070252 971921392 307370117
778063736 742156699 825742426 864830483
691492464 553246243 605472478 180342470
325451144 396033966 66202125 289894377
46640337 758211065 723873253 905173546
96450999 780292620 141218019 687755432
6747590 122732988 538790075 648695013
357376800 751437601 351395699 578704068
61998665 65952186 398359911 881516253
397900218 948672557 156087133 705336944
609026951 203663810 426789657 489766856
240532631 83345603 542391393 798235969
381753905 581145440 570658999 170683894
853149527 610791632 867914410 188297495
838931049 349469573 422124621 141513365
787255096 914688706 285770046 202469858
718568048 458053881 983842967 498039351
979083711 247474082 945052193 835305616
206521814 214676944 905659302 302067817
374944408 739045490 22730218 884772399
700415561 803393772 907881312 613373403
664150645 366242607 405105840 324356340
885232563 350077942 960057929 688580736
655858624 353455490 36932621 846960751
488074879 793402181 633853462 219589743
795205054 241482530 886522680 967907803
649953502 517914255 55882424 36263809
609584152 147537764 176722715 227682563
846353717 19884605 465109291 585489381
37470154 962441951 564489247 515533315
5784183 983392783 429158819 331461681
166611703 790320217 460429832 19321624
861669966 94588430 626943114 718746002
816360152 731378700 644513818 800640339
747615872 264014674 128289769 756959132
228336219 423087544 507871626 544733926
556570835 499918502 784272824 29971100
16340496 567836996 467158177 725919437
959373932 400228174 494904201 315340191
151196411 265208256 933388502 84953256
908602086 873337317 645142097 906620678
650538114 280174493 986180716 489219623
87526436 105632351 615117460 774048113
4165050 823346997 444287089 58339223
899513195 242870927 519716972 837118647
418603641 165542489 139939120 864826957
604683631 508218326 982198640 263762328
98220011 816491195 922445202 389481811
905792611 409323139 439322325 363104897
361584529 555274388 670022563 511886235
762134999 513305279 967428229 510232128
588342586 116495841 216628817 829002619
783045366 535685807 740119428 958014010
1572296 499003420 38724110 59344225
601377755 796796749 250423839 55597499
276880358 975564295 564048824 452980823
270651466 455510807 564488450 181001820
185505313 976504043 220028830 233659513
51051463 39802225 777978269 879466326
711157962 807522451 19397878 350059260
121593190 790229256 682674324 410235366
174911925 253733064 29886060 409877942
411103406 857289047 780405525 712893543
373129053 309000728 714811425 5611372
908947288 720324909 601699753 599912421
217453989 628546607 603130608 674441543
964544219 301619470 973299084 302341280
308556439 320496717 546821350 266445575
308102069 878570802 438514691 580352493
389231690 699098151 681887591 860642566
254233528 90688317 574295907 222576876
221559164 902147027 170303267 330133115
818136068 619417371 362955996 835138803
968242401 925337595 962133931 418538160
574523741 817645184 752604514 352847583
717867901 876837960 959271682 599174398
957720092 843437429 716486230 260213517
328047760 13177911 428536048 850145690
507447119 642490234 184252627 30761172
744662224 600205934 701114290 458068308
618607966 680123307 751878207 9832137
360800306 495055720 966230785 71652234
214728963 379269169 703824014 687388108
968259182 296181379 532222511 68725774
666430485 916555695 864202965 758687630
503405497 912666104 825332233 67604327
498168952 654135085 270931132 662659069
525513123 506839404 543387632 414839920
624778867 684330652 3977919 459500655
722351211 371749428 108053524 675267359
278212526 22674284 995129734 106425288
703602148 598614880 83185390 148168486
301500859 843295011 926748944 874252372
724030514 19298396 843169912 905817029
695530625 48634710 680609765 626124129
118452746 872257907 974735427 117105402
783527435 354312720 893031642 183249501
318805918 258109424 724361523 831778847
486845380 609959423 222758482 361699591
283006667 239820244 235662215 935700370
749679293 442551401 234897457 133265852
892546408 405026232 33344168 660829192
82623539 347275409 939764257 508933361
644263863 110229516 924306510 271597604
139365609 986662840 594595793 59359578
863528396 592502799 182696393 347774262
584731620 309417403 434161271 65731058
982838156 162737924 421650271 625534480
545441892 473784264 142944487 369255855
939799233 695798584 238499691 637062419
353230558 458977983 520154279 547802193
721113289 783082959 893325610 237122758
851864770 822874587 431026254 85592841
440838825 394956509 862032322 815005957
370138668 229315188 487412579 33875723
509012561 309742777 903625216 726344399
206672536 972566987 393408790 836061401
27082590 563027350 579985195 344114654
235773160 811569049 132859168 435586642
73206275 859562805 902076143 772062490
666528178 742065324 857418088 408586618
1665263 735564806 352552303 208953936
694615484 318246993 444837214 799120927
846075330 284232606 836487503 373008385
420572571 804755046 539775174 190403683
323212147 975604908 744956780 58787464
623069357 648996474 200950838 431079158
368116966 839153980 688377525 644171424
194498436 691416021 492172176 330982406
860963351 380336095 43395335 630845352
445848017 692334375 434330305 196418006
374125964 882147088 2239877 162934384
304475721 232645199 824675336 6734346
936767030 884706698 129993385 204766502
903874405 863147827 737702021 896522021
436332333 313180725 678645696 921788170
826163616 224608735 273453069 23773346
352497389 979444917 226417131 54650522
546480114 116221837 870293100 764691390
853861278 759924560 551807034 28257042
436204471 357320729 148187190 286800852
163334030 105843233 608073153 925282027
528040051 627962416 212758943 570484961
81219498 934643391 442260847 142397092
565299099 976945366 194105532 387484951
465384496 885369874 381909174 176271342
325541145 445486623 581015430 824156191
78448320 880984534 493052351 231765590
348527318 738488129 904574860 144771328
525471000 60038056 681568301 410880234
354133586 819258775 727769068 890116759
381303500 615987164 694985784 715034755
169569037 45698196 984361579 492973861
607899635 618545315 677056203 418321299
753163527 893139750 515098314 451644946
610611160 876275927 402726979 802650452
349805740 981541147 983863642 135661118
913687613 944409877 796031369 262458695
55877836 627225728 561353103 494674140
243239277 567293283 335725279 896604591
386913157 326556121 485329814 922711843
643748421 95352518 304935366 121572568
126182910 676932557 375400475 676887013
517597639 364814918 817304396 295698904
381508584 696489225 627809657 794065762
361213667 383270289 943686797 452605572
803516618 507555526 711830262 686321424
546053197 530832353 118276042 490971139
283843271 473191575 450257499 590273807
823905946 206368989 346406801 173705010
135704419 108311896 990344113 549813745
412150513 858174637 986350583 668420784
750021597 123747983 108908497 458092383
808475642 895660372 323983129 920128973
768281570 95105083 457224225 167423422
916614751 848822850 114923422 775112173
47519898 876013584 183825064 752593020
100098077 292076074 729614171 747377110
369965176 789422772 96905901 280677821
769337400 98976829 508124227 248357175
754039961 218594570 390050922 246827879
154304373 680180118 662647980 205871564
757972424 560264284 150767873 830118227
226173640 317509057 559982479 512235858
3187388 261425444 396216176 448794687
783595636 918684474 55065513 190696433
712660339 432854178 636590923 8685340
499339057 611354971 590889151 432287608
274707645 505464415 243271076 925859450
11319319 756468253 489468708 87460369
586303325 798919390 159595864 696997753
149971378 507630715 314223079 450878002
371612926 797428293 177286823 680346705
559666480 107725986 461778114 605245078
205745006 998073017 65992100 165855931
984189640 621126526 661543176 490279309
191177048 849559959 536294761 543260146
774791943 218634439 539394924 182941038
398388261 638283982 691540135 910929773
107788316 616562716 30836361 322679091
823809055 384013897 569225190 118577157
978476635 605739793 62786225 15071661
660363383 731142703 713057304 319277414
84010863 260356616 395795403 552455454
473541913 32220359 189050900 239817542
438225490 97024226 34162172 148143988
640649293 486297391 709821109 892153064
371725109 756816320 198577062 659714310
750979216 916256402 823614424 543021484
595607989 189947717 67962446 180536002
902661262 149260399 52244226 990489260
520228799 624167348 865331964 793349130
735843011 473151887 517950841 978208141
360251447 371238442 829880761 638834414
730126255 880745584 669835245 715111461
17515827 295106491 420665212 345829376
206943900 394463245 164698642 237587892
97737740 915631007 161549801 562864642
606057255 618429287 150180147 646709264
94528614 778488331 669080909 913535640
181961117 932536714 118017472 140771500
963942993 687319183 132967140 404806850
516053679 827029557 790601702 912869326
890272995 388284591 144098770 160648159
699312189 99024827 637830699 997137152
135485297 329886696 602835899 639304736
200445872 457266367 26652514 627184135
80893916 488934982 293153089 974638621
74208513 224668252 585858376 500028564
111981297 157323258 595538008 696601844
152370175 321938190 791233774 660541
841260700 25851748 971404490 713196167
626055090 397787233 207742199 432837836
188369647 447409124 413884158 744683424
428054693 514915180 758128770 987412311
655360481 299254071 412384154 45167822
692534550 214310214 180645664 402902300
481754732 582633503 616109410 378905262
973342989 619235638 22486360 570880232
796649431 874273826 772682984 399156851
543976317 333729305 27553836 356629710
318911681 280840728 155972457 912752097
356105330 252384139 58026278 713778998
309811229 900336919 47964699 982697497
892540019 109759534 409099506 7824365
27401224 525011803 626602721 101470989
234574443 351302860 140150040 147927378
119391552 503982059 580329930 473315309
798420763 6134535 175274551 548676863
220133303 601329068 978496457 666289499
426312114 18405384 345482813 177772234
748636228 880764668 478926460 225687686
459216326 83581519 584406357 152309400
936531983 492167824 974223584 463443671
221084710 785636751 280166031 960512827
595637231 237357340 497362567 943673353
241232252 32580833 49504276 836134968
553820248 964584509 309432251 724468127
369047281 286029400 280770056 359416642
126780826 565454418 820267349 874121539
922139528 809159924 774418496 315490616
918279645 753340132 357255414 6460904
132607797 600383219 467287849 677428305
992730485 921865595 221965623 350689209
90234978 887336281 155510748 201533433
3079032 678576597 163184831 622006613
874354606 334008903 66198658 691257015
268008176 684955253 950122835 661567328
824773511 422454006 941661990 45423650
905773964 569749908 501242910 441832675
350339211 329820419 883710221 24181054
454174511 352302577 403966314 747825781
14552878 687791135 225010620 107193736
414763995 197248121 269215163 228618329
546224101 38676152 644737878 135220274
665731406 868661086 124092629 719395472
267091202 287670288 63186951 801653139
498968817 804470194 723085294 146984521
221395753 881478663 24390590 158427712
240905989 832991307 380105680 349300573
991537900 528939369 367560102 661607675
904898114 901215649 126772596 736420374
380513343 303125958 658164894 650357389
135832158 702377220 544795662 918582693
348570971 235301076 450254629 229786179
679382586 234745757 382543022 881895779
243259943 217796602 678332879 630536760
604416049 752112670 431532687 633281205
362037769 962000314 720853964 649334457
904085553 749034987 481756786 306568337
733212519 272609999 102117392 400854962
709054330 105222971 745168756 481836358
517743536 611172990 377064445 956894032
984412481 707936656 380156098 529919804
986213856 492521169 166101514 881732361
733568369 908866957 370586000 559006966
873074225 233017823 793552039 326201475
850632657 768524743 316415907 945521151
928986362 988012226 47742239 907861945
571878489 664070068 946045316 751977208
517232534 444459841 849601637 792027447
941384702 701158868 530318379 925083704
656305321 655067022 911044079 592388156
970836851 631374546 34779010 7707686
558016531 815761361 389562211 753301080
599846072 364573918 314585660 932396966
189825625 874801568 972247214 134649821
720282601 776693703 656888150 923672255
400105907 53646458 792143192 449750439
745194932 882167325 354280737 406521711
102239078 791998974 313663935 443383594
163199199 100369791 902996423 912585752
753680719 907389826 94051927 344090892
958940202 584815754 939104716 536048322
542693623 770741896 519348404 750058249
519823284 430922939 49742810 141295415
701366763 204367879 502971682 653344345
572930331 395067897 870862432 527894632
449850265 742263724 803727269 558110316
793341151 440273814 698991306 716275792
438404622 258726383 181301946 645007014
385615021 407533909 433261331 392151394
583941963 700613328 991074730 238535930
777202234 375106989 528656564 460081705
372487565 609146178 672075472 332701269
471376905 501008358 217037848 779214459
816637037 223070996 25400087 905095216
166065390 397901272 229129053 495432978
504240323 767960573 914094042 377597881
814933009 492729973 81721590 597077782
345009618 688618357 842179754 504909603
963199655 74695896 851828400 369588030
790371760 271304018 454710269 442410543
843300039 487467698 71020754 203973214
47726204 993483148 589487680 495622732
243970655 671126585 369997915 264216349
283632201 951597945 34083623 863814707
182828387 861592422 859275283 298485876
109644635 90692000 8949683 820423453
642471896 89358659 407841447 762703649
559396713 175092417 652331509 251322710
842076672 879151516 302822359 155070362
112651694 144747229 711073315 206288664
477030060 896950277 492360042 448540009
219614859 924576435 958808869 182870978
810462746 277172158 51107353 936093693
405475799 936458693 178108058 980708417
18322317 476659393 196275098 444050575
913952675 141316596 454689875 625048437
292027065 900775129 979691318 934488136
89524914 341646956 815728283 423577791
453959445 234576230 861565825 624381792
95038048 112598513 473445815 32850395
50394504 142772949 352452121 679364283
401969293 50720938 661262508 958741608
330777435 862545761 841328095 333537936
252843311 634845518 65286073 136622012
724816467 588823436 115959921 121369200
758590442 42890166 970825894 40648760
53414072 946147162 673460235 25421486
208159588 258632237 604966030 333642272
766059035 415360538 671520974 21379692
968652160 204078545 588716588 278229413
595871878 980153165 742580190 870727751
877012572 939193617 265834311 301460986
690527489 940859663 418113206 63497098
130259170 605760040 76958432 234087456
67047951 503570945 631116074 171094900
639608221 388017234 56611925 743987886
733240072 397614615 924448436 111220485
676145015 808201347 623084402 506231049
545974876 185390278 779520062 623336844
310049294 25035970 476552421 573347986
438845513 150930322 968205706 991525770
722800445 360379355 96097197 59134592
377375133 32737748 558849207 705035264
471000142 761310271 670563696 738718504
97552883 494507560 577349638 583422844
615152503 612503573 499073385 894828086
225394733 694871305 921937199 121626733
658706197 572131918 183472174 783058634
657855519 326023277 191574073 71794071
705788514 272409623 469969846 217511242
938889437 169758967 9121463 611200189
916144141 733408950 251746157 756981772
867168881 378878415 647394463 169919710
675570868 776774598 878313961 314067965
753402358 316036294 551863676 442268317
700950325 619798225 872380588 114413068
142381420 21403870 390064221 180493123
511112880 151645574 774854749 88905064
744510810 267298743 305507312 550286703
96761447 923407222 602884144 374638504
824741925 438434564 290435719 134513712
980569287 978805195 861811034 433287723
626383585 600692065 190083208 488300343
637752134 414914539 265922945 347100375
777346486 818561734 668151590 110079588
639471157 111097269 337246467 131365933
363767947 963847343 884984160 4030425
793363781 452263711 793095815 157268556
795999948 127168692 571990274 779969715
107379876 942647724 415717804 418111705
688005566 443785147 565504411 632966099
569633442 782536799 530122267 78951863
852269513 914347657 986479913 576566073
562244936 962322416 903130039 523113744
486837752 185403555 848403142 371324448
515865105 187148773 703151222 347806667
988569417 747689227 721431271 996919480
648260345 651690531 852649497 530322998
45078037 183273102 807615410 855993535
978555793 936916020 602009290 417930026
212731847 786306430 664801992 219314569
365200154 382984656 291621826 790998821
128202021 603902224 476280542 805271059
121565872 189332475 973050741 191517805
384744652 832195570 917083404 238140657
952931540 586475256 460901272 403798902
709207409 356268239 512543004 955333670
2878068 665074736 872156032 830020815
804201140 112986951 622253526 375147495
938293790 321165661 117954841 75385787
39022853 207913122 791305968 325523465
466896371 246665528 520183846 115756370
918779308 60465813 776945134 387232886
82460138 533819795 787876054 316581626
6842255 453083443 799046056 326383289
756732945 630611038 885548404 650750460
492208763 370811535 831586185 135033145
582529910 291052976 149351054 186084672
963021765 577244739 650448008 21344131
50287479 391092962 2764739 886846959
74911260 619409951 561314474 651006186
181755767 717862195 251307537 594807020
215547772 335570054 742675623 38874422
615595743 880716747 46594262 332934378
725164129 656057144 717172328 685371130
134926394 918975656 709359191 869820340
406780066 99773405 296547355 884239641
869153894 602323374 720361254 484109804
432383972 960719188 651087499 287913171
577091763 487306147 410679008 875001178
583781208 309128657 83780684 240719752
779869897 945938976 713776683 560265922
254605314 985542487 50818708 275571540
725720073 69660584 572596595 154417887
92684305 562778999 678556719 978614517
344823326 809309216 184310300 647160820
718453881 652384623 575742759 606975775
685384654 927030462 907178690 474139744
437039059 464926711 637281093 82877221
891094969 995905932 760576453 383146683
346438874 17540356 255120728 244301367
571433597 882411797 429474334 619048523
18965951 748587215 45067156 56255365
532967795 852433021 656466110 573957920
105667106 80310252 240849336 811917203
512090513 480371747 887162363 620958954
352217796 73833262 87550447 618328076
246540343 50650 375131942 88645822
59830493 447037865 555583133 739043878
254992236 634546859 532105780 295868823
119017162 182348374 720302217 659155494
381022459 779450005 472323826 404702206
369850778 262207389 768916789 124193978
926249297 863127726 34597016 788703647
57803805 313457190 341491016 461340379
968858436 339680581 11713524 515929690
835003419 98308695 460559571 115242429
799101411 259221357 227963086 155463116
719815974 956979574 697163249 902844342
213587869 851322733 86292392 372056403
594414786 828605130 31084918 998253426
622157805 348828882 602734582 905818735
209716509 793243579 307846577 704535463
762311736 596975692 516373903 926132938
227001498 531203604 688999339 430222864
716334752 652122782 759084214 429920802
75496286 3506373 813887984 370673167
517409674 219981167 437929987 702322459
288504953 77261008 446899458 632688287
263439665 105431831 849253109 355410531
310211207 173432417 521062987 618126808
997933912 45203088 797276390 693627170
239074298 119820054 261188530 64965949
650928432 877749759 494314517 504126946
627967024 200882584 943965271 345605637
521462990 76535697 979704418 451803738
146354745 978354434 82084117 647068271
887571518 212455730 25673629 855127930
280820379 118123232 653993758 746037263
836460419 568998102 468078800 266542751
978576456 170698496 161955263 975371731
788601104 71340276 959944277 384722986
84041649 390628244 351759821 121889903
521402087 12135583 781437229 859162002
220139965 399084770 712722705 285540963
918296296 416705616 892112939 399384536
852981776 541189941 704531650 776760932
276120197 567448968 476766383 689149331
898482052 846267955 94097682 620769815
942691812 807526281 678114450 548359562
156624073 445286763 79445551 610619025
124243436 923703266 840584146 520621075
309381218 639452835 333375984 722884449
741247797 961513488 421824018 81147980
956317550 137303631 838314691 604006106
328328503 558541190 550518622 587266559
471797178 214319345 344233990 366493007
79186845 446653510 331879737 543448581
942943612 937120634 483423060 918330497
479915874 917669900 93329236 111401160
342197493 920091850 522526839 642040618
220489461 852957563 28028337 263359862
403455977 405992996 276144873 548946251
933449850 945029894 327647863 225934891
204997782 550926072 335183846 173585090
812534122 655630258 449841373 453556658
772944123 589960219 435669039 751632007
761319267 150667727 965966915 102476707
848899432 247493331 232408119 486538386
740832561 859487614 18626077 444297849
385505576 991829420 856206134 983552582
201041635 979041358 522957670 219758030
924557064 241716422 67893417 857657213
378154996 153946158 339058759 630742784
65386656 664027516 915260924 744594232
329841228 805955828 893259368 772481337
238123782 534067782 97690792 225974418
668056529 780947924 111986929 426220296
858375794 829638930 330587673 976801996
433241363 694979995 377299532 164684000
264578882 166997147 911916122 348274441
616067534 232067743 642988057 948358628
364628720 601011963 286020368 707019118
4696150 674845203 859445563 511384057
931658052 755663661 336592083 383343317
928810907 18462138 153477439 5653622
750628166 921535852 230075388 251111687
225644587 481480485 295235606 158241729
448164680 944585133 974477130 53643922
917256663 670900231 709708134 225065960
946466848 45424503 913150490 650983967
694712404 524853615 30809307 401751298
266156542 94109215 368181093 498094757
281086510 135630370 917293948 861886869
300650276 202213400 939773361 838503947
369050044 156913798 333884226 539876763
333458906 825010632 754727304 83025568
167458932 793605555 322972654 313511506
822145640 694580370 353538348 92931325
115925217 859765279 569213916 171260596
278809809 774073754 815670185 619973207
732990705 542846097 407899663 572668579
326977806 334433394 704287915 707597936
713841653 398809381 298895383 109141998
130212489 968642791 638359808 251392608
863225286 985204041 636198371 368971959
832347077 951388233 799549825 227489668
547861048 660164574 386679090 147335134
311861826 430922458 293235466 810591567
818742719 371713612 234093920 997310688
428265236 7595655 728809078 467419566
9796201 70141467 953799389 550603600
498984300 901754855 252775157 735169378
327020273 209856077 894578981 113664021
567105931 780621781 276129308 853941700
991272597 535489141 894076075 591211290
214196678 926546580 435701217 16873769
12803349 132395843 274648479 535210916
105936486 269414032 343911826 146691007
866085222 825937308 912864727 909662976
573293507 235218081 62180641 640588768
943862739 428372458 728342711 179609940
400057963 738971093 133812308 980338876
583789749 287366712 566319270 433138808
65366634 517616757 832642290 247834135
382303818 442541969 98026597 382987903
856731397 11842901 597864058 817174963
679179506 567952060 861061697 751545929
99484469 717627190 81238415 497912888
570150688 801028016 357275618 391319933
184641990 546526307 870287278 242464670
906928771 752407809 317055995 949790902
986177660 160818859 312743937 404592766
789966659 319657716 163287172 823067867
70074203 951178424 583790699 821186444
54728379 659859910 930905770 701868306
88523519 238285951 421871220 810573370
121407410 588973982 141249932 567534519
254394850 969469171 975744190 647856349
709615455 60912196 932174504 501466262
227453564 128285946 982563509 812859186
359681841 403165130 310814319 279315560
674470584 250933261 138199067 67317788
315352633 531880103 43136018 427719004
216869834 734097280 829440425 625079591
460500842 636376236 479177048 126378704
668268987 256467220 961256246 491893590
465242674 777036387 371202601 48078332
332976505 651987803 142561293 119595955
78678381 80023386 144491652 59546675
740393090 730852703 913926697 880821987
307646162 562552870 709823659 823714658
277910339 826895378 930330916 44076387
550693832 861129739 574791393 989571417
857559485 2015135 266472240 322322669
81343642 52226767 379451898 839315964
336047132 612616126 235706263 785665208
36892585 900255962 684824353 493274598
638982196 731343403 274605510 347674840
154686556 907616501 659333431 366519889
967082230 899672806 708969542 461198150
853611313 750516787 634716160 159617086
336707968 407565956 325764764 865504565
351395508 882868417 780796967 24121961
113633643 922185895 278135080 14741898
426466717 674755912 200057760 972185970
846159724 47470018 221802303 402521108
243593418 31886848 937278208 305592105
399506470 725158932 232695917 912900450
512480639 87446879 738211249 932047708
544158892 118598669 437956106 683742077
420403213 29288155 198200859 237551315
395195138 434402581 937192149 246082672
973045238 82268311 325531369 852318776
265781835 936396210 22985532 977039737
685639532 913612647 822828385 44615230
213918316 437149290 993004726 343939290
488784649 39081885 237610775 511089195
618542027 416546986 122983623 806019791
683994977 918117233 251712438 562666019
466298681 366732916 780208808 378620944
694212012 155634919 218890675 664153473
506760012 820843130 765010093 405791372
332773554 385090837 125695354 587928525
120629006 514205227 444904320 92872413
988930928 10884520 552129562 156551092
576693049 354871652 378370858 675512450
717146768 299024796 863528254 546925487
487333408 919148044 119820006 693444122
133344720 919379714 83326471 952833264
847247270 832069304 957868798 952196901
880816878 278895874 835877411 275670348
478642520 987997838 305720940 974048127
576413134 163645834 356727089 525486306
187830614 955633832 883017510 823603737
85724578 519212628 535891648 592720425
114512956 403866319 795374465 691549998
732820116 405825215 870047865 718539225
744650515 683453137 893214424 309069174
98001275 570110903 832952839 383688711
144752454 549717683 561447210 325870826
191798679 328768742 733319394 70331012
969122043 309439233 617971321 152856954
539842563 511126878 565261267 959965637
690851337 400006622 818524408 957484507
402942590 470253784 904905269 618514425
139185823 471793949 912028078 7949583
217934828 415180050 493098196 85611039
357381661 822499089 880702039 541231148
832271100 393889861 405147644 6271725
702370511 161518328 55947073 710197588
908139252 159285645 446923211 278813262
31839379 833330755 379529049 785798385
716520219 130892303 540467263 701697010
764498346 422665492 278113605 745244267
593125629 972946243 680053554 610819300
539001019 866141705 631042790 719299754
395816907 618837747 290313362 449221708
974973166 90134733 952213465 198598547
728377772 124875200 259690406 391270141
405689965 290494468 791934728 850008376
90304103 344847732 99903964 608270813
655046390 499054064 530607760 803754811
417491623 949678797 724103106 135787291
96225184 981892183 444170348 518280897
219303734 186156385 323978389 697194061
50184276 919994423 845186806 207887915
14926654 189982734 404957913 663798277
470690726 191061577 328754062 454297066
473714903 469043588 884923459 815165148
906564141 770679624 578403824 48090889
47722307 895255857 104965688 679881850
465620997 99667221 698485452 928785044
24495606 942602248 39492700 736129313
189793260 881805276 432713860 878193586
978892961 370305628 483393115 669333492
129487348 658168966 453362255 541942793
223118938 635954612 339056726 285717466
542451432 744935899 693749052 995338522
353087427 816238311 574084879 783621146
488278076 566447111 442308833 556299515
806156414 108980475 688582397 925918860
974597471 569656167 320307096 221202962
1241621 987153911 733560995 386735967
896280347 381134466 661277277 103816634
310552529 644979066 166079438 835447100
552846193 965408621 973508466 702165847
574419709 921420691 272565708 89304610
873878912 567778698 189725538 71936288
61601543 249448403 217412688 780485899
391375110 425443070 457450330 738768617
927009239 710599386 101181446 10796052
922585747 59766577 372437684 698277307
463585173 618615421 438434494 25908773
763604068 108933627 107583866 859287050
676749840 908596023 680615548 781668076
777933311 953400742 119278393 724373997
210957675 831020896 351735701 733826348
796268036 969999587 631842884 975185746
819981969 686747877 256278706 852830500
768763273 73142795 526060274 533160687
376618583 915997756 898272131 192445546
167288425 872583292 861973391 112666415
935048134 988617794 963417080 933175875
189768470 315562540 322106661 101610342
617747515 38657413 495536878 499773024
191493018 68709252 193716281 166598217
966911954 642290723 620831447 788520256
192689154 297015905 451397964 839210416
618452209 672142726 943407939 120443279
143877672 328592158 402708236 775083312
543045226 137341596 85998270 688501849
302599229 41751068 466231135 288534973
385236444 166275910 463592456 818413721
866641523 329264827 393085510 681660716
401435014 563728595 521220750 342490761
537150438 525755579 25031115 273395875
566857625 926039012 811393338 323112746
851451068 191750245 759962423 136998613
46222421 191263175 479718903 707273723
388816111 466767143 148298103 936007130
633890557 924428222 171767825 731589483
286962414 654622488 877692425 781341841
420297219 904292295 330333975 687408906
303659570 146722189 190604202 824405881
704907407 906018642 998801267 606000688
970817288 228603591 369331029 272259577
240396409 264480625 736481791 179556879
813733910 646640664 211299880 527403381
582963013 902214983 12108494 907957649
562177989 945035644 835074721 778817086
935703226 712064366 852241675 395176787
873543834 527656463 706010280 400020120
714814951 611711451 746538383 602054933
487363823 365000432 298480133 184507085
458389436 873849776 611656240 303401690
853017984 745710419 991099542 312278842
599334376 704058681 658016637 442761727
187346626 777003566 654896775 782699077
200318921 526285172 796713364 768781809
492076215 938832911 694978494 779342157
539688885 562787856 540537631 804036722
14506216 746362275 944476466 369726293
427333955 482415981 496078566 873095520
142643206 243147024 520047761 252696337
364584734 325162747 607261171 212415903
817437945 408495192 525672395 402888677
438088996 263488486 438695093 685420355
390687622 612796118 48132522 156311941
404501399 477926689 508731736 510809597
813237 26351895 924626727 213620284
159429208 739929544 528443308 945645082
751214121 639765249 172159873 297206652
813579226 475982424 955180676 503065774
229726570 619723610 797196922 375751866
865895893 166570984 897202539 873935295
363482072 722788225 523649824 643218646
13082812 121915438 814480911 391190674
247873166 234778287 306174017 346725613
18089603 871291042 784605114 739078834
9174381 220273145 679131523 793419761
981299238 656202487 936371240 194515211
481118669 463677943 991266225 260603624
189908434 564313767 559752639 380802484
167327778 519682103 119463167 616580585
989858678 516578805 903165378 995002229
396591673 244525405 750941903 290570617
13712339 681625305 496299643 968031127
225552108 913246611 711451535 686062757
149657351 225712622 505167033 7845292
988139871 255233057 141170442 546719144
195539654 105089165 426373131 758533566
899062791 216776353 58163589 382802922
279854588 408726007 458705322 518085171
634972001 234794799 34989785 509640033
912746230 300870482 888324799 419611862
264031088 611059708 967962869 223034492
189118283 474249196 794628609 76917886
444622561 70726358 998254809 767206569
150920613 380763661 836891649 438711331
727702884 839148794 530563455 935692274
990010344 979419539 130077658 614641133
982817374 905907721 100392559 151781438
641290739 730436423 703199424 418291937
785154337 590099849 714766983 666424091
948669716 453128453 535688357 441775314
171456525 416986443 549990582 182796280
534497841 721368942 193441675 857708847
542747081 43259843 546289471 227123303
256740240 222912189 557217241 502432999
74013481 110608654 556708856 116102033
443018513 497674818 46921851 547898463
551959773 688430368 156869838 582194246
859166450 503628911 813544239 66313880
660451371 162024615 456836387 388673863
295788613 302761549 799337209 465304407
762015893 492229790 708796134 36474513
772682265 726933989 372192907 516228830
481295877 456637038 185716898 447152426
556265002 260483195 635819515 522013190
653771944 525975464 731591018 990884281
328470622 696824933 657479449 731446414
112490850 33652944 457879557 107535350
374848128 905466982 318279977 801286082
252401905 3044821 218454915 500012861
13273845 313318600 323269145 730167845
544678601 319812095 783202774 684769476
460182650 621906894 635931962 835331627
44283081 582931396 371548058 797162486
891963350 840492683 157498902 594432404
325632038 582644120 965392084 84233984
661708681 939662654 891793414 388190244
790847759 627355717 694375515 82731505
683950293 960178064 692862678 72133297
103140690 896536436 451060222 232230608
826740984 774912707 96530060 575312838
464733417 573863844 538350076 328586404
413574651 936633967 92278304 159127696
940399476 746810286 655808123 707559233
774582529 736322194 950647762 844500424
918282612 766177034 492542368 660237487
993996548 120078512 368811914 568598963
306497180 438773665 733695033 548220811
79026222 442510980 962005097 372219217
244412035 24003197 643546966 466440673
780069934 739529099 987054448 931458477
329904079 812303815 237336476 424950989
781472645 991979076 135461594 592463569
690787527 269267752 345774130 9698183
521482419 187168980 442597132 540635652
667993893 692820364 683962004 192088124
165903656 642334531 632839891 949261406
126042023 95528077 787325267 429285614
273339360 723078697 753575573 430574341
167996372 601057117 136491021 49768052
210126927 759918251 18431453 930905819
513026563 139051958 820857724 125362067
106072582 899129327 153639726 137361
723612039 41496802 705305971 203084817
255750043 715995882 86674329 545446981
675334633 100428592 717185582 771231530
230107345 928211772 578229250 111091058
171810037 764930247 278895200 491407269
493206143 74655636 885661566 218949124
969580230 576762748 627998515 417301552
585525611 852925676 742543064 926797388
786375753 943374632 621066258 832991911
338991866 92754955 537564678 765553097
888779276 829395809 997860882 854650356
279159772 305471572 605971352 895445889
673779053 271793377 651211849 515553056
34934006 531372383 730139314 429932397
248040293 747884415 56458406 194095957
316050496 462264362 801089758 627331783
235072434 640942157 935312549 709347231
525897616 498330284 972890893 815801353
240952021 550902823 458262961 843697855
843313980 911279537 648446649 902484457
64582703 755305309 526731044 779716530
437846216 995599090 39760609 536226241
57692842 797302031 226612869 194698617
962657126 823135648 327405844 990675359
690276425 869676157 659747825 511284074
93260571 708558117 464217026 860609005
372600804 969997581 731933398 343327191
517791350 369138436 980733125 670008178
316478524 371589165 177935403 750503480
573779757 799898103 827861853 559001685
247220973 860695373 534251893 704098927
704349723 475738272 416886680 735356339
459154030 564544627 81452181 433773661
470456358 123214082 751757413 802001853
322201502 307595386 455076199 110113582
359912038 976435344 509263277 649825448
200360999 81427450 876333354 127916410
566782428 580933637 686157335 48101217
74718792 476492241 417372291 792045901
689315011 454425653 306577593 176881280
753265427 480600080 687913879 583560184
104777065 7633808 761556402 490832875
260651848 654275573 518602498 258913159
946684913 977767699 971735230 502157012
735427767 459187640 677434308 967509563
487818062 55359480 88880675 560554448
583812204 982795936 989739457 266169082
217758470 891482211 656086535 110346276
768464132 243064390 471831393 966533347
495854347 513875277 433868481 662845814
245584829 813180859 801305670 500795946
324122692 531179649 987674141 714343042
524857818 832106795 688992037 517082204
303203844 930509333 741252446 686506709
669667630 391431444 139097 977304227
350271652 118215347 156500141 574205447
515163740 82326850 86051177 245272863
245363433 165956132 670131735 478972355
193465263 810234112 174662303 457064366
925671648 507254839 523616390 616133548
66737166 629455828 839551462 817523917
904989744 447030233 194995083 887824280
351904916 556131025 102459963 38066229
505917955 515694334 458959230 821699522
289288989 604290484 282612348 740279845
591869978 13632770 432844653 709019644
977075910 919548075 224282919 177870052
669186747 253699704 181330952 636046670
967865724 193769756 347021687 379646996
288895968 718193414 334352012 63829579
290025844 482029522 714393535 552213764
803432832 294251633 520061687 832472705
335404475 557786875 488307618 947204055
283591249 291055241 897644179 134464641
169410746 27573551 553569819 569305303
992807084 598062937 791096759 898367812
62399314 40271146 345138368 576931723
330424490 537989416 744526529 988770022
739110090 435185980 880211659 547784058
570156465 866352198 235033364 470839083
350209896 464267284 654462576 495286370
926322863 977560934 728754336 342867886
208268346 506488191 465362159 998779180
751757098 892337186 350506360 790785619
173591585 480745480 505612137 528232316
897038167 512512581 380023314 739251146
261045894 924598060 918450567 303043618
649770304 521884345 33870169 118264862
932949630 688511380 708732706 511250755
771090672 830331089 471128759 866937348
975450458 671688508 519607600 21652724
206202225 229472499 883305066 503451035
427849472 622071393 892964693 180404661
518284975 529366753 513941212 680654618
417530931 122505478 471799870 436381188
96596717 975283048 980664543 592301956
396001456 153124914 542194733 108799572
582097074 317747535 498631899 12810884
483096240 483522895 278505384 866684300
640050128 737608369 884766240 313235409
208791944 333670966 753588058 217128740
191628841 376459103 690348242 434296381
381476078 168195099 984115093 260280442
450892418 951031178 990483439 499050690
539235628 121216477 912181078 904924861
254286589 668716260 926942862 191048133
76169661 905989216 830768365 17044661
297471185 954471132 955618003 3518536
322022733 575471134 907362822 421920143
786921530 509063742 47305377 459350746
853522109 574499457 916513205 611915956
435253271 880914682 30776502 517033646
214701034 761999263 854883295 804891913
364925608 297048510 330369688 841601281
987836148 974894750 658704877 338690569
297047493 808789363 524199540 324394901
383477121 883703399 178071113 678562771
747780529 501775238 439672703 7132433
469721552 538009394 439087230 351754611
944560596 373702568 146104969 252176763
624057197 793031637 679425734 143120698
569134032 790556126 904180925 751421506
256096360 35028718 848859658 7904063
897462381 447830615 739790305 289522387
266143794 532895177 856825296 610337254
21901309 670318232 907673140 124150867
313533513 345854192 113259421 734021792
458998811 996124921 399767253 176034683
819223807 713127747 748359955 679450727
577914530 424167492 270611492 970200855
295227380 89990504 362396885 356609720
795731230 71727651 697666042 272234910
563844219 4765241 424060763 481286112
45687489 552709137 905320283 958360976
417308576 37119200 174894484 421908331
741971447 593159042 309293201 355832077
741414809 914009836 414595256 223087435
344966665 722867881 4993713 544924636
867218829 128392853 801582432 105511477
916318501 12397099 235790677 570070885
187947238 605392478 690933791 587481277
858356180 658532544 632215681 780755748
683122375 934641835 487597149 695442366
144779377 197297870 321450752 38512266
337016720 30723622 27811676 723380242
430148535 358392503 528478303 51931
454312833 440184594 417500882 641171245
307531933 738316807 8260483 534718022
7298611 329906995 189265375 427166270
450613087 363509557 656449698 390730063
167875319 53677642 307911756 204103547
458118961 559738151 826895669 253472799
896865427 255663470 79708459 320492579
86042617 327313364 920385947 403170382
954223505 510348443 108389659 928424732
437749878 118074358 430214796 355045265
635215651 547399719 635331116 500860407
297669923 815495085 774345473 155549276
90345443 883582921 432607081 705820737
530305290 564692341 53945657 252252685
661371088 431416555 739209031 944774274
313087879 118025188 163615420 260625658
909596220 177271714 760460208 884021210
799026687 279274378 501514938 543980542
420649472 543499623 556150811 935612031
656686569 851857561 119738851 49076739
128723774 66219800 912783278 356161070
713851495 531371633 867839930 909019456
348788047 347490005 62515262 438153122
124206554 402311915 853187425 352239936
795113821 211456837 588616946 901359897
466659783 320034093 906678970 153016297
715883908 232169089 595700392 7991574
174867507 619616302 377380937 119348695
500907462 843156546 773885214 888880297
812877021 744008408 586885102 862962612
676966502 86566499 728298452 383322977
979622264 718237221 170426243 668584436
665750912 545234679 987118205 953282619
701313934 975269917 984388891 516451137
766295847 829944272 344037899 72673310
411585032 685773478 359316208 906925071
612625123 326904050 111026623 862166814
120170873 808785231 36660721 120194047
391955395 15575722 973564608 152430345
338517703 882248583 239908649 968037564
865048389 363132276 209640822 628893105
776798237 483703115 56926368 332789478
300847923 358150163 176181328 798474213
82126593 530698628 319837973 242286369
358094032 845338414 288474982 226288636
505844949 460204076 8873051 220491964
547819049 114524707 548154006 640637856
328073812 475369300 438423201 80791695
609284591 138860353 112062143 71523685
953511107 73078200 619889696 970537277
937864657 797549573 286322824 717628327
908840958 590575102 635442438 264357559
190531277 809784036 862597215 53419073
861215894 619664397 271260562 965555784
297693193 438322838 297819994 665423533
815971459 101787586 847385786 550802548
85521251 136809526 174593579 722638197
990577045 226415652 387939573 956458304
68416048 50081402 4182296 519351947
245216926 433237196 465600059 147102816
911687173 244948448 203950349 115181353
871725620 992231652 56930431 517328762
31350999 650519028 173125559 428516785
745986535 391838913 653489037 716294525
663458281 497634892 561001471 351605748
883885683 143591166 130884812 299418200
588743944 556926576 265125766 555616915
509791313 62009090 897969375 374438873
165994568 304901402 950393861 785733810
957851984 890222443 257461196 808746153
424478814 669541033 271708199 234870098
829296955 23413301 719585538 956815871
989153200 771868432 545801265 943856562
711955093 221953963 32365155 685268811
339276553 248035410 888182930 877602828
99904042 389541588 871434571 598151836
712132642 916318475 851607639 361681660
699350440 350830114 107377505 538798131
554168579 819494120 34112286 694598670
330434643 7168010 832596469 673268698
247259996 563586913 970850226 599620801
94238265 721418531 717770523 843276269
415264358 967428747 35848904 560471516
173745966 794974105 399661825 353153478
131035812 79214148 951026876 582187889
852571985 491246896 129783845 172563597
921639848 700817996 822749914 864679064
942268283 218703194 526238044 421498098
644240039 274958473 335084880 415127233
562320929 259113640 653036770 613991409
938657088 707866423 360869380 203353848
171022904 873511086 195104906 579453404
693071391 928624923 987452096 220286925
795642881 457531832 859415614 862363152
755190039 197870933 639090296 512604133
507561168 216853688 431126892 8400248
569829953 185989782 174476272 759055369
243641916 579407761 118111923 558875038
577502352 862950417 730452918 165230665
488795748 992401150 21902799 538448149
770176470 691550873 523151641 478046000
169745269 71014175 466918280 936642751
768254841 395495073 243186481 796562440
33937481 16610224 55786840 56556235
44281980 183307986 814738010 314053649
469095593 718966189 323949632 749965633
225750764 482554129 661408948 342366028
272121907 659820067 700194628 602885664
820231409 925947375 242790841 499918482
554946883 158581439 211204638 518096019
900716390 96642875 422422788 743471151
908961533 380382327 774805633 988294110
814499438 44484004 229136418 659463884
991203544 413945795 161489758 950912193
127109073 715530336 889034369 845996812
438623677 646254302 774000550 930613050
389998070 938565762 102508943 165850552
512952494 443169114 153096409 753042022
799016536 22113772 817528523 94334700
952698178 709259583 192369525 105800382
298173137 353746958 656659371 982011909
933236575 718282138 505085663 661959897
656725194 672609167 247511718 318267636
587556102 140006585 369961256 242183092
878327615 857391012 387115199 995678880
690786178 454187645 861521260 770031344
788593439 283046789 545922059 23409823
190207095 413104173 73275511 418464708
681093159 197915415 184721460 451873135
552717646 298844346 456355049 707810030
869959374 740016062 214864932 845778355
446219842 747217292 303876392 265965460
186327553 167376324 135404982 263948448
43752747 789367995 229734880 19516580
379070463 663540734 107663668 787882373
9117532 429612488 234345508 586168066
475223301 733977634 374144665 435576537
528671427 495145622 476792191 997976468
822291466 672263161 618710743 889935347
345773637 337352314 552585317 408082155
34093526 756627527 417475794 512216204
143272403 629965305 148403952 492327468
252533796 461623908 440218796 38178422
427244578 851053401 778719515 300048447
344084710 869364610 78408968 461701944
95081421 727833412 823477804 844204161
863979654 303157878 988396789 701021657
961186608 475768639 615561543 340584746
731420207 25404658 398787436 58823341
71006965 284158969 702017798 630166496
57111906 278485131 389507306 397536556
452020548 248175128 449566729 564848665
440498145 966689331 764031590 57295542
663176934 638360540 338782912 117362598
138549817 152092820 218037606 922573780
141191320 961855096 265005225 308664872
426217092 211415612 803495481 838903148
596965818 280086525 168722207 437658117
54147064 747894923 713433973 565335910
931298259 528111796 977224802 27046555
582303369 226912531 891818917 87658063
731765111 88416226 691595945 879332396
267761617 235690329 242749358 873882777
651490752 64013273 7210087 26180218
752338766 715068661 846875995 656288647
400656341 81748950 626074693 477504530
101722720 341665734 26634971 317860343
966178420 757436138 553799560 693394611
198411748 785323516 309206192 347786579
96849825 689341502 961488213 757226502
493487496 20458520 514777099 584568448
828970388 468769707 878317674 919838817
731485598 992793269 547433178 814286774
735429829 958433514 530144627 547557256
249759225 433598400 109320177 790140882
273168369 325811242 618906632 151635793
996719635 317614124 300421206 40824077
252435683 593120474 419360800 230872221
450215097 91935557 242203206 787165969
58115839 791238161 60297734 136495828
800895377 894409424 297384180 181175330
362103676 546731689 524862947 49701762
233040622 769918861 814711593 913495500
949346966 14684830 569087059 449886071
726863881 682118271 76254823 423324987
747404533 61742058 60290490 498780111
721478148 736851399 701801181 98293834
225400893 675150614 304635140 208860772
470862448 50102172 798432717 169317031
298326636 684963288 503874214 720282808
920946418 189596388 909045680 297366183
772093098 222169724 527541339 426479579
174670381 708276845 794392300 628623993
506963344 860349160 484040936 475832452
2364851 970797958 976801375 12163829
413683939 719640178 143759323 336834414
21130011 52723917 928724067 222151944
857141309 937665948 191324515 568972100
955365174 163928174 523391334 802218542
641804918 717828614 272339089 761227836
666694094 583264298 296007069 187543378
182879354 853034892 965174120 61040922
945823552 619340661 650459569 183610621
911929118 795637407 216636959 809346342
167557997 511650272 352257477 758382418
338157941 499324556 9312983 470059179
326613477 323360391 454638446 570009494
545721315 711349167 588392869 326949274
647374810 832551457 813711594 205574903
331696815 634492326 6031019 137852126
675348948 921922163 507999423 519580286
132963065 450972213 482548583 749941209
311895664 606731823 851880869 13429420
909543201 299453455 95783509 543847887
538907495 408689573 64242271 608870421
251154336 190796404 651784758 513656735
286852195 787401632 941019364 677675469
316104233 327285231 553175726 568751678
991356857 850365390 373480372 519015992
408967438 199859143 143781153 560604056
67529984 246852439 646150009 758185251
790553779 285238333 429383536 502637406
399861847 202694712 881783610 280135685
456590891 303557049 620519045 467414880
573810279 948763944 429340701 739211340
573178648 758495785 421918180 386784648
164815690 838280975 331426696 369866159
940473059 766118039 918859020 588118100
407559376 803135869 815833108 792736231
221713720 845218288 939690568 63826736
505594752 988943514 269291572 520738007
278630159 942788837 564269001 144157238
909244363 129968778 523201561 994121254
733859079 609680921 659703403 841853975
249738447 851289146 601258387 888866266
747029478 465316362 234849009 737295694
369812785 787262849 419116795 377689687
127176390 21008585 775799068 2845203
92924156 943074578 720851182 618414886
926047633 18672174 843660580 36535791
450514273 427241416 358788598 632942127
462597683 916058415 897121883 570816528
692829437 683653498 879423963 468881180
433130399 197100481 940932398 449515296
415667170 27155395 231148761 105906274
487671371 372726211 89108909 786084416
239153229 577956039 634948685 85202535
543124181 657317299 804051446 732522173
176757378 260553122 258172672 291196339
86297282 158745475 96289804 803681245
596373044 66305288 40254163 869688133
363624600 883268814 417638694 993013298
757461348 813956616 781251293 527310874
880906303 36042293 859174227 205893473
670691435 823798768 125430769 974367554
695162041 561791876 481671800 454212031
632993720 836227309 226165882 907134966
86656418 402020604 256744421 177535223
869356976 294843737 124257897 823212233
423585943 163404370 6300154 75621699
289632507 510073001 539364136 475302022
270581549 724295063 480890849 163196414
10115100 939699444 425038690 164183119
365857604 74764549 112164007 255850105
165579083 548432993 482399081 789283711
120633192 946732047 68870009 8807333
508750680 765889446 815371111 891786549
446811498 86555510 220323680 650696751
922800448 125743771 145399952 277612689
973019375 734645759 321133321 472572086
764519248 749690587 545374273 339569548
549513196 981991226 442744673 957281053
521276974 93698769 430939275 536634977
176069128 229154289 712451233 177351125
864468829 299097508 873121390 839762146
269126244 200354061 514393087 825289752
729180485 568087952 676350966 523759712
581648697 497734977 295942776 124433906
588006166 32648359 804947670 406498411
703433886 317514669 411340376 701884140
757573532 307281251 22046747 338071559
759765825 957837939 439400348 975655223
15755790 55902149 440953622 911557522
478151839 113603290 195976801 769662974
86541427 43555895 243051779 320887408
838735427 329365491 413530152 463218875
534928307 315206623 602209078 899421206
832458382 668746788 93271083 690858540
863406558 693579537 367883309 679844044
366628269 17826054 797261544 494020974
913683365 412489170 521313771 262326562
972104058 565451961 43425840 805257581
905644954 560237355 574809033 457423791
167180301 981929267 63954079 218430955
367321933 600670576 410545556 564424978
128926130 433070313 342051180 222397396
134487450 184821696 231666415 369221234
932719554 654662174 290070259 163006911
336777563 279578556 171462648 210129574
921214037 604752243 191551021 864138137
277533127 744180686 417495414 521444652
497791670 771206286 126013314 847130884
744893987 376164090 4608861 119775660
456509250 355374317 323838473 408744248
525340603 823133111 421505579 966248735
842982738 898452768 208008816 633332006
210662579 884965841 808087974 845824598
555203516 314578509 198352463 82952679
352727794 595802807 300363611 508420780
245626789 14703198 462629964 193476266
262323732 884583268 376172721 425307582
742697559 591028186 843068145 755925621
960616414 229738354 145048595 297832439
248755348 632344151 561969503 468813306
227731836 675487661 706659741 264121118
220590102 290335540 785279696 440091533
659294241 66489800 549763656 225414785
355477491 274440460 90157812 105563288
27811523 222292874 904311011 452933789
293350214 588719426 787586770 646388718
483986954 745893717 675480157 392970523
356020404 123932209 289542556 854966481
92061522 454821842 936654713 195887737
950701870 457352862 645555133 877256534
58343975 110496813 483355757 728862760
406488171 86770644 896501009 527277845
776364036 122876806 784386359 126323056
388986681 882617625 213800175 220806834
