2000 32702428945
620197881 65335061 437953645 523947452
921354504 340182384 878386083 120640667
995038388 925081394 89088470 769686027
305134809 396825564 764074221 826558827
869279123 927619799 585654498 809938126
882965618 878368626 787953818 960042557
548940595 646805966 952749691 20441134
882950775 607488740 284347062 692554141
668517822 518186478 96383877 538177895
231021138 712999334 145186178 981210551
567802665 903254922 109523350 96753177
183005528 516894497 743647549 705941577
864431592 679855109 509231826 148897256
196987805 981766626 38454810 394962957
481005788 160989692 703939139 576256108
463374953 953015021 233561204 671100777
528818096 325833862 326858150 682848217
882013284 906751479 582609478 421843491
282481258 620909406 697999703 303870819
663394218 220325408 877972989 860717907
720117961 944273506 718365411 508343455
935401652 891872864 18109389 48513861
290142076 560869399 127785577 20869581
328731264 878557044 428483711 719937308
999381028 41431034 379000033 284045624
926166066 839474621 711718658 223344804
382086215 847196840 535355895 877647284
69644492 498468943 507434612 895812997
445366812 29647323 960001933 38450759
75402343 367515348 451160950 633918180
230810192 383283716 577762482 39457098
268139231 438612737 483856625 65980031
941653327 673369015 287504273 672901322
423160903 73897063 187542920 115642431
800993230 361985749 43823319 881022425
488722129 91981509 42600962 472522674
483541781 393981889 699029211 139983096
307821736 291868709 911375460 444308552
555803633 779383230 188007965 876660582
997278771 336501102 200545386 375459555
530850450 442401129 374990097 835336941
708862980 195598657 289939697 85937191
113080471 683220540 663698287 388802519
597152889 974038352 241456909 65581429
512442258 215243874 389108105 226343167
46461048 14000527 743717494 34981399
109588638 705502165 231167122 976943426
412474178 809112298 42853466 909063696
738055935 340211726 189598434 974028877
837438125 451423407 855929478 10553807
156318872 831742093 899245637 329629991
798749384 999509776 678644254 969832889
913432470 610176347 522772976 902003161
746556898 311803926 556695806 94800300
731622839 421010075 629226646 827365994
405079453 889161317 120253545 388778664
43438142 618647932 527968837 257095564
181765658 761228414 667715151 216820078
264942621 176327658 550076942 799093853
95381555 231619663 30249312 634265511
215405845 694016566 657238404 235191247
108653021 482643220 51590271 731487584
408896359 881430497 217768517 112898233
866721668 559977748 980852945 586317843
770220223 222541041 135244431 6592522
491342054 385442200 229509333 144456936
57542506 245393146 314264754 62879906
570961874 512638932 224375613 517906321
92863012 377849395 793565482 830962107
786618717 459793105 483450436 296145107
789321322 144893496 222750489 514584650
269093421 841482973 465230508 683943991
162103397 622682386 360391633 676937342
327010943 320096466 649686517 548941475
619619835 886162766 650232252 90235502
932727545 332420787 187315645 585376700
509646505 895215758 505540784 800317407
693741932 403887397 192182316 482930307
186404195 986224942 223670486 224442304
548281100 120304108 406378559 833509775
448706681 398078950 362589460 972810726
948588268 533742711 500051551 451457662
357781474 772186446 404333470 100592069
222598512 285486749 891387939 323097463
844557892 178117647 726900337 880273501
182647025 567311304 155873220 317601880
948322664 918658336 533467063 910113602
167762711 694014957 250061590 115275351
899465609 774093568 152275470 808664838
475429037 282042381 6563469 58145058
264837379 825934642 814601751 673510230
97218172 810570428 260549579 11276137
981529042 639921092 907517897 428524923
879023540 856308038 322475590 880199515
87166609 720088418 997384878 885165766
3822232 875375369 966850415 959271158
297664399 468902978 674687895 688668875
401239295 486230526 395650741 533088364
429017857 925647302 159040740 664756123
517246019 912360106 907014062 154664565
160318241 656629679 323397739 319940577
632343476 400390885 449299188 256474473
601054899 388180845 477369112 587900268
414917352 249581761 559522594 971204231
377057809 644899095 325162286 913880245
533327602 663117011 27123207 481612171
344510928 875193680 842777413 888175934
621934413 913827440 289588039 751931891
820760067 791482000 784172968 346013041
25074499 652686807 260077853 48163363
357959591 156866045 891111653 938232375
560547796 131539784 595408783 747063886
922353450 872283264 80985948 481698077
148442341 866567283 272378721 493761762
532334199 90591257 724197254 465188345
604055651 500164331 538063696 518772504
421016706 486496078 883576819 884942227
571967318 746491378 154984240 888067390
110135007 561116071 365410620 3383478
743760358 60210902 754001030 904819483
287687755 911037752 260883536 894894502
196595198 663520907 524471036 656671664
320485589 929572367 670552644 282622238
685508886 572552839 456608652 440473704
786580414 767908148 942016929 138542816
272704284 842497555 791939342 582820547
323785669 571749083 371170762 205071462
437945933 496483073 461041525 932227622
141314637 338522913 455304505 439039373
419407280 103491884 961247376 308965212
800108705 97856129 186719637 561927105
756201309 164714659 351070475 156311094
776133633 122781030 349613345 278828195
92121739 262943029 65787519 745645568
243063278 998093193 204741537 100286428
45809074 149494926 202425006 789586064
629083198 187437960 522783761 154892514
209645301 59439535 942425602 466523938
350460716 857153758 458032243 852469278
316735677 191073334 858532048 626283080
630521138 609823311 32598643 949906099
279949414 218545759 634025755 663753195
549062359 736229380 7695466 104876480
525703805 408791411 507656590 235857152
12621592 314695332 136006185 589538294
348676044 526928284 716307237 901490970
255143642 812619108 9867221 297079978
60295659 330064057 639064172 685225607
455772608 712909934 254923545 918613932
503024562 950449379 630601819 79672329
382426372 53261436 362176932 633953391
247873762 373455154 659109991 916613479
207854745 476741093 905135012 701435437
416488302 488645471 480446742 474897158
955560319 949245622 405184148 296091802
186142259 672525509 876495465 133876514
992161428 621725152 972712980 663292459
878227387 316845087 317595016 932583439
914640889 838626620 682603465 796141669
319538520 307954233 290480351 164369600
983814338 674146619 221483421 611764901
229670020 510872299 985304629 27143654
985699585 372259670 820255087 113848349
606764770 822959066 817818564 373096528
365486039 820966586 131300405 678140336
57629274 910316693 38525959 570710541
20670228 680024760 854261665 244005170
515398660 887334151 249050177 291522758
331939486 281940219 441542421 365053356
535081314 948765808 886273111 713772326
889269445 51875602 287581201 476366856
976618016 949407654 76870383 963908110
451804959 563557479 138087104 910380446
903306093 372359400 826948328 125292707
249072469 178036163 507033565 128245304
106880293 823813979 966059968 910900429
950321003 966339241 217271102 554620444
248012474 133212772 957201039 521766755
108927426 727261853 786429731 368791481
422892182 873455274 527006977 258796490
2116085 93134063 109681876 453681523
575736802 467808638 991864980 948315938
476096249 850471355 98314451 528228835
627395051 423326349 114198144 857976128
631524200 471691602 379237150 552243104
279074786 908890028 180353506 305352936
739638056 202109159 418340802 548237096
380444938 360936449 729402665 338872261
835115435 619878176 711855336 594817496
71959209 16015033 34676311 136761002
330787756 39128477 478388785 6781864
302759321 40307115 985746426 343268751
692928208 385671698 820164258 818916084
463342108 992368689 252336669 482265918
7394341 864833312 70623092 84895237
938608391 795116581 941054928 724344061
410582968 4265335 871106889 512102103
348634041 128321995 408855698 987386285
297353040 627106570 892846053 27677408
36210531 920627315 366383636 887869765
176469238 137291136 652149527 178205334
550536162 772887200 420966534 65659267
615570451 209172655 404552746 234685699
102246495 194095215 791582772 541942943
179006127 516259163 823248125 165530010
546815770 215232670 306007646 694722438
593749643 185727327 362421817 52040245
858118100 984298652 894624790 840488505
351472077 381506557 146366346 827008931
280926582 464757043 48309082 925800487
417122786 777069906 886152168 336917630
918556169 587900632 436167346 875331267
368492709 15432118 545362413 418557203
387038681 557124259 696787604 581543033
253112454 843650043 237446089 104378777
759622832 573431485 61985860 913191900
963985107 415783863 301812026 93420480
418396226 444862502 670663425 530787532
154666627 331160305 420741570 583410535
678201664 220816836 441853709 976871079
216617166 337657776 255066767 705530733
611716007 121906854 476457081 338953217
414570503 859232393 62460634 911295130
686212953 558611562 821469204 219778548
401344106 612744191 571142077 532861587
548833164 11679698 780897243 928106520
596051270 258361759 948310039 941126487
87451754 734539916 575992653 917246633
133926423 594428129 968679731 403514438
280076850 658711036 574875133 48217564
240655788 973228572 427392260 983985703
4695986 498988733 474633438 135501708
830114487 204042648 987167954 830531992
386911017 657572480 594406555 846943042
270380503 839643411 480404927 540468045
589708391 779947506 117921497 835092398
349435241 818174090 519171039 107848867
861414762 454142190 308222407 816146359
84996438 192709744 169961357 604773874
653479839 337870282 774668926 900193831
884706482 290919610 4087422 980970908
772254671 156976896 608301200 74787337
584865739 673566085 218854036 236849446
692185769 521196936 291312063 265674457
90146784 881974355 162899601 172578903
288185663 677439087 504416043 832969430
639610397 630244805 55265538 93830646
159272673 46378932 228272589 664368636
813936653 399975918 268658265 350312364
329032252 134990869 356904124 515732742
147679362 944789830 79712038 397405477
828734326 719428410 422172684 175791145
648796016 717571397 786108408 236274648
69481135 69380379 349697849 749723327
711064836 503211618 294804620 989874326
475521947 738869511 832891229 775528098
462389961 565923287 285598243 769004301
538144424 109215667 161088470 887231254
835335070 832007326 73991220 338789668
386259577 762424421 339269270 380682147
433116947 41532362 449837961 469836758
351214701 498956148 307384442 997564253
750142943 720602862 406169730 339013159
556060938 883906675 99086301 602969186
873505197 500926234 610710256 237012033
423971344 823207732 185779539 533874043
196330220 267241492 72655795 944388913
417333202 455420653 822143328 376395605
437536136 938719756 805133080 5406699
223349956 568860859 171051530 786933783
479222844 807807933 86935376 551558346
4480297 695954031 763322586 681273240
962131660 194990948 721091601 879205589
750903222 895136871 840245781 59703279
546408105 199292183 891957913 201106630
214005138 891369089 25735226 195443856
719516702 169932314 167231182 864064921
511486324 431525115 595534060 900730463
821388356 427507450 282041618 563884533
864341441 227675755 940080921 460554704
236504656 9792843 833143195 307738747
187455769 528143771 946621807 642974645
878726067 219219187 843137897 611517077
110348925 380472894 963156759 655564096
586876600 599718470 1035217 732024502
84608467 464194072 558556673 672136407
405091000 23155124 829952722 98068623
880198540 913520940 301826629 917552796
156034723 163452414 780193270 119022691
753969462 367020863 656630047 560114564
649129539 120116998 496396334 588562274
952220552 340340656 753722178 345574419
878622551 619653489 984729019 258414647
424193583 432173718 388519706 402084890
314995813 185464148 263574712 730371302
753371229 979994615 61314985 750905335
516931620 298890944 817496948 893849043
613588899 984829365 235919186 78483073
616165972 711165688 72065683 822893731
819666051 255364463 576627280 881231017
166377511 37675234 442344445 628271196
438216080 572968456 479354407 602047498
885349666 789222754 869016405 314108425
430909271 548045421 966595895 146653092
355443873 392381934 763577370 315884899
210712857 821016853 177635593 607591479
796872714 701480508 571803690 505248382
472609776 685607089 647285329 90882798
413550267 181935734 695333381 315517803
65607522 10615828 310535386 278118592
296942873 688496420 712801550 848182074
90327271 625603717 534328084 928558710
505276390 255633137 465987511 672620276
720135346 128709015 251001008 34813660
157819268 725606928 605091795 868498841
793376047 31456491 163122994 183731329
957892114 513171254 952925889 645547373
634891389 638745038 21102429 157320644
929175435 306112408 284468043 250090353
871185813 24541442 814626581 868435246
190445184 373976044 288250500 44123269
300529384 146820461 504721194 314304201
555886762 209454154 184973845 980520815
581561103 94835727 724165759 253111371
602109801 36339439 823583007 647065918
253632153 646921001 222534728 786266282
780886171 601259134 553969581 87052735
754010394 351511746 32166725 915222052
103316700 922166320 562042397 925513755
393587929 782359335 158897825 493826426
221806269 822504382 413736796 677326645
719720507 456075547 430048858 618423202
804512498 357172859 439519144 954352032
73554160 232656132 776074431 604753792
939996083 936124025 847789557 56821342
613103156 992184288 394883308 829336962
243480346 859478638 11513151 772166170
177675313 201571100 288805161 94767700
890723730 2862976 238054662 645096782
11215741 39396369 38195220 926591258
676547899 550084380 326545016 821593720
768279553 69110746 205681023 185300067
926866341 805246423 125736291 648993431
764887966 257270714 380503044 904036301
409659835 911630507 512190646 699409597
487691150 218479648 169476230 119584155
405615533 297553003 435140042 393691815
516650009 676980150 823317950 673681522
48637275 211897840 253392262 249229126
447722829 811121986 289762584 49341747
133511578 894594269 543325812 857606080
554973235 478683417 354131473 220058503
380067344 216594914 407117515 676920232
398557434 725167694 559563779 794329678
538678100 805501697 126404049 581874029
976745539 561660626 734787390 481877347
573874190 242336022 793153087 570780216
746485526 900938484 737639826 198167835
668870155 618005181 718278565 615678144
910613395 279224224 405464954 660023078
256135504 482092192 973021403 912439984
64450437 220438585 577215437 173703569
736665396 612719128 87474600 327413295
846541665 619069732 389704565 276653274
132165964 316540107 116910016 806387732
575127014 493549088 66987909 898775073
498175879 751112157 800152891 203435983
607700107 902262900 167179732 137087002
312825058 602239406 503182498 617867954
256588575 582964737 872596797 333210664
104161896 917457935 920508918 31309888
561550831 289007176 472670728 350079528
325126150 206747957 139104906 503810478
972035866 498948929 581371070 393759202
992175671 877160907 378711935 554411385
556401999 249644885 661428514 396103222
289519023 698291781 68113868 668441834
226817658 246152114 529638805 403522358
286279577 662952095 847973310 239935696
64940209 964485847 837792965 474346990
368686013 633657399 387069281 957681464
478872285 610203995 220534892 437565312
521503804 645810333 896549346 380280774
466462048 97470092 988555176 801305003
610441437 238679342 297826923 539215789
572223029 394320959 139049524 315979133
198891591 951052396 653242457 487287960
363118645 769314090 91234753 692548824
265018000 763425944 898268173 766295677
303522990 201660573 884566316 488507211
997261379 154846026 641310128 810939061
648915766 210878454 160131612 601257324
936787511 290661801 745293604 628176857
851883173 820461257 336258645 329529455
287205501 158971448 289386442 725954178
736790912 212038091 546905942 422142756
5144235 155026190 891752395 396368204
152006058 106634692 3984500 619115310
459808740 219098088 920964877 862016991
474318796 569021996 436462943 641345149
756631800 26912397 410474222 998947507
263250424 886943048 713705808 81775531
441513831 643181675 180888427 70932939
655277901 127564972 72694930 445698155
179180385 402814359 890368408 131059240
152556851 461900209 992236446 866174738
969865798 520267329 673015033 758382374
21142044 776146842 781669872 404614023
450943170 276811603 838463520 122493136
465083235 702099120 408894802 671459437
23542649 623344394 122639695 554452521
59406855 365572028 786818961 432155471
854145708 596635327 3825125 731469151
900108153 491127347 903581433 872051356
539595956 909797370 133640844 499273562
127461734 643171150 587386076 664323550
733186936 479227461 26310448 463319287
757534258 243303239 244128283 447707149
66656369 552249976 340825786 396689106
507613904 905672489 696224165 278298244
185647406 842408366 134581983 247631334
748647542 59450139 884764836 31056936
713069638 296217726 932463454 785623055
581067133 850913581 827956360 355796134
720492089 492111116 788841241 418984842
683469606 127743054 838067379 553031707
820466095 587465174 343949009 321264839
784706520 599369169 680482433 814420008
534780563 902739191 637752902 557947688
292430306 344791528 414114044 463029050
411297857 356483334 535824271 974895488
498735640 105959702 809194617 850122239
48949631 739389297 762419630 932006361
455745286 455790815 111141567 14008844
955326654 120798439 501037413 108000322
831363645 892994662 48186937 276146266
19936166 516113120 8280752 305104253
905770222 569037006 813673658 355147736
50789449 404974947 840554858 30911801
68828823 661455980 839131207 558431460
406438386 278588137 643258816 716336132
532264610 921739354 385423174 824957414
541943783 394126176 577392268 144583999
202033795 654160762 624356506 813917617
16412388 533225802 178362976 940580680
978082052 315539366 422888193 550795145
901790742 32268734 472786931 581293220
590813144 804108660 33964716 408583701
51512154 909959442 95771420 571231899
324641626 367743344 56581511 301948725
919721493 738027307 335675742 349326839
730298509 698155949 186153248 285581906
894905796 815880177 302657401 998622356
418100913 106671144 458708606 368455982
99563585 461893248 965551811 213035298
794007253 84764085 768264377 520008956
902159453 809029291 177908480 778484582
210444625 398837766 529492626 574072548
748874828 837595539 370847677 2926268
527946776 223007007 170364778 575771533
552442318 595331343 317397736 796188826
542075247 650748337 689654259 112245994
689326201 114197383 845235083 633275706
788216470 185413341 228715091 525315736
620417146 701921126 381148960 808884587
950514705 510291158 756582947 91051559
583635089 889667324 67868220 185564357
15986580 230596635 397460002 566007576
67839616 463047390 403049524 823521883
719169088 361706603 950652749 399649161
736643092 801791401 110137186 946020267
440861233 374155902 702430424 424183035
935281411 786554249 238759770 38780940
658175982 53319012 716864324 665339905
350756142 700481088 288896046 459716346
15177041 707199247 484152856 218319473
854827435 513425836 976077069 610412337
869502874 703145927 71455995 437630094
236787765 673653019 419960782 324334688
60913552 873920916 525774256 363850355
268426320 417311594 53625803 536626597
890383881 533294146 245009371 439975367
717134397 170382493 753351840 42199806
232626505 814380396 380873612 269010123
802708455 862962390 491758394 74972705
655822392 474919282 207792956 72427022
756301626 419081735 928191978 377636838
680518983 49858069 283754545 191157530
820958977 236843729 340914218 234605317
680693176 263465974 375252579 495676394
861768528 550279099 806591191 634907759
325261649 40932391 113660132 547906208
655258047 442320647 976337571 220906433
607901053 887092036 420496907 189878327
667070999 106152981 297607032 5508394
805366120 625232467 132988446 900554964
646583368 940890321 616112604 371731649
217430616 245315938 119082821 270848643
237457217 288286166 680812667 551660498
976254051 958354201 329581267 164074394
677797178 528332358 225844567 341558419
259603462 865710264 125245186 415177330
393441998 103067678 210881576 80035544
910608505 508247676 633282079 467402827
149190489 957963662 210047447 768132971
922446848 822018861 825148754 857030601
888588327 714797423 315972445 727091475
313565579 690932595 482110882 408424676
76824938 966544027 482400804 329753465
950633599 450558534 961144327 647072801
208613656 623170599 118040311 629637996
218460530 68523154 265888279 166735556
954745893 19913060 767013352 484336296
398619744 849041764 656019346 821076716
841746522 446632553 359594595 177065619
488497202 834884765 809825057 20677653
259856629 56054662 561825029 30207586
766609153 811141052 338761699 195179032
846638524 681553462 846554255 462679859
171633664 591270713 761603422 12207886
478314522 778236507 898187960 28888511
539112790 559832073 426284239 300107961
391836335 164202035 659087377 907881849
839917010 325635864 309113507 402365404
790879114 762154055 197161893 883281423
79237582 375680261 927771446 54349795
453817264 942694037 797582549 785386902
502770983 410417668 886224363 289266311
814419297 10516865 424608559 94669970
301251154 969768166 25125974 864635452
157124005 657734921 683523841 237580763
633213044 848072880 471570998 856201269
493532507 788235178 541875811 130686342
27996197 562061974 457853045 925984276
118238893 999808737 116358476 227234514
757446822 165479469 423466857 921995780
6869523 719857369 485331599 599591680
359239031 550724377 593773531 734760695
803699390 147998392 954091818 905283258
889384019 868049893 528696771 640206593
359738483 776691426 472854422 13932334
251082970 158325412 686989063 177175399
607929874 469582680 600271255 284303483
61210930 368706933 809383548 31599655
481372227 584817947 639978187 838510201
878378547 802262908 275780346 446426532
275301967 661860555 728866603 657343432
311162717 916507105 494764589 650804845
570929220 787367688 336229215 297798280
289157868 963485715 168509469 55880955
7772255 432604325 423467855 330449912
341013725 72150415 367732558 309790778
784037051 462683716 160953017 779644331
777952328 938855817 949911546 239787487
860996647 997425244 353865683 560576759
451346452 957103237 590841864 88096659
449390184 198602639 4200682 5241421
583340625 500247302 681744120 746958259
258111162 28353862 198502322 804163054
772966008 500387608 90401176 797965194
246545107 555059114 47721917 169878523
14516647 911370779 528844511 922212909
254939927 991032030 727059997 807870761
457845229 512845833 607563694 782075788
803915104 743108794 614330722 726668743
571126433 658335905 7680806 441083016
230279554 188521957 983616676 160844049
173144853 146823894 624089820 72227329
49811884 295420687 290881816 346493782
164773104 591002409 29934738 301808745
747673382 515491707 616052958 223005111
563738551 773180290 77206688 825005669
715674258 374555567 235480064 476142479
737487616 188604022 746865373 995825555
894607070 691005951 41543391 516095081
248824795 829780537 609426157 158029113
802730041 810703415 600143151 14047835
738005542 57712049 289704979 894015416
89333634 230044010 654253623 771178654
294316446 68393232 311701404 605345092
880452885 137302891 13364339 893164798
691376325 350625622 488745191 775963117
713853253 241184867 117931525 155671021
459128621 247002670 573428741 603712705
401442576 515714301 349628333 787621132
811327712 809120565 697132596 148638514
590823875 549392588 374126091 258907135
170410560 856452143 466358458 849161813
710931867 589734658 859374700 13907595
488591787 886515604 936296864 136816693
163273010 452282918 826738736 868463043
11801095 534917297 537222598 53010477
46259394 327729327 537870853 306704916
285977237 627837410 81128787 866666888
64841690 594755251 950745813 74799939
960612757 630025099 720181854 702261763
889422994 266660238 801395908 583639653
524934956 387144726 483792611 366401827
718677828 50900177 523404636 863468066
469775900 324277378 466683237 874498678
439821775 40018824 97432033 338274362
700079059 687895178 948713266 122696859
536238719 417130017 942597636 120319885
854908231 8306469 405785135 102549337
562483071 343370887 419471638 739730049
541351307 282464363 699733917 295992054
7595172 837646936 613485188 513857863
971683761 310747584 100462002 271363596
4795062 903819392 939083927 570609677
719175274 535575991 883033603 842146823
39304869 351165877 522015658 678731319
293505409 474949900 152308032 100111583
878381234 970047256 309773717 304623414
172336803 38214061 750494927 582746519
14257641 67755918 44283145 844559975
376280913 529049131 333404467 165265213
345848008 398803626 119204361 751157112
111145307 134609792 210899833 728918408
88363394 9390019 104030334 705879611
612440662 933300396 409359089 699095781
665495106 923252315 51020647 551515920
717501055 514089790 787363545 231170360
369516958 759011108 274560354 637112633
170536493 103500415 12528351 333415437
156273213 388101841 892569373 669295559
542139735 67370995 854671815 474628507
736197099 771318277 509021743 515067893
582512143 1581445 493090904 283869050
226388538 679474655 402063048 495962379
39660418 988435352 51117456 295170452
351537823 93001848 99920518 767772755
642607877 968515340 122131683 497390486
217108574 436618196 474343320 523878559
72252645 871637149 804714826 309998585
709131092 986781363 908574583 908641442
569518904 458801975 524824566 581412268
991450056 926659233 625098707 658165414
899206986 585523286 945789426 585737620
55433141 252426328 698251557 802456067
678444683 170429852 381197256 252076238
791389155 623663520 420325336 654708729
407862337 659339870 540787501 69317559
129206732 452521535 118570298 538589245
913757723 204682564 248770581 434021646
294338358 941025333 11815914 443837352
488446008 443465773 18269990 628794886
915357902 937650693 756783005 650404525
137931276 71284059 619800356 990271459
575362769 73774590 739664434 711756392
780643434 33837773 271394572 732629045
321333917 839945233 982264373 301139956
423542231 346022494 998277369 393530201
911936670 42647063 945090855 468705413
876570504 526044205 865515795 108927176
466346982 354540394 239770057 813122549
54582594 143726896 457146562 266076202
442561690 22271420 488311545 397338145
710901239 408161739 414599171 180946479
671533446 469454640 967981197 981983651
518724918 979284179 302731576 711242448
167925978 247902667 297764268 442509445
410102007 122545482 288070567 61207104
578129184 266003336 385989202 969617542
781665834 879050741 239953468 900693927
858497278 969875341 438918032 315352042
229185027 615546735 169600261 691827132
632373240 279921305 275488660 281932449
129180106 549186765 973310534 322408682
846613394 599421522 15289958 521677801
980404078 288139919 478304231 578726436
832454010 857316183 638859259 883827063
469237521 798374089 557220278 805820219
37348549 896370358 333306286 8495794
34517991 762971812 875776785 450654075
894859057 579438059 38874783 563150182
357149998 494280406 792307245 503405347
846310660 595237183 967924506 183542423
476573237 465943457 437451063 906157836
313200421 231011491 903520550 902196715
39337208 448699542 506176020 816792272
576677517 835309876 992609568 873125290
825328487 139134057 477320186 260737705
883925123 449693928 996037824 152017697
171102705 199942212 923031716 101812420
547523688 828241495 777168494 258683409
469308431 33830613 90675003 364881659
78045109 75977797 962116145 564615243
46875359 575392457 436421968 500522164
974587302 488645570 368886474 936670090
191243817 370385846 573208011 369813481
261277057 125665852 116944043 48282281
857334514 568017852 142784348 246104161
575298738 167854808 805554825 400600259
790277743 433574872 524733164 201796837
2936327 342032500 349568823 878925144
867394938 42970463 106021647 894756443
923010421 700381940 304220216 581053320
191847791 404380530 595123069 569858834
577203502 139747587 579506893 491885398
529570032 896456164 960562960 200252977
628520571 360147642 693448082 713929127
928254585 700340756 527807916 722167031
948008717 913779997 469127659 879393230
738970585 469690156 109813251 775500063
771101622 746977022 407862647 195016010
353608086 665132256 755657517 127520960
621331986 934978779 940248516 591328694
209646263 444760616 726012415 856652543
963722998 490016220 239947241 746689723
351280582 281026548 887989231 349076949
333019619 246884448 118501823 957951752
701352176 720498016 497518141 866688665
578544348 150694251 411088963 500867245
212310186 214989355 212791913 646221001
255023607 144743313 522504653 16038679
318828743 783934954 746525534 412167406
121648151 122846159 328825676 595757618
655731423 407241016 451106558 34288947
933433618 190870077 116584423 622428767
348367641 20275456 108974503 490178741
609310357 250497871 891519976 871410965
558445709 7185612 323937918 828351062
412693944 673254702 720449502 25268575
796443816 598563183 714633485 435259811
34236930 307755360 756230590 477771179
526604117 128926344 528543976 153612262
458565408 85162891 522132466 65735800
47875317 796770895 675739863 549157755
904082194 406005604 387556977 769328612
811783993 12651009 321441348 483305502
365619029 628109219 869786082 148504764
636754916 565133869 242531873 840987345
406707844 283600659 934700807 420401714
233300206 650472169 924351636 671245627
105444487 495857667 551820535 232144769
770281933 591427959 400774085 561695827
88024275 544005870 43061853 636600648
65586088 651471378 500387506 667294418
349228421 844175928 406817023 772556570
133354243 594145442 687843284 289512017
425469076 42667833 994440918 480069946
452962442 343471410 744854333 191841185
155052704 990116536 852199131 458822273
718186821 518525273 697564344 437631508
216647753 852029492 17947913 256830066
46694429 905755639 636907825 207354190
850941219 911884484 903916857 431006824
674460694 694911689 462825860 342257626
127901215 84658087 474993685 956211798
340878198 915050098 30842619 288502503
764661759 948337346 530962981 475935435
527356434 464701733 34512147 456893642
830808207 790982172 432525254 316962995
236757393 363435799 367551204 755094761
767098330 456595573 881617659 413792268
885849003 690107549 61273744 334240251
949758957 621614465 938322535 3604874
860079159 897259151 82150167 601986456
697187499 712692733 464140585 554283668
238952090 888539521 449308774 662355330
4736632 429511641 68592129 275270495
302542705 548177669 773453475 814319341
856827442 53893695 353640449 485947962
252354958 817349636 828204975 594490424
54260018 449447173 112893438 986291774
358644397 231621333 889409182 337265106
506141951 77014972 575570063 405452775
623035450 755864528 483104513 612621914
259243412 983218522 96787748 152324538
255217943 975675027 746802296 886943626
971375639 150054477 113976908 606105009
363635599 438805919 747734536 628046591
612983136 231552457 917867084 50480517
272013180 673693660 795013198 802185449
123300662 155748822 498144770 283079174
395840831 715026315 294697987 612192787
603004485 220361267 843013630 937828194
882650494 241142577 537884111 953414661
932749119 77432708 67398359 643711417
757140026 741480763 346821565 727257642
491337153 826570846 878737456 347415386
936986024 340214695 8057905 164550574
632452466 616788193 694653799 705760284
704378169 844976724 165011019 345718053
41856682 633861919 16437316 835971798
794241130 682278074 38124729 794915738
229344432 277193077 778359065 836412373
68633678 918285129 35358158 873294521
812207836 728327969 738220405 625925159
433420466 583889956 132967424 504269722
11684058 524968314 49881428 800603100
427517087 376371835 786822239 894322294
773542747 974263855 593860289 279491788
235641749 500511619 970669184 913157329
181396856 749214640 845702640 339617385
718412156 32981429 346796415 905508893
520723288 49763073 281922797 215513177
231804737 309089904 868482259 108418448
286169034 551401104 477715848 597538929
432812740 809739251 546567296 399973010
489181018 848659877 900963949 805385894
471584792 615237133 283635212 315333038
436950171 950904933 16071096 89803912
702120536 176677091 68670721 619213080
274959260 70710085 721931716 215775415
950285762 198246679 715879142 208339893
674641484 766070746 890175555 505011975
633492032 615680141 258193465 990088342
282429749 210443495 320844251 61615283
894885087 258871323 791880387 488969382
351072449 77812180 834620521 397913019
147404074 326567133 913887314 864562112
42840847 204828261 457215659 22960510
429254976 5646986 565212841 307464929
618200413 662813167 547332073 483970848
469762778 266971952 38908332 343514701
239905348 833662064 645293428 923041045
83905637 453589718 84993638 152199870
61191645 813418211 427449032 553341366
598165240 308786971 532769909 682300291
534109000 647884425 910632474 478811852
408231531 345694904 438126460 90045887
62328123 593759298 297338792 251384669
593975174 618307350 346102016 276569489
865298857 153894036 673861117 992876611
778087872 29291195 225840713 438836577
191572584 927317976 620175210 361630028
94554402 531604197 829759704 136913661
587933027 676894048 292076769 532939823
633567766 256115653 827496921 897587067
802091595 12587345 862025781 61636784
61489881 47713705 476493801 190884375
48799624 336588950 900930123 287873969
902714622 515762668 155312635 609535604
683284694 631505724 702052851 443920937
811645268 86546056 65844176 863846105
866643222 605045943 675652131 493065262
280141593 978423773 197494264 988022074
48243588 610217163 295852127 34959886
718013925 776773412 568446611 876704435
842634427 674817502 834934727 413180389
761364133 141324018 833437010 787058594
293817287 428683707 37333118 763884962
345108024 212372555 516368124 463995143
346151675 643524941 254896270 511286015
567335875 867761762 220960032 256120615
202264899 211661379 81867223 719584678
175655319 661246037 344438708 846991186
234567672 60236557 432433556 382025722
110746955 856585035 203453470 680844591
452920319 645991076 146609739 28077283
324835746 579996351 33544653 713747831
183458223 804952214 444155239 357535101
217604967 647312903 237070800 849990873
805837272 835701075 152193449 231283892
36193157 682505900 126380854 642151379
302060747 242722941 223531416 39124421
220176193 905694628 108096247 244768378
862481949 757373697 903867524 894540015
270932837 365642264 725587294 966956921
628567 446374224 380405171 357124090
693571157 679153037 229631470 529901348
973702588 947123926 279967464 113153648
422293158 695218795 27686639 959423139
600385300 313873707 256904007 744856531
784274156 815546934 334453477 415210328
297242172 252627608 273595862 248611573
670365022 994020833 564364007 965521879
47294483 30561727 955437635 34837959
896516088 4941798 810152814 535885796
76434052 603405562 320137000 486173673
901009636 353569832 955381637 551654613
692621125 689817707 718623032 247262348
66186956 328498492 618185833 852756448
121495687 872444825 26223332 733859504
210889746 872579485 844752401 275683340
758020407 136616142 843616011 123176061
122215111 724138426 195523485 389389966
894123778 991330009 719570046 959230437
250285190 282291483 812888087 316133826
718104568 617295490 922563078 110001698
643648210 66989697 179161619 590729521
229957089 504689654 200077909 852045062
711054394 750012064 878756912 352480526
501726806 556752264 720383593 226946127
533553366 891590973 63816356 64547051
521845625 586895588 259313388 888354496
701410237 642149984 864895096 412829450
656847370 210483335 491480177 753627004
440685923 832796233 192466477 988981074
226361220 959333836 628524711 938674062
169108409 738067351 805224666 554479326
886764933 699664806 728066273 795585034
40794189 424754178 665024507 217117580
835899700 464300177 857614710 45045669
923316122 751120125 613772443 632464411
841149103 246231145 449595824 506607287
547392628 135325841 909579395 941306838
350490842 922679599 813681667 410033027
723537528 410743814 623826483 283967539
389058545 822143774 80163375 572663608
711461128 74653789 459866486 214740256
784475858 704336853 8034538 842618468
206351183 242353831 774734053 817877766
328813722 216831745 293279077 162639858
690713284 82875365 865889223 854005141
488034440 781545309 921431384 958823445
444542262 905230383 553891983 689473200
243632283 725566089 124352383 527244370
758307064 704037046 655561735 303262867
372987189 825068330 61151547 879781817
896519913 315827225 521046857 834675790
509388470 328674736 55412180 689930768
182271964 385755332 369864283 740973513
631237949 655184114 822093653 412961004
937804884 251614696 624189606 802993991
968759072 358316396 715862203 345514547
133286621 220518992 798910927 572126416
813559075 843205615 482576856 211681014
245854867 716871761 243876466 687139638
921739754 447422909 968885124 864893716
550768527 423310482 387197429 119660882
874883300 45385385 511143803 296673944
988420381 725671229 470078948 697073175
255035593 144378240 44695114 776882753
732197572 884355759 652589865 95720834
249119539 893365638 970311900 572329477
410776502 524990276 724178138 895856970
2028881 575368763 61260212 772639632
988995102 193756245 46067170 427970530
820880896 871046308 91011761 668479028
96335501 992587157 799519999 759935796
99351399 662413393 851030974 400431011
146885324 367471927 289283436 288195968
132266893 491219502 63638604 570702342
302490701 310102328 687905226 558298468
463708990 983563281 49795825 199849741
1892647 758430529 614407229 673941362
291461564 718606114 39892326 645067151
112727871 598770849 909778566 935610596
605956402 820352136 605615551 747620868
332765011 803992552 551867166 619314262
321739766 889514722 214597499 236341091
286565898 285674324 439186242 83037557
136685498 110371114 682814863 879452994
18464766 205729277 339291593 319462604
27294001 803555733 89491574 763018357
256855543 219557587 777477291 345505645
9973262 23727335 148650393 633592641
918952293 981166972 237577992 705873471
996376518 712663459 996839048 917393404
36838840 807755132 36915505 140425373
492836595 908228200 828021659 932603030
839304786 154692757 143246483 518966764
221083156 812387196 973323226 190149371
121633529 870674150 396351623 68882131
843346266 48483443 500246515 638612951
158410969 212093447 789693563 539567126
646148097 564446169 933167037 467363102
324351961 932670369 280221040 39576436
698226340 694492088 667214371 428918474
894366624 486121693 498250561 740221468
329817880 102220354 842040203 432436357
423798240 834456183 643673170 422882544
284378480 724389896 777645087 641339083
63810631 603073093 834108342 647989857
687548365 828153564 101429044 310343390
385213463 389555895 313106053 998856074
165669664 358359702 856700027 522468452
935650106 985594999 637881001 255268664
475762508 700383971 875290836 401699605
958893137 190023860 289281943 275329166
10054457 305661311 144749133 571838518
56485493 656751460 905329855 694147792
241406271 77500980 131921600 334641143
149992373 31789985 640358748 1734515
216913449 246335702 215040208 366750623
568800610 103064555 158479124 219162969
451407054 88857375 238015769 981363578
524348273 459222158 161349111 674664184
364665197 247258060 441062898 253413233
513774912 509526905 952301554 344130425
370199910 824750363 890184686 143088377
120222123 224219134 654285686 244282427
924483420 19642074 808678151 211945945
417486980 797700366 374955359 800644493
9261457 407320690 909067376 368400367
10857938 219579562 632253048 780170244
953454836 831972391 87082951 199608895
147667520 95432491 205686565 561631903
529401610 569255551 25845905 340005693
563081535 783395433 891544564 718114039
56172248 105151986 234050395 980990496
354060909 863786426 50939671 378635195
134669629 212947991 257620337 902132484
320048982 689861896 187930324 253020792
849791288 411335543 893789033 25069601
289293130 177346109 152622060 641730680
120783172 352944025 262691649 316468447
394009334 380961098 314763350 591827841
614502984 721714664 478341311 367731700
9624056 905765193 628413850 648744928
981437836 526570459 311599965 163852768
214752457 725591741 346207069 867936425
516192819 291177741 275608907 389212403
904812465 628423361 778594867 102542572
173399574 895323965 960002441 624867789
768016152 506666231 26618779 433131867
270516405 105364275 462749939 749579035
10577 262544620 569939636 177053401
424639812 841079554 677642499 453931565
899884411 218382521 133280275 395636878
235197139 694512297 594101094 278055053
423025470 371464648 976891360 807505788
229442618 473559716 129835979 857873756
277011442 920948614 914736167 308511099
679866780 395754068 61901444 174461844
249262011 214105878 832438083 896342298
399047894 565551776 948785409 608477943
727932799 11213328 698330773 871246142
820326332 903209646 473246075 467423322
516003104 131354783 659230033 994150897
188455018 700901391 814940759 633649869
465742495 340465907 73958304 576960527
866539482 758090295 333171805 695847111
644478674 44764229 150040713 332996917
548352516 235061713 661952686 433255196
129985411 864399892 286501739 89551329
498020894 949902191 460306108 258368231
790741524 903525564 143763942 781448263
956559092 463174906 242924672 871313856
586984067 859172187 77022262 513796399
573231534 984851974 62518064 804217577
551463260 619673384 204945212 925457156
558022740 917322968 710515085 876157361
549996563 799933593 95983739 465564818
316905309 231730868 914363802 674410729
889125327 383763759 26194252 324388860
865990965 169123872 553547618 67167851
60617595 295665215 686135075 106907569
147025676 277360265 559829351 629220283
56916716 60874176 951477310 409692548
147320848 723455630 618903567 393811678
760456086 632816440 807877134 206001886
87936489 254752541 584153543 774406216
546043794 257905977 545452057 730539840
647006790 331108540 840798529 791593924
677409160 119322867 684690989 815874824
490727479 352729329 100433775 326830282
794234032 997483459 554281844 262035670
886658630 85659264 962207681 240146390
491534678 43433461 819011740 118730015
111952817 114329168 493922267 157565376
589951346 725366370 632292418 484956880
609819282 896411529 77118961 346434900
842963270 806823683 128391941 433752928
613813441 932833504 580271514 37139407
930512145 484602664 120250480 320588084
766398290 909110236 714655519 676994808
601632773 749834954 908007676 893616058
567684049 411075407 142236653 896657843
32143163 626066218 870377300 20767799
258080905 382165019 302743971 345240742
903457464 871368154 413917898 674820751
104859769 724523515 854227995 957957226
727735908 879324902 163720374 609236917
745381982 841105638 272730300 428224740
200237930 777210608 247469463 908827985
694736523 194963778 873680191 125137073
967745858 877478276 120918947 977872108
104489292 440503226 741109117 519559928
852024746 996631712 677916688 483151715
252818620 113928492 972806439 606536785
728789890 762618666 550157238 436108438
172187473 998940561 135846066 426674038
193683957 810327348 762426168 998853722
935724856 591567356 754512107 114996293
127012552 633595678 349622016 951135762
2678293 25099185 517670412 827032534
69689036 664209770 9765630 962743186
7633849 106186244 536487208 235524073
145722806 560784168 42223614 156301130
942578313 298331633 763722212 454303001
250112867 973760473 943686098 569796780
604141281 65071070 988619085 332370086
964356158 309766062 487629059 769721150
983176285 858684272 945736129 712099947
95080677 226319523 746647558 275375922
879664468 92718678 29966036 687912852
285318358 42336139 286044035 675594255
988443019 23715815 306930048 833999672
238571412 470537243 834743495 554260181
691915466 307136866 392735054 985948697
755607007 248199244 862354033 750020153
590601537 917428786 132370537 637177735
128685169 539563521 118132310 461969231
984073207 309293136 439539751 885536974
659773296 356157141 65395706 669165446
450154730 333535299 386135668 474466754
27453051 646144475 518238020 619341102
824508870 199409632 131034017 576873289
434780780 647131701 588883518 11047972
367496969 708643382 312617189 492883428
106786554 485227255 644557144 977606395
418967848 971929213 451730568 419144284
724790861 716426355 486339275 370398498
4907478 109890706 98125549 237330598
8848040 502529270 429591561 929093493
757399660 432748329 118728691 489078556
292029251 295434881 4380338 999892298
171930379 249924055 419730701 508416168
184807963 142932426 751044476 812079997
404516414 777649513 207516016 407942878
764484153 911853790 359999582 120195852
491274155 281348126 404191214 353097355
765966231 155632794 255886424 73313495
554985323 996372201 252288342 171444273
620771672 20681627 343602997 341835942
132259682 276963926 163985633 379686172
931988286 18879161 875094452 623383424
314784074 823296525 76821773 169160768
955959599 140064913 702792269 553710761
775560460 463898862 693000109 553683320
483063368 238858731 703040833 387964848
567273694 286922604 156884686 750533227
239956327 500447000 745692535 561801097
839485187 999806803 264821897 588785773
106693722 291273578 818727084 254429179
358443985 886318390 707682475 999470532
451660335 716396091 60342211 536941258
601537248 141614554 882499030 263701237
256338538 46998537 427286934 522800663
584729344 169666350 599689314 963194756
902552448 30450427 51149410 39862310
325231191 400668815 579601648 806050108
315722513 872690285 711846604 492024202
309583463 437976550 507140915 512795161
146767198 171322714 276698419 567616847
151485514 696041874 223322435 294878298
380837599 845031922 731977632 1790539
2705706 332647841 334833317 914884757
696807414 638727002 414554185 201024406
612973887 972258211 474932074 672483676
41463782 519898211 953420560 66188532
719414752 835082107 928974969 590848137
38824475 55515945 317855484 341983448
945374913 194250640 999130496 469220247
259653150 413484754 168447584 258477785
48452576 146760227 383841404 18712799
875896798 859268033 910936957 199935709
665660454 753767671 776951414 615298137
331055358 802532656 852417279 269520176
141170924 159815929 84165720 64208004
210433887 849034257 24657715 901133155
568820706 229571934 175663559 785422198
917291423 368298804 697806805 487926622
703115724 690377189 470832735 928342455
807071133 747819717 297178999 32403747
506052786 457074531 617596471 713550517
55418019 872830745 223776416 693043405
304785817 583190932 285863232 284094072
891744775 403441253 67800001 669634158
355848843 312868016 876687573 538469676
8312158 864557743 899499821 150383061
534036894 96633062 304367588 299076074
902318761 675890311 771693335 951895596
216000466 660323081 445676010 455180130
622357990 333274412 111970267 290925535
38805312 895500401 284254225 318718876
940144160 176509142 615847479 705240103
197615723 509118244 203837233 123414474
418404154 506442802 525273366 484852026
440755285 371041534 751865699 948764946
882836772 695446239 443184233 332379707
907264850 583895527 904753024 878207213
813940488 59062959 979535185 750342375
232801595 847111498 45287095 291900269
41998794 399654743 568809570 993507025
576730743 415742461 183363357 732367734
464486494 437018872 568783030 687498983
160456408 543860141 617768468 763036087
338058381 738227041 202516764 267080058
140102903 240377500 33322779 211016617
797121273 905893532 684880475 890712849
120129109 678731466 981391069 268335474
924285988 260031183 3985510 631606648
225320097 759974483 469277018 803171489
538489870 988937994 297978600 341765427
274976626 983014141 787250796 25322191
800070367 49303172 879836705 939790698
615704612 548560668 180049663 429090962
463600157 214786318 470619632 738857589
353936752 640692625 19383185 321252194
15806977 803070678 420482224 831391468
272441119 53658658 109184859 373939891
255193775 72156660 206974895 359150599
626581445 233455948 965342178 928764166
66846850 592376232 951539711 849449459
311082849 311591256 438143218 683098394
963314006 919077548 912842982 450543869
807098034 821916977 227587621 982288195
86781945 822337329 861880593 961464320
190979385 643471537 80480251 534859451
957173137 397397289 688689275 93276092
827514077 828429116 201809502 541932724
817980124 586218281 980811036 609338392
550056229 563358482 696463107 53731577
966024627 969385512 292219619 83347288
1918325 10893055 119590795 774459022
839059101 982495900 116676485 774446229
457748343 983653462 261140164 358536463
200545961 364848658 170713459 806524885
549234339 705344753 445238481 204973555
289607095 868013395 379837612 378881391
108386637 16671858 790352086 579170533
479754329 812007413 525647654 552479562
37661994 869900231 320942098 968578567
154831676 447114093 578752600 290778353
856108717 399124633 860649878 917846108
35731619 266520111 485903209 852664649
315175566 772658454 190674411 680195015
463946006 638168323 763437408 189289946
540172891 20932692 403456270 912753156
395682929 467756290 466372249 780976805
428523012 459457030 630160587 141911669
127326687 292802414 892912199 787260031
908649440 986721024 962081694 49043298
136033012 725593354 806160158 17738856
680606750 47011399 351205887 274848565
73433796 14031511 316055234 229481000
939495537 35547843 133028670 931453248
472553136 474664469 862954668 121313630
107529661 313598098 886641779 648257561
408737333 699350110 390204230 416953743
884341834 926352974 84983639 190215558
643523182 557903683 720763428 737367512
136033777 465835941 318513499 957286345
537278510 889354525 331676786 39146937
864532877 281885663 743964094 43835906
922463491 151569905 426330950 158382418
322030506 390923792 747906450 808684032
397148668 226531562 61274182 971683489
418972418 73070376 722080542 753969445
816173747 903729430 897947987 21833205
718884180 492909432 734663605 349799350
812407293 149609853 629948981 128466462
22004881 627814270 371344723 200144650
134056268 660795015 642958622 56655495
516350827 355032885 212229538 102352577
73268489 61567095 514200094 83320844
544808267 937921927 283304497 490591695
649027237 299939422 844354872 985448568
297195963 625695301 421697062 349122717
20055427 857212680 438963649 967753626
431147289 978542331 791498553 383100300
419406185 605287816 31340146 223900406
603012825 230632642 448413407 268589445
588141642 279502015 827183712 809616911
379823279 82164460 996291549 614099872
45657842 55752011 495504763 962622202
723634747 941179214 681451957 925760044
344812817 804898691 28643877 412239619
927360325 823849662 240121538 715301865
511319144 11798945 514520288 523807887
738560768 499634745 54259147 436548705
438805344 979645805 194998748 701759582
96450073 657118473 458715775 718156224
126166873 63554282 115703605 802517972
471343179 350309639 283313318 314361329
2249758 376342008 126085105 276708635
973134302 209484078 133605087 156387268
221989286 530727360 448911018 123220216
61611754 408730129 100820430 590001411
680108122 662986336 661046860 477980630
18113708 891755906 451728441 283587095
71753567 790835275 862080284 565857232
251769733 958870395 758569819 776458431
502319081 570129079 871481338 528390576
847371656 312053321 48725754 567367414
735097977 614141495 679509620 82650342
662340408 689023872 92366285 913016060
600026312 228179086 687400992 438869363
199568226 3932731 274041773 355793558
262303828 876839956 999546402 118978265
470328425 717006005 465407716 34684756
923361610 622972934 23339167 429663907
70446900 481696996 831631548 52902193
194553079 617962116 710391749 739074288
313277434 488520250 967829731 654283267
210779230 630873914 461095088 552826779
449262065 400799285 242356420 234769125
838304833 599898141 51508831 72353574
181946599 374433100 722446791 251822120
78071705 964911715 313188687 930791875
3367257 269287814 811045934 461786382
592226418 438588595 738581088 199780970
697786843 751877160 623931411 873114667
756822959 152417595 876885891 550442722
145024108 546998074 213822034 411310242
925181151 949003771 317249444 525117601
730042701 25643053 751979167 947676683
362796971 186661469 30894909 999987379
710728274 674644909 948618712 780558325
838964933 478645678 872881355 346733444
992473599 349212006 923946609 932595446
376799679 413115772 725075658 180193006
993213819 644731716 847557466 813435313
200503854 779423459 300792255 838283624
17689160 626705539 818849571 901903450
694797811 788873084 838961018 144574420
28429283 358141737 40192547 954767554
828043029 256213110 404634279 719160430
193093823 478351313 345925374 606435880
499727223 842825387 761536017 963741808
46945496 882776933 724891104 36837251
801059230 112700868 939611068 891091267
751830573 361516319 24890602 986152283
63435926 573881439 195829791 17763504
573461070 213644689 812584718 690797639
263183678 949977016 176797398 416263597
329407951 68056322 429120773 966712226
453527492 275243952 25036798 478142412
68918814 610185517 456960484 870765296
682881307 407704947 752072477 320296439
980462733 292112529 513619593 443276173
778128088 841023079 188727188 988664783
774905005 417923924 261043229 122250362
621140978 798726749 185502228 980094527
264216336 601655643 738221945 280147623
275077679 625466037 347936253 411315661
8612406 909897041 412480192 727386707
666676479 348784544 668809551 630794529
401581562 750545802 830148828 490856473
589357100 329447379 731944896 664428745
676368535 978280372 28510086 177525288
486161649 30926506 380195098 43041932
518435111 892838013 393640094 411546178
840927484 260962778 664457512 855806216
170750619 435962480 142231402 701519280
116082629 466516621 351976368 70824544
115832174 872463115 798468812 781242962
114486011 645252727 115889801 863686585
78802949 531965486 108768347 259729395
134348092 99988310 386189876 268673088
161891699 744734483 120329083 485675056
7053143 333003210 717034477 230024028
201476981 955884090 7870268 928042879
734163305 151299878 628086120 743633237
828434382 769998952 489296481 542432577
183757987 66472270 496223289 21370659
44014254 618640256 340439606 215198193
620041764 723121373 248376240 361661181
548414281 288796979 169136214 623352404
172268931 900089504 845084612 916890504
798047161 196938792 138634088 503723818
351481400 326768503 848269973 124706515
234993528 193894228 865503175 458354440
662986605 989192681 542816564 706083206
633176869 855577649 337800201 210725368
734264305 83336126 315935671 76892625
623981590 923285972 862455564 479162357
177202160 651527188 734108916 657174289
844967289 49231605 609086281 928645589
544294349 303187332 957825572 573246416
104992998 576952117 244715650 624514697
694991430 833069957 983134700 184433305
780597625 777276202 145715307 84690637
557530063 429237311 124956141 660516552
735661773 874827049 377134600 743559288
491568653 693636782 164923707 287420245
707158374 487389469 216132209 531558932
686334829 351593481 373715225 259765733
16961666 44248590 994580184 172688338
679973738 985826843 980638483 602319626
458800350 488072427 66697694 842330758
975721772 469589759 851665432 719883542
213907695 535668107 355160258 691103066
590098084 165708972 617715895 311337297
232218132 217827409 510545621 78032875
114302122 942069861 82025522 223713588
342793274 263170487 276033346 113509327
24240381 909995509 653792014 493229404
870984586 615000717 338235136 851048208
839219770 32276068 931302911 414073402
92879563 853617706 441722040 193448131
125234099 564962158 298321450 995654645
597833512 736559084 86238922 189655546
307540183 706702139 994659090 761756951
747921285 594817043 743331028 90158708
937465223 461541287 920727370 945007156
965830643 602840877 266764865 855498672
706769666 729027473 777912708 100849787
368976151 444975796 966428944 756050601
897923354 360654945 171012369 339112269
359523127 341866801 899320635 181269569
739651932 92426082 569173860 954198269
396610792 125743881 528973779 779092967
930954441 51972095 19306117 823305058
713336447 925729802 144151189 66997661
951434972 33979225 716447601 571306808
137515972 918812697 571543206 931543226
851326568 851631887 339752412 678704475
616865875 168358546 172949668 204097549
653125991 55907778 211992916 565630454
68748764 105297755 878971883 298275255
734202250 907148655 419469618 684433880
722512597 336691164 901459714 308855841
102752167 803653924 336620159 984071234
79745202 29755600 538277832 852048299
69116042 937927085 936815353 799686317
944338930 406949277 21483178 586710950
711444644 761824992 249424449 532652376
745493287 698574102 914713130 980988526
191741433 280858489 855033702 812857875
605820737 318426600 585370771 28702098
130704564 601995892 973753117 162880041
112843918 413006792 519992288 654956119
508006023 597118167 327146537 792088911
780789712 372639606 179674710 992168685
511907034 923493418 893239692 745024404
633057006 993322404 143279746 143403217
602044653 118548079 741558445 144310163
263379223 215128557 85054786 280570770
262921889 854397317 742940948 577098199
744345461 564655073 214382925 581603635
487929998 97008736 907242532 416104725
169529773 730790255 496578415 792613018
670692758 915190565 486228476 809532178
320547055 858271632 904659981 886756540
722794345 647273987 727402239 361737710
401795484 341834242 846029762 441469907
956625130 304722874 913461849 653309143
796610490 55660106 950161724 251522743
773057630 46159377 268700881 995572099
430643846 851815087 248304427 198716984
190211614 777318922 154377831 161951749
130042845 760498120 238338824 281593595
889184380 827563239 278288989 469085491
17458987 721050399 106790789 656666277
494555094 693711743 55494356 520977337
916821911 390558416 743530848 663905031
427693817 670617172 639838998 929806848
423168337 76641982 683186284 585660646
760174177 435897337 580308662 932381431
748088838 598729402 839345993 288456887
532308750 146023173 986617524 886575565
314408359 338734753 77668827 511159646
597775163 422853073 306518145 428938754
7646893 619031380 900749432 264214067
451359960 243491183 777702383 910799678
349269739 76069542 649310923 428308300
206867771 435560545 92769618 811234845
94313614 278974079 765872764 350794271
693878674 327297008 535023509 1382089
511268702 148440765 835775312 384651712
362309093 492126186 868105593 72089356
262611411 624254798 220906650 976117392
356909106 621735615 34352490 113990113
881149608 482928386 983712281 195169491
89040549 140899150 876127904 6825425
688552801 666752866 896648439 882485712
248526203 250506297 452949165 964196021
715703377 922604859 834776648 168565422
641571846 920836917 579278216 688970037
741557590 916603369 944063014 293843513
113937778 117244034 818895049 553811582
566646120 380224422 703301 743791863
378663879 420825648 932554862 838884851
703638105 26936043 622286171 529533649
731966347 942478052 933626293 498691148
382499472 186287424 944660811 365815609
770851659 708064856 327124348 624785980
96100148 471686761 486717837 537314458
841723296 705707810 726182632 375633215
624359746 337082362 668058360 51110897
147290754 907024839 372164466 935063682
705966467 65346321 774619419 18319212
32988684 45605765 392650453 634024159
838803411 497715365 134030965 354659717
223889690 367149070 661015847 720295967
420302795 158737103 565374167 747081308
558081527 53166072 874279049 485611522
619606080 749114348 99141316 87597795
253952311 213414223 430995788 362309195
748488541 37740328 749251762 734925268
279351463 406081411 907593697 703735139
586254636 835411855 187938898 752196388
858486787 615053888 581683749 130809590
580760713 261772563 439877495 627022719
709484620 321826843 595653004 71845283
142996945 326397163 327054326 837971191
879530574 386020462 15926948 49771842
158647832 490281900 311969024 355137552
189226324 588662250 532246831 38006501
194381141 544409225 783641319 79364237
185047995 789793694 593219309 231847578
60287190 962514741 769802277 260603813
1215841 22610950 595851173 385917293
960668999 157833124 989712297 194271665
547353480 688239294 288217030 694357578
688831746 598979508 510825607 911036658
106718917 621575698 218123056 536654057
274911053 791272487 41211809 766997206
59738679 455522445 416091480 687612343
446576792 764743911 389950166 548055961
110101163 553061785 296315033 458969026
382830215 824152702 120317660 233708424
193348050 599464550 409314164 535628590
41201799 982672090 703496611 665872365
832101953 418842935 58617036 355839062
400293813 4391485 461376390 753417291
854998855 894898678 418527235 674384556
804337291 432503046 48414956 33277763
659217311 793460374 406083448 154554951
633335656 468840874 931321158 456230272
468773290 508877821 405840588 370085528
515881823 101129994 154929656 529038392
972566682 798741252 719667654 851032771
922752045 865339399 242876535 226504479
259917821 242829539 591706040 390855676
98881672 474270075 312252737 792540684
756773536 616926881 290291779 953165175
541238573 980954955 735232424 44992963
926330489 721166842 993470416 51998121
407766695 307611139 950303564 194006689
254902738 58443377 874901919 477798774
379219086 531399507 623107489 989754818
341008445 456902043 988501145 540460623
297356074 878121853 444127695 206225840
329000700 570769915 487147199 606401391
385810764 280993949 241006073 16538480
480021465 927712524 296425554 317187784
543614012 861019171 498332650 432255685
788203151 119715809 561637961 114288994
493758748 858888518 645067802 378445908
405064220 542405375 282939979 67531834
800556320 118532700 800410149 405469717
71293025 614995909 129470267 72891696
563211175 144942296 125841947 668269197
70310463 133702508 342247406 858883784
412748832 888097474 680460793 15249377
256752002 841046900 875748725 677241189
952126224 829108331 933255079 603397135
555609766 390625119 24126359 129949411
605140942 361371713 890974880 687984177
3872779 777095879 959447924 24916891
742586987 998543854 859472487 984885258
98361313 631677852 683753950 389436069
996759907 345176641 532251029 695391937
41741205 934947761 13444648 145005520
420686627 610709419 524071697 525602994
576366628 254574259 388942789 566390222
417094403 616484860 401970399 921934156
413795069 514770345 330536794 636953880
225091274 73802419 276633917 432954854
440202288 272903335 809219087 611295220
890617373 914650297 769871961 25566506
817952801 901109380 198381191 977910892
218743604 411693151 928983892 351294259
322164585 275047890 625150185 857995501
211231101 797550068 643677678 343587815
904237149 853066730 61201867 707358475
372540816 249779384 36699124 203622364
825803384 448376349 252176386 402771491
417013161 491910424 508288780 110943812
521730593 184341471 791234965 107364416
176538552 767369807 267718837 198177020
501070830 221378015 567862367 420993412
135458401 717464311 924719961 113436458
768794197 92818710 416659482 52622020
528243076 446772990 782776555 464203443
272583689 135161949 239641349 587701531
403680789 950300529 689907990 951174582
881784129 26741981 504779447 961067318
233292867 164479352 249583033 839933262
648198704 366568725 731105698 692753603
826466607 81711395 10343885 428996167
88414985 136238102 308146071 982651593
101902412 407257416 479648987 53235279
153154476 918708035 117848420 255509205
368330256 742450653 632366801 226012439
501939421 639316248 872897537 724080638
882846005 843659453 736197672 788020093
21712569 874432375 568792565 576689402
788816161 262834501 559148342 797873853
408927333 544649342 538598105 954251107
418401715 975469002 159060184 679957065
75809234 567306764 785841295 500152482
53318396 742841243 191666142 948400971
962346675 529473849 686280400 414579620
495369387 933030413 353222985 486775541
161515921 543003008 239107434 814846607
358979296 907316281 971520895 887304079
229471264 803493175 882162532 987905552
142237499 246648875 676452433 197051792
765570676 494615003 576638170 442087557
135650222 476826260 972223004 996014602
262366443 782091288 831043549 202436217
780278209 695021134 895980724 774520119
787647004 915949874 704955374 254676721
44326699 306441084 758885584 656029469
978885662 179763449 314804372 462301249
236212619 631505976 63792189 772228616
800601129 298904079 853415127 751333507
822612957 380135898 60653579 791550474
356837292 311394493 205271571 928149577
231794435 670212809 618416443 127291142
460885070 604767032 33839589 968526516
260505312 317114446 933175664 161881980
632910070 48098727 570242171 7104141
386641858 230597462 375728650 828010857
755842005 693914854 523049685 411914875
909414365 683020097 91501953 415285451
636381026 899201373 672995332 166293237
560887915 504970996 127192317 245285562
235951686 794535725 907688880 15706638
848993951 509565955 255869631 313407837
795818335 512346111 707841152 502337038
291908951 26036361 664570904 552163809
766931423 688390537 433643797 890120679
128620576 182531636 549803789 239643181
749166374 112871100 54412194 273430238
180950317 82113977 290710230 761349271
990001149 932644764 291699135 654022275
989351275 444601336 449698569 985166544
365179690 524781098 782918103 224876514
258213160 342154278 33172882 249358730
295786889 211247460 235542112 516756341
589511649 69632129 844890711 312408261
991328594 703461751 100566939 662528274
761846509 627066666 679101205 864663109
222086240 807261039 987364745 615329662
12577562 113337917 822908710 499696494
367390354 974479445 853584603 548041652
535470530 111604709 888158011 549801996
816198825 823826551 207728691 500999040
653603247 397558005 722282154 913026293
47217189 902421788 414893660 10173027
896611467 711224482 688446546 278446254
327976609 776085942 855762543 473290728
719956452 517732615 828963688 418294341
354564444 960539414 164328812 413659796
885850224 262882074 475997965 430813415
115214073 119207571 981744147 575639169
71174633 582531260 680547053 252309679
613434764 302186610 992513588 854302169
946732812 116217953 197461263 433790934
797457229 118953196 833331258 93022691
372201493 923944386 713693907 782307992
826084388 357973373 159701353 160637683
19548247 562616505 967101556 211805481
281555923 932874741 233920892 428848020
666690073 560038254 915071074 463759562
554662350 974125987 712234808 533741578
310046574 464019156 511777111 939689159
670182098 217597931 101550773 673809979
130528088 479438145 841596969 828106774
797854262 589262983 406138633 658829244
342961534 608092284 2181670 170805008
68813261 894097514 622737192 992702071
361180145 568018619 358289163 47951827
637044782 166807719 728453850 949094592
380744562 842254809 229308738 940618353
781261179 386943882 601852151 121252262
23973708 713006395 264760819 908735119
762219507 971078535 166320520 892890349
350737500 341718365 597716501 368967400
54013365 146753493 898462528 994355085
890978788 399656890 702593465 269387739
932429132 900149155 816858469 262205481
31488128 877403306 418393142 57144152
872873311 556218816 136530893 961891314
484198943 784759583 602811747 482148144
696541736 283905171 479200802 825258902
63912246 963493943 576322024 372445132
911797418 193282851 365622709 993343923
418211486 564210997 596724408 992711194
455515423 664571790 440866142 614294049
340098368 478836516 975389131 798827159
787533421 53714384 473360746 938673388
342410500 145303345 721072903 779183365
549687869 497102074 147991941 753906509
897581219 109502034 926497551 804007120
554667460 777273710 857463295 866922867
557208979 904312210 646779835 475133043
476700583 386685801 257514528 395786902
598047173 175136901 448539527 36902611
83987919 516131339 573254085 272848574
554557453 899768160 740357781 144041177
347408609 269032589 845962208 972271739
455230483 159486916 988180882 690650329
562877048 34807149 543448998 642940984
22362490 624339012 724494193 8437310
845898903 962149132 726902141 839637109
79960901 144219583 589729806 846288337
611198903 623683562 461412410 91789388
745858922 612833948 728423953 62677062
334668953 178105528 844180925 107863786
241024447 707679017 286582367 282936806
506967543 464263544 88140045 652344657
784047009 686379642 311797687 734580053
886293445 150743528 542801477 903442950
752285897 5328203 289879701 649470972
460439177 79510235 276321236 326077666
436089105 108137023 640672118 615383900
46035850 322595370 509689384 155031482
206447145 733709663 875412215 131105173
361648978 306321279 422485718 881827317
134774490 555775869 786524834 720509600
392114490 186032068 599971352 659271330
904773019 305291202 169596921 652655866
733373718 363980823 496301323 600150611
248712751 16105689 808822550 683797316
443318572 812111243 812849441 822649056
514402466 694527290 371664241 580071930
440639240 641298789 543424190 386441999
381301464 140741502 204747506 498919374
379576417 853369016 89528583 779405792
994613312 310734763 528887674 538529083
696032344 287781370 616168759 154698417
584934781 329877391 19224538 761557736
267906141 441702863 344298938 524683947
119959107 569671829 155387931 274462760
841458839 87688535 631510973 420518341
34221402 684896900 317952510 683960242
357100910 866787838 133485210 949266165
201086025 729836791 44396758 58866790
853900476 864240381 804353001 26527388
26081223 449251348 736900302 49774602
560894155 286000586 557986405 378554124
149697169 35848932 971313463 303465069
703688789 711150960 848338352 141669359
110251910 103562805 197904045 384535053
344481159 987508307 827797385 31276242
288960605 31040603 334881371 969801888
183436091 835352174 271786898 170384325
339187927 521783808 962012462 541384373
449275296 217727647 863776565 484600403
134039052 285950075 443364044 970238176
653082405 272976778 794948664 60725811
884217843 151309927 888230829 80546486
44788743 832274675 993894887 875882924
115923613 869975383 860922967 385117729
827023412 914925461 905974734 185111330
987368465 906422034 667426321 539338801
774345759 338572243 191823413 99938595
207670146 939761215 212987577 203621621
888485433 610994019 767286193 931277996
287803568 13716896 841655021 831580446
670544429 512051908 724231503 589098088
987408700 553946258 938056781 377293596
45384609 274222958 887083321 223749472
929766334 804551673 462801799 477838729
680853887 314620181 523149968 64664664
330962927 919765228 743443787 673952450
825663048 154979457 374607365 662624453
944075628 874034911 999828403 756244600
860892761 91761624 157777396 214302914
408270822 503212076 625180347 904930393
722851219 227395245 838987190 813366781
470378675 707603798 358154712 629819903
83612816 566075252 176089665 837570472
653955284 578008301 50807828 655107611
930254440 664298660 933517818 20516589
503056899 628153371 509724749 415909078
449556035 364304618 654389885 530379062
680700661 488526440 671956378 583468599
716948415 75679510 114256239 859028157
844421140 493729911 465306283 316769087
819594199 966703784 601146362 242404728
424957349 737213092 838501058 365857415
453752571 591094773 453600254 423262480
479501795 339272355 346585619 840413227
56541212 301490489 701570219 690194665
575199732 808122922 517504378 106677581
591419413 423488398 415906438 619485238
121133646 253618931 127865743 349786700
853838704 496422919 230688892 739421622
71462433 809058632 199996049 133008812
453002300 494441071 468631952 738213221
295812704 966113724 524444920 471707374
991237746 767022334 928347366 897953968
427935102 37881165 591366335 226982188
645189931 677886597 860560911 224552193
386353410 136212989 658078779 539636918
121150967 117690419 693050940 866594997
928668948 678076582 678148978 381235001
85151487 809347050 800554791 606534759
9375240 202154708 36663279 788208216
15967285 796017817 133293232 366527809
360263507 380680357 479125094 650983527
266090711 568643081 226241758 335674915
886221724 19902138 916440262 621775090
136269453 898997237 964964553 182313151
961657766 211358152 404461929 888500878
106715490 493718624 424042225 995137021
344274058 62991149 143574926 824058549
372552273 340203328 75845381 85349875
24866287 423398276 498667687 14137984
539162451 251207056 338180107 912171748
183570843 831517210 988321699 525033114
140051143 626107683 774439816 754117511
205135330 373021689 806305064 255052442
9283882 479435432 99864481 673622702
441921070 947440562 816881761 574031118
916488551 35106969 701643431 181929714
655639981 933301084 180283504 719881300
326589847 966790084 486466932 245337121
17724736 91055896 985313559 100281107
863476216 416641486 277315721 686113982
203848321 19852604 996027981 470727963
34583349 658642015 136178686 668892186
904416314 942863256 175411557 129448623
651523804 557562039 938297564 321975699
36170637 614892168 343103896 586542919
436304914 909755146 63711861 438345479
251396134 259022933 441763066 463068961
471810811 144014514 214664526 898398775
950334070 912480591 855578701 889878140
56486358 577456469 91052566 181570135
735995931 637655906 375764262 325978606
876881438 435375863 203098436 370347393
414530247 214216535 641464507 824562957
515365782 827062117 688029302 341996053
29367568 779963216 667849435 488355981
932408506 826447211 485192271 579872299
834091992 562303991 704887117 469442468
789622576 873556176 254348589 533718374
480765042 611042224 201125930 455699712
660144738 163793653 801858702 844122770
202720875 977584340 827972322 258781484
436445383 30577748 500911649 176714655
712717869 804424341 721959175 980770780
281173779 427266617 222248786 901970551
888530133 748606131 34521947 107909708
317885257 396384304 315270096 147877687
192762429 428796091 680624624 13611671
588029198 267103154 993824709 922963087
437835134 263487540 442670129 433162108
168894350 490011747 283044704 20171185
747723899 447700857 269367457 149819293
389910293 167529551 627718817 899797967
293543938 676926939 747352946 815085653
108983686 601456603 546463240 630989749
97047096 552522511 872854337 456346244
632266922 646699757 159858732 825562036
249793573 274109320 666116782 974521952
770446313 362888852 339711011 635356664
650562012 496233403 532869513 834682572
735231878 355218823 242683470 755525653
810782900 479422243 901633959 624345770
755636925 495669186 605864390 477508211
52772553 920863952 355105587 73231099
376530333 596682663 284826807 530531471
248949223 156863633 855882244 429041132
89760343 950867994 758742728 278223653
13362448 593628086 790336341 432192975
861778307 960792616 227123015 302707809
540035390 432017153 881414484 94258219
847634164 330562136 742602478 858662358
620940970 250346629 689978834 271897462
983530288 477922424 83172578 64461830
430959981 599073216 846519014 219011489
596877004 934582030 5646689 130959153
47274078 777722749 56430942 571311420
149575317 65693250 517325250 2074521
29238602 283300078 454939655 641490297
121227328 348488587 818653230 562017394
366417156 994370998 438075780 881080790
213915552 231194535 954688431 461072747
860560834 718243057 97649701 949969321
991235187 842868270 660850380 836695593
811862949 826674648 917375409 790622637
755290577 549204563 366888977 922338093
821113363 488913717 509808910 551080202
117668596 184911101 41594720 972155726
488268596 582888149 439403910 14116012
786366716 541161067 819811487 217774351
420033336 159127720 611277759 308121835
727182523 28577502 522375225 911531265
675853018 575648924 690223012 983223648
813459209 725707929 417661925 813646349
31429726 231809357 302391154 828840268
130805918 731744314 97899622 111552894
794003056 17079033 39024655 150175120
229314847 566432516 641325548 790946162
314519445 447450456 441736768 14529428
213171586 97344093 245663409 764245000
908613968 582001154 577863950 30347422
740053010 460703729 562209276 779163196
836735399 524805872 398546211 271155527
219772190 859373660 247181886 944074564
167781340 603343127 312469141 228727680
736214545 343850815 375934367 136121814
142560935 543132360 4682777 746541761
948357285 822971803 942073757 198698522
980723864 834355078 278112300 256579738
548903106 323701088 62497530 914909287
642709325 748662371 43801489 559481653
732044792 857941026 161090340 150836349
984967128 766499662 539982518 888578267
460017786 117881041 865192979 571553190
568729355 220092103 165519581 77604543
273956885 188679164 544887203 663318914
586007370 533170428 40487148 51479565
742424179 869303098 357730962 93609435
914818172 864114919 589845552 626450730
725380766 524972810 320016675 857233465
3969457 300424738 57707704 227716695
68377496 901965394 248890098 998418610
392347269 188875845 506075381 347803483
142889448 817729453 425831339 509217171
839391906 643589971 663258413 87907859
829233818 664835462 337978983 192977474
443064597 114791368 695434531 103997197
784097231 190387290 283209347 484832831
425305697 868334002 952785438 635578529
569954918 260247662 908904802 436673520
715791627 447065604 887104225 106515615
746189867 376238643 387441986 940515007
6031040 186687237 883884251 385183224
114064584 755031311 164365865 630700358
136717537 729472689 698798356 413937141
825966506 46058936 384580579 724441347
163070976 403700239 245008567 358126701
324969610 718468603 442315911 973146341
680425311 358520238 50096791 997327877
463614768 729983159 437182602 875142980
864182754 264869009 479036957 744490662
259229310 980456635 100942853 349036847
758836529 200306266 205082463 698383571
410836576 61138401 620486016 155256984
39537382 471924347 984959691 167543481
216026566 152202272 789505997 916928362
524044787 59252043 827054467 76002108
924717375 801620622 80196408 499622381
688032099 455563768 986277083 646100630
552872467 503825776 824594389 351269576
837132763 33149572 186373259 324596625
307465028 914220897 562815356 936099091
909064734 171145265 82598923 826466200
899627629 592060969 775697912 617467643
332924139 2500353 852315418 782942207
782896995 250298026 245436862 494367845
430440764 881111046 456396171 765324020
815473815 688310432 556496174 326447749
89295835 958270431 939910027 690100016
651963209 904875376 419872439 208062097
322658275 907620817 870050793 72362267
238163123 154778682 619864585 678133525
180054723 901585775 652239899 829125556
406258528 412396888 232269976 380246307
776172060 484009844 546944407 987226277
992189527 300666813 487664738 359187802
974440333 826519355 945363898 725459959
192819131 683986036 479675889 968710579
623004891 777963111 526164849 864860177
292081040 679284999 706396877 685665701
204036088 411206928 358392021 763667676
790898657 142352999 833532291 779214989
558320845 139447157 527236692 273916730
134820455 171402379 30233127 942416156
748730071 46890468 173649818 364362965
362928726 580699205 777293957 366179542
983050379 447879351 778360693 744142544
893620954 835838285 369869419 343416716
198480815 708038834 106172559 545871194
957767705 505006031 862751151 140973891
706276677 965255772 293924603 371609583
499315650 372101499 983152064 669361279
916384552 296051190 920851761 86935663
237177850 165080551 596250389 97659705
584315090 622381158 138612698 139287708
861598296 159440304 861074400 827887156
149125234 206553948 685154408 526720703
153119805 518794078 755440298 723613151
512401440 454928261 36989621 424888341
453190609 738992226 126804836 219895012
289261665 858460798 976768323 712100273
389518200 489953987 361832204 520608277
282965542 426552484 898985240 89244265
367313631 668878816 748759565 958328679
530119210 72370461 349386118 169497622
660844204 135856579 537375089 241211486
129591837 297641407 829786052 236138891
446847762 319778978 624798174 848788693
640923955 515081628 925840268 58916077
976294497 10105282 604032828 982492119
666051750 338750177 986039332 602484928
544821727 746731550 782612416 361217399
168383678 622769920 88740311 310723536
478829393 317188744 811813223 480205592
954597300 205953347 218481852 954309042
60608143 39308442 302631003 678470568
393801342 347883638 917463809 569898052
396128629 513578548 891556919 520420095
329098643 694189137 929236378 588212623
466735160 517319311 851905941 753940639
757566482 314601162 64252984 49236928
47218906 740611332 243329752 603638383
