2000 25348837109
747039334 105939995 453506763 920287510
210388123 999856594 493023177 392063916
281156065 671975330 916773036 768962830
499702634 268641453 558340949 543072906
637035670 5880068 350751609 250764929
374265274 325842763 825006679 409714896
841235805 445791276 25724636 387059603
233745165 556701436 740888614 794092747
622686397 234783637 695606906 832499898
105310681 398827440 646064438 45855473
266734221 640446455 822080790 500424047
855786723 620646420 60428917 135388755
219125609 335232289 698953593 357599545
603139051 336783365 603057317 768659081
514805116 406066577 892897530 273586015
968556 388018416 43437008 259215825
582763417 797052988 170948900 452081944
527708908 985849733 425725973 89037590
33139282 329658592 252938808 10725042
906188612 42596216 734816349 936324707
790883330 867643346 293014169 753728749
935458349 153168061 709983179 938081586
529981903 98797568 90330046 179361806
453046756 483001684 588236938 589257120
113932749 422535543 328939521 310697888
3252143 354830003 285911171 981409550
721078476 666006724 75859875 844370661
60016963 261838829 573717440 145378026
710630385 224358997 866338154 478068994
450854833 444520747 340173481 949171690
986076713 921089243 344599214 696258466
570981789 831770919 900749458 395608233
971283900 585494591 958344761 142292497
476034172 13646683 565980734 902464577
160184813 256398125 508718882 929907479
522533289 737987535 113210728 606947842
915828501 802209574 115887756 869163473
994583042 698396913 935240888 901319626
133544276 269856163 729392691 295548693
425097178 770510911 814520154 102261210
268754446 599429548 290187033 260116897
921239049 179828474 499306109 486005657
201159622 778114858 292715171 457618487
166740477 727128117 190044308 451685340
746253873 254690907 561401053 882546809
999111950 571028611 601123859 205079840
288800043 748311085 18800217 107213337
583928233 617759664 198763461 98662069
711528778 920908699 623042829 806043869
349522901 604820546 712602997 878711369
567181624 933222064 803804008 486712166
696986701 760578892 992461058 744170442
604031574 155945380 54044754 434040359
925581558 108651951 929204163 245218882
672146141 548681452 749636830 590886654
208816022 657514002 726421940 755500635
487697491 443550169 564730304 332824519
27065062 468601214 676612598 352957086
929166017 27049445 274751790 688097121
984445398 54289068 758449364 219252982
37584669 471728297 659929206 289039030
284016995 481687230 355530773 812805422
265612926 770537896 696780749 802934308
265945147 619108125 58547131 832362513
9126691 997275187 103644910 5474346
155007736 831228839 135598107 210164357
281540168 407868970 111782428 380372471
730263656 138985971 8597439 336268155
968374440 824237902 18187362 727617737
384404623 788197430 40441500 258871030
730435797 512915160 208180348 432394671
141546935 760512852 390688662 660885864
901793065 204329227 496873035 423793300
669860970 200471938 429812399 307955507
546502465 756754099 303142611 99624701
50201535 758355017 495987844 321992068
298590373 392993350 527419570 764232867
910103900 802436084 635723138 439222545
409798791 182554585 81850652 691893696
672576143 612596262 943254871 390585860
198804018 40123938 267891273 845769346
129225791 809126077 645601521 322288113
916994982 328885508 654077174 374982708
983425332 749369369 998961132 459856128
617275439 798290842 902099409 223265004
355203615 333619387 153131938 651562293
942841283 733045697 628816898 873954380
670793330 858481485 164973079 39728284
130862801 513635645 163675029 831807012
367369401 84330433 633890349 283725998
788652660 786611470 687069618 975859511
201337256 981979236 203374719 362082649
59576685 345527475 788465954 139849673
154259677 812168910 795205305 325848492
62278694 392844230 265240870 331012237
522976528 849805994 105803583 844106642
28420913 825960640 728441517 435506866
21442271 499491676 522022817 848125438
951106531 577185971 512254505 592675038
344443433 468478548 801314291 718771006
624479257 780728797 211108144 245031759
886525945 825842531 945005736 566352883
960798948 464521219 538227839 485595159
818715083 511660002 383911720 862033476
648632963 822984552 256058425 706782239
454760457 474349579 145839446 558216713
566594043 94777079 328065006 273338869
486977838 205152243 705720722 597283782
978426358 534601136 846838077 305090630
420396692 658965713 806280620 836272524
922805720 410856563 284168704 852236068
450293367 879073582 942154655 330555220
184575793 755322716 487572752 125237677
277704988 65623652 136595016 125177161
243083179 260934115 686910559 929112208
955948347 36859836 797622567 34188015
628450463 259479906 347166244 638750429
116212976 219558997 534763510 593619037
365851029 772780647 955427375 131403884
772606977 122559900 253322940 461587523
173695691 310195095 662091185 743772361
24384721 465341004 395541629 284496784
770074328 425847433 14626053 69896521
444545738 205866007 603744953 150129075
11802762 769348014 821912373 130081700
343107504 326261938 102060925 381658501
828007602 182250024 930603015 354298876
544870628 533723676 715159584 952908340
486002705 967186335 164999324 764772343
209000115 475930977 687163471 887625237
882165849 537551954 450095631 194168977
445407513 938974367 506768852 246936848
348570595 913002903 30342597 432119118
874271748 514861320 943077052 396725307
44621745 376126370 334402887 47354979
994547447 474481284 388025525 664714059
946639743 962155308 645372308 669874920
100602830 297873177 680079702 59903362
576071969 589817885 589184486 208242443
327791894 313187130 414976917 580805565
219627992 210507184 782351556 58111880
907418043 189292251 367101609 768223969
745791722 425511547 77953605 499871604
439674097 640472779 21342812 946722029
868746645 556666060 65999199 361688867
451787633 445416264 402048493 852299551
811016236 228656125 141569784 1395529
803572440 419055695 420743208 668624627
138292775 53338624 496623507 242601026
63989558 904859669 532296270 373947613
553613568 724666846 39340644 266939231
633585476 391953072 312724507 21760584
552182672 157913413 65658642 331983972
761956873 449290383 914780776 583062737
677464029 507652707 631156047 336393783
84217432 839453525 986296035 43482084
936286500 728282662 784856893 895069169
214510244 795544005 851216491 261177454
699793443 280847126 593329258 753387543
801811715 684763894 902720769 616130047
956086953 124365459 38994670 170967344
934916780 718767522 58036880 333672567
942904285 476552232 404460946 876104886
136301067 54516246 223517508 477702394
38554565 929265114 636221189 824572226
440672587 635533603 126388459 795921554
378008324 215533117 261640636 655086758
274431844 930292510 161209517 971674061
42725428 690455642 564177918 851147875
485126225 450771092 619250900 137117144
450106421 823732860 263132529 916804790
865608108 287246853 735968339 869660870
504699716 556884450 525209547 937610797
550188043 67151967 982578843 188917179
108710854 998041537 764220246 650440615
774596457 399181875 133930444 527246133
8748345 630314767 266642393 401266745
574089293 806689155 211326131 261201795
905273416 983977381 373030348 106295080
588704007 394184870 511677868 625369068
351727780 301111284 568778102 364888429
407384197 588774659 854744808 11563844
243251398 277087708 885538577 494336320
887054965 494115185 385849819 26514349
826201300 339531294 770437035 918733277
231733408 192304467 828215518 710468322
34631656 513110534 613009172 352792450
422348656 902119393 831300443 87442987
282576339 691953657 273367501 274227326
874064822 782258143 803945363 929658171
569341613 959681788 353676355 152133153
330007384 625231333 167698664 809661619
982670758 848887465 183831269 989545529
355386915 760660078 939016741 125538322
514619063 904863071 409419335 353385146
590801190 575135845 183199040 366615143
614407529 885279036 965714869 237005759
923497623 116270692 793424946 343827845
303554476 475166368 55384938 290965005
338786367 688318583 570952116 472147480
292307064 501381692 830685406 699979966
562200929 905210120 562655791 158434271
430125315 750889010 675819223 200288863
768647074 182637113 277414486 87412789
139878358 142592654 21630561 755958101
235145966 184164800 456155568 835084668
993552744 911601995 787699960 287586134
294658552 997161734 578570603 868124515
246938847 599856923 719343303 843168957
895208780 408997359 94231318 55301337
966776713 232386992 348116033 390477684
155309640 429040155 328667961 509782367
778214952 439930066 172228960 644326471
236434337 953434305 349838964 647058303
450500866 441929230 292486243 974550007
331471848 393224433 390491780 816481462
680830674 37926137 552753623 871817905
843416518 118101425 924244213 874166326
157287668 676914619 704537653 903813071
715012057 581480325 556424215 135245311
850816898 280103394 708674856 806009931
304220151 112574399 478039437 243310241
742047786 49264431 193282417 413758580
171690739 989080772 598108640 266904084
792716194 672477071 679570944 634989862
431244972 408316715 841207930 444015975
518017913 971510819 768756062 594115925
364028812 764708364 306999452 350769161
556277285 858378802 945619382 426899763
518843987 336727738 648480283 788603100
921852101 324656856 753321918 274614279
229724247 729654831 353808751 9527583
205282704 795600635 799044065 18663586
377432487 647037974 641560124 377763812
88715810 139315464 792171767 803854786
542411190 170202659 598182749 736990524
853871226 811335638 557301812 210122716
603199614 549795706 816728356 377763478
178892219 736198981 499978731 434922627
648967777 978759859 760668319 632890850
530182388 326720264 447927533 747808821
489582748 900018361 452226187 19745692
409244637 749579444 598609546 284618022
361518836 864781893 307565118 190046589
153856721 995652231 562207183 314318907
376886564 959911672 321647094 820771338
425403169 249359243 965815243 825183539
52587999 220112799 377878992 642299031
926334595 718570073 295440782 854533788
371620255 590194620 327250840 886023130
531632416 414709545 247798136 633639340
938322007 672297927 599945763 469531559
626441475 49273358 393670901 704141865
738567101 207698942 933005790 402016705
741502702 532722867 195113941 1479366
529575521 916627564 64265329 864574061
318039048 824782067 152722075 58485628
739382866 8171568 343050672 511966587
589327013 924480961 179687500 527990995
829789164 537215080 556323664 235038466
642822585 493943143 887879668 261978954
132596311 324808201 248239355 782814122
403297458 335688800 340009079 689571609
273965865 717489933 963924078 978171555
953609406 976113323 810348886 196136370
782436535 585799764 506206527 234521265
246254752 346528275 985436856 333370770
574440250 97514944 557728359 546686859
223931748 113250652 481129332 30495251
593882610 43110922 355982295 3934374
246842210 993360266 430139704 931352663
245857453 546012065 836463055 735831764
325460871 290508394 813310011 789056675
102618817 652516525 562927182 410697488
299299004 410398118 478813657 691602827
738574405 289076125 641824879 364327830
446554697 215438435 428482852 280455252
9124572 115311691 439673098 84795584
305974809 731199423 842263511 129769675
416687463 332695864 313165136 521400710
439572124 510104094 313976637 920424312
646496521 861550076 832547360 322939212
786207054 111317727 911695431 512303030
806440743 242453726 899703068 255304772
330446458 910549637 746677055 105641859
381591181 840961542 241160381 840712767
541210514 359087850 681049624 352749703
79644836 410272015 604997449 491342
801792030 881441978 194956197 51860293
657388382 762142122 412331756 593660437
191535243 262101490 669655826 557534983
592287199 928043812 893331572 523485264
389930314 884750113 755895457 731579799
178665912 65128745 659481891 840021160
834592314 63884243 113275091 802781849
227160473 809309360 806107389 402710052
224001161 71387787 373825201 563309996
169052382 17008312 987176655 409449953
285128608 542704155 349584370 834090208
59193649 440671322 480946581 55049652
243685575 354656281 236810090 311015479
216588586 730816160 387485117 390574912
955374146 966699427 120197028 1694377
625216184 504720387 503225625 275237102
50145278 349776510 78009788 51642008
813808315 177500264 516497059 528565802
162140027 770361080 550326253 48039068
38230957 188286125 390513474 312207569
447309617 360412926 795645361 889176471
894046152 344727434 451128368 945630582
698012166 879077766 910818124 310269376
702778008 113237588 290735466 950886008
272309707 567104935 119424759 65108411
587403703 301021341 178052938 362387780
757457549 245316438 359184907 804210505
380416171 642981112 364613157 610353235
962784975 370221328 663686399 16288886
549622776 573879717 515575552 876048989
566305646 25438834 473102495 872906801
504536247 162821030 88562764 727844204
371772666 60821089 861201541 473077108
30185738 451008382 975758174 717985245
146701645 148757935 693509293 192311092
891652321 407241656 818383855 597682350
579343784 46768286 825152697 819577808
512852466 824695781 476163567 784470836
482374618 560514197 440052567 898936575
655823939 489834065 516174104 796502593
573200565 243645635 559925313 408776863
83695720 663836707 370098966 744755448
730080766 117296961 310541153 100645762
455729299 209523997 210572396 88718308
817621366 394001840 462543814 907533746
815689355 407698807 300639916 237820786
745469886 886446548 488895864 237217941
8296437 820473561 173214899 547346714
574983647 302629176 428566994 305601839
22595710 958185305 654446125 129638855
405575442 827147896 529637534 896546957
873350768 54195185 567261944 4205279
519987108 542456620 332253257 223802065
368725685 569850478 653135026 465059772
20351590 32035130 636542863 111128447
337374692 804475448 811667872 693115381
798752354 558797389 919069249 29862230
62328795 868565855 91468582 482683014
612045847 41877919 349320578 604294636
53488827 610328137 167823905 549759009
240876243 893129851 720162439 257868293
982235400 371958889 379549382 137086173
900585017 26823940 459079382 578800926
238750768 8706142 139468735 181539027
303315175 931738031 229358622 109636303
194059735 529971983 668043702 76941199
633602507 397800320 263954538 687407113
584067527 252660715 110329512 584076697
686782298 34085168 259939425 795556654
667585695 267692163 581227416 704097457
172968485 223356367 676541782 80591367
307669164 544475524 46173728 859074627
32872235 475082983 207342737 67399158
62435075 694251353 266306772 696890466
35473233 625550354 295878388 127186281
802413965 897602684 436199502 697141403
161249369 986808169 471494389 671006024
313515339 178498603 913370325 416863703
396517096 158161697 66541356 920288947
767838100 58170670 312811644 22573998
357705604 31753068 392870939 592003606
235688350 515888748 621406159 872424432
553272073 216551670 586985576 862897768
708397851 323311810 389225051 760694890
684508290 494617671 289668388 796842891
668195608 839678938 478447524 362042997
870312373 618970329 948977242 296135466
104797277 40052837 445991045 379991490
783441231 620646878 241966766 963576299
701276590 146343833 11801453 757292092
343338639 509644639 968071726 782023449
440909591 189226222 744719074 285508616
713784805 420493228 572205536 985634107
604572459 106068468 9060586 495837904
846885647 833478980 472423793 478433971
504372208 442065749 884279706 81600725
896255386 279280691 459229748 644824743
556225662 621155643 238540334 75625708
645897319 960702968 835636943 849980916
482913425 229857331 47898329 282723907
113142729 249197214 977063153 137980540
245887460 539792677 389228045 937658906
700868189 34309829 740172773 41668151
250700875 227487289 117581029 828602630
371304725 115686535 187673245 470791195
221643072 91749605 619425650 917349329
729380978 636301113 444223096 515254692
439135027 197126063 645604528 181764243
406150814 866969579 401630865 250382486
221722636 294744682 153836414 685882083
313224135 594381507 351239996 803940335
797624258 852725087 408598923 742836353
586498148 587143520 936774845 162099471
133636059 671781675 289648436 525932372
439850034 619761341 518873598 817991320
627946342 935619565 955364804 176086581
938548722 283468273 992446049 412422532
746847287 508343632 942699438 565126363
586976402 241753928 584680323 994867317
264594257 467678918 424464511 167106219
767454043 515620249 12891489 661894117
170109932 707157147 556893272 711960649
190648126 335990842 785068158 269872039
685137181 58117218 305617119 428163384
60941875 787398893 194683559 680591310
335045187 561840123 886259980 483279436
860486471 851212477 777259005 457821057
11828168 91245380 870421076 660894331
60352144 318880133 470462330 421581859
792337633 56746683 230718332 635986943
412566846 192926219 17527245 764777259
8144422 103780829 204243592 897155934
921183269 796648465 734642706 790675919
897402270 412478361 827295525 709900428
399255286 106821016 301564807 972837444
464266973 781608330 913988262 387762760
688346480 743825417 981512026 244018643
703389483 591323186 579136167 965263027
334781358 70208004 570953171 837756575
233834249 337300516 687836939 829636107
409409792 224716893 889635324 621527307
346908980 97687097 272443936 359878602
846148070 88855108 121704192 934643349
394220074 283378481 470514142 416384471
26528069 285039218 313935813 769153884
102761983 503558518 666807491 410930479
345595309 694501161 453446900 108881505
53022036 994157610 49274821 557163412
346063324 411410498 847377661 257696963
593747511 803215499 477129872 739035650
188437376 800093649 93156364 907558230
130264693 333989057 581733564 245870314
684596053 790359404 63797197 781440132
733240244 780330103 498950834 693809687
599139645 845665773 949905911 425872728
788095414 488567298 5748880 464852882
867172653 676201078 211273857 593189130
400191427 635266142 102003385 246646144
488588634 146036972 948573533 626437824
389196344 742243946 8456403 566529220
948702413 298118937 350788982 608236792
93281238 232257131 979095263 376308583
567374110 561224316 402850214 932284750
701414908 645728860 908565638 230738231
494871840 884317918 907125858 389036440
893233070 297958824 552884227 402855867
486259883 154356946 792302269 84181075
199362090 266868291 206420388 256711694
97799765 510426713 438289496 208882368
175041225 471650365 177977139 834834260
172298287 207942639 389318413 602488181
891649767 478916335 167884885 842321692
966504127 793068740 891976369 843221545
704913532 62568655 792687672 786211476
877274810 198524216 386505998 137187498
468762800 189427831 524657927 505549795
946915195 163776358 259358043 783344728
617602849 585445350 374761520 61281946
737294062 552158782 772643158 494005234
666103004 424126125 338809930 614984109
117277909 217167091 524712072 87322042
141331032 41584116 224172705 919232381
958514355 520442043 209139512 330899849
583155408 879585393 209315134 503220571
784693115 486467971 905469059 116847696
607129502 869917898 66099239 50377667
53051340 347456204 917995774 970610685
334162610 542476786 937827243 653722923
283784634 45318875 214184439 971664143
496239610 798292129 865680738 677457674
541429208 494837558 299427098 946366423
282708604 165842786 646197249 523859534
284009519 690234083 142991217 222078551
636983746 534629744 356250838 248537864
222677528 956588248 922361457 163137121
377980961 384649207 743634727 723387774
675461402 460925372 443611584 755694788
87567421 963447488 416622745 212334158
647127468 939121233 624327607 152235232
948463826 762070443 480353380 840386488
298919531 912953877 620168366 391377040
442837056 701298885 111697351 578544929
31293363 793678447 148513933 572576246
583672757 372543576 410011307 309563578
167860893 567290927 793256487 543386684
936992076 232046775 69580750 660397548
724020759 381173436 503243193 730720884
37435198 932586117 570579111 747079202
976626813 478767581 897081404 943749682
8750090 807539229 66761307 126697558
896257955 984242426 765779281 589166301
607519221 241267170 728676412 999525419
84914331 231424475 504682264 781954660
686498558 867173019 186897783 835819773
401105869 66889518 755346878 9094208
334987644 856974711 531612747 114984189
762397233 994887781 391243548 421855051
101856117 607220308 316184762 281944546
867941848 145805531 244287712 809122547
554705134 708990268 732277312 265276675
483711258 734954570 898631617 683814478
670248194 213817782 629332382 754534785
223458391 891899272 982205175 793415391
23800879 122964353 743647916 267483025
705533570 241873380 696956730 783778598
73800096 970885735 687583037 278529272
544460740 539104136 431589160 485209436
944088422 151045014 184091470 682609082
875772220 177497182 687012173 606099785
831054986 180053555 95792721 194677705
888999003 179618438 273331047 486753436
119025396 350683178 385347112 529410103
163617251 500282865 758275156 107648898
345401916 267538447 210081 8788024
198709855 527455588 227200302 275531846
700612132 40920293 978056150 920987772
652556921 246661341 915777909 205751495
37346276 222396079 599620783 713872780
970960099 285279832 565445241 709214270
394530972 809534515 241263015 721453976
854710976 64447906 16771602 119790193
221392909 339099982 705266111 278946570
461824551 289511969 243278176 602606577
761633880 785843118 127657497 585978621
760702828 649274855 493163170 114956237
678868181 439854179 874707897 978339710
900404268 23814166 733921415 704860644
976288207 275751119 373296159 193904720
752628787 203954599 571092110 740762562
929193757 789635230 531186756 511807881
824950890 28731655 690131265 761251585
902328319 460506807 363644525 796388907
204654574 254309498 694861401 851796947
45198338 38334147 442064831 542580874
779990176 742131615 634763556 981617522
153294663 661580441 906610479 230618988
966990762 224190668 608991543 846378890
37321316 955289335 957754615 512958996
470419526 440155136 357660683 344871962
320378745 831382981 765691155 592187190
823917837 539884217 292543538 141739529
357052584 635994806 261657050 477335952
931460409 810309509 224454528 412281329
296444058 29740243 692120978 917966343
975916631 199806277 576708093 864191920
400285964 239536428 350427456 676095533
679680744 594797605 320839470 931859899
379754976 495979410 496792707 255574454
994082797 583347837 618415813 409270124
149920771 809376769 228991767 168935669
958020035 282615433 363113805 4372540
758336117 921109841 160153647 639402528
561707990 169824606 230751645 197755097
340004229 511832116 312678100 718429101
207204874 824126106 111198351 101355821
869921812 615911254 571385002 36753516
432777067 656592377 517897467 889512734
628765342 742897681 511662763 937623179
258177185 843117200 954933063 443735981
734699349 760800949 949443092 78711219
972197390 165708237 709285503 106947267
368847791 539156137 365165257 104982326
87979309 768900350 336847510 538009916
970980689 37542542 867884584 80060459
88701002 222753870 644390690 17344907
48234659 555002233 849457338 423069005
491891234 214967975 861069604 388414716
693581619 870666686 49650344 879182652
334339504 796013574 811291784 646191053
466992137 813868941 911185482 268047646
378543043 961459887 212567212 649973221
879001198 497444665 384469985 385293962
993186467 845930088 198624757 383124022
833416154 294548080 530901806 459131379
185560193 64648972 631950209 201857600
489293068 125611736 787363861 400212139
841758969 425043989 215121088 943199708
316064008 936680484 907527607 167231094
32692180 818491890 441815366 79249761
359379952 72780757 132468584 784327060
51610499 927299713 380640549 110860613
241585764 334391535 145819629 963396415
392631170 926772793 437685740 7845015
268151589 345218493 789059479 995551880
78548857 440206411 468095649 413540824
491085947 520951201 449987627 612575744
356006059 566515809 178230915 314808746
807969242 849573442 66798525 922329510
329054900 235031674 969170848 930622910
93689180 153843622 117060284 705528622
214577144 314275275 565282502 636763190
312021316 441866085 669778414 781863760
344573492 121323412 497741538 27423518
40706489 936865383 732280359 79553907
256314497 206817410 20018841 705223215
622249107 792798675 470602555 54631828
521669375 137227654 381328670 889425545
145317922 711931783 90316983 413273937
898719441 447855717 773711578 288394517
262217322 987945193 939059256 687057866
315633662 224367519 434032414 418684803
826368315 130081790 612599509 371329584
288228252 622783795 316122473 271411221
778927009 674007083 601944286 814248480
201946750 903796860 69294535 480386683
424657570 604888613 614633343 145146343
459008661 352870400 225990576 56813705
134710009 459160086 113789020 31213225
335786996 632704018 802335535 453133659
171152670 446598348 807285871 544613272
497101670 917835350 389124955 212430269
152241107 640309593 826824623 428464889
874674865 677855194 233287962 84271582
961417688 924170177 416648120 31674416
833699696 418532043 968351163 878591803
160716918 950005274 702987229 364221153
901563993 21431023 357881048 333461496
400377711 729821298 173472707 146011213
738922260 231157764 302742146 277478355
729359863 494343799 968728301 612947011
877820744 982716552 820625711 231984955
170691371 880861436 770603193 103083159
213684686 116768222 497642407 593216914
865660866 439918708 574514629 435975107
139567179 641288372 326972691 243952654
94180501 318041603 248298411 706287003
333753187 616381083 304976157 429712339
576445448 866354552 446027735 427747839
67540348 649712422 828107951 30432053
190900591 828283854 399475578 593499561
986315806 882152718 925525468 41790208
527493496 94679750 315591210 231511576
124562908 417127524 858352447 348940969
229627787 921507679 116186614 605121433
9269893 800565327 407699124 597595961
505450827 877571563 829494674 892634711
216016875 361115334 159335396 453093395
967100423 579869250 335723071 135832751
432265904 283053781 924702985 493137462
137035504 281009419 209736648 479362554
154809639 807493937 640680577 795296782
209970873 985201545 297681931 19238158
995306783 495555808 63647372 162288615
418237295 598705597 631069705 153009165
913202750 232407609 295442847 48873287
838033183 748912232 718877837 784158286
711925241 724162515 514448916 449154737
246229651 110101444 456078549 828867315
663379524 207663694 639875099 249808750
193721371 540827472 514469783 280479184
205837116 388513335 281587277 74151861
389301425 169348439 579867621 103073648
130094961 106982715 310985197 170011072
818589411 522449457 971233211 66240010
407234482 892052463 694882876 692520510
633246240 916429215 997694079 48277862
882619652 126318886 642387206 684903312
420176619 566025419 297537126 316479587
412209745 771303599 838246433 782634183
688663487 728112774 113168642 311389793
830016009 582274959 291789795 827390002
76084329 490042711 449456193 842076631
785636104 555220895 740587005 177769020
730130899 189346247 394679916 447655306
21126067 191233250 14414469 847055108
425365732 900387102 387968251 277890970
206671331 342638228 783958485 809956131
999476791 413044078 219278976 385217120
991884062 370266263 254945129 8561764
739192728 635520844 952725698 365477412
796135351 374931652 115714391 921224184
435275705 123905983 371070838 864736533
447848493 331057589 525923901 422220088
12470587 490623244 598920942 776096574
528252279 127637777 723703883 816607848
761775035 659339297 164166820 145959381
668840199 517880341 756636702 592017333
771940183 300701164 566404268 911378724
800898303 545040537 691964432 375582468
375193280 188670224 296157931 519606586
865873593 17887418 208844744 704146553
348043583 444007310 266790170 536247168
905849451 366660586 41748057 759650019
313968836 6802921 249575166 796091293
301240959 155688901 725048363 570026790
194780754 36692266 67194906 790121736
968264811 991849671 536127234 142448610
544457010 805359438 861907190 523308237
637718285 755929922 382975325 279422923
676763335 24517299 368755431 352800072
351101178 819752471 464354612 883145388
498870450 658930913 804096275 168571728
501817405 169920366 436919207 182760965
75503241 850395994 644147913 915649076
206619716 457382047 324273199 678662223
19979821 499924225 115035935 197743163
599958689 561594164 161749234 116897788
347357826 136707418 567569889 181574364
168576899 428115802 823392480 217018919
205285681 576617575 308920548 845811386
94948216 386635968 401535884 999494598
712957242 266886110 813137973 436508345
350344406 11764062 382264930 601297963
247133549 221147863 935474425 314014344
617801898 646114494 535472988 968896302
712437960 446362073 766057254 708711866
218426239 419191153 394418594 598655052
627402640 275229534 726880735 327596657
576739934 802352963 535520464 698305687
641655252 194303007 217489627 258918967
618408465 152175453 805790907 445479587
54965396 729179138 485631858 351930277
262985922 808620933 500245072 890280556
66946164 733295720 678261265 882822556
474874030 549730470 667731797 593057532
894573503 252952008 751450974 430333076
611278918 894373362 382801103 264906287
993450830 546537808 894213857 787983478
593221323 410292250 432341884 101577162
691601280 775073720 654002097 729899635
535565415 362170170 995174871 368053663
763417669 67412003 564547168 784520154
466002550 283697409 8171336 965314456
549150126 75959950 459301090 203432173
304284865 998339997 464188367 190976305
564916673 776030023 223424321 789873149
739464976 585600111 260585777 177565843
360664439 99085216 321861820 268762810
729791735 923706665 272620848 935816025
311094567 368927997 452922675 119359860
744872256 523293508 873082927 34157583
707059592 220536280 698682760 124308985
212042907 9733847 555197092 852109485
826869849 213643966 221280415 524042038
213999074 841323284 316785752 700752321
556971244 115867866 928822499 624220113
989276087 341057153 383460233 624443560
458607485 591885263 174696880 817367976
907446082 797210460 747160841 713757063
836776518 695941403 150002678 783860753
865103424 636411913 637861907 909394881
781923068 789620799 319424265 599101557
734815834 278986152 417869689 312382490
591917079 585596406 89800998 784419392
421380276 321866142 292624038 962307111
81219078 722262977 391298662 433497879
100358234 652087705 276295113 321125260
541080348 886038481 290778364 331226955
288725012 463724369 280363867 761600012
231441727 609353048 61326881 946653702
739946755 36062942 26602433 55125811
405111979 887495725 926530572 562133853
437946693 288771059 373183454 592014325
704934088 946427832 834697748 972295981
124269403 246773248 63090008 848065922
835835389 901302094 466628944 476157675
308427450 555703882 729952644 694076750
124326794 316135598 195623172 769146048
735051173 75015310 54760711 999534186
490283922 895918178 982243905 280637606
703724794 266691465 354977617 854474435
304829459 77922656 558293384 789081523
4367988 291418750 247238654 339974328
909844685 855029920 461504237 301652149
982182478 755386581 925209918 4558754
232660175 606687922 4673879 835076297
149604824 815892757 763437851 69146873
526655691 180081548 731252944 751650582
814759258 762542499 139379542 714757341
10232999 249161279 38986617 6140860
390971674 597761878 243611103 547481995
573036675 429190322 384448103 902289669
325482108 823332136 424244365 114480935
529686204 870918778 808159937 936626016
143629798 687403112 124205315 303142263
159366153 381043161 549881965 189949310
84108397 808957847 486377197 321238656
549139293 564628774 683826971 633610017
79848538 30396873 775305715 574862123
958077551 526283072 58896686 591489971
121375698 537568411 632942959 433031117
661042485 920464509 92282236 158766493
633831730 691654572 742698170 153016013
111734744 950071679 690886818 950355295
421420639 468473356 631540212 100623308
123406390 257427389 757389543 249374684
554469982 752760051 486627762 977546652
776096272 278903075 565137852 505269603
620197159 45805581 56717580 477937396
915197413 885334614 869049993 277208299
873176867 994759168 993704936 23498700
827066192 616869248 453305300 808392270
508382220 220296030 435237836 750571188
265915356 221784442 480444927 134286048
914701007 902105806 322297423 969461399
692346853 291424288 197131859 370957275
853804113 11524862 470805651 885096074
186533672 492610921 654214965 395054309
765777030 428684302 606910223 646091393
806502536 131906904 91863095 125732503
275985715 62160977 980389894 94984331
17919146 846374045 1666881 430592641
695780366 870052518 253477004 498134594
245221916 312884200 191625825 458134691
64685053 249429190 751861063 201115545
213771618 774365582 599919024 691089975
688764694 645598265 635161466 153697106
335318774 888294366 373893962 510255533
236034479 25085928 593171365 987232479
691758670 102733417 954891694 128500261
210216421 979940003 986229173 623735793
72744414 240957316 895139914 375824903
977034344 820561049 120318867 219178015
31736544 239807072 80275886 735828680
200115036 392802096 375296965 283339525
159649745 957437929 498601354 980238221
94613204 109739438 765118584 923733860
338150296 723797197 102132559 770470125
853915282 902484490 522689789 700951074
719276912 400450811 902295489 835993524
602113530 630089098 81186108 293482798
140963168 994092604 440568049 366500088
830730754 465287654 390626198 272646574
710691396 867516880 150522984 865578849
624801026 440713601 908484716 923526340
393659362 272681636 739496011 393264205
885134657 533844057 577673303 895508347
402628504 861323438 908701793 105180380
774846366 416160215 247633536 12981808
308326392 889913062 30903437 875340989
867212512 858991889 301668778 515920719
488637010 708317263 538618104 207931942
679694587 834881768 901132727 17621407
785088034 680965740 154432130 780967403
838770207 921480482 828816168 20762101
497670737 363992664 381329044 314064839
387863783 672307057 407539671 134126914
430339781 681458302 723447072 252529001
715009933 578843504 195064261 982490505
718555467 939765190 134117077 178512053
78298932 639055026 406173618 862215359
822551472 259275750 552625740 393406532
183374501 966680680 654795214 873294956
458775208 816640802 516684751 338824973
36952953 562493957 703877684 690147503
966866723 693747728 926902454 123180084
902262377 262746384 858037141 623314014
626059729 117956849 533149051 838132329
446383771 336852982 616430861 987520341
128733485 757836237 684111208 393216082
935478077 975323468 693345862 32995123
332791103 373459124 453393584 11648152
618338584 441108532 313179230 518643383
800647985 762694592 201827504 168144877
653674879 604229363 328337030 894398730
920095934 939110986 609071816 509418568
401701630 729976732 217275306 992529898
494925667 943412300 24525691 245259336
767797795 532513278 896342145 541459880
624176501 201082936 458721422 736932250
122337655 807055586 990318403 601913419
848441613 375226294 884434055 180971712
56542167 835217801 405330957 996636595
519465262 939054915 918864012 405226142
875788487 700845757 769225256 899545272
805328087 619727938 953183165 91377192
267685363 412476121 353983422 712312664
371329788 216775015 593564676 10451128
527431717 428042281 526601878 988064326
754097292 389674668 419035880 120452140
827819671 982499430 896018806 29999076
171413339 848445384 641110332 146450136
142921129 553546597 127477351 789386465
440838220 662761129 682528860 162590640
815074616 410337224 176228041 59331422
463511720 740068872 537285711 849989047
912836633 655900463 667423156 583163788
144757466 747613186 116174893 834143628
335096464 191213976 714231306 42031452
931928015 787387343 412877284 513413576
701035745 987906790 493744971 700468980
241823572 981669142 587702881 618241621
300718752 330833978 175026958 980250163
361801583 395382529 837552197 47990625
805057161 88511561 10953772 623865878
235268995 818692632 254674863 530398777
915367326 576691706 800080750 804679810
763667200 115776508 6005143 541396573
153347628 368761148 5918717 751190502
792629819 693975471 946491771 192968525
361290826 16731165 476906341 647141985
59033766 907344849 784152972 873542445
910195671 967041260 514649415 204034156
269417806 293433201 514099461 677696417
78831737 552926376 250235605 203814408
636439763 559319203 816299669 60300826
124209248 806262097 621531774 641856356
928188963 83079202 977008524 344958235
228513362 567228425 341500415 723997908
60462040 477676457 65437198 455520617
800196 810023906 76084067 969208180
677808209 309959268 430871613 749736733
639135598 359763791 385715554 301534395
233004296 106150002 265556874 855935385
782825553 340530266 88072141 953403975
505039543 128828939 724631606 269062037
283467217 579009838 789984187 89960499
8397599 635211520 45934882 998911793
513353127 612228618 450401948 186521285
720663801 292988498 490037069 340352629
450534612 397849928 326215367 507552978
29604175 669535839 130724602 697243990
222554493 105939453 636209875 629267293
685255845 6613656 604494103 876907707
804717271 639828289 172066358 470641322
996525686 300786186 122132535 690017551
540133538 129846531 354903643 858426439
758883108 282906003 982399330 904070291
848895599 996334532 492733597 169629170
994789689 534633329 814311100 245710132
223353912 357264292 783494469 987875100
384536321 186390325 233479351 126598195
387800218 750256129 760785993 706347351
807041402 888844153 649924658 62559592
678972795 488159645 600008815 337537403
837490207 198919762 351846706 851157767
487489797 842403679 199383059 41786683
697326350 88673020 906052864 185294331
7876894 545266124 660048685 677490478
549082328 810404473 720723019 126177267
87805142 773730305 794486608 637701246
478640056 897254109 552880767 752753391
63212819 339726622 324817441 798261018
174403408 59466942 558158815 8277223
121597050 450271790 193726622 914466854
249202753 362386705 139022555 36434556
511721455 996018188 270394198 812368861
661568187 450134952 882840534 943768388
742809121 284945462 456630131 24417445
537427758 35448784 736211616 171332696
566118328 564403267 177968155 890535079
472718638 205872071 473979396 257359940
125121391 197835827 398549769 678520696
746487245 31625801 158661047 825501449
882701031 629785620 249517744 875762072
324944231 168629470 801399623 325623833
847800468 920699755 821979495 648867007
874179049 249359244 861986678 196361861
384420711 287612318 369480955 156097746
121467747 485664247 63963211 218181332
789455891 771908687 762381421 877101575
736348576 563230298 768511446 580380277
902669919 436074612 309313300 479223699
230048892 52822907 30903714 385680962
721274249 772951572 400495228 974394701
808444396 481071302 410874254 115141949
272690452 83991242 306882841 999074684
149375627 173302681 303904119 337140618
33031266 920497573 289532627 771414408
198696051 233294440 927149974 640316274
324910505 504616414 450623946 947837399
206001526 95456423 109630599 260766558
486379184 547724304 790392916 717718602
357449952 864860664 848873860 100673038
260429811 54203200 473866935 584154797
834921630 777179728 393688036 831969958
922769693 651074041 894211025 47636106
145062118 772554400 278732702 945597337
385971036 433240107 423213813 714814467
271477250 571805997 727832611 358652953
71446682 953701658 173447614 597869309
475162025 146912792 151259100 121078377
906618544 379472344 150770082 100224318
774890605 513275355 735280282 640432635
169132169 589346871 40428164 454853957
619646668 130896075 517506047 853914875
489059309 823576505 526253785 252402625
567290072 18003670 102670819 468615724
466126827 307155620 729183597 393763856
336309727 666987208 337162561 285816476
199984062 254425204 280575797 78372946
915818893 527448345 110709791 89628626
76144616 605998504 411183332 644453954
734745854 505616465 351602309 247421292
906506720 139807514 712122801 502736358
858858361 793015521 700019307 34797284
511763857 919851058 621680443 551941816
334102322 710582355 922668856 893613575
894102968 951995391 685125064 754988381
444101179 101844858 644584993 653517225
961613519 580799334 116128767 243872510
228460604 62219876 533512950 947678894
85121053 304005917 734060891 630470121
105053210 14085536 321853000 276283703
457450255 309859808 476252248 469379137
790577775 499985463 660859746 513356479
996998688 440138210 969034190 640933209
50331438 842781500 211808395 667676363
682478173 588850091 614452897 217666454
615761169 15883476 258645747 634041521
955711466 310137410 113984003 787144164
277522977 658325374 77513253 87447580
814693389 898945104 149624394 613038282
182726308 436151214 634947399 855334763
568790712 775337185 921676865 908541942
367540862 491920835 666822174 625567324
88964279 558356712 16843950 107845494
862614637 3216504 798113799 856857357
638286432 828991600 419823167 727505771
78120813 859437901 247662569 406467170
888310986 211298670 8917160 812708372
503497457 634645338 551061337 983886463
937121822 579212176 544141949 909102115
71613361 69306227 561156074 738569356
478848239 444635240 730498659 375508285
557385506 972761075 734491672 165173630
466809822 76081292 426859955 576471834
378143004 88677972 955620214 459650658
709067867 429917513 397750965 53047558
863018349 856640746 712199152 281758051
633846637 756413301 386310394 839938466
247263195 991481776 915852957 212706654
113595399 266658968 289717499 640271344
432050475 743525777 559622537 606892763
812786650 93637636 258539952 962310652
138670200 959458717 894351568 993459333
979210271 679394123 22079867 285216550
642550565 889692336 55133225 173044303
210013554 845956209 725023614 160401774
397800262 994026617 332699985 243396967
190836988 9273055 419634955 553151545
875805388 306243873 266964332 723447573
967599301 735575703 383538489 667125773
363689719 339517805 219219254 991082691
987952523 42851 771347739 299365885
851245743 231574835 319812133 957318968
501164556 578634089 193328170 17688709
703123397 823349835 495094707 403718154
197810032 288432954 34485432 965239148
513427655 516408141 721978028 446604582
948778016 459230561 307016961 222238969
528589494 588395022 961796885 538695297
713144566 621725750 402872445 707542307
111066475 931194612 212806262 619339273
689486857 156543671 755152346 743810632
763219013 76519809 120682999 705932497
331845252 218362109 361679548 36918301
859904845 271999612 699933929 986249692
960928904 765809604 745494582 534198789
764835286 461595755 103421804 434869160
40885658 219315407 463511063 182312570
17999581 147516669 542015680 250597163
819111023 330661628 705782465 448580450
877125955 544776244 229899498 228907179
90958052 599723453 634607125 968333173
883817216 934517487 712148033 870282338
522983346 162395326 275365783 366069517
186587950 609764401 829649020 209098222
183041036 449940503 650667692 691472352
791484791 211620970 353836719 214472288
65846740 960166944 408714571 55207307
938823127 176834396 911053929 311019135
285117264 171365645 708452498 913612164
847051153 57166589 28390034 255128081
578701588 211581474 269192330 635351258
556903818 56346053 217710201 41457239
598498187 550677385 300807809 522066408
618544269 328993110 873363994 893081922
144536818 350612517 145371746 557765552
926000547 452983434 70223484 472086452
592403992 718442352 749349171 244921105
340443787 143480675 96184078 81307308
476953516 403234704 438981445 858314574
949749821 139154610 533116445 641080590
484453509 485526316 2287699 531994382
239023923 6902545 305113132 561400538
761637718 599616821 886714019 726175044
289666399 470945780 694813329 329852685
846055912 780025749 837357208 379458970
215065166 243604266 298925608 277647799
659599326 717910318 814995597 337955007
124961352 338755329 39325078 241622263
721631909 296876846 713662768 420020912
867426897 651887801 614267113 537426911
134277798 965464975 544822686 206377318
858701758 114493119 950075246 378167961
106833625 171153869 625311240 136517512
143668116 217687831 634134165 863785709
413021688 990071171 441370931 127021039
104789355 110143429 434443867 553472900
576549762 717864456 6233177 204480607
420442625 617412371 140139214 430791880
110419496 985020739 618967065 71436805
835800804 332756286 773232301 897101138
622064658 678428408 498059753 429617563
184124978 402811778 449281233 601185395
191523386 460970749 162677868 160134777
158418845 435695957 971639824 959605997
326891238 79820529 697387294 951557531
230167038 293481664 692718699 55709833
656845750 462892524 162715998 973943947
683580027 706975211 517178125 303997617
589832202 406764507 678033050 571659555
121808768 370071552 526413803 144991197
293648180 734806985 783906972 330477253
797399664 493679605 528345866 220287012
623521339 371922254 92186535 35449175
354504250 987635767 162363648 755804097
353325662 168331549 934757248 920299941
761395792 68237396 778417720 437557239
132986543 466907039 996425520 319771025
96608014 122781884 520843597 874385033
721145869 445791446 920455199 422725654
355237624 970028603 231220368 19000656
337326002 644644517 939228192 648121092
38088384 641326706 267006979 858218312
251836344 206145410 997286979 73980834
631127082 42683326 960393372 981911588
989153839 622451348 868529271 981608299
378284671 295064825 189312736 492495022
155811871 311403825 399806550 507900295
509942745 528310781 815354279 827590304
127545198 759633932 494833433 288831891
66331696 489113416 648018393 933991351
798038458 820349216 355273425 27091621
601910333 969185490 682512438 144473071
887754248 275449592 719359964 448424323
486634455 784550493 196952522 73464205
489239443 687663578 389606411 282487222
175463767 176395627 564787891 88601101
353385 952692183 386527381 990360357
415583838 350797853 139816143 196530525
530200194 429472092 75168561 533651173
213491101 810963751 333098695 905886276
519123421 553387413 927313919 363405606
282179316 808432179 601864982 409351365
119439512 134373795 197453896 631793221
221320939 744666239 372669901 203310152
654840762 772815174 879162632 19356154
953847150 873797274 953386218 256230503
470270649 753022661 754546300 409771312
717974327 32912004 989073835 29207444
416447365 738854939 328376606 86975079
393750547 941784046 751129968 843113336
485774601 435093080 832228698 922229378
655186553 979274968 865537324 334305153
728524769 47452256 205112086 989279485
876745483 433307454 252483309 40033257
588601378 575944030 420049991 802398039
179707447 150304098 878962030 84377848
221387535 632052284 83641263 582753593
895102135 703276382 832591032 303312731
422619034 287550110 650005778 474543375
926608093 225917715 333796407 375218868
452909830 954893270 492216881 184602459
602177501 403033437 186764302 433393525
508810837 272431958 266001502 229174736
477348168 351869653 543076429 745855096
249463064 694295959 833953153 494512230
657210047 186123238 534906297 209031761
841915966 667188296 859994613 744085544
82839073 445544522 625761442 805205434
586854617 600379502 257680421 929926627
549427927 732689821 399147024 178441173
450427064 434195594 652804710 278607473
889313972 477857571 330526855 741795257
501509446 567906478 896026983 201519846
263032678 976858055 942708876 395746192
58480822 981368012 212977750 328932290
146629634 609545029 178995388 946763117
961370127 584311049 517696763 468647368
333862736 196386114 705942614 215006794
103468946 947369662 105445661 559520991
890943912 48292488 205224326 530258178
890637226 25781576 757104675 776622497
602490206 405909444 169970863 803937593
112813379 305417443 513922204 282066773
842323405 451090353 932042743 817073707
65292582 262770750 728184404 975926230
663356965 500026928 589427626 321509715
588116134 747049173 352772071 36086809
8413307 651583725 82384089 888072693
556280403 607883998 780465508 373807136
121440131 418727677 622420857 329683935
336436991 882410058 288306799 888903111
395055282 932141319 121277540 223533616
953212589 507215767 887239566 96513389
789766872 420617437 178483534 679358333
403411815 447334867 739406597 384647425
638357356 10311891 968341917 734072081
355931431 665716898 707740637 115240453
213212676 258650149 230463941 651165140
728529794 682132182 974087516 826704530
522495494 128768240 116559808 594318374
528965591 527625852 162910542 487678519
652553784 823804039 772291304 225275401
349667521 421378235 680266232 182506723
551704020 204360801 81701303 6693604
101573159 995058431 988977431 964014233
406897695 438280270 343730885 860373890
61617083 419382209 872873172 116679114
231673082 418889279 354783777 572009076
167555541 687559086 968349694 3153601
103130149 306614250 580371195 159702643
733748447 158811219 747792649 807634503
433179799 627510820 231551339 682926424
703722628 225202282 930601806 282551276
119587096 958933546 230296110 86906930
226829615 325291697 576291348 318633115
255747202 994931547 449303885 989528205
889068102 127756648 918462463 630239957
688823836 410430878 146339817 898947530
625109672 300868198 282882388 705937054
227135730 955946745 676462576 553135343
777823993 943009654 100949104 994652596
184301559 140594599 956617330 652893992
786334116 961808984 977434239 397545647
783195503 114263029 321454429 254238268
66335777 509225812 414685931 129709015
158034805 122434940 24949918 439192882
752500180 229836793 922315994 654511733
356695252 868599497 99111684 721257686
538689447 514306041 319638871 642445101
724953030 552999901 745957013 365094393
604969406 38935148 996434846 310366851
463153290 387751629 611680782 882466789
388866528 853604009 608706496 298194284
400884478 863835302 836155479 656070756
305155785 95909822 685663240 147714145
623830621 369850947 543729965 106668780
822913906 107087052 869006418 120630650
224779821 553462315 61130286 859271608
653763370 930446928 137261174 983535457
593292060 209627909 581258047 272227153
900007253 900007749 204152177 530130773
184593307 706500631 161192340 82334640
774265417 897875198 85866873 742411017
156175479 600202925 695364445 377263315
95092863 800320190 191980544 610509265
5961557 231950165 156394902 349114178
708846586 349421082 498660525 287057325
83282904 748363864 779360047 66727859
236134213 265467983 208023210 735528031
127880184 772962934 577171939 658274082
269829397 70416578 154391236 479001022
387020338 225749636 378107215 475527253
749063338 302026988 729647218 633541743
880776337 677955170 450130814 23340135
562446560 869193637 323109638 283585724
62648320 408672799 126327215 254356045
697021213 314085305 898368926 605492958
645171894 569684235 287261542 161247576
187147399 144303704 814990310 840999445
232911920 419349323 929994386 421973818
83019433 253042976 703661117 594186899
229475598 738885689 987295202 197859902
711825035 290720483 424412666 820264598
472115206 780581197 236083789 201089042
799922458 315582758 949870236 69473721
964010835 460340389 780189000 14676525
955735773 38430872 7866109 321316188
649585001 580770543 639437785 603730149
62741747 202584786 741979126 672793174
483100518 146133577 816055189 607643190
24244926 52825954 867069370 246965679
968224395 156466329 730250148 951485965
244784166 48428240 565883949 271010136
195902497 459382426 161657902 162753817
129505408 827828944 797946815 736466578
973745639 518997341 196211589 835306955
707809547 58034084 421552820 233472802
200701458 967328891 586959228 382611333
931292947 681530184 14368702 898285049
634355907 923473654 30134144 10785281
798206504 213315753 502628871 658261051
432158053 654192320 762363619 307595441
714493185 675822996 230820189 278391453
65790010 383649202 277676662 60227459
321436618 998993553 149470330 253674995
117114541 552854311 9859303 8904294
903024628 582351673 351439800 37498699
683549580 406577405 185412149 170332192
228063875 395654389 310664427 168874113
831110073 625204458 232729344 732056497
235802044 956396605 873044143 166968900
147533557 595081317 279358347 107307372
16025005 507909464 429489187 913334163
789484560 798899874 210985802 157959245
154224697 390859874 935509373 825701368
218207891 284820895 566592828 138341477
68398670 385176815 170722326 990874218
926151498 354070783 430313830 383705299
860820905 682855955 51999258 395158237
319513631 109187705 589800745 970597839
309200377 928947513 194092420 747222430
705935835 295441520 68892467 881723818
762283177 79373332 875821 766101272
239235242 257546012 208270946 806838380
693306257 937064690 928131840 316968044
343498690 861084130 309998855 621426803
288748258 932797428 871610876 617618281
783231165 447601712 273575085 511214526
657150315 458235880 176149833 958923261
381756920 300232176 504083923 271265188
504112403 26337902 711287008 867485461
237438328 437138379 856293834 874736079
876373159 103316530 630682356 899483952
42674929 573793262 895447699 878123395
50625749 585239173 364457846 236618936
618283643 615931880 763808457 414153712
22268385 914643091 398992675 306018410
785364812 735583556 756962088 632443892
117571722 907253407 469930323 561155416
267962716 493381565 520800944 671653115
445958301 745464321 809966689 669592868
628420536 863211670 385585297 522089435
554290436 258616049 578555019 996049744
297455637 947717005 466635330 944696615
982536332 96898195 41382098 203133108
889502629 383320280 242517280 761529419
825531377 942074144 408704378 736274238
439604880 945824263 283810878 667801017
854268945 130701199 641571265 526441198
455417701 135274535 203538274 17328374
165523089 103122503 911129029 396932391
978392883 200267934 17755727 464809435
50204043 493450274 828879465 918199779
931196210 172002932 616833034 463687455
588203741 490823699 878827570 701442639
312835985 458696630 862013875 949268734
902035658 491462572 825797135 993395616
506752035 70229246 861388081 871327907
484654310 789077921 344350544 763098547
352718332 388761668 843955975 986510872
375655352 13238287 355053528 537537440
930960925 304744569 54462224 789706422
489676997 238691946 753142664 699786229
372725287 83949197 796629354 901441415
98387609 709626846 143854427 19970168
265094580 189854045 237364681 653948648
419356596 29855310 746092806 617563115
559396604 193610238 153525523 190786434
648929628 19107789 88255062 289028476
742612963 246907147 554649767 398666040
132373544 520422119 505828904 516058568
312265212 658611783 403922731 500836659
214878262 207831338 567610517 862721156
745539038 685010711 17870742 135644919
370932955 73819637 440879287 95080371
81846692 311100753 379530698 728624890
970894327 548670315 180822664 363580574
172345029 799218669 469971154 659236411
259397058 600214653 310864518 275772608
88960445 838288357 512860672 354169715
487309104 607841763 900155318 965949564
51991421 198117703 733941637 762904595
894576033 403138196 562876289 841855587
357604865 57309539 280288898 755935467
366380739 503078527 663327170 781463928
994849725 430008329 615519887 410305474
148914326 59302663 584732281 34534261
971664472 672966559 396017506 213701256
850804651 85496906 828389712 185592451
843310442 449802662 295502087 46938218
92126624 851714748 555467528 929718003
596536332 585427057 497678190 536657012
757319281 235438018 16222192 379687656
927880639 981617444 579812032 798999747
369404797 774706367 96006941 844314632
317142508 376363569 603659257 710755735
307825702 889246498 928488955 620199856
5218157 732936429 960957730 450234205
450451472 915605542 860606045 32645027
550526389 42656808 482451102 603373205
583150157 64027504 576033430 289557424
33504188 308087982 231839285 92064538
724939157 463614849 582514392 910784822
393997045 694410854 888844154 518484434
387992418 904848290 826019201 292569881
212803908 981302326 129236854 695909540
265302933 731610397 255017104 61104784
363646005 835846002 454465848 779746086
997332749 802005006 228603987 291604684
910430428 667063447 420365668 581204653
231505190 726490990 862711082 38118579
418036634 80613865 879237240 389036338
75019567 634275523 754662414 533677298
215754124 626464180 401170628 583772201
557745519 523794113 506701594 566584484
312177819 420823774 980821608 622515603
572726262 560491019 822465646 528909549
269226123 11337534 555355599 106005243
490981951 959628580 562112127 384256982
152733144 336148583 756188833 394519483
539733971 85492059 877661449 385100404
905041990 421488591 7098289 729610561
827873632 433150481 847770061 336731919
385518460 426652893 650739811 487763640
75404304 494385725 138029993 2500155
598121933 92623596 340051665 24065129
471154756 614088734 22397900 135734114
685361705 123580040 825102744 269767534
783788055 391559970 300458465 426668720
411037120 401052428 731094390 993578264
119853383 695637760 978545314 833056891
38212037 484259261 117026963 150756499
949405310 258294054 180384826 581568300
927722532 370580646 978284335 64698926
257529303 309746064 291480074 440432860
575695985 439047141 211175433 573593404
230615182 23551337 857761125 425341109
56128946 538256870 274805403 239397063
496286509 10790137 962886187 236508257
498443356 76910051 146268331 2579585
374209896 765606562 752873966 274627476
371386549 670769952 144897512 630576787
180511523 843935200 15258608 759516551
34933687 752561192 33030039 128008669
289913118 132165684 484436162 411468564
811534514 551826960 112864405 755361873
672940962 679495086 424441587 578528618
249395573 897024365 489242297 858791246
185606351 507912553 781372316 175007013
378062349 785670888 52027941 165916296
531669072 991209080 456708509 230676153
718972970 547593383 794886999 166204501
822743243 33590538 519462574 311587465
185492340 635678514 748928495 802041503
744241927 619978587 254860491 170508487
384511940 63485286 1191027 696247620
414794573 769986978 269165477 69720551
377467503 871728175 709923501 857986887
358479488 558027006 134120776 920920548
229938360 805121452 167595909 774178015
28511101 99693961 417889608 915220943
827239475 289053096 994538533 543164068
121012964 264955878 480160448 523692955
590994275 643758322 744235129 438136487
455987195 250960385 566586589 391900627
474905802 91009503 53251955 919261981
448510002 904109230 663782108 570623858
374226381 562337946 801818717 164072458
866420043 574217175 401838876 957323014
647057537 391239412 679887423 26619490
309436783 532476557 350329503 881690139
18842962 295259750 575773230 273813683
695958269 282691220 862167733 467920270
730991782 536863634 654804913 954276089
632844344 33497392 17140772 66550170
204478836 850499783 763973238 173526588
326068633 331121088 715282774 378887429
381746875 155472661 596737258 593428497
395192134 900213460 703532767 947312729
427583599 858399859 942948297 275447423
955338331 98439234 611702766 291570641
803901124 567392710 441001671 700574478
283733640 734776593 387157503 47123056
60414079 654970979 771558619 452559963
482669935 945548913 995615664 772590534
564912345 787820129 856764871 942296821
771094444 31916358 906139924 653456000
53484895 906930124 543933402 554524629
22773935 975695715 441900538 699214349
42058184 179885280 955625921 117186674
220493939 297764358 378563245 486564407
267551428 36037755 896301949 172253701
111117156 178580339 330315879 755728469
999243540 4039792 751219368 428746501
158109130 248181538 774497923 454973820
418181497 373418839 688988735 952059841
719598119 260889019 716962386 505931255
12406644 186885730 238763469 21646616
659003710 592073087 514614663 866193653
552295340 303670023 913677484 537317103
342802667 136686159 468536917 450821337
78063308 426913473 636498355 53776977
574700167 909821548 639588243 695688761
720650747 796058161 227101043 128069096
662951618 352386741 299390786 706115662
508654670 920601949 964355843 477520876
848721704 365892700 235169308 879775668
902906717 639843910 772554196 377868843
240569245 922763490 529693666 74659048
676859197 41919457 586955863 292023527
241103505 360864692 373253958 98674527
287099497 751061093 124051023 736710068
668991647 286878855 247379520 195420651
379293266 311902536 248058353 928815004
861047468 223479673 62972859 146498215
831505398 197756787 165689594 89335457
751436889 113421187 661007386 948921272
526463183 300807465 963538637 373442128
610403466 869078270 126028304 883204596
378994271 517748249 145349043 938257849
778431092 634743719 914074965 406146056
986460897 972777380 722776653 163557814
79468968 581151869 516632994 318938951
935594916 47520078 520795599 513428310
202228443 245930846 489571027 55971733
707905437 479698373 614817697 192433158
303213059 513614927 551103448 166446991
891165166 904605573 489164082 550254469
384636599 95519324 417726648 818968878
628771117 898089199 712842155 337261451
759531402 464017549 933747155 697855010
383247277 847443922 588123805 942719637
504854792 873431388 595451674 642805313
337882807 731498059 92674382 250382283
64509507 858893357 337849237 854115415
742290775 17143759 731594732 189610776
547597002 541565876 414372498 706873955
648815086 95152835 176831498 516775209
510802335 598947996 364088519 676967603
404641878 625745285 350196781 261164090
221939063 695943872 368881287 290970798
634170778 206911706 507169750 880366106
557578770 662577148 698200064 608306738
636325274 762064955 992065200 123465446
966090258 421062397 312822592 253085172
932566394 95396715 142953016 272412502
278525590 378153320 51373576 838379013
473279482 203137569 558781869 297803156
159450068 341070691 108338263 494799966
893898415 929431908 628636681 637633251
427351534 292904519 626289513 387696982
638556439 297570337 791847481 565384523
60068327 840935889 268324398 665438663
580946884 574836528 791139009 94056731
187723182 1318671 981442622 553454808
879682776 267402948 655541769 13865326
391981135 147388096 185660132 857630934
371714891 823532422 231177796 629465071
475626722 140021388 50632426 622101792
9969237 595406199 472790114 294814987
362097727 743642291 557420185 541627990
597020316 281809451 689975673 199172095
258056131 85633555 807393291 636270403
854803740 656675536 160739123 652022061
795660891 66631975 169072665 507928662
662073805 851723967 172408264 435288492
708773403 635271052 94972851 78587675
946086207 751587787 753925341 155604199
530493726 611417448 914058951 138864982
602706806 782568946 35761305 273835071
349681263 374146132 182873242 300028167
511429454 626027543 539492763 454341884
452841080 523589070 212777225 219963105
163970218 659637589 562040047 509308671
497207276 483518706 672648040 789334298
948339183 93743354 10644301 11529171
964292432 559333063 634889955 511168398
697799899 895807034 130883690 538479032
533811767 29683448 546996724 689403491
867675726 211933535 761180796 515763939
27136877 470710323 522693576 823225086
540735240 249723290 213909196 397680318
406147163 86465258 962963399 505785385
258442900 251557734 624895265 359938093
782753690 616884767 965621620 408048792
867026367 296914506 349592817 285890406
930506418 889020538 834862107 55918559
706019846 923069536 200975817 913822087
960228416 395609013 278184269 942902149
881777115 412844176 290304129 677369958
641959779 817978454 38206971 555200177
473655406 165039027 299484539 741473143
809189321 307368206 975496020 47469766
378969260 252285710 418822807 350663736
425387298 34338426 696597726 976285265
183185595 776457505 203589531 282459541
156333346 212274449 780418594 228670917
807193361 224504419 934463543 605746693
736750390 994588869 620932546 931917029
703151800 765192285 775827624 352364083
465330154 644069654 609031414 382139482
570462678 145176908 690052138 79803009
739710993 517351969 362216094 543092609
375163036 718311004 853593405 931736430
48238505 278803516 884181180 958150249
592752519 477903891 671957858 413145420
867412423 826147304 951999212 776923369
877737133 687668528 180604586 61443461
585653734 671777331 4469899 55448708
811495625 364121828 629310219 522516533
153576519 559436609 1260213 440190932
526463388 647528919 40295668 126110984
742638235 781880072 87365529 616164536
177654961 932828904 129974760 806945954
519249049 295770188 464179146 140071352
862503476 596595832 1411572 585036130
343226100 157996751 819228679 616734443
816816867 872277298 830000517 429010584
889582691 760720427 977052154 3856085
860114335 743835277 662215633 921451469
818919236 69373220 638892746 344776556
174608002 567597734 866450822 49847673
449190044 657454318 432781895 669078958
227524843 120527879 703196911 897333590
262231351 818875474 148111301 849460265
404142467 611758658 110442671 499240696
712053284 775913430 565505909 710379669
274546663 344722668 711928729 37264031
970924616 698419498 13380765 635819034
323266528 213414810 861694010 890888120
958752683 131928896 13798169 159297869
747020919 146930553 852290169 226170038
208118226 136265501 399689183 243241195
372188771 429520849 551869536 148161421
762766597 975852513 526916336 64117561
886097146 417208780 107267150 542288262
546501226 426119164 728058491 78343303
142169037 985076037 90037842 754108073
370696401 575270809 188401723 848647426
708237720 334751025 633487162 609728354
858944307 699627137 986308515 891864891
176023573 621237032 41656556 487526543
537088741 57258396 724858745 234611790
361951818 884739540 980260149 218069816
930346786 183133162 114508707 166582314
719262653 425843944 211115901 430735868
300131980 416592080 63737949 50855897
432975291 271374939 455673192 745148715
722870273 933667244 606681214 777496219
95235946 948103760 802113809 704589996
652344116 216040126 697543637 290749982
832134260 277933083 918107519 665427832
954225181 802843384 44761808 186944339
364980934 488929385 209561889 807706562
731530956 110379713 126271922 797411113
219448659 857523740 232574533 743231080
721537090 76141765 887688175 968894871
543497031 881032047 356778840 376513400
891617092 445717737 125601888 373317668
812205403 633783958 172102220 627471691
682567692 72953229 766536248 567565935
664912171 242519558 535038994 75707424
490958210 174140913 840845152 160167120
629530093 791062420 410065038 627632558
490211714 258180885 592357041 150224051
809126013 344807872 753104130 227877597
506026961 686878979 84030416 629053357
569982688 987519118 710555274 256631476
530349955 473186995 785616154 49708854
897721231 892071621 663098567 601723715
354660099 649426070 728655992 409781361
158706558 642670698 535756505 548179428
900721265 841855843 629981393 982353729
49665782 478058663 580056704 744948300
176792414 959385789 47054194 881739506
524562140 422808150 924356154 79753086
725202387 163513130 192265520 839700633
538960832 804553757 14282482 536240340
778680502 305633238 640896871 9506657
611229315 234237751 703233422 13196915
210095398 770275335 235936685 890918281
635026343 152098325 690589961 805054250
452871616 210031860 849322530 281489192
925826393 226893247 527514580 872500748
241277854 370744660 742316518 93172195
998902776 951521018 641898666 134347291
212757238 230231304 66183794 193580158
449279193 100128755 441576407 915690434
419797635 241429688 4996529 411405908
404512757 422677079 896547 399603972
360815973 97035957 550383956 65006124
582215306 81583231 342160649 992923978
370734951 830554306 191258739 161619365
556014245 978568362 47436854 557599089
720962403 628192733 46762275 906550104
728212989 776403727 711087276 216277935
359949122 709885249 40158531 733637364
630074819 556942308 450273855 638677765
751548980 605273652 154972116 869856722
323154874 261050440 735522889 656925701
149848384 98163304 229843067 698646505
650873570 82226095 118745857 165738403
16234147 642111834 135788998 995852653
382239189 417333896 629898456 366507217
105854881 937898094 686190274 539103909
590230193 786699163 111580489 409328057
60385908 692730061 175558630 189459103
875952150 915513255 681319150 286346795
670707769 148305615 560652782 752887516
708817762 646572502 318707823 337281679
128709134 804929346 947488209 470037491
311098527 553818138 738878998 170865398
783295305 728498504 586719888 642605663
964008415 50989170 171564825 157063738
503617370 866051723 776440501 20743293
858006636 666160867 755111449 388967804
633179692 568927729 890702013 51006419
437070880 639574911 834308405 764838022
350125866 542412478 277191366 995204134
286734824 436639901 128862695 548966720
577544468 988168062 897844281 654062641
922444042 475714661 516900655 673630554
958999222 977016941 829043545 555209446
352452829 819971071 100819006 84204177
698453413 294044090 273124650 236006585
520281316 989131178 175867336 618624305
877170492 7553828 375719162 866185572
58139148 915917761 355330530 879131349
816532805 915533884 244400066 632173253
178460558 90598927 150586592 491845474
645555885 100008339 655370624 499342727
322705224 50471539 210878893 509247523
289853176 765362603 54011337 787333789
288091403 286524940 385575514 54824597
383623337 548092594 547095678 487656271
282345760 717265407 763355266 567892663
260314480 493404095 813511729 247753824
600337768 238178516 125873818 672420147
536924843 733325630 166005327 770301664
779533542 272170989 889275551 937658673
922718996 452813985 325890065 666701418
482341601 891233459 131818967 880389390
453938622 3035564 583919565 611000808
564001563 700596981 630275302 38908354
119445616 186957127 779340631 669218302
774991617 655042499 992150152 294245033
712826295 900022597 375110908 220364660
684372157 295043565 90846564 226343945
25338085 536842131 388988098 626893312
676948779 442640780 231173840 428404710
430076866 487726991 640558047 825319727
705624428 79359509 820757505 695814858
52779288 562722985 122480271 443675456
829572615 928089570 960744797 219576604
946967780 133728422 705695505 152664005
21433748 172107488 91926154 449664168
194913647 98811567 312869257 449366061
295187440 648422590 729288895 601197054
323788542 242801572 926929234 917823741
849426596 798152009 857982008 504620473
954023516 99896646 760476399 326018523
345606684 837197716 969628712 539135227
110163400 6043340 404454125 853623540
818146024 255144861 182518026 154917159
280056815 518639799 14746026 892166042
449489124 608314497 597170024 974898018
532247111 997618634 855790022 381614601
157581165 149731018 141147247 447364324
877621406 748241656 9899760 380683436
643409753 809785944 842169507 990720893
498984143 649082506 361133955 360712860
365632654 69316685 536130223 431082589
824505077 958449931 270334407 261121784
292520310 305119642 539742643 110425347
910761643 232203411 781295060 885237627
470824499 429628223 254366004 136559275
503239030 331973482 136700445 563694611
264161277 360357793 284721014 526474178
977946545 543138514 300674827 789736865
991737892 241859066 377053175 416609195
475474521 360629275 609284630 484979654
806376910 302953893 904016663 325426835
692268209 159733199 632159716 477050961
667502571 772749968 246695309 29136572
866941750 846491004 139909631 926109864
802190748 662648301 39345042 980932109
632192567 969594428 925471156 597692921
62896442 525685897 731688448 56131324
324179491 862783846 385335447 687502893
318469470 527130021 27616088 266461153
546316811 289057319 310926939 523385173
854665542 234531124 915376529 599425981
992588114 417389100 577343742 356265832
608438831 558010063 651185816 309604883
257600062 342702336 534113200 253481602
536554665 411772566 165465817 186093684
288692797 991337131 597500934 631692475
767177373 224740332 386254250 28357673
986293537 432713518 637132090 597723513
102702899 7375864 963410073 355909472
300884881 431759200 641019111 219481734
771861541 908624588 718898857 448648367
341484308 272592763 694748386 35473452
837988406 12952882 971259 596456759
428364409 719083084 566917453 233592863
275531887 386185107 685786361 788488209
640543455 94374777 129416589 968097301
645865087 134683843 751265920 716453453
39294975 850867739 541442290 232651924
88332375 324836910 408917011 646872606
835139056 332943866 468520279 460338780
950815133 458500320 772380006 249864852
651533513 849521660 498244240 130283193
201699934 967117067 660762013 183930191
36284184 534518550 537999883 182069499
160548316 680932732 809501881 32037972
203861311 375876743 791261816 271485058
966536741 115026376 822555962 53873790
85122683 916207767 952009767 495273165
368041017 333221823 479132958 183746438
551819836 638971980 248669632 102119467
770511637 830257255 774632666 675883088
907093253 584428730 61918154 508205933
363398214 925984982 654146577 287252421
387079971 875521494 969875958 390779192
191399878 396831888 353109862 90602096
452807800 442750082 548728997 946798127
435167266 894053475 893001876 948748395
778324973 555356646 767723447 883571065
709467898 511712900 56489563 942997559
52392071 937369785 450028622 340580656
851249876 268579774 175611693 272495143
659983665 983782162 809011817 735933805
947855484 242014678 371485777 998230719
860520707 655517964 406079541 819520403
513303895 589161280 446094070 859228966
980748289 71650225 861603119 381070999
820461663 724066297 736694300 72318796
365622531 701756902 113518305 603826382
982753952 379432407 661819112 190516275
509746487 47124278 777230338 788077213
582055233 524281081 22573203 686100925
37849607 772606115 950618981 205071919
612356174 864206922 683654227 43804480
323738647 671399592 649909315 206033022
716661258 161383515 606259628 956711372
258043056 905995731 495695408 885648928
685593490 469269292 346612158 915285845
671301311 825089370 121392313 976912047
753331998 346144627 462314910 437546337
818254904 417308040 763488321 839455250
968613730 828023007 96849350 542990902
103370092 981664321 62111009 59439978
529861788 445181345 532522269 32779497
48628343 21282653 685196433 214857629
618890196 750898145 589083960 162762008
428815492 239544735 464189313 479236781
696569620 207014942 673841211 306790812
357257201 844054913 731690008 884805949
208748063 411606150 91710443 695333720
958517775 409541681 912580133 972127670
650301903 296703713 748797342 797300577
37715290 943970279 933683706 181254197
269981962 582772580 4999189 132386827
263419099 971648684 438839385 709415737
17176009 975451259 50721318 228128023
702364280 513819405 362457476 907829282
793198666 621724575 731320447 237187406
95222384 433229106 606211644 794895668
57036110 835600174 22319591 373781707
347698574 162244938 131804069 68127943
550463905 37277814 196927861 889479364
594975412 23910723 52339256 219546457
617105407 250813426 254655079 994326560
908972312 473781652 173396675 168032349
733946142 518176581 279649522 391735865
479924164 93761734 606987879 663558837
905208850 510583629 79421404 283715675
72406720 424527921 535316421 849961710
69776557 400052506 250442492 653381076
621522523 262199333 696542690 82675510
635895338 639587789 569060370 504116374
121181880 498274187 42411212 679194286
918841374 738074352 225786121 674786164
470938540 517837778 931340021 228108295
765110437 485204564 889659977 12151605
892215565 459887310 816118876 731194856
959414958 911850248 118879595 594669945
463754848 573888017 911578501 925596843
709947551 648033648 284615850 682250227
40246353 106772983 343765099 468764301
293093818 217108986 657277756 721631683
547559502 490495056 446481200 602995897
30851157 42378771 973840594 847233268
478066731 857222077 548443050 379114907
952272018 978878660 880959621 275698285
613308113 751675873 592961569 287597048
206787241 918587073 97553319 678373526
389642357 492252816 176898198 885133444
648247244 63248185 790495755 655325825
611910005 701145193 891447190 563841268
955007065 816181518 282744929 967066911
406942138 682894153 574799987 122225707
450989510 656522007 541936136 793508697
688111495 983717068 610705125 398649915
68588628 49968948 295019783 159263673
547316960 723595320 218553574 607382011
411285469 254994188 462812364 151060546
203690013 970240648 696261903 635985059
422728881 436914203 127758744 973148764
251327539 657950208 35496744 397084188
251253246 72469414 189736884 250337807
105210152 82063563 568266596 90338773
375362371 800931690 154995353 595432574
541982182 722002316 589135522 775486879
909291193 281298714 530384781 174303984
828089755 420319797 589290635 649843872
446007811 888141337 94350351 422708330
629147395 352200771 624740505 995669467
772566199 663049007 362276534 999465702
402701250 221300151 932001979 402093919
831180592 554847536 689687637 444112283
407721840 732066584 934242520 563020729
847925065 173354323 583887711 963451401
834481587 86418455 776232852 921559804
592975847 655800726 781540663 20760744
583572266 376513929 497264019 423959513
305527610 76044527 572061533 623182417
107554454 61959279 215121164 13339805
922542438 215070181 952224247 11179102
448457458 232141288 418710855 237168527
432183647 546734047 371675810 745614385
160534934 51899384 217101202 334326796
957329036 542933140 509677174 311793022
6007373 340744391 978138575 291087532
441027877 732398258 381510873 7837483
998792946 615995791 26111039 836666073
835646361 621340252 240274546 544571727
243998519 480009505 22211193 930628000
478149113 451323482 285192835 217508550
974129123 942088839 53281180 949950044
904506453 125722925 201538497 237239866
145931471 273432783 139975474 343303633
511245422 99917192 24344263 244092387
122535969 976540059 348217502 950164108
582225375 232340052 113045113 307806631
587485010 365656633 220546516 878232056
732514445 977790539 508989001 807521322
890317198 765832219 979144071 649756398
308567597 187359850 620962502 703494632
373592347 816339943 896098359 256771882
603836912 411521293 674011300 209817744
811763088 437454536 990672873 529311949
685831569 952668367 353220285 675166426
17899935 576676092 180582226 862037423
595220372 86895918 10045589 414941275
388527863 235510535 322100854 311668194
257343959 880946457 701489098 885361758
607407213 208082237 523763775 323227157
940111622 926668526 895940489 17952375
228268678 215419855 916467843 962628028
580210160 879060525 856877260 711076914
813787326 748064657 603926678 446201968
236755463 101357717 1911693 259220653
96785014 870343362 581686991 9018661
112401672 916541362 399496826 522668618
137056281 314223391 537249692 485953983
323614822 36676618 363151453 928807663
522358185 949210567 891983229 789154574
738789517 681082195 66787722 574152185
654316506 295575439 655980989 345486569
186084314 615815053 386994143 45291634
893448701 439896189 818445819 894883288
883972622 62464163 733248893 886592375
372002747 915367435 73754882 943153049
550663000 771514577 399403831 697315758
817018666 330091927 83850120 967394202
312538756 240172385 501813620 190310054
267224985 219847804 402028290 25777904
869558718 827341592 189798269 92626998
934937823 470567582 433635622 635824328
532013367 168916236 808982532 509003475
878211108 648084945 541705394 861653388
875498105 61800265 160902595 233099094
305378482 86709485 772018947 686732861
422756676 233905724 726688662 964405161
952291754 524228749 686089087 798523677
79820849 539521228 953568071 772447908
646750450 977145388 173590763 42616570
452148314 19806261 750232613 954647987
444081424 645537876 107557223 303615620
109798297 947778561 134416180 447295216
406152916 632351908 602300334 873709831
501356554 952265702 297107517 641758121
947217944 613651226 297740478 866588605
248142200 274286453 265423261 552120567
937098780 783571947 776857766 491277967
684988532 407321419 330866184 961141288
981261556 599433742 171410364 189278585
788838458 225743646 166358270 615953548
820309323 826766158 529347465 221174912
24908994 885574752 227122646 67073741
309363556 743212215 6179802 247875557
327432256 131143536 762965243 251124898
950333770 173113833 158660271 959988121
469501525 248339253 859154240 787992905
642881556 797569386 284998011 483229431
577512779 262546551 697796709 13308293
111693931 736636953 129197686 874100933
25354562 300855732 119950431 427219698
640433357 792855347 722419670 619871994
952077528 567234547 184844674 891906194
176772649 284078122 440504499 66755746
968019084 100327751 371598611 704181816
633310864 443667573 72829419 880570288
871751662 378127932 208243453 819866029
197174140 924113838 871420927 295130377
825573584 477762611 806286627 899267245
