2000 40250835272
198155106 938401033 177571579 726576298
638585911 540410495 55859612 55270512
419739864 704958397 745893579 200596515
742016573 855218290 600314463 123223073
14467595 599463292 92885391 739496684
181326582 126402568 60881408 807649013
185340177 776623117 542268695 61863600
846068832 1146540 298429526 837878219
253875910 867697822 82746683 391416016
232434371 297028737 65931077 257788428
857123126 388238523 886098837 798077906
207170813 430790281 252407329 799694842
212018662 804360941 502703567 298644108
601144861 246515635 599316879 528207531
287914523 305396687 887152330 892107600
325492723 540871956 942640767 794752702
400486920 936355423 989811963 485114198
896071016 234194785 986769054 734407700
263299007 721976596 299253668 883028623
618282021 473625935 82673583 728073634
963714235 549789655 476195915 930316771
649814900 769514342 883695704 468532657
735335429 485797031 326258123 810534152
638108031 177975708 455954829 688844105
931789852 685008884 622241802 574190464
885459690 954840117 526624320 103258722
176143855 925896118 914786447 744343250
291747600 732264605 948744223 384389899
372756016 986266883 959131709 151512279
214172171 201900063 800935273 641480559
53912264 787798808 246969309 41031707
993397724 32003538 962034668 651358492
560355035 491990612 791603005 825266727
86856004 935626226 112491754 164747585
2527472 723634818 599378931 68997170
458283140 490287743 661864261 442944096
733134003 84181102 154930749 806813922
52727092 6005955 541593256 123670566
821573042 403992326 740333849 152694214
662533176 161310356 488339420 695113604
589017673 778172254 234288400 210730899
199246800 651723387 566392895 593418249
431685775 517309054 973515966 308887869
248270520 33897249 315107486 505451112
233949239 336756635 943897839 870136210
839310289 795221528 693237876 837476316
25384604 122172675 995090486 399186227
25956196 223602085 123764910 9960493
93876636 865739646 68357202 668223838
714033212 156772991 250527808 629689195
936664381 757262082 567049633 983519905
806471814 170384696 314774162 720974619
863602105 934357828 190166994 468247971
759218370 67813161 808692468 853344671
152426378 314394160 391763886 271759172
615175340 551147544 680323991 616577694
91527057 244470033 187882708 457541190
301614233 337380754 866283557 26617033
832388243 815546793 217303543 702745589
453630663 705971110 661420833 482085386
449130929 539784466 212946107 128945124
748244550 879501893 825934677 755976200
30269964 456180775 321808841 146526816
117987597 497994072 512470589 480648377
558148319 727691178 11407084 776256205
830094570 313762927 850888122 509939039
986608601 527793056 607251659 868542301
770535367 159662064 416126044 382656618
653743135 735118964 26912510 453078557
694653022 957919709 875015015 948306516
81382083 265396890 678192897 945134971
858649895 815600084 371509705 259142869
658792280 251008304 136020759 862460374
986516200 337800169 642846856 803767191
727489334 176277319 631251699 348362525
369217368 180522044 847426273 983294100
357906372 710241454 520558099 730724799
312431593 338596748 130584832 44153603
914205464 846847334 535392072 787389945
318032920 730888104 54872147 850007136
80915814 435523835 186385015 485535094
522046058 452222031 308367354 651024390
217679147 95749836 504382116 29228021
963671789 511802660 256966673 375041022
329079281 893544746 636874144 165866766
120228709 66523950 539080288 482732049
912494750 893679751 53099964 871927749
632888260 373971782 643591417 475299261
741681258 578069257 799069590 535295957
72315137 605439317 873247915 149868498
425828277 687108101 319575223 933139554
509891609 192116823 379922090 937476431
759917633 343593878 948147398 813791525
579439405 924118614 906065352 758329241
817635812 687449933 213853950 66638688
293688990 406280534 971686718 686741794
87753449 300626755 426762129 316061470
816596040 134836004 762041150 935327181
963472524 89417658 585969327 35997138
869672504 189028196 395919715 587227544
31684624 334965670 100311824 587347105
242439963 554764136 351258476 805635390
874720776 395257200 251733766 628874986
148862010 736166329 962334396 662782516
278381303 856068687 567561399 659278237
511248902 308595058 106788242 308445152
219429558 380974468 334514812 884748892
513522057 452593517 498194546 421023207
905567876 984679510 772108435 330167615
621764707 13042050 324691428 683183526
302587942 823744995 149780457 878233747
168128554 209843869 974945770 112938036
499376912 670413379 120502766 776021171
626092090 131811473 143142948 384679768
722988527 473695657 556109958 926626684
68415900 726344327 759889382 100694838
684506956 722332212 661053494 114180626
22130962 599011954 476632362 392878032
740134651 637460490 645318779 172518024
940076598 726001947 376938243 202627270
810435259 991248751 367225597 374832477
670923829 398721588 15475765 571046187
615554363 339779884 954581407 633728556
531839110 106085892 75535514 144839172
920103131 218700162 790644912 88112658
211264429 354417096 124307643 325000605
338072047 142779105 953271829 945301077
809628603 803161227 705582577 104514957
913081225 994487140 598339822 337037709
270447637 966992074 802071567 686057861
570330743 36187497 430154740 676995620
610234822 445373679 178589576 668691592
461816979 323952836 808077183 414154757
134933062 374141065 102346046 468297199
888061336 981588540 106787180 412731494
840383199 517971848 649687257 467461494
693343619 367902447 635874060 717549426
446350278 292073232 112561489 152981157
507752481 576833332 107334586 192711938
142213283 458476819 630617935 588268928
556939448 742169675 414780605 154698648
536842011 686216267 603504416 497780679
458064282 207737620 525779910 325763855
447842634 422774152 820472556 190117086
465861693 149097214 210976683 952842315
885513429 941746785 842485695 257223637
639168875 643046373 188854852 760976988
950786361 978807925 729313205 970962978
547872564 646066153 921004762 319125173
961813979 628385437 6412644 336925457
611242200 418397149 48358680 780304014
308877932 754309839 642220502 640637240
838036834 933692200 666898036 426768792
733451720 223061691 80406388 210845714
48852438 122981149 118454551 708976694
580560735 317409293 488225245 898115186
940731959 548001886 907811214 308992727
764742124 841126939 975273804 941322275
576192796 799759937 6670734 839907185
234672849 893600889 310143409 630639586
551934205 621258301 859374523 175676453
540482492 145585000 797377277 256122254
526073288 930292795 291743914 925904928
37717296 749295882 318373026 495147128
329986701 947635122 953264776 25577896
133062181 29894194 775110201 449783213
448048124 960094842 44313057 248884200
948929704 338431857 893267984 712046069
220124009 105653718 474114037 171750840
360892860 958122446 815114339 15855515
460626028 747797007 497976724 502684483
501530981 637590123 107899215 461029448
62829938 918539943 897576820 567251070
125836277 349270120 11327387 112254554
665640180 773594030 598110951 310378874
554671398 985342264 18959086 98128273
130161861 666702496 983124225 219482349
171189089 226300912 389076347 462657159
857395416 487517481 179719439 111340091
514881231 245952793 511387635 992233810
417142371 836087514 298054925 265292081
625384109 355587242 941652900 939582813
130289865 974637572 884481136 293136102
913401694 238282148 43571471 434379158
981669389 941249294 327726411 532839136
143119927 404326859 328894023 814765726
627702663 738589270 753457923 215411894
855529427 439739243 194329832 580990927
804623951 790231813 675520267 728816068
792423838 345286949 823619471 24825130
731822166 676021199 290188322 836432079
10615272 193354737 293529764 56266512
226119288 175804339 920166681 658415469
323923573 275464947 108515574 780389850
587715845 101538649 293550427 727427208
680275874 660248431 137754452 248337513
669195143 560082175 375201891 870879917
311595651 579803600 569687621 802617576
521242651 757026858 718449909 536169006
948788964 201090624 979437475 454702552
835379722 843826078 334974625 568473516
135007101 711637244 165364173 10582905
416852740 183013457 642113072 967797970
894569846 526608514 77439819 482535045
50280189 460906197 160346780 984620841
559126530 660009820 840136452 404305100
846624018 846331851 15179461 90662051
921850967 870801805 235661610 840627128
824591914 679924661 113819117 334228577
728552290 39799713 71084168 194533454
78550590 117725245 329681643 526881244
454085677 535228114 365231790 820683076
230709529 547417079 747973219 397790125
591706251 800625583 577827936 543418017
778107658 905796055 918753847 907294961
905694194 281431338 566891447 890952789
694119940 271738257 236414063 282328983
699404174 3428692 42384672 441093203
353485738 63102418 27514382 15459964
187394428 577807559 382285811 836245423
948115235 270368416 522797000 191518515
725237388 122793670 152157481 810653282
22933654 970468591 614282202 42213584
853631960 728006877 958506917 233309659
992033765 528980236 414629626 629873749
416643027 725793101 573493168 113649518
496485056 798072492 222872118 286327647
957952475 855839490 931843861 869220206
521544962 567348638 514466881 374989935
516103315 692573367 224251434 693855534
894948099 510369618 239674299 545281081
833930858 937052161 377236107 567223837
843212833 822039380 889220247 240796751
593175451 237753157 120524313 295760305
139423810 58451677 621077325 863081230
917694532 968386388 711777273 718016797
960154454 550208057 601202468 484664715
93987307 120055819 724866775 218595063
939374722 948827532 846055813 552854456
214691529 806734503 785257274 428590372
105534848 46021401 232578758 445092697
867413551 997767432 228581274 801379165
983886380 262395550 941110096 629259320
106317119 799056284 639590427 176643796
907795505 634839323 139924146 798504326
371190416 198306311 466675887 646659630
267630555 70210315 908132507 997710676
99482450 322976200 964877977 998102511
728784578 97497516 954733750 715684008
970946544 146838128 838560485 485912043
198095546 89910653 214204779 790453214
304245695 230330474 214142419 984084556
622921750 334428790 431362933 65624329
822731139 614273981 441692210 922535803
823556644 195700181 672982743 572761500
611317366 586771358 147393634 955092577
357871558 63583361 706826917 912229636
907109732 649275740 328753504 427976649
134703779 356033759 415448254 234268605
858504112 288031119 862747378 977328949
722240343 988950673 622775748 532372091
763306790 95304909 188449601 900720654
242392710 637531847 19456100 406962448
668360564 41743494 771982616 213157314
5670586 783688386 6314243 769604199
981388981 721010704 672145148 92882148
347085890 416924302 419037539 293802381
758724292 404637907 28759279 497806666
497816152 624010981 310258121 402785114
506641091 776423261 529512545 248458643
533539116 410601257 50855300 451460698
716891862 634907204 339318338 89541141
732202214 575950472 178122882 313343835
546717767 949463030 504181223 327688119
738881685 362962742 206026515 993902714
128779727 546293759 799692596 392012591
701038290 589230931 653127158 115649015
996517359 346739604 671957326 638318464
133893915 38298868 702976918 674852206
901766349 349395017 977276708 358451949
331816358 334426815 526689871 764367938
308857738 689244153 93073484 963590389
809422744 722840690 169946337 882097135
824521862 219046909 896685081 619524066
500406658 188057279 875546360 842715970
33377305 495551352 529570734 677921063
975939571 165754511 913109700 210577605
47298341 759400075 256864243 739101923
603695117 251545736 379868262 975423087
967266191 586769548 674770872 332817445
453352203 2902219 525378974 210187747
531359334 631124592 303343197 83590702
291968828 336760252 640953651 460642962
147057720 204393781 287445522 850850721
65286490 818449260 456898820 164121784
80224624 505347789 340153589 63432731
47887819 626254728 683869924 861733992
896089697 954641231 294071040 590571858
193630848 74140575 728469741 974966626
650868151 341705871 986677347 725513714
150714283 319005445 820411938 850985651
517499798 844854147 626920242 453940134
218587377 542868728 887589765 891803008
389609212 739055012 486013122 303054924
394329874 207253228 296044777 535875390
32377169 158734103 923093213 744160583
937566948 860464012 745070601 39460278
533162196 884335827 171606427 144728843
903783117 759928365 946428155 774811232
881602666 762339794 629583389 722890035
577428444 307630362 762093150 300592804
846855942 696280148 566606088 121998726
645459534 79978407 246049008 314426294
395235497 729248269 835253207 434851478
99148620 688322610 768055637 774379034
619571572 517183752 652022694 303851157
812425577 420024299 137383955 113035693
13659104 122687643 528178042 569900674
315864931 498542640 654728662 831697832
931951678 732595921 235644352 91745014
886173844 669078389 577271496 105156455
58475625 181326976 795275786 247849497
916865176 471711087 522333701 733788483
579561504 345129459 918996071 822841248
426966495 11539293 823205513 493934272
199526573 739747044 409988562 289121714
627956672 720614999 346171593 201682947
729818006 994008459 368062064 475066349
932528599 208323870 440488338 643163761
748498983 475985062 726861194 446578964
799807318 852229763 825388230 11662507
110755153 478446134 515748360 169780276
285920288 714459 955353796 354374636
441236902 329630655 379853387 10415162
773344782 314368353 389744616 572110569
512801465 192456285 149380553 781878143
473891247 841176196 341696793 266501423
308254365 591172022 818693662 161313036
396840143 29893921 319404669 881593532
742949044 884866216 257285501 397295083
613321508 46658985 852416455 272577084
825934031 259274387 134311777 342466272
178999321 824830708 284876344 125227332
79092197 944532611 653797723 47508383
812508839 376231213 72022955 29974923
930412913 506526141 388954176 988300873
333878930 777553011 646198452 647607370
465011699 232272948 360927360 733924064
332921933 123407402 106126414 348740943
5415138 257145125 201420198 881499730
442808866 904678366 763652570 641547571
112266627 299608471 702129948 596694691
652243549 290275606 565144062 608721881
738061642 562058227 60013206 279410435
906172506 891842504 806173396 604679922
347950966 282657864 560177758 605627925
903748050 624197654 438853082 644061096
250244449 360274531 461699762 843106502
467176388 36462230 626341807 292570425
223909590 45505788 505890250 143276337
23198601 645178179 186264148 94134856
706200732 745871041 132478783 434928738
770446852 280195532 22541681 92297546
880806004 295941655 389392245 527239568
698941366 222658372 975786333 959783846
489859504 38969701 787186846 84276171
559561762 468458616 765407852 788191010
84275223 778053550 137890934 555290027
56289368 257554870 942340982 720495299
448731109 670200510 284901456 431873156
339248216 31285254 841796011 444553301
681478163 232707323 676086519 494506754
214399959 898930593 795103514 168589565
869717157 615700566 219246216 39991756
864518920 348990017 587960576 202728175
637042188 218900240 997592894 655736826
171744195 94534246 682692914 285882027
410269293 390187067 130035239 290993010
216714864 737712900 671392707 44871929
569540978 344905263 515859263 544560893
222663788 467156423 972726680 124217982
19407819 908916809 824843896 921146710
182395617 699180371 718655416 190319344
182573978 473793228 889599302 112247440
744232717 735531395 780972143 835612246
876748263 588025027 366867555 756235271
322817816 920831699 306795640 85420352
841414377 991515328 879197626 144244812
563881405 815027497 761578699 209065172
270133117 899450746 731812601 112767034
827004608 272730226 264197519 781396064
57168595 435994432 389727420 688187951
36781219 535833593 786477208 278174089
591065814 433395785 32958471 904593436
63145796 570849935 726443132 921595825
918708479 521441570 336836518 444961119
32615599 328687725 61213995 638093419
135836689 191376965 118957961 788698062
131333994 105909322 222468776 552892045
161356751 221997342 183164553 339877381
780959719 901589426 320402037 524603073
312922171 770181261 269285085 69234029
527349632 371159661 141225314 66608172
703021761 401597160 661405046 860606238
137687476 506381516 560927780 288115886
64322236 79832339 394596134 367331596
124085202 816487504 888624336 415474225
575807019 495246751 183323882 67828051
953303150 572932624 122152143 317529459
798857364 395863422 357986754 577741970
214261176 822375660 53764514 831355347
420914322 959992909 644380333 513043554
948696007 572010777 8964315 574064211
817825270 131959066 589896975 510447120
716149106 119974574 276047383 212577415
625148858 779345002 814077848 433673170
344724372 666089396 55044064 212600092
611457895 798982008 594584341 127173047
669652931 99597285 769741121 898599780
214685065 76964451 14703047 492554016
619010430 948816001 951956724 609070591
67019296 761731991 703363173 373517295
291697717 535526365 689502190 143228622
145575074 625521789 681511014 355212905
182525487 614188625 301066630 574136935
414351909 233869308 331496529 876751018
169881817 768949062 357600666 874278316
735905383 369442799 558791732 660338199
97587944 941888846 467787988 639836101
236474066 168705408 660551624 440235097
807291952 355947729 362318981 879652025
842784743 562020275 611940436 286237908
535736487 565276840 229627287 905135096
97165431 693650306 658252270 70737406
270676409 979900454 666807557 562381761
174189890 532196580 416076427 349137053
974511954 697654791 326000648 597594533
945114034 160960225 910472946 213615421
583437459 499941109 212845328 599450553
651041011 897348789 799281153 332652011
718570504 280282450 269838243 788588725
312962336 226495599 539258773 480860150
240794202 622500642 727383227 201973456
411088253 953668209 343823211 157201700
645882352 207060762 406784896 63015771
540032689 889344022 823011682 247047115
634736327 313225947 8518811 99315487
240016147 948855868 213862066 644888094
733296791 19691141 146446635 425143247
233350786 7097457 580161086 725479982
926535257 884312665 556464634 199313451
886579199 779678201 358491944 290019243
391223069 837234904 640150612 358920286
538224080 805510063 530888370 401863517
203159287 587828130 171477090 431912555
791117269 873092249 213920156 941566804
698464649 571347526 140893145 471399185
178249866 716909626 525434402 90147711
133263395 671949925 362829160 60092077
816672370 595120691 225812233 900876629
922021193 173688048 438699837 997921687
396995370 446308206 214710048 158595506
341428764 74875359 1932014 876341399
291695480 237273569 372394987 215680069
245205661 957813867 435787893 504306564
209246381 559295704 869656274 60418369
15285744 967571431 863048121 252205505
666938962 64548524 496981672 282049727
125945322 165856377 854735030 289145653
909241622 67309015 734034269 711124955
947244767 574190882 840174281 46574587
403357868 614622914 123461234 671918059
891192610 710391412 2813566 456760134
826342589 502034846 13404027 328481722
461290397 852615367 466425546 779015160
67820967 572190003 59456657 175594933
934775476 794006325 216762627 967536510
127543641 757354158 73479625 737421041
132495312 712327395 590416026 215399645
458139239 863849786 618362722 250814038
992103654 410404617 154888864 715102513
246214847 891018496 376405951 251014772
116832147 937489307 987834734 750206985
185126069 367020383 202252850 913987233
183220818 556096935 31754981 646471593
712369666 157395144 976892210 450767510
558823229 448566807 368121031 91401997
272839937 645378933 873454650 339962691
231089476 816545875 232544952 656720525
798983446 407046893 589186968 566411974
753025783 836679127 442305190 788150503
965997113 833562293 959392862 821355509
962879104 277787825 217369546 542114813
18499845 359338619 229205014 968069204
172423278 947042095 941160215 140286782
607750071 817998366 232783879 777866315
744555818 785897556 148432508 643864548
784131581 397074574 275729286 491777660
55173122 103968417 346549216 583178362
170999915 619856967 953820414 770637482
167364063 456556988 796997075 193562320
228624004 604089183 718214298 123522706
560115189 886206313 227986583 57506779
689603614 18147315 119339972 16571376
490743460 123486180 793455654 926734632
24602058 168471451 768282894 574275388
799571544 651693044 635069261 669246558
685950924 174384659 683940380 805140396
740312511 175321614 424986320 108063422
865768106 770367014 800677596 764060094
232293590 506749603 539255367 516649109
629012319 66521624 330973310 598637020
685383167 390378835 259786879 177732165
176326444 525608563 415696357 43750995
222659078 336125246 240080733 828128066
163457185 930439859 240135944 745631428
422215784 1649501 857272986 659841681
132331178 791193864 311774004 318333095
426154046 834159482 589012717 847004353
684698805 792287255 967460699 635629052
849034874 34500912 226773375 764797653
40867740 923477654 979146640 955390772
370000322 218329735 798995633 703441048
666677351 348628049 211602207 117716764
485719535 441509351 273345537 304768794
629718036 72805980 677574040 411302125
732311163 998782324 814864961 786566291
510268998 487163497 233056473 15132719
737079065 539206817 623342941 768759017
842767773 981803356 287963329 756209398
480945545 128854838 461376413 984887805
467495123 867845486 178172411 386749130
957285548 355182786 120128815 965616243
440922716 861930496 173860159 974190743
736369008 575893967 524500870 727522685
807953417 260153912 29101288 585195843
496497330 51241322 271089970 192618374
963309478 721742826 400206601 527198874
751597421 303190863 267624903 498032113
511338234 14117882 88255400 866523030
816623083 251538320 511661196 489759886
794962109 899230462 326111225 162337228
988975394 650200363 211402355 36044072
30547242 439414360 709280450 621701009
830962151 635321920 244739319 830832868
790535101 277903111 185952357 764058936
219770119 401607106 233967645 122597053
329878797 702963713 829647256 241253550
986335200 257162428 438922322 679418206
724447674 796801558 537039060 621907577
660965602 975628356 942490952 339112970
256913704 764758639 489096957 741767893
367640553 441000929 430978534 991906797
610180999 580130814 763777716 682080341
28375995 327314599 156289148 944033114
418351106 248553313 554455541 78502851
457128496 26690353 412886835 195618656
28070901 186920147 229236984 118850895
319227894 707673916 459928392 327131318
35300991 129654622 830602408 774912383
273393979 473103735 792769894 587970597
112277954 721007896 888902289 4532441
882955917 598219378 320163210 716560969
697012049 681795123 164950106 800918190
55269825 998458400 564185310 61479324
667298146 536261971 337217380 701208744
912502271 76815825 271621265 311980535
302029209 19801881 879949757 952554475
983415503 189554592 48371625 130653101
45116983 590896552 400816509 275679237
967149432 729693638 388097479 588796067
190016163 659139228 641695758 437660330
505642982 323671216 932473361 720186149
529865141 444193565 868559942 376736720
139921507 550683382 8851451 816659430
397523911 497386670 921942273 762202374
456566667 153225227 51885845 220839731
392098629 721080932 399387648 341441201
707730922 698267800 404854690 759269809
245344287 358273894 754581959 565662620
610928831 689699372 574465497 829950837
740923536 657592460 721061000 820772760
777505774 109793172 755586556 880260249
742306976 985045297 311191111 303372558
308360456 521375633 21443667 19591734
469456210 320215652 986688427 181146733
386683810 73599501 986292597 49923892
61177612 619677396 579802192 891437708
159859962 793105692 504687226 112872221
377311492 25787076 104212091 52009678
268731603 755143043 722319005 124542008
861923940 827817096 530013587 567115003
247986464 944447482 491605139 767553357
364113759 808374270 676374482 873990851
341363583 840039254 504328378 994153680
788040260 19937754 937699857 452285796
505397702 389045444 154928252 151233875
741146397 136209063 379771107 172977985
568590239 177245535 296449718 977494619
168422488 429071078 567403376 580657378
958303605 864627239 845513725 428230282
85123716 948816591 38753889 455402251
727073294 79097633 26015119 528971512
84599144 704538500 84590647 741312116
930497084 580981303 662098148 2845062
929284152 886364997 654776111 879160302
426285374 412992719 518256769 474996481
56687438 323208405 360121092 674988089
903033583 511234862 550527469 947571489
803571803 650955977 65506213 590514400
333460311 346387661 148295521 413886123
378190778 878106603 117190422 189361043
416392021 758140940 304829579 410589771
323426827 889458008 713269178 180030896
813594754 413433493 64845875 630560206
512014670 766606486 866475082 938012534
959642298 23661465 972395316 534900905
277745029 499887300 59199584 432688240
324096339 266989748 338676546 945383320
880794141 275202112 536034814 189276391
940194273 649779880 688810385 834011032
912390277 105796012 2763046 755239507
743236590 392497135 880977288 567260974
829229418 444406847 127008771 16897527
556403953 651548851 87070814 182414546
827950826 92739556 442432859 184159883
607599812 847074712 648577039 467574428
118523664 696987772 141036384 273134666
861312355 916444794 910773886 221736721
761400107 254283506 957553346 407281462
964028128 990422393 828384914 175999558
369021238 670613299 861764132 894129950
844329303 25137114 118361384 325461169
615945987 594658370 314896894 448600752
113739728 32940811 755354653 202227318
933096926 332543554 906754766 907332473
457865406 506392440 254185966 566487270
834286440 826202390 372920918 546209877
52363051 889770242 245334015 677521404
802947956 316327824 82719676 394559310
977552069 672544127 98177442 287064692
492965777 524800989 632946497 915185016
58958487 986234352 311415655 851471957
106604494 360906556 845788364 211210143
146656212 708958769 267373261 733411925
774868300 145433591 397800999 589479712
508982022 358854709 303566940 395101405
518183286 618483100 699431012 668886380
981130886 898798304 129394896 491331933
696492078 440013897 944632838 822825625
58543364 251001111 533894182 771430106
941931352 515889882 529999718 212463947
284912168 966737863 321674494 647796292
981474030 392482204 963147385 412096693
982671379 454916463 543851397 938853997
220647596 822812246 569373523 530150449
166436984 515835527 561308705 140308691
836905551 512991322 810017068 10810138
510621179 161799845 265679461 375183627
534906826 307782251 585802078 203748869
648553523 694236028 784765765 967194080
333132562 219188353 131496177 446360433
900942057 472595330 43839262 30857856
632900565 113413819 658805130 98207029
997455680 84847817 609548343 180890253
930537528 51450340 931442095 859511741
776809093 760949705 235473022 578336504
16535400 510891359 90292518 287277821
871172015 244108197 244126453 197874449
314333626 257622752 808901398 452375166
101550277 976981828 834544847 712815236
341423418 656837258 246689919 378439669
399297334 231607969 479811922 308212361
26535488 209475447 988931323 701888360
445916867 408516349 556797993 983521726
546758231 63722303 660807241 421548442
885711629 673773482 849410951 618251114
842967702 986348400 283794679 90258834
982283409 979338999 177197665 987353950
87942934 352390735 579708309 269944251
70846322 371453221 665813509 692393141
25221493 902038337 926658669 242984642
129716539 575965787 804528406 507834136
607093602 702042211 376378836 734576202
747109158 905841252 783207351 727064912
390457129 980881494 753841333 507392619
643686136 861100517 351552490 731636140
273621176 155148240 607722784 409292082
376849987 163692279 175858036 94033348
932037717 632500855 59831147 64162637
850914946 173541659 87069851 817012437
973951582 341685828 218222996 248037716
468315979 960785300 689373981 844445022
734184830 907967107 517713047 346361393
223500608 59779657 743093342 134767415
884877601 355354394 920854390 776123334
830685539 745974687 161371250 740255023
282736866 887593540 421414067 410750942
334305651 34790917 594296297 905588988
363618141 302938814 546674997 990892681
181845073 149232571 227463864 816962486
25307467 482045253 235796540 225390492
676263897 901192792 914701224 703895217
329032460 586047948 586256795 74068154
613964044 83126734 726410959 905079633
618435610 33671096 454775016 729491721
435292684 271707108 672878241 386874176
783016339 261302614 346379071 32319378
476758116 582940761 894946749 895036986
677862139 939375271 453070453 407200829
545328750 337480874 568663663 460460580
123436612 665796956 501796738 724305132
631388294 605285552 595557580 821973015
471413441 450096142 334239997 874636623
183930481 452898034 69309760 972083055
328070706 324320565 480865637 109871943
963347389 548104743 231351867 177157132
140018436 525395986 74879101 716470812
293336650 793367447 525256548 997574296
285813292 809680662 776634673 287590243
671314048 600297151 529097750 977378963
321775259 552087545 324362360 93488905
185445414 687577804 327663817 401336840
229229390 190705973 811986544 390786072
341852676 741403542 771054880 875250088
242384604 879360445 177968456 235880158
441411357 855216642 799838262 789704267
765945545 886757627 733525040 784000305
27417602 791590134 102635522 222300767
102414058 714001629 980935902 283772473
442349265 250149109 250022572 204693322
405078777 941788978 241118584 394888903
564165367 621930396 547902549 722729163
902882890 211113679 14560192 873347026
610480386 973933072 714910809 168820095
911896973 843543789 291885308 625153093
831547258 539919778 907081587 752378372
866600456 260309482 761076840 129842471
778620031 607467951 845947797 914834644
912949808 869507211 759799778 400900651
235381499 254548041 26813647 226254635
712350100 935222176 223991213 903194011
437358951 875837208 100414473 925940536
758291062 318052162 435041913 91171377
44136084 509948352 102191794 334832790
799317250 59086808 468362320 750187447
66093543 881671529 559558474 113600833
227784314 579316312 214946413 946124315
105816697 355322408 378241067 319051463
664547051 939445306 331571223 86843129
93561210 759116744 405441384 3239015
776521995 674867237 148414346 246968346
539530860 344240606 936787248 770536906
510828986 316151651 926820059 84747766
197549 616853508 739320196 292995654
812758508 105981447 409788900 160905867
9571573 287437278 776149936 196299168
312452148 248618520 290346235 472788087
186102903 460780113 496500579 661139720
628056774 504427763 325038048 858660264
324579281 69122003 437182143 464864203
552202018 628838202 114437647 956935929
597551124 579653818 699335984 22574798
328874189 663536603 217943379 727503836
935416286 302126546 948329976 631570414
269296928 473662476 906165746 398185646
400903582 918790216 588887037 959666573
461054930 342397583 116336377 820465248
441547264 482439504 467108536 11108918
258459995 819485138 298145266 261543031
426601121 708379092 39567473 992965941
104829692 539244060 564555892 842579931
45949018 933422637 923599034 645607402
629795651 790413332 418167832 31170534
899628698 593362963 419812543 993655760
336848449 356226081 890688479 876713987
550925726 451649825 37087940 94492414
585197885 570284721 75468065 760239057
45967479 599970365 290330792 456800900
70531581 859486692 201532525 438165310
664675977 691441413 391855148 18332720
338142726 234249569 903555255 51086083
440091306 315377130 924163043 233891285
82577886 829891187 336882217 744264504
524868075 247606893 515984990 496313107
706351532 690029838 644985701 211783556
290606856 578995650 226561479 13130182
206083119 103951830 375171379 564283415
555359379 572720093 602325150 427673369
167663460 534356669 2824498 671585626
275504346 60471363 277290259 364065810
939068190 987080432 14565988 702532384
374695521 482439118 95240510 587495800
103809890 929417956 482891336 354031521
481887857 629274933 891882434 624220528
579989376 17261145 378139067 76259240
476144626 784909400 803930874 51039871
358043173 335160060 517119612 838809275
995868928 236450804 858984822 397604507
387533458 215773369 475327343 36564470
117713536 932803898 730078018 246919526
259671288 748487706 287809659 217237365
782215783 317874043 357132353 305758148
690751545 21132521 233142874 163815583
479135049 484184417 672641598 419685971
290814867 672457709 883605895 151879700
367183548 715964600 248133804 668543028
375813208 55567143 891007569 934988564
763483179 381546696 563627484 299840039
953410252 826672105 760057106 351281149
71555889 253696522 195182826 398748937
258305304 961627124 861075186 202384711
629258153 405198002 203058386 70196832
37563259 250216406 441334701 21405161
546928748 911159748 668214578 225343089
532111968 641811302 764939100 639060939
756425513 844399302 48894318 48816807
965552658 524293920 100021075 40037475
707409867 777841784 773868183 146765251
157171068 443228302 844441398 563305109
405258624 829724312 93727821 665877598
658335696 114673389 867879254 578597028
644248297 870367320 227370299 990187413
869627099 304626478 94120716 33427324
318519310 348430731 795001434 979902684
442570961 991688619 54097937 475836761
936960707 51748337 139871401 966431340
331499874 865203118 33872344 688735968
923111242 24505913 647033100 431995242
616914090 812461582 852567930 164694758
137699805 253202467 410324624 132317257
334919593 136247230 813170273 172851412
899345066 513728523 844160767 222847026
60840273 891824999 957515370 468847507
817089425 571670598 528593898 939609060
344401543 889810028 121905378 63125202
653422435 451359306 281304017 659033255
447539700 642371307 426759626 85586714
898467635 216961541 764329209 870447488
388207785 789383187 955628044 18570050
306235110 108772511 853791934 770259060
776141672 139334209 893252581 719042788
552951770 760656366 751267295 424153174
930808536 356957572 6979654 293268828
977025424 305647934 621364475 162739430
805648835 797775901 775013849 64703764
955734179 109767743 646915790 173622599
787339024 769901534 126306064 535965171
927743795 891960862 740511543 900092683
363835932 105620792 337578224 72330490
136286388 685472291 207002277 75136589
788357280 60908204 766861347 327462125
935526236 223455363 556835650 790323893
796239970 251818252 477907608 154351505
152332674 635467306 172327283 170164856
844415440 244758440 848378368 625499707
776522280 605479348 830130668 281159005
10139248 127970970 160949558 95929138
270798059 580118126 713722683 562375963
67457840 612773679 622718598 521765816
473097342 515332460 483999016 634058058
471326009 486013270 734613950 589894927
139402149 547956729 929979954 303623919
444398808 730216756 990967344 340977471
79347674 373206136 408627624 912238624
486995635 779518736 769810565 604432227
943015497 429549717 87348428 529516690
1130716 125802780 887972943 913674439
688770078 905598806 48550328 825681119
892926556 971138508 690126694 408195007
477291167 296753631 524662030 407204611
196725039 470978835 627602363 875682522
302073801 846989142 51982006 986949250
784171689 102375152 413447011 239337265
894882620 469121420 560313029 840932446
403151863 658116572 408166536 754167893
468520089 695680087 319817107 3676810
107530505 49038461 609939521 905020549
626306024 277558028 971147902 620327506
739410151 920618903 578813079 209678842
798433374 804389798 7800643 620555729
294568636 1624407 870338274 706163161
970326321 408327343 551303735 64802275
544780165 493847009 409372019 797746346
104304930 450004884 613745152 111167595
1661122 910989172 759081809 449453695
154583289 428304279 749473324 515850343
467004857 398125479 819853700 686232636
799980299 433672241 578214876 268485985
368524229 845057796 608860444 200553290
533266608 187371678 944290233 134188791
47898067 877397352 968746922 814809370
18778116 780615204 306212931 512681327
249533236 718820867 641361031 359651203
270099956 789458883 544006057 510988024
174099322 648314201 24513624 119804020
900422252 370943783 194385355 22303181
464372298 32470328 184508861 734254379
802213312 710202878 754977752 175516472
851393754 387509492 589572635 177101829
605006581 278831969 88777716 737573808
930901090 890206132 461471418 480273167
712401959 899223793 910275252 133174046
192292059 704925210 717057035 9395728
345578566 804848915 126074051 523582049
120656024 22064078 819391398 45132130
62043927 428806975 373663044 226712722
441768363 217740160 469462123 313512524
222437121 485032906 67970173 852297524
991991025 775431611 438654099 989736722
369383912 983823121 848075714 303934360
174178826 189817122 159830902 276156781
496316886 556227580 969592060 261405944
315205263 644839105 651573944 441984550
188637390 851314379 196113074 727276339
50118176 157334745 232098268 714465849
363404718 479604727 985667595 581654168
974134345 14345182 197093935 939938067
979739742 713851448 92418906 895236090
601469493 48875919 168982795 12115263
69199102 555499628 688094324 6158450
121256036 819838876 348043117 509642116
493666791 121995957 464721874 511060313
830877281 250246551 420804907 483915813
499584816 228109320 27882287 148269316
705904223 994925770 91625100 66891807
541625207 8449550 51048256 167712402
339779407 432484119 583107713 22332513
436826997 230707491 791553278 997451487
361172717 13361193 842660479 98948262
927885010 332658206 838351483 898406630
266120687 558101724 573522728 428494506
125613026 653997698 349639533 499433467
278508846 133566783 538871577 726051472
576456411 1115066 978394386 823730274
823867118 85385385 996607589 731062030
591477314 635793575 256299528 776452342
928326322 876728280 888868021 813123342
53754171 418119129 345439113 197350134
961291288 326315689 458350268 243268735
132215312 607661563 222786996 298252534
116093554 300525633 579586189 25170014
20866016 334640934 20056156 888514785
76945298 404252058 182295070 386365275
687738850 972810150 421083015 344474109
525436017 94308223 885698948 164808933
940552617 817898001 182237524 996242239
697904841 8174760 363361333 693633038
785969784 994619506 69566070 377259407
5842661 807323250 329817326 83028998
110299074 702189306 834700571 929430853
254791809 626518350 407546900 15771303
869876235 433709409 558938075 14075938
57665749 470119206 983327728 205463492
839843461 302932237 130946698 357355323
123021470 628454714 385986931 971050981
736971213 118149806 694078262 546910945
417608494 518986663 653194650 79151010
438697877 450581146 774588240 351534406
638479430 81702675 170915292 451757028
281964051 470253287 39009502 444726506
467729349 622135030 374613832 502630103
292276256 358838288 1432830 949954060
823707542 860321561 759927078 927238915
881562569 264865958 309179358 220995998
435701781 23596861 494973778 316660322
660175414 876101784 116720394 172932913
385092292 173809755 555070075 638676365
97698993 837798172 372535036 345950366
678973339 981395741 607774916 369979472
874801495 762772176 649950564 219510999
470108620 718502421 672256076 639685809
278870541 380530130 238843850 451454227
86474323 787713670 283119748 313250057
846255177 128775362 893699103 808792824
932762585 258541767 512397912 188776698
846813795 668445942 196565489 130530121
65648675 398437610 884501242 349273995
183718675 611013719 744619068 354030849
469114366 24013607 328341913 922930849
820019951 663195285 146008787 271114606
230361742 533512010 798720290 876025804
769671393 224667324 717197142 643771356
980419008 417717104 714332710 669717168
285384034 993299118 489318977 283072196
72354825 873524431 171382897 669433723
569955698 955645455 547391192 810243486
141084122 519215701 53925752 420140417
330839417 976303480 281381544 762055443
176666182 75749470 607132473 14649889
671028462 465917679 287208867 507663718
456285543 259204384 257691923 450966489
868961325 873852101 176430887 518559506
360017309 489725744 21620543 777743978
87335319 256010834 947023653 448547127
725099804 39506021 508912370 550186011
304358801 775335519 507990807 779029066
777830044 287835475 276997429 961961585
451445559 535077451 770221867 238221493
94168192 337865421 398284 309652570
707457230 28785426 623791496 326603208
828579604 897566189 262882406 386389563
504515108 561351879 818830460 183349062
92289443 242789561 312258918 246268361
312471205 869333643 708020598 572508676
684110614 232875013 906798366 956845439
607320435 559486228 738292554 649202528
656364439 57292176 981792640 548527703
848679161 915346486 687481535 581785977
43231651 909238580 67487806 337747132
178201446 118135401 825110984 322101268
744009637 378442018 836918038 296029774
693450056 917662264 255840223 491837493
590579699 783228342 793206802 435530962
934649598 6030275 217494120 354016810
969558890 439136320 919635833 531955985
427011113 229902006 222069627 453952679
233446267 36112807 406074194 779167137
886757888 604423188 731407403 108312207
240920604 64982836 767381732 504407394
413596371 860526632 788590408 84201814
178934009 685338594 361404776 828996280
809376092 614453641 593075287 30309736
973947608 737623233 579887673 895258556
772107753 303329638 392663681 48826500
954588861 586336249 21373177 265319466
683111721 225969054 896863225 562981486
212564238 638128938 878976279 190835382
389022670 19329836 918176275 788265163
341857450 466238193 517310958 815532021
400536463 375029032 936879835 976774727
850219848 247366953 781709009 866607426
29516182 833820194 257137149 395332772
19432191 478912349 49922848 556171840
391395914 324101804 619046558 71939560
664959058 549297552 673214793 49663381
509135819 659802565 622730145 195735148
768254300 611865053 148244406 78936509
177656226 294770971 262155818 139258275
970357881 460935509 732293058 167143363
923731387 678765903 874488189 181484781
182972838 912724138 482552114 949289096
361048249 609650068 729895384 305824262
919823219 318439406 723570638 646265569
923676786 881241762 773209636 319534955
77019456 40592709 174216876 520973331
639869673 312087060 716041624 612946157
32813277 295393954 163277968 342460312
968249856 44612795 160246365 363159513
503118792 371098775 570304173 59373082
628661227 657544832 433262335 770721708
745960289 592682384 524841521 658926113
449186086 702556633 35232531 630669573
317259743 950636298 648309762 739985106
933690117 910632311 154214047 454043537
499284776 2262002 391773057 447284988
54476578 894176874 266403513 167737636
318551083 247160023 78916827 320735041
446731744 93510820 848902116 240301155
411557760 3770200 358927587 390243424
240292724 692749315 621852391 252025337
448375396 690182904 490916800 815237397
389428278 816174152 847481737 919997676
60919835 318758528 521015378 825920405
158930640 498241319 952441562 558588111
735451890 651617139 704557368 585052901
241751619 491689997 207756008 21775907
794020772 156731828 515971834 783710775
258371896 836079647 45873999 83830549
262886688 755816462 278431263 276014268
51729083 797060485 769157738 424880199
623482054 150865135 124709178 490591702
414691809 895212268 461219431 570321747
114366514 631310430 73087529 961782409
946727214 448455262 277819203 131427294
947938025 135830582 230057556 377928230
89582092 641346037 770343267 67650889
545798385 463257218 893132865 691617050
883182903 538135157 969511176 879406461
861811714 954816572 241780216 125416124
239619383 499375889 489109077 219074659
28050663 848747421 507226582 6874550
609805182 355432868 902388322 404554263
755390820 874361422 445051236 551359832
788746236 165426291 442968070 235308333
668372975 152431753 274633728 682106654
663691976 533829805 979687930 576563053
974891895 368642308 437355272 440404963
849237252 9297835 749177888 484092290
245130986 513368424 43335750 345711279
474891314 119804911 255410437 913183794
627298282 293911406 445258436 788090861
228452414 298122982 294468487 566935169
82497714 930330015 539982221 113849267
73465710 423892483 1890575 679062237
706745817 465362756 927918539 912617754
936263752 398003003 96087889 569548604
858307250 647198404 367764645 116954929
130356608 238416678 94673015 289676592
284149669 947083936 370321598 74227350
970088605 546909262 93839320 473429032
558510514 840706300 701619794 532605622
392878222 63390458 118929580 973982636
774908327 757063974 666930282 861696781
977504157 25264005 415130522 656998409
127784038 473364378 725796354 881843957
213676767 163152768 201553482 401247354
184701834 516403456 867330070 807939514
57029731 325391717 141037430 933206399
776160322 669675085 697474050 577181366
310348666 863449609 954380879 522499165
379736510 196737597 554879408 768190800
655047855 91960283 624509304 752601436
501485008 525459919 996634286 764643242
829034492 736061585 180563052 823142010
961468830 219013454 686886008 338206018
798111002 76466083 663849407 626390997
592863814 291712430 855958424 222078135
67524133 137611414 930628565 693394097
217094214 225642876 196530784 693223107
824993557 507447119 309941378 941058517
589375170 815651591 165680066 481268552
828064984 165109523 462412530 816005326
947481403 589036498 63676956 176536048
694465787 390997830 758696359 192965655
52527230 684162274 748367413 407069523
910293794 245914919 178664502 898206435
738141056 377568667 346487673 957016526
402431238 672124686 946004295 273199853
281550543 767528008 578449567 411258956
965003888 868819716 213546032 266381247
955101646 134912681 457961724 981857418
41712137 181938896 558050209 896863385
783315575 703394759 586515130 236352620
753017016 434282506 361125396 617350182
836011949 541556932 695047723 44154744
769424406 817576421 935888332 362482188
867695160 659830262 837979430 173423196
220718897 731837656 858270830 533510773
470263272 820817408 689485040 160918894
600308690 834379241 782638607 371459815
663438888 42710689 611470465 589287946
657198584 353449322 737297542 103189552
545410541 11617214 892291342 486820706
806427924 231417462 65143633 503643322
829631455 474809430 942136461 461864364
933149786 656630742 534016526 93212366
527536795 749187280 570865222 932772823
619530496 444881665 255270515 260617843
280329869 436165736 865428084 395827961
976962720 642968596 715161824 727490153
497896941 359500802 694396755 231978710
616086644 749893706 579636211 8240641
942726115 437546998 568295445 799105130
96248010 328976484 179599068 777834202
719965672 27547748 683818232 862361076
25136876 276818265 405222749 28852131
273492265 261787983 69035508 877300107
421648814 475542624 804126230 534732060
81337923 587056292 683511554 530424381
259250926 82805977 207949705 762752292
491945366 329259884 684667051 204167788
354225083 647977611 226137329 115069668
476003044 877483664 710197207 350502483
832897875 348337069 253600306 988028721
591785913 407332256 11672655 477311558
706147832 827188366 907748830 256904843
765146792 900209715 381642891 988037237
719693288 399240394 229143476 334551489
934945013 919266308 48078695 832534665
441426968 769773452 130959796 878850354
90019505 298195430 355424687 321085752
722053584 637201192 414922757 666911190
415667993 394076596 148447987 63333775
80807869 404433342 708805137 362361782
636913421 756041373 436884583 265978290
313245244 647144962 176895159 400598749
154516823 157112408 446030243 232756115
57473292 189678281 707455600 142119663
847749021 743519192 40498547 199996280
139894982 548307565 787239035 723403165
115357382 180356523 917876052 899262217
213290176 627233354 465836632 206580259
268559517 227272448 204217176 661290613
209072484 856415501 958082411 256102196
707281171 999264590 134357135 153554118
698913591 753694414 968060534 427651750
814563211 131100838 584710801 740459872
483178657 771487090 818616916 329060520
392691999 580888925 74886312 831794527
641378266 415830962 814034439 969956741
329592475 411010194 235625667 764355834
222765557 587637840 571063358 999412031
545147607 611220869 122758781 376326672
243168949 265577301 802323156 160192042
274548526 811546998 501938849 169886102
594893751 7112760 751008639 813327276
626265072 959604731 621766279 943955072
282467127 319185519 209567689 324921311
762122649 136887645 318031790 999321634
527848045 890398697 999925123 313421847
421341466 148540492 492829051 746312199
84528411 653975933 186326361 882294085
849709172 589694231 533875054 865205649
139765368 311695621 827954896 10683402
505778296 355174418 860008126 588473148
972746424 288482277 71066910 325235810
14121063 549035686 587778239 938728160
840355207 602457508 645647484 398678898
269564415 606258533 452741259 943699483
167536142 972446446 705940776 802679404
643377452 967982136 61821223 535785458
223377871 818570716 341723270 613999030
979527013 279830578 369705013 488490584
342100901 642418163 338761467 317230012
431508288 458073471 35243159 740925196
355560075 911850065 351150457 218519658
675459791 87630880 949247193 215232749
882243008 561266393 700189376 831316680
637304643 522009952 396752825 115335315
141147139 644347793 769305277 936728533
986401369 589069984 970625383 422857484
336628357 118174486 288497283 357454239
198499180 452220211 276789438 178198321
228833399 661173376 587007350 190261834
295172944 437796684 737126542 739019275
268090055 521013290 430782737 326294673
835883241 826028653 634871668 201206794
385567211 355313136 258738075 184999319
842503319 342050631 434727244 465844006
114816658 964595294 578837229 113412208
646898980 956364155 487868936 617077954
931806490 651513131 756234189 389209312
646238811 725079400 567381279 354935229
191790799 804387195 916688749 468019934
687559836 640828833 294920489 327531849
956433958 914682712 102954515 665413164
476416609 206985662 733619545 341028937
819397216 369012985 974577206 638800079
630012721 121351409 543631206 610532609
339306650 630162871 628252381 372375308
754026766 488261109 306886055 976475839
572633075 341719045 858778942 346278284
451584104 712223742 379476994 690226278
263327692 288305484 477323277 178034993
559276678 715922746 884067020 398800810
761065183 854934347 710680633 895500878
47416577 271230808 330048478 153054887
653456685 59890622 524208996 207099714
932403246 967211985 519483467 340255135
97651572 13527843 168993881 513319355
110694106 883558320 419987987 516652687
558105851 294883290 376237669 732474691
566063129 725249428 329657266 171642104
949593987 212349837 718016464 835980077
607958799 202227593 529355607 843896107
292623545 412389196 54718427 355306365
109772807 473421708 766150382 30545575
939411568 776212146 606282539 838058634
6847263 491268459 926020864 560860318
604927230 29443844 809331316 98679572
64488896 267929458 677646191 737777994
588148095 486783519 513800411 752710313
612168791 550926013 124312010 274676712
526226472 497802158 915028706 705636075
500930356 282088348 405304404 294262393
226641741 468281485 365983627 724334334
931172563 284302716 186214383 754489313
359067097 240649744 301636460 777864126
764546770 339423084 634648584 902953880
937911928 53190509 213775220 642535898
526373355 352344461 327067173 746437982
924488342 505998235 110454056 723468322
849435916 351738639 223152431 710135169
348628820 678329026 406256739 803129019
179095764 607664336 428170123 910513884
972155639 236075696 686697526 113586970
53185596 880644850 57540518 93733611
706243499 731471148 733596425 161879842
448241123 594300683 9317653 494797739
493664051 63594900 97575393 685977093
699876470 620494173 886532027 597100540
923763689 331241550 101411269 52197127
13934369 714614470 722028302 351658384
975531575 811409684 405216064 263475334
445477289 73423452 893688850 686971421
531248036 844349291 109327503 998289615
947351064 594318532 58171846 637460229
651053431 790690849 72289242 410539949
154967946 57009072 655992064 794981939
144301624 941688364 516585238 836577972
737083032 493359014 522544148 84196921
530575050 693829991 861448226 938525190
719784335 415151656 146764944 647774263
877412819 254447186 161782676 237475612
297364235 995520351 303062159 560524468
675152106 928875750 746225371 984889562
40380227 827185669 168667772 229800980
25061331 884311759 241199547 760531309
36009456 213366166 396349158 353280858
378083914 704848263 152881495 228590725
413151740 113632504 105750983 854660730
258740225 923966751 113445111 252973633
800307471 931676793 730982693 834427193
648807869 9483217 232339709 895126351
551913370 717712172 397724495 739853493
95677206 828264148 709312241 495401385
4950406 570046047 237697996 203802590
565077148 705209964 167689872 952212138
742951403 750389667 603662500 812830679
363647098 528093390 278194870 401256932
667676963 560599896 747836954 875374372
770553552 712146570 648791133 532349232
909165968 833946802 114619528 370352948
863562857 271544365 505275451 278170600
817351841 451604656 156841034 718000684
582016937 890116044 656420570 382722029
738732250 562819914 736396288 557609957
404694389 337973059 214555775 553471585
831869362 387437612 660397497 53514909
273681796 842051583 411386786 727810296
577361098 307314167 787640880 486862467
422387329 453500693 725911671 836714496
139333498 515632374 149999933 710581384
722872165 395403388 490139636 876434314
231299434 608729426 800168703 473121606
759484829 455704875 344977419 777416841
453359091 796348491 784348381 358370640
890590484 508805404 204073840 645077802
746419651 641188243 536040096 934335795
923763213 141739246 665804138 992610739
759745683 611049052 899213132 101983416
593608740 607115105 68506642 315267645
112337533 434742847 79672012 418361400
365281646 364094837 163171679 144266214
188965898 273476272 99445307 176960183
629272116 112927135 757919227 44280313
440667780 434058160 223170107 36346132
384780434 786760094 141276640 555077278
162683297 138694217 283756088 789972720
596541181 602478372 275247309 70274795
984102315 646857776 388696507 570559907
738987363 18360234 10501826 354129850
492169672 381124376 486503150 606644009
302556672 988166560 556633658 757245778
131554974 523651168 112928054 681178899
280243020 422712095 535860193 295491085
983713106 701406866 621934527 632826121
422166381 391316648 554256878 841495717
909000524 181502271 784203708 220581424
559923043 890851656 663076056 82854380
929556179 517230382 82146616 371093028
465998831 767673332 918097936 902660478
96848650 868685628 853310517 22110345
738171552 191381734 506731492 618947543
419147933 471060642 284366629 303779531
519993867 690024301 223469607 251118366
345902235 291004474 89718664 812358789
117033851 576314784 842891694 244685711
244018197 829881072 75444522 447846452
803436726 649162244 212552201 242667137
586100393 109318732 43312772 857010210
514569929 784332558 821960333 989861548
183169225 900728360 238359376 791082176
603065443 549698918 361904914 275521837
605668264 859225246 575674751 220890186
304344809 370041467 534299924 222216220
96813334 780663302 428926048 805787119
97876555 948556432 501695420 500837725
264715183 378174702 295338462 250041649
717811795 521163562 555185034 675101293
807187541 181558991 408527748 56737572
753061551 640315296 560752010 669515670
523992615 669694808 602310540 649141837
954515437 489560134 724650071 304909713
151382673 264613450 414683309 259354552
771247641 585657127 112087507 671234524
521562108 62167025 650192080 932773503
408874035 66637825 723965695 491262821
678570473 750152756 6161008 152016498
849097879 134417331 66482575 93074553
47775222 498784016 586990140 839014736
142148795 60729886 690218591 416741079
656723816 130728855 565693558 992631000
704780141 982973022 967021947 940343243
758839878 788645898 961128688 781921129
920552850 377093862 610503630 363622195
647948175 475712602 939725878 994676249
921406732 797449307 701981808 454745835
143691248 469631397 110540435 965682636
842515570 426624185 929639612 590762560
649496978 710598533 691283406 278123900
557940491 737167152 509310234 755542253
413374722 978236542 165887038 595609814
361976511 250023891 980086076 151513255
397801788 89596918 830546131 361863611
566381604 885740420 592865295 295525314
619299582 653857540 832059179 724467517
36387248 887671441 780716861 739017511
730520863 507938029 5553756 465184199
296558521 73334258 22263523 584626137
536183765 862015470 379051176 408312322
498336339 255380057 717925175 178095192
227632138 876918064 334999881 259899310
97635971 4630819 646548665 265094897
567112828 362852666 620291065 28403390
676586982 136065085 116302581 371045605
191620937 707708972 132162902 152070326
915810996 669248941 172771606 197262621
40996099 821805417 782027026 243082603
211904134 627439254 319583562 154527363
193074241 48824201 114434810 904352540
346146529 466904574 632630387 235173442
534725929 336253672 669666968 154719296
62902588 569877231 429880059 153856161
370748340 744010420 647139764 579474239
413823978 90904844 650543501 443565783
525798144 474771846 967244848 887487054
492119382 167332331 331406970 383193644
410003116 791205953 704650059 351599520
494779400 919118656 60072527 400269469
195160547 968918025 948818647 9028671
633741173 988293797 111294399 580882720
347641624 491652122 357354692 395453728
494683619 321609448 138679140 810112171
825778240 487262833 867338235 322709939
688022660 319329508 721513224 130759082
867775922 573566739 469758240 125539223
5235675 112222859 957899032 898609636
970088288 881552985 194768291 67107466
68942350 997069630 319506287 51141336
400321767 176576633 232210560 812428788
157923896 748541722 261830528 784033310
769035912 486971335 805384354 114442836
943153289 767274354 300599658 541647237
160692101 384076922 657323723 819498420
313373148 812065878 259291710 848006107
167289389 256121473 766521641 84003872
903223890 872185350 644342849 247203965
920486125 521047308 224957677 546699496
987509281 867104437 756458871 250937935
157287780 775546490 153669522 793071285
38651675 301720784 504317279 340195943
375957508 481801501 146026712 807358803
8293421 538884813 183720125 524352429
441891209 972804809 251048764 781218534
979356649 730015204 672078835 284614214
177452889 538520544 159678231 487139303
354262487 640455529 146661229 382852707
907088789 51346876 541272961 941287851
508678802 926806283 665867878 686130152
739489549 193992610 658162765 735056965
974515124 394462674 877658694 536069500
107385588 346352960 965333229 444052496
103642132 850302159 622356590 605639267
48005210 781708525 212556152 913400786
486691140 740915566 875321660 706905258
892935431 739873532 650607465 289011215
360939504 120957445 147757588 801539852
778124551 155338638 234271104 31302970
993291758 177021624 323759741 690200221
957847556 384339312 388482489 788417101
878976003 342455260 529971699 444781979
979686413 957623392 269312648 998437526
958892471 774003709 245220798 34487445
291189667 325258091 653098667 418160795
925961217 795428791 770444944 589323165
742230011 443707179 521074033 17896318
162197801 764975118 770978286 299787102
474886637 372902543 815192597 379526412
919638684 288483613 224619792 496362737
681748940 670469804 617759804 432215573
522979268 820043984 169647368 350224684
353398125 264686551 175300681 913142358
795341472 890408545 31448083 460073216
166576508 730201362 186150067 515925638
772773741 626630110 501795491 753104111
443710424 23523530 465856906 672120044
834990941 731365936 648493276 499696775
133708100 835290711 631617943 88765261
120914849 654159876 619749618 837072555
329761909 215324730 4021471 296245927
550024918 356113287 262101867 296381885
289072098 773872401 748155581 712482678
520497623 340779277 493128373 433337114
286176220 882762999 81825647 136936755
157937531 205567570 400534592 88620915
317567343 614887346 199887614 177801342
741742648 311634846 640613174 342514575
823784609 806103771 185821363 207780052
372874276 795076601 595611147 703846589
678762328 721556175 993307866 541237618
739156353 456816776 658935643 462393596
844259913 737043031 47616510 322525105
852243476 94695928 496404920 812723285
712805854 955540123 967868499 79777326
183772829 968165517 925012480 900804017
18116428 417882934 15365766 921835882
262117211 981460248 147088356 102054111
531277455 861297024 258757151 622099916
817609246 910547956 978334881 628815513
359120276 272906136 359706105 81121283
912701633 834744030 983390554 214100586
384933370 969750678 353024347 509214126
445706831 348967835 430649185 156562109
966537949 633011768 89120939 902737968
539651914 237530670 63524785 40887633
603504302 716344188 772724615 728636879
646320427 65775985 895787117 925150921
312458639 614533314 240340597 768428406
903481212 735956934 194477534 335750041
605895760 505993808 188048066 647562039
289444708 824317828 138550918 641364447
138792270 144248277 511330876 415838991
375100608 445085426 169764620 97387171
220090804 197148505 313448719 589884488
36057803 546633178 285823606 478430364
387952157 299067324 229905356 460297579
31901052 96723693 832878315 131325654
351920186 875786261 407922506 890488762
360350782 264997514 101632505 219109224
764291357 745280291 87970261 319141990
671085779 595931778 469377961 208911174
430190517 915264511 606255607 617735188
721301959 294282559 819088200 970703002
403163291 421173623 942561136 676717158
7040037 624423445 561664161 131606272
303169938 485294510 573116132 56774793
287863910 267846380 300420272 266266775
320594537 260011160 451241455 915945390
40139846 57816343 762772023 814319862
742154882 207016119 679990894 423338236
741221477 319149296 924337510 198025021
41786254 871210942 583802051 852560842
149613454 81947023 811304187 876499268
263164758 731788062 931707628 392366756
927336181 902837873 191460569 652929545
108358824 46435093 416536536 352441153
655194685 808438620 126038705 776022093
618555300 972203936 148845074 939178003
680068212 278317224 352445344 378746312
493344882 287187028 90312280 805118089
549801174 452253727 987140271 436496146
3077460 642874876 837327796 6586699
261127470 674446000 473779094 251434341
717035460 470181093 143793162 346558978
111537253 873748045 633697949 760377682
572437247 315202663 223622040 126576455
610129811 187031289 649930570 957534480
668483794 254858573 431079650 696643914
782310898 481642744 100578021 171299686
755464795 146932357 412620132 3103368
197979682 376596500 281933735 300850489
383788308 343027344 986392204 969335729
754569635 216801260 876398376 686354117
637983363 407818912 177913259 345125941
31646069 201135312 240627697 136777500
166285389 636302202 917514241 570673247
637592588 518303491 383656551 155700541
504329695 15542974 575370073 836855431
762782671 562208018 162132577 814322238
675827723 874936801 979132582 81894721
219245577 509760012 524408186 478827002
540056997 184894346 64455529 496586120
62441870 978990464 870241093 706452621
189415957 640178541 753274332 675921624
589766331 341147495 799879044 881976094
757173881 144152385 57963580 435554164
701108720 736370627 260025848 703698572
101656531 829940418 194619819 9708482
218828486 171872810 627909085 645153316
583533726 19218469 104163269 193803293
854428626 963208648 357152198 91158913
988312359 721029679 820945762 793537223
140795105 406320208 366473730 37390485
986267812 554670054 615467960 63129974
915675225 238009630 76875983 268718554
794179370 916024045 815153433 570387142
493218846 483958403 318666199 952571946
775787733 833479617 85869287 428577795
725692784 331153573 230998028 964223851
732704364 755947419 39833395 784595403
800415292 175620315 102862814 66776934
936730222 755905961 255056696 475484353
676433458 264649779 213974436 276792060
953240434 963079298 590580809 181090102
211627577 878494250 580038507 245744553
407537384 69534407 967819036 166735253
859376950 981354834 506277921 653398554
342508628 486627844 706110887 902789046
932902170 366090213 559989347 179845126
248642275 392913810 512702027 293511281
905897747 249377789 823216468 924712538
938024020 511340357 94777445 525934092
41566211 853316485 663124157 472728392
371909044 436003276 239660982 200559231
876343592 374876418 276572932 623387041
759398516 114503243 10069778 36149957
105396277 947513881 203212271 880601386
224850485 82231208 859845990 941424015
44088174 233162723 416222889 556538200
75010467 219043027 265314121 464446946
134684625 749139579 599500431 675009569
999537699 55085010 451797202 162945920
690015170 890990476 282522682 62899925
471259230 337461689 785875166 714905112
758290352 338358966 265283735 131306787
935416799 726998515 219521976 852020275
902288135 149515817 788926218 394402471
224722327 571452602 307757086 707168929
53690594 854411428 447195444 881223694
688488110 851880807 2816986 797132756
696713123 595543362 787284935 765293084
153884261 588463870 818742209 47887959
305567877 940271836 469172333 987109937
279963626 777920100 226633015 850229852
94252973 734996825 17944302 590209946
86915114 230035860 500914894 655813888
680798682 896011730 568265444 511795092
790394220 289743096 357442609 372446357
289817367 985698643 129781846 622837219
876562286 488423272 590843898 992823440
457107380 617892258 242735991 634242122
681738374 513227218 540163773 999760124
62636215 240314452 125474956 609156718
591840303 81285234 836549711 531604274
15001758 664396891 743935464 289011301
685721894 967167247 526005247 554038917
699513687 971522929 146421713 513477186
874321056 168124728 906095631 290986018
214884971 288109587 188774943 430690111
197645953 310008732 787787546 914874794
537051315 597754725 696290695 582819648
330895977 301710513 897075231 423475884
187920475 341835182 543227922 316250094
501303250 271058390 215395473 331061360
950783015 760271661 969799436 735264461
775844159 149134542 992898318 836113046
894057526 749175044 925991564 481000671
97551434 962208453 92443134 937533493
994975076 256158877 97733631 751081641
465187681 497945995 360201835 252216317
370098729 795844509 18766794 176179813
177432317 553502217 993951088 892935519
340868800 812310231 573589667 164843732
152839232 30033990 990133267 958912799
996224989 108326184 464170006 305326653
237367026 759256198 204864168 737015254
28829411 730037771 856967357 659929249
516999120 665504013 151194652 893722466
248658117 57332726 598270268 604414683
548495310 859765728 214542257 657742765
924939519 450600907 272718999 380519482
81444553 567895168 131708572 878339294
137752917 971741084 927650202 588761969
404718757 686571136 35434977 365590504
571705705 163489873 176403146 439162306
831494622 797699999 844998322 781891907
132914210 952626949 196753330 505042934
137593061 846735372 58146094 319820415
857810489 943892698 92110469 471306526
209748602 790888089 861417868 303388981
361627732 980688119 274564112 186297263
28360235 508518678 357445436 626793446
403413311 151652755 163518901 169375547
540430795 64260474 203896406 124674346
913725706 213888701 456545530 602778729
858031564 148112964 15494683 149490943
763377457 315461888 149892999 434526658
709961749 462350710 417898930 269427353
703331688 739181341 381064412 552039126
659362040 128005618 297477113 735579813
477382940 887785728 38634205 622666892
245702592 699534638 9989519 864126395
436267645 40402354 726894613 666742965
395029040 686875594 323244425 896638170
88984289 874316666 498106486 941772900
89764108 25408145 565517370 143660149
545780729 361099171 175795476 642773366
856908371 991009223 48671379 911594629
2882046 49819502 970160241 332122179
959527633 798943413 558332049 106922069
602704563 500366304 148371569 479361431
653841170 535239972 947594793 658789737
115247348 712271759 84935769 21491484
359846828 166524318 483832743 944841700
295141610 910054160 16751366 313965514
25282614 795622569 570979964 461879457
101764406 351555336 783576567 826066316
454621277 455406786 567020167 759126264
436012605 402345474 68591141 177679660
313103766 481220572 520553163 901204020
194599827 169733157 940874555 209251347
358675615 472691919 786097920 673182934
853633307 586401225 533514895 298140535
450586077 259751946 646264792 14459860
658192176 368119667 901016374 904656213
815758781 252018541 313841630 699016177
559654202 495846129 256982307 851606958
102057729 935849524 34150537 256228057
907299548 58924365 730165117 409764110
89053487 766690368 729040234 776334090
196769135 467011780 907426367 935063091
674900484 964841201 51483918 183498848
165635607 527352930 873943237 517896100
410258155 718782129 888037968 149585004
497883992 966533993 943612660 404718643
661497910 257394681 328972513 96233965
193687990 534361341 734983720 389084807
744462150 100094179 367295061 705964930
701057970 506564190 323184098 509869802
600745250 294851967 3340937 190526610
494953774 724341141 223211711 319624546
840034965 554760532 365213320 90194310
518729706 887638394 442089951 862858765
645687205 596942086 64093118 457795718
78832783 732979542 970441442 481769431
261913426 563588235 135938737 214288149
884954598 692768481 959782274 377395445
7675686 621393542 261996251 82450239
836607807 106918434 513411533 289512007
478726418 522138865 598713500 175082749
695844602 601619285 631737308 570108801
900777189 134286253 744304708 771133651
145658969 856132604 265615905 902218771
142769235 456402703 589889342 433135828
695907566 247948874 222951111 988348621
843274073 385363566 699935793 306763822
695618169 59058393 828276177 999056412
264935364 798885295 500669048 51769766
315759956 841614449 524496169 261391753
631839629 528779608 57918465 485964836
242068442 668920455 658334347 354461559
941999189 104130654 994617123 913390745
358557570 727344115 820728016 754050968
260376003 884060430 274043433 976655764
634076998 451199473 560592266 789163907
193978201 982180344 54852970 798010461
721215479 319819091 74649471 301589872
301188550 861881678 646456977 103656026
183335519 339143023 315176530 597100991
995622303 287241857 474017389 472825736
163162385 61249946 576066133 853302275
850065309 425579268 305390875 448544811
403630797 370914278 266096870 612571752
611212879 393863639 123307199 669261008
488975400 100767885 661309074 582346024
659891253 742568152 533635996 997168168
886044923 696118191 283554844 492469406
749667820 597065441 906714955 187638746
133589858 730885420 517603261 282071277
416014770 227984858 221494959 596626959
246600896 68876101 283722836 164532564
915570951 463811753 948811681 208841618
498128514 622389928 230895451 205471720
685994973 13291595 170042987 372649332
798368410 140777579 79658076 181834385
572624479 548950890 539976251 648754621
354886171 75921087 302646320 159203628
666003444 32937504 648015611 33765882
411370285 504917772 636058758 446396713
516849329 448710908 548195410 264616454
187820852 103543912 849981596 562761137
58724799 621784714 239914916 126110660
833775421 171421090 254297854 526251397
526193102 768157502 78889403 444582444
75748729 484474091 858470245 983780123
280112370 451904162 143844157 524064555
97122245 197576251 308238602 972506884
207149300 570663639 329159258 718493023
975288257 546741066 108749404 432775559
940057918 871529666 271014574 150417139
392391843 249827427 340007273 840279829
170504326 752166119 191393548 613565800
796139105 397706709 943885576 631301536
945158553 110289319 206251921 944822767
686619012 3786991 703297674 294481223
708045392 629636542 178163679 479345063
273976436 553105223 680333460 220661476
265336374 843206696 841204670 415458599
220853971 782318167 306946080 481872861
959350187 720512581 447725447 728051440
359197372 76863922 20758183 205053693
9418092 117301415 55615152 313408507
493119088 350929645 356798649 552272725
90807994 522020742 368642747 717534384
292452327 519596631 612485446 919380139
798248275 391952532 434355437 860176244
208245122 769306547 416374692 350834640
210209221 401166603 990363099 508207505
381380397 888701355 922494939 433361278
771409121 211737200 99082152 621114433
913903483 812865633 499533783 564476268
387677782 72550547 946060071 183103864
896697683 441014031 910369470 148675989
710722563 926465687 644832134 152769215
276429392 45468258 551384548 313405048
648116549 204768749 588864899 664759355
589954021 18336070 171351320 298392591
842115384 919692147 220396201 800846593
649298417 322933204 352441539 999834434
310534985 47839859 296969195 736861198
28275067 725275610 604758765 408626193
829245472 44380199 844443266 67511090
174939293 250125398 459160530 939177320
13541244 874742774 469672071 417769421
201010313 611441060 41574945 795663550
338603870 723159063 355162631 260188748
70549736 746699635 737879412 508081350
127425 360755933 659890783 759711019
801330547 519146726 426449583 424702795
616327579 805346640 798327766 774359951
544709461 876690945 441738856 698474188
751425674 301303163 828553201 198186889
523615775 478347247 245593992 788641669
499659506 792097821 386713842 219812191
96264757 948552562 417577655 852433318
642202187 347326905 88145632 676858647
101097754 401845602 620438445 132924875
511490997 788255384 388147273 237280862
358466966 481305954 916464655 183884496
348760149 993963799 114365433 129432844
435905001 798705914 84907521 321897321
468312781 797716608 433273544 599753977
800066246 667202466 36223257 690105396
366534253 595898989 435135033 491503194
800964548 239563332 10310537 535777350
462555386 785533808 877612936 376736629
298694219 574982847 197264993 201742988
536094447 787476050 325239194 295841856
718101820 563174985 304856789 540657215
351773139 397644277 51296489 193997921
166432968 690071463 180936342 437287164
750657872 766631853 506468799 32345839
841400857 492503896 539907332 923688300
293836746 193272465 725873861 214042292
81611971 372772914 664462641 654211370
78990544 104353876 222422788 430229317
37156494 770894765 532243214 179100067
858730710 416247076 667875449 258589713
965110756 797090320 586330164 628688765
804265339 751715140 171173833 779591600
56011769 723341796 191249146 659911874
635082969 764046180 845937074 34430893
938130134 220466448 138674998 550761494
343690581 410698697 223018774 338969350
521228779 892868476 333492884 207497200
239127837 398756321 331653149 233884455
798536019 651715557 261472624 703497140
928244027 318519492 572177675 496864176
538038867 657390844 723959030 92763055
313396878 519390439 284179968 452489459
666095719 644420369 142629718 68169207
881290969 857450336 63395878 552506032
953038216 689834357 41573534 910752797
583238217 286349839 887344883 221912183
850329551 299907349 821213159 741793234
637171184 644882067 711506005 992982867
506372475 227736248 493964116 534956433
139288069 756707403 694741917 203415963
133104672 536827786 510906314 936122708
908636983 615542214 715186969 46645194
857525373 823462550 240250511 145359956
851429639 293903976 770051404 52862049
938645177 479132401 645988033 258635145
604578295 294495545 224805600 614255800
461903380 889834991 392680078 717064118
564072986 169396004 122118738 182027647
893732774 598413945 493945871 231109913
384196532 942604891 148046711 55185880
376319068 373528416 708133106 134722426
116629636 149235680 125317739 679759001
518327720 378193979 535393680 262300895
498853417 262875721 103152313 749057728
163255491 811151316 393269267 701452588
92351152 305066564 868253916 972983813
188161688 448655154 865935869 150979925
489400235 410641046 71405996 467302536
790246296 837180816 545681199 402815890
986333289 627683455 99109984 122597586
935896044 845715249 925742566 769204384
318028049 448469592 284942461 910374508
619403560 17338345 875330040 82097004
980406380 777752970 647196377 484333761
895446308 635283958 241175020 95011534
932727987 821007087 656754792 382822610
954809225 908649730 314538927 1133097
97380051 260673533 177578863 628126743
643683505 955608336 855318040 610732791
666515979 330394687 787540001 231849834
57268837 921717703 105600282 941674414
349466052 854717484 966074676 420028951
819654066 351275761 836232183 438848104
920252528 296498192 289931558 712370740
210239993 295523176 881127238 690316016
799840465 596516044 572903439 981566850
796305058 506634623 427485786 464822068
661561795 652891480 595059449 879559519
228708184 21859317 226672248 508353851
415493950 922098904 113109767 43797785
425208318 499561091 592575642 672809267
134128925 262304357 17745266 26950193
29459049 848195784 425273736 89343780
368781763 214991495 721013451 52107448
646358870 534774493 221807982 752224867
692544727 931503487 102896095 984447900
464205628 402704446 407232581 655172196
152374806 894872103 84695461 60156317
349512755 941839611 471107623 177365920
936960651 806023261 856613329 996311194
593202025 300985853 818932079 726690643
858496570 515796426 758758058 914535012
229519251 604716407 262662921 298234995
611242205 532678523 115162215 750690776
337121064 151899113 88632546 541412222
960337367 359331101 338066881 326193647
120003171 163122321 206190117 474402256
293837190 51738154 619042261 492760225
102778636 272842234 259007234 706902742
605683612 776029695 410515793 869197106
464212902 584989446 677466520 240050704
470296027 498973404 802752342 416250935
618459119 355674651 164226225 208829910
365629269 443412341 281784288 871190162
883653082 611282780 527125727 257415658
538756477 719541367 689361010 918058925
220637525 998942996 251891034 66578469
455776487 895380439 749191593 857157270
857896631 724971760 468171363 972972195
528040818 64996147 713848833 88400237
201202256 942618524 698262639 210168703
913842501 922429117 561774469 618122743
936871498 768048413 937589903 651189342
639872118 320025052 757899521 690752456
767739310 866947197 608681491 930286689
356080020 70409984 77795286 138994425
460220328 508674917 186797877 946369997
923979450 322365543 396423082 909201914
652900781 867113304 981047437 293035900
769209260 980607225 126902408 512510065
262169930 603501274 529212438 744633304
348073251 192915679 786547054 663734013
109533091 834849945 751857282 893037708
402348121 366814038 768866325 870344400
715506118 486438379 938525306 304442987
820331149 275082541 257439382 149837017
361094203 888608627 239371170 262483708
38997906 755669722 588248839 903427783
653413380 859539046 962997625 584895491
144661795 826848202 302446747 742198030
725404980 608456887 800279618 457461630
785929606 465478599 116433724 875471001
628877182 806534520 287506361 305019432
804156948 405546767 590318092 383993715
132037747 810203084 231641314 393499600
812185398 270603739 654335669 867766171
690084305 124879592 268652230 803250045
506036117 694130580 727892920 332422998
820752605 217924651 478664971 126623929
309895347 322369287 235025381 735874187
588815830 26378047 829002163 276357660
753458885 733218136 439224568 552599626
787118192 406106560 453418571 874034123
551201063 749423035 286599785 36032497
895745077 809564779 127772733 391262974
355624789 803450063 292803076 976056404
690030490 511782437 67468057 878693085
714496320 584097111 502758198 123613330
680645108 812757847 526491925 778378175
56653888 969928941 317281770 399150523
86486196 526974713 248609438 534564454
224279288 953854267 197761449 793256807
682088556 336175330 801923721 652012761
469485206 240262227 30340886 351040355
730034754 982945310 155684270 15554149
399380390 932794924 596507006 967352085
523369509 636827699 513061631 734625846
144668124 813383926 994377895 931952103
140599753 14534519 588033394 589764379
390066330 778094802 369436529 781879822
404297999 813620482 531082009 170189997
817592087 168814106 448868021 359301619
556811875 612630882 343920263 626570820
493386577 639833188 930180844 36218572
535565820 347779235 267031029 387558796
817206408 648901072 890103483 649299250
538538576 2365254 95425897 570489735
368718965 89534155 805099921 891390262
42333129 750448407 945604722 669618626
494173644 336017926 342136998 692615379
121172142 279437484 824318318 226381521
651643766 511982753 123753908 30967094
941927198 907757740 829963674 421740450
75003257 407359350 19176537 323495836
751792434 231450926 257257354 430998178
92008181 954978391 574487188 493382512
992332946 152380920 168803875 769823130
937448384 171983579 301806331 889275521
241562740 318209502 163985886 673235168
886089891 278743359 258317351 716508695
