2000 731328073370
873690419 705140424 74447440 779982433
94158136 488928105 82140241 569079980
665708369 852087332 665102876 333528229
198073851 691382011 927930279 802454332
537653051 552422331 758299416 655066641
438999476 706018042 481527813 3013275
713314957 608086857 496052188 492515535
876387702 238460654 273005864 95134643
550857839 655594124 383274266 566010876
527529831 383479699 522411750 130383927
79913033 813299812 346331128 662939651
778260690 611297251 507618399 215497831
864440168 983918294 537303270 535708789
280498574 795683064 474767677 606163564
775333459 403834274 397051212 4038437
904102048 354604838 498755370 223691445
588101624 31232313 931955797 631953806
37398115 561785747 950757027 677870950
674752244 920474654 462395547 859518593
202606622 331160682 11153301 340580504
200435718 913855846 584965007 922113113
601255236 322677721 645843735 762349762
738542625 537930924 98721123 474432461
158034139 486211852 95541937 516440612
817047782 170077575 580245346 367837776
644140690 606017294 265439295 439952819
916281995 272803006 292494037 31696507
214657592 386709004 815553789 53283230
78080180 959047656 594604780 950972250
829292230 678771942 519001179 639085629
485023985 548400532 19275651 438732537
867501334 574322106 150739615 882896748
146050993 827897463 741421989 37777256
59393830 702069383 570647924 375678672
619243917 916726377 751887373 585341848
221793440 219399815 81193577 933035210
605673481 682465947 509080430 345206969
165374694 392205432 762739622 533981673
672438608 584609408 945655632 246869665
68208857 565027996 532808469 529928999
234108270 619731881 803827796 527520822
356340698 554564877 571423352 865356635
382185843 248508497 129351051 308199740
356802005 918837726 670586275 242708898
60515216 231319360 334725225 371070430
243227400 176183540 710235573 288884147
367082501 406050359 468297215 620540647
169816321 413893855 906810593 694001040
457290020 917804071 764153986 419162996
879264932 991424400 123778887 64641140
470933917 629721867 710883709 828511217
660835954 568997403 602613968 17823614
805563093 896434576 613650353 165461881
807134461 582604546 211970287 981778612
140581699 125448609 371000848 870549880
361021211 671182385 270265159 971721116
45381428 636332107 914895925 188783871
569308417 26346111 482609157 612737802
894404156 330149623 586872768 270322978
736144671 238354084 667947645 477123792
842615906 841118822 833305521 529297366
990215559 448549864 370166499 413408306
453126722 625401756 375885879 603234603
19908463 135989371 897669943 932526374
142945095 334442125 344393933 777649126
789442383 724192109 728451168 54226116
328036861 823062882 888232899 419908180
906153136 1414719 412740798 929819678
284197450 620922322 240587278 686653907
557053367 82570338 944553109 471914894
753495016 870015361 714341908 633254748
681151238 403844755 484297067 493275285
584761169 875383711 945596089 462557687
233788405 335045040 682317548 334318413
864987250 477212784 84435327 826135411
357105414 746572135 705979851 113990277
922812001 572440724 523530092 13449898
420713379 449590872 526588577 869409130
985411067 449115996 180456349 861367910
311885235 934391315 593724451 912082889
58637405 898024219 318487130 540164558
722227417 630451305 797605033 232097720
534477887 106986363 412628238 427220107
128466125 612618297 652606927 316470129
46968479 441873780 561429633 773680358
502310386 563958638 70280338 945906149
843041446 530354894 784608759 578329901
260782926 47242921 254075801 612194657
893029230 631080971 291317517 768852640
729162912 450408376 495707062 983150502
273228760 905805919 123456169 971098621
698645760 101306834 674150962 609092426
588189993 935628943 573627482 226526688
732553034 544894507 100380375 949852002
297333163 477123950 967193510 243388279
578337807 814211318 637849546 104842988
799638997 459007171 284066931 123843523
276184739 149624011 750559496 202175912
994302431 861526688 417752453 776074184
248927096 461121007 396299539 13454250
103470524 391348960 252913986 606464672
916037060 159454682 309585057 338550346
474369113 944012115 159623290 369904887
523551211 863342128 637213557 172672677
545110304 840724994 729559288 173909935
523276421 170189935 999770020 604832707
626444167 469102811 822428890 830720812
700267609 589694437 885459164 698747725
702111626 590868326 762371227 788042210
794372436 525236949 802772045 853340396
508688986 931314221 963603233 618144365
275848989 224872780 478651441 243294801
413287196 938853384 295608771 1929780
669830386 146778830 514586592 660955842
415564285 780726099 968962948 108045212
145757138 933861371 109516793 950382589
447690609 570687341 191267593 356496517
733459154 518657953 449488266 859594073
860024509 127941316 136388131 269698595
918506235 50300476 341359284 145912294
654050897 809152921 483226688 118210265
738403880 924585615 947040417 963886089
943399810 911110292 379248461 785165049
431059262 840416259 824837142 882436744
263858255 170001312 925105808 333633929
96942503 129467191 76106201 926647899
848665694 923201144 99926596 400707408
981649837 703431874 311859772 328586223
90773267 616752616 841070176 721375388
455323134 831499824 968009899 379157717
59807473 10070687 590524395 443701525
730759217 110877666 726566362 299925799
676910308 663129093 172622433 603921042
840422880 45911708 908790601 203723401
809491521 386207488 903451252 642772030
482553556 529229675 970171707 666344936
867776256 28218280 37155212 926629999
5154824 678748502 620021319 55930586
456845091 340085429 382142023 871211071
873788151 236392324 112406760 901677546
870094359 863210380 582114918 909967393
418128950 870133138 440508695 135884628
77123561 282045508 145891896 783740960
199007711 297322096 308797267 384946248
134591177 756733826 706069042 472610031
203120814 558470316 742113737 748904416
856667278 128753401 879188726 207234347
913193396 453536629 556853198 599398675
443036405 794063828 577595749 579803284
975379147 933931643 997409488 776181230
372985976 947807695 816347813 837909253
806776949 997887496 801262725 917158562
883743126 838873463 515792974 442196101
833852227 161806856 914166553 947585615
648459582 984234052 526300433 693749072
58438429 63390373 297322169 388047994
478655931 758709223 442096903 607653106
591835409 144263799 332181350 431980735
272779643 608582280 39999347 468327808
511654743 39676756 144540641 919891844
401175740 489901885 573990667 147224316
598705834 678809348 210592638 500387149
437347255 338829409 943489921 629655547
689095627 957690342 287267321 902687217
131612426 351261360 40746260 653986200
312358052 892495672 316646986 530133689
874736718 297103920 649039886 826771036
312042659 606860910 523328975 459364076
884104817 717614308 631254558 422954200
721615023 22346503 725281220 571411568
251927778 766780693 122144239 43574604
58962520 361971733 460765870 775596778
453396130 611122762 146852184 185533459
64773008 42070984 808205894 641587718
260889249 961521351 998391073 260578793
472875906 544472236 409964833 63966849
659726851 953130052 878274328 363192792
489556357 415554640 413914377 358892574
948807772 857412702 977179322 422386249
130987503 542288066 797209279 417257218
730681235 252840925 167972343 751850014
760700406 284841632 166702811 315325767
739627976 630650310 662333393 36330345
33429488 682226738 125616966 8847630
54050888 32025822 983635180 490515983
814580221 165320673 703422689 319790378
301603414 286984443 988578519 768343426
837044377 46507102 44997340 282835713
566655364 633843175 864669693 930371137
612501402 421289739 518524503 435379078
146471013 538644440 673062193 223841039
863984116 913092115 13553079 663394344
283677621 997495434 2027492 234948094
287898997 407621290 694616611 907948658
7364074 621003225 906433303 869902618
76908056 265873038 386798217 278113105
565104549 990113092 972199154 45162638
740459263 922271169 267807410 818752973
28047543 398108800 225827816 231111040
946397394 205629436 614432636 742864270
378766397 425332260 312864785 801375885
495044270 679217079 809890470 715140507
312479430 26571211 582599137 95676102
643973721 982645707 788448048 204846318
816008097 8803026 922784414 535670145
150968963 226676754 142260462 489443530
686410037 118270106 265837961 153147639
447165751 305630723 431534808 567798963
64183469 147888403 181134495 455152527
674615429 184029025 709187386 826958588
132220023 67693436 364060637 946055435
373655221 400201668 758882636 1664291
936475373 722785499 267095889 323793493
723464167 727171937 735438934 57696349
624854537 897861720 16296668 579150960
562510036 604592932 387698994 583347529
265356852 565011514 324368573 921507994
268733993 810262372 418917862 157896466
790544221 373990263 577385736 693548891
740860082 44118534 968422439 933409312
86816119 476903252 257945505 799051339
174220543 668624225 886789704 114769604
694155964 746470798 634363714 101284964
906920620 917030145 634272267 723139129
807409347 481178885 610838639 616565190
185982900 465061689 437141316 771193749
797517748 277556767 273278408 277992550
128843424 957040732 94731447 967620678
538714708 927954954 457580364 651919263
352077793 479560368 601548698 689862322
51372351 551444623 451510156 334042743
315226498 586734811 118520029 37864493
844352351 227413363 462715320 523167792
280397851 432028110 7911416 657780470
441473679 182778779 826413897 375559538
403293918 332260740 911813766 789321926
240874440 248409387 967069313 1650726
534205445 175492009 68623252 206960278
300100537 846698993 723140274 223268004
809748448 501381668 957912570 748014400
273742166 366874046 267976820 221156971
634504446 579911213 652657909 861922714
901303332 364658052 83636308 609032850
202987960 360162811 183269392 555258767
220733636 951857862 993270596 179947538
646174419 316660143 422815705 955636958
724984414 19382758 519830885 761067324
397905178 22914301 532498985 37825238
598487606 247843232 653884905 697780629
225371608 292111203 191741340 496590454
638545471 727005639 474013373 779766234
330582413 245864242 694170726 228745831
516965353 915598943 637070248 708128686
696419239 830147517 855981916 353326713
687151066 591262982 327975359 810285997
636135860 898733352 281312747 939655424
664718148 498654580 245769898 243769490
654947235 997511404 853253508 720103229
189215490 70692913 492442857 678821512
799685838 283734690 437716062 999249729
767920506 782895134 122152268 827906949
176599513 162299168 897322012 409066957
775255417 113977148 740726063 991770860
857174351 533808898 72592932 58917948
680290144 488983150 919928204 485787335
228924149 373690517 572485797 380434709
210932018 989032315 968764509 421626458
444084365 727138231 983515266 809262652
737656376 360372567 468349321 806216464
817847495 952951569 728096563 518930919
616584055 555597806 28496311 106620960
634053268 635586701 549807288 102032246
941669662 7310050 104601822 518293657
713773418 953263541 509666390 52203761
493700337 688816738 357331758 613655736
661672389 133640049 442020468 664155606
430812204 36703250 301843525 511534211
517113386 337374004 37906068 624633474
910862968 395954661 372113302 709787605
156378763 703522604 949721974 66355226
868395826 246246816 947867288 396623316
926878087 847625164 949699054 394507667
963037053 173679806 527294248 849021287
880443302 947318799 205831638 563040347
48252440 567836380 696548617 769723764
303792849 940495123 627531716 846616555
349848992 78893151 723294679 468587800
735328516 233343943 901359813 800114933
922539087 564206990 699988553 616945154
770450175 885771409 460871500 789935244
363908753 160758582 536555602 584381160
662941533 256704776 220772827 578582376
584179569 141172672 179497339 153224906
268886123 988863864 891765722 241708966
971952969 666823079 354536763 987343623
664559675 184120928 226103600 457136703
194655157 237604259 570257984 668239246
853215062 547127956 663822342 86369635
886390786 225926520 431153000 444040950
213746572 288388134 998523341 653806837
81421450 155043756 600769403 439822644
89952043 87275321 831949945 182741123
106124495 792764201 246725698 125163382
220107660 833891979 303886160 287192962
863887385 406790904 638463183 315031103
508259840 247766638 778662388 487674263
920194188 781080387 173092322 714653280
73378024 101990254 75830284 80297080
879535005 399346728 26294901 306811127
28794827 648120568 799463491 436210180
883113745 727069756 880269451 776829722
641380476 784914351 70187253 703782332
909059315 462396933 401482703 214133669
448850878 842557285 271358596 247212858
374131926 27731805 963143873 594713943
135085171 303021783 834346403 994895489
162523649 567700410 875701293 799406555
845826119 209023726 871659507 655664598
720001917 623955175 66992190 945838312
645236563 859726363 874634508 818612385
959092629 770424236 13018856 85937923
246714386 250116289 745343179 353640947
523376382 26721493 574279782 616370500
897865599 307172477 667733831 322863848
930693315 580738336 535988298 858964623
697430461 53794404 112771795 738042836
639413769 673705458 174800774 866797383
648322132 313096000 695713542 793807715
636673969 175541384 457621853 702490803
912035034 548512870 439657951 947554706
117517222 183401261 601422786 445916336
243781898 400490031 887321657 817553716
549618712 596196203 459602013 787236235
882999679 80513705 495373981 431978177
841350991 574594844 946361311 55623774
568346504 937740547 25103006 26522353
30422487 803726112 22727196 611859791
503416344 218127438 799642211 647702856
286454123 355934760 727288084 532531938
950723102 501297241 114814323 556021025
887677491 615803237 356401741 984088828
359367538 384989397 956473564 387227295
893638936 220721174 499807015 54594664
685972514 661860668 845485458 4244366
127402367 131276782 724743024 792182575
573434639 986275819 176290155 458361616
692427872 628929576 993154732 775582954
850190733 748638343 807297879 401035827
545435846 802741233 585708192 541644479
797412370 663200990 999783025 906920719
298386669 935905269 952711943 401508777
533850418 363885235 841703642 330688826
629775189 835197618 649065343 778291196
181047560 947753540 290023778 410895319
799206677 249414226 554836160 295012517
112580436 64112903 153664983 735066581
256077712 794594540 670795002 376171473
152686092 849300891 31945857 335158045
278218572 26002563 860034472 437146452
266671325 214923045 459588860 110653484
321536835 777821179 766402223 726935381
123915792 49888882 16778143 660961985
686421941 788173816 608981018 692427420
662232971 92346203 812500043 78817846
135926857 303185 238207389 995079104
856875060 31377767 806361962 216945586
58932500 840356045 755939401 913209045
557378143 769430615 736278658 401178546
556031677 597429813 267935884 153412454
590748500 887879799 519186394 103556280
714335039 989286047 209185348 745148052
878226028 684960989 452321305 741515893
932578540 336228601 442486255 871978409
364895029 664507365 993991813 202055055
14521093 437291378 965210048 472852208
516020010 111434153 504068412 512651932
891482818 480449428 315836210 927277846
739511009 3341523 43666054 934785381
42040670 782829840 413816967 996139431
267436533 9313145 317289446 79109340
29521068 464537126 773855818 643490872
108403434 556227929 990963408 828547731
127076654 518413975 600140083 306287425
433728568 831291358 474369793 858565607
609705522 499701488 998836958 950970757
160933665 120722441 163416542 670268957
734553571 40765885 530409619 482419149
613768216 495892799 193340588 344763935
945358822 48327129 549300569 946708325
981260404 307327030 186111972 953055763
509739440 584857921 612360574 685353517
630503379 959304259 385255275 21765594
947070946 135388 90838963 54978051
113060807 328164916 140579261 419266576
5104692 887458855 482590787 348965627
581007094 693787267 839837065 702181877
703268611 810788078 198421570 130809926
878370312 465006085 158796693 950483486
42822278 930427004 134940309 120856419
450883662 590234608 456016979 459937680
722596475 653887083 499645424 676808605
883959178 773748178 918560722 851852804
564376126 629274640 496476833 291601937
985039612 309516613 569274454 102875977
949301780 463340549 243500510 324925633
226371360 774057139 941096448 47763039
367726900 636106653 148081656 643645895
537547548 675916772 900375491 658333771
217452125 577608482 209328610 43133793
163620651 995509028 614255146 915981948
250996294 104489619 398295649 982825804
15315729 402447778 516592022 810398681
840877644 475796774 265342897 302832831
628455758 365815139 887611875 626528994
358584168 399099716 475120832 125462382
55610280 608850606 536367491 852732576
433195768 324668135 479099714 289994415
8690112 471272133 761987555 914881229
628613362 75932073 474696451 152158006
10281174 766867199 933256055 375317373
804255952 977438486 263313613 987044052
833266427 588151819 645815147 536307643
834424130 618420154 801458882 884114229
175717704 216799326 267947222 318499828
449625181 378777995 380555613 648857192
190540113 551282786 865315879 353368102
273926433 722465583 41710627 134156845
949875832 390321510 229812505 669838779
812494677 453173898 952476510 525215800
713723766 919390524 452595368 527834242
789094454 537132509 403375783 279358460
775733636 959510371 98375071 969258085
575641742 671881323 937862198 551548260
14666774 38711167 498217529 609125663
48702793 166688564 285016568 509122663
380252620 765361239 652904983 583240773
833889509 705952404 327723503 939737925
663714147 918164940 635536110 883986082
780100794 520602610 540172902 778429440
379530438 636625103 954728192 96667705
987845873 181728202 572937150 882761898
856170720 110650348 112246666 17714293
575721733 611048304 500876194 508953330
541380141 976605839 801673927 749264692
384496382 336428612 571113234 378645079
713608915 956312236 561020097 164674941
447238640 866456487 707862425 348074442
615088167 147442984 470561390 731497265
559258373 832361269 707491752 817390890
952922451 398941184 532255319 220678713
325592381 226001439 583995749 309021846
530968515 573508828 588485071 186424424
719287711 206423894 29804600 370476503
303050527 620484577 58833583 278492669
110680188 902930067 161881967 728118289
194716634 428388363 651566681 100021112
546148891 968532618 367070324 800681654
615902050 320293423 566071209 27170175
212410237 211828074 284280905 461613130
704881535 390454447 118144488 365030085
949457285 697097778 318698702 120858744
640816946 228334375 105212507 298962569
209677960 270266260 776813264 635899671
100891715 253361959 27505498 755724087
903564175 492951843 976085605 514296156
579569085 730742657 249356843 222231998
781508202 548489665 774303967 981737680
18269360 195482709 756083822 594028353
561366051 896027045 916361706 276011568
378456890 635452306 284413372 295658511
288097320 699537907 853727632 128331476
2727856 787430300 883054936 214595171
334456043 151224353 833832099 896317382
428510070 162787170 647530232 155601517
399616558 361756765 32513985 540126836
723803168 310751558 605752872 966972272
539572243 693972051 694695568 999826980
710102247 622220171 908595589 990988157
376636404 893528549 449768379 179929393
38940338 499183934 173620291 396251918
135216161 226885072 389178022 488940169
304228783 714208377 241312338 629595791
179388060 298960163 22559215 980282654
438474766 177739978 810150117 859606817
122103371 707955564 977077235 911639559
701224617 905211556 974019465 146862055
695174061 230885862 393089845 94331833
241713349 646735303 121898192 508569688
480251137 477398044 838970297 274588829
317817516 44349120 889404305 651728571
83125550 739479921 413349252 421150937
81070567 818507262 986290150 331045031
183280617 331955938 425512452 953304243
540207067 984013131 178392630 722577367
719723917 207771196 442865265 511116236
997858184 996716242 754869329 86443162
70066033 172672987 234619210 211193481
581384427 761964458 383125129 244462718
921267336 559757521 588749247 965138749
725251796 59665424 560131457 648953619
919905859 991505045 88617304 595006854
557644105 647760102 388802904 444047886
610738924 810451792 976256810 443919232
846571893 419492666 224444292 992971294
552526362 195161994 21424878 616323179
394188720 163463370 48404079 526235701
252812602 397133913 392765591 662948767
846510173 486628767 835026624 120998379
262743663 337637134 118151423 232458605
192717167 327749282 545428741 627860815
256717862 945907064 329034054 859307186
816044361 772646424 357511121 200247146
818073731 364043825 392668857 763833684
96059595 409514993 705873791 307201896
944274385 289076086 183522224 584218354
825034917 494705111 893186056 704150439
219966599 465020237 450378289 216084633
458123229 391304112 86625598 796754826
983645088 593732021 312114184 280776476
224988695 232127252 570764984 919635318
356942654 395052646 165765164 856727045
384670155 901837752 556087360 19154438
49469196 14914671 288322525 308095062
782940231 269426687 282206820 575317729
559598110 433516887 958415596 189704651
298240733 230134498 153210721 266301543
887484377 388252364 984879572 461347189
622710794 259457529 825860477 999116147
63519292 308979883 532642193 331693036
325956062 37075192 851921688 69006098
923710904 380155846 440985265 898580877
177753390 309287023 164191401 373072211
507069100 987435766 877480470 931565597
525182788 80820232 740898925 288090597
864967710 623335102 536527123 432148120
564835835 835854840 526884496 773288850
959410687 798751085 683007733 308102745
20568770 869735113 190392098 964891722
521504021 522219704 552691466 547473052
750623054 360787533 918031956 323525304
48839825 21701769 758482524 926744399
80361135 507435537 323982382 181146633
687450753 123735933 730606723 838050892
403917796 21124911 951211733 375869601
187133605 277420172 710439646 65192525
872589820 802877228 479899716 156058571
354070081 785135235 403902396 377622660
378978510 683045870 93406245 878855631
721007151 370294210 70336197 328324857
331371451 657616364 72337127 47221875
789078613 793168862 706495310 934777605
103774538 768260465 285919882 290318225
416466597 374680289 162130006 446574000
948831936 585488882 492372547 525973724
459331055 408555590 526995152 464218682
628223970 377668946 107232696 76956308
273049688 736859596 290266761 301026815
470636758 106272630 801006140 971672243
364265199 39537601 625758646 637932120
963973202 275727920 316619312 304906763
71815978 698567866 630360360 154551872
888441554 178485453 310762514 639025347
151958859 618996704 591627406 321123644
154798179 517136037 469060932 418595357
729526244 681616265 180074029 123197503
483075039 813389426 414441354 736651176
728893778 626181635 757024261 88998272
722094790 580744584 753938091 805361420
256794101 62090353 540332741 314538956
214722125 970216597 667636799 463287597
987611645 283624604 308784222 849407330
617085453 278408234 342756726 43121246
256551025 470286381 938591620 496911500
638037911 669563134 496626140 169261673
260341480 487287378 694517174 827497926
331592332 95467928 941242491 928179341
608575287 221898672 892660030 769995363
187556446 821946523 473410892 800822049
34474764 530100386 820313242 294647893
277885861 362128336 525388459 14552692
31778890 977850713 986752999 877321054
403812209 181281042 159019462 440313602
416677649 167253600 351844325 176385588
801515282 481388670 292188533 848311777
908466627 460260765 64634371 755561888
796685345 863829237 865140188 138283378
768594381 124463347 42273645 415788558
255003282 723654583 721776548 426647844
76451973 846160027 434977260 51067477
954429665 428511373 772131491 160133465
331600443 154762305 846157145 190229215
615719005 128684341 498232585 850347780
960721182 636190325 913063736 709751366
927799729 725048956 838049299 503184906
179826219 230459375 487443608 98290024
44716934 103963855 72993912 284450051
842434593 934670958 606245037 636565249
222264504 425727779 338434032 507988537
381484636 258087897 550159055 817129923
91914497 196617364 724417540 209803864
745877069 887336341 527654312 438948162
434444453 12558772 442125569 357546940
865495798 599556811 982243015 317869205
910643630 198089128 177157478 684305960
817916322 982614202 265834105 538242648
489205152 904896103 360743023 365094894
118670511 136104948 250117140 623241742
638776326 941033299 527090408 126672831
904066807 167178282 256591253 182760254
437426958 400233560 820105613 918343694
935310617 183145643 863707752 220400042
526962024 474663832 120117828 153933231
547564444 170722022 621260487 949443733
222289274 618229490 412687647 661314897
731595591 418540623 229272726 6983421
559677077 70279636 265339045 303580394
240905651 160915464 145683786 492958065
402800418 957777315 127591454 950742598
862746258 698351195 640481731 814580244
349094231 539197628 901724711 377326631
202751175 456824209 504833494 641287108
602940223 842983130 774896725 264127604
827337858 204389211 603511916 584254397
742120038 899427586 667409510 295543527
841704532 501554240 300169863 529840284
996931151 75240761 262025898 191085917
487139974 361207431 279111808 886320031
612772561 359247307 86376233 145725350
822352057 491718046 981917772 423264253
292370558 129011598 492892924 333227782
36739580 521864484 162715113 899825718
287667603 156592556 237409476 568163185
852597661 564563849 682056938 709970110
839623920 80505169 992910292 990645133
158201647 299298401 8464078 856537878
923920997 79189073 622054402 118012546
638120992 186538599 963573994 981076113
127122342 212624494 772848629 616173497
314253824 986509185 946949824 11746096
227480997 522413323 949004165 935895250
727236152 916377552 206260078 633913613
413085320 88083700 394155073 61800430
332037802 500943150 230150480 153650674
440804889 944290609 714665011 972580189
519525437 390894420 318882596 584768074
563952169 210790070 639053955 608450380
73743334 753172538 970199097 949788242
258354227 169746939 263835334 176227999
942429620 684877190 27557026 901721273
236394484 360639051 346822112 841322014
823576721 731730209 304983628 160041230
530740145 228825419 331827783 237676604
758573205 179364117 649417369 202651562
215394631 977842388 523477395 848718268
808264409 125456070 713754332 228381428
617238701 551680124 697267627 487490143
942084145 61376132 90474321 268810767
175121926 567238794 234228908 110397206
403390845 169230943 222633298 821547958
966292833 132048700 673789196 481606276
665242183 760297349 195372685 525817373
871858238 809800567 695129672 529724279
4321922 753679168 771552720 698239468
438161023 84971689 971813560 551327435
236815557 12845516 717259048 867509564
275625322 856849679 211443657 630905192
861208245 699078432 671387352 962853500
108082345 399147434 336610975 824574498
977302829 139524346 206308503 603935458
797513017 113567727 550421753 45058934
257420467 177609288 19069685 390056894
113638028 478361451 986939082 996857196
740165042 484251947 698551975 83979725
199362522 52088847 607727464 338625161
428740006 150891936 262615985 774772837
49606659 420664164 814260775 216123171
465022098 207618022 666090391 771591179
514890991 712466748 633661541 834649374
637345967 213294561 863457588 987938675
550865853 947725116 373939283 330491569
244356921 94308296 848981130 100618309
246196884 687037437 252296839 17941012
68809904 698992505 655837300 870565596
652740492 619835110 760132540 59627473
15054213 251348209 755537461 729483286
38962350 749363586 297186750 366719294
721814963 875174562 591930420 587781558
66668066 403354824 8167498 565896950
983316614 514910351 765327833 264358223
834924226 658306173 813541233 218602193
964369262 984557087 540116754 461651671
959791139 514118295 782224245 322273368
44009845 791903387 317447159 906495243
945098501 212648450 238102597 266325037
433056685 787584229 827978280 185153613
699531517 489956182 118642937 155800368
210939562 986210999 737690280 266063312
312182157 780996784 249231527 255337216
360450990 935219110 942869863 970734283
495849388 517154610 987599010 360558001
617258292 687195055 459690956 821722542
642957380 396437301 214249127 579135373
582046505 491754240 264826004 883211718
41215368 416765698 65295574 200907363
441662589 20598386 543818086 270199329
52086308 401586154 400634601 531051735
697791629 987864860 596813795 833189871
710011378 882434021 609940885 989460241
92570639 434240598 669501874 410716216
174292151 564634166 833390921 65406495
893173936 139682866 913925255 88262368
361725480 618508128 580419937 388735830
352191475 302573493 497269665 522253187
969413583 497595170 97588720 770368236
545816124 341423107 402492912 753195151
729656126 484786562 551373596 90932767
323279040 796424628 216582614 486856316
827912627 186594454 889578212 791905029
450347278 437618447 106559369 236940209
161517118 873833324 934841384 325752964
183103749 305185884 105055898 183952274
293122964 780434972 438735425 160217354
175935928 138632481 50365379 607870870
784724581 612233385 407062131 125073688
429320818 744408644 461110574 994248400
653797990 246854109 46772503 783481206
996762624 963438231 959473798 341381436
582863175 707172055 601728641 192354902
617282857 897523122 532202789 128705331
397514370 431708521 80821398 789791983
520982678 215841977 40356287 939827147
594496952 556870336 712604394 649675804
106436964 57754032 1278281 73650524
933786623 168480436 106102757 915446012
178503235 531640095 684235090 997695821
503406324 19248013 870208436 826235345
869489446 863860273 636133425 239354670
143455290 222183841 172305218 975956743
865523049 95047329 987441040 764795211
657764446 372055877 57700464 179807623
147747502 443226283 186951674 466035815
636599785 336249443 36181495 470981677
227131085 959526834 644882150 493591139
254682435 608039677 331673730 340914645
115860139 397800015 940610399 495008749
331335543 598148800 80946043 583848782
929043629 194768405 113059989 701649638
557114877 293292948 541781033 802579736
904266040 430218901 296689196 597765918
757772004 535600716 511105557 924038822
367079385 78928044 297447229 95257327
453915171 969992351 933479793 683861847
243896538 205006911 315386980 183060096
500682309 374261941 468872733 910584459
199553397 105944441 179397846 890916390
932235683 378063609 859263263 323499302
910920690 440550226 189151827 85505956
711011249 808444264 959536784 119275096
794555976 353070936 588520447 681476014
360287685 22418910 671418880 453532749
669621304 982986376 286695558 155131229
266947842 614423407 67874872 399729695
515919839 49603334 109939457 646065047
437007146 183496635 12016216 32065501
481679176 342774120 85253289 917328065
342090155 36203882 817600322 571504434
576051132 474325971 418519688 656615456
31457013 440892113 166870562 722336062
589787949 567849788 431338725 720631293
813465030 250650498 65588879 995933095
84339003 796734809 402355293 891523670
52930099 412796062 461547861 474158886
452761410 681599980 274507925 532213117
671561642 959982220 724359859 214321739
369046202 21654736 78883834 415742573
755822745 893669471 475482251 937828443
356295209 31277771 131193702 787716422
425683131 395628353 30382753 553409459
865376862 330671190 958108406 910016505
684306038 977233251 425325277 731824456
400566480 85317555 728996483 944912982
615419876 579453777 572134623 373695813
977144937 810215820 234009471 112330667
566373077 253058295 480747694 769073887
905317926 319743528 653478618 470866202
641145030 493868329 519654549 421515740
123762720 967374075 123214143 444809848
576034269 956691230 987128999 87562669
154735043 767788130 720334739 170452441
801690008 307298201 111306110 559685286
726800227 620393864 765150069 287955973
314568908 960135442 869991459 949796529
451146926 616922456 278559913 256660692
72369478 166231076 467169500 954591054
335121878 611458791 723268923 478409451
143881591 659106757 417971848 716304637
891248290 360942466 173514936 625556488
65573828 6284562 195897158 144767672
910671390 146104235 879924797 697752353
382965591 549212092 850832217 339435854
82992022 293653655 496040131 613541780
741731458 899969446 284021157 879095010
465566245 325818351 334088731 663015360
498647506 733985008 917598598 409946922
128563260 13833016 932165586 510693040
817458212 193647420 2075129 724936986
998664648 723193827 976824172 82791748
373496586 809025923 793438100 78244217
596594089 528846752 8364704 920431007
608002501 520147544 911079477 374092698
483492877 244540145 762198716 723082643
571760742 82465303 808599927 5062414
479124357 928219809 950725284 180822035
128424975 566050269 384640891 937858737
182476144 193887668 152180216 136512010
523648608 764841179 932818559 553459965
879253393 351249709 139410798 48532813
178674415 211081089 273416438 896136398
977944837 184391453 902708254 283271598
963448229 463985891 400739487 186863818
516926665 856795 468660447 851649460
813699983 260428624 413450313 891603004
932800793 716769897 143070922 66959076
698855987 537418904 186971495 26675801
378113182 645693326 652489471 788444226
317702321 846843784 840153181 603050098
673945749 529131573 168474015 617684321
437089978 550757204 200678286 422382191
793828507 143376883 336428998 993124382
767634064 747314172 125850037 700544843
134283945 282498693 124094525 623905556
343553821 627640188 230226253 255115926
57143475 263349323 48652053 174774994
203916870 809923504 252794079 164515260
996718867 417292080 75192284 347265130
298542104 138834809 764478460 485424106
510757439 717801520 896266817 109428201
598481580 996665989 369200058 688696618
10211839 756449561 531744968 565906033
792691672 718046051 244843069 369936222
123446567 676788707 202159645 453287669
182873303 861714179 980478787 405325711
742246146 516430140 682279159 690133133
987414613 884963073 169390877 77694367
558287210 674884638 585231634 312839418
277290259 590399244 828647693 792367522
571557526 430231690 826102988 307272058
683981576 722398726 869670338 170281878
835123803 887991274 371200795 284758868
542470486 125757563 806410782 724206063
733598928 484280580 212055490 536992686
932692446 724545280 42264447 425905064
679372256 684682246 521322216 735190820
155147842 301584953 453302108 718091699
749252201 919325717 995603854 310421097
378370269 715093104 335778338 345303050
773956120 984146254 934497707 96898545
308650577 682878430 363210000 587318100
802630244 516330003 83226069 676427303
906235948 257617519 92677496 668597176
334267724 225727707 159883064 286141043
9359129 151921289 433387624 434576076
128286115 28306943 767188906 996965162
940617237 625623685 933569507 610816837
964957286 982788986 551477426 148378869
135276206 997664903 836608331 776184773
216768336 662529510 686512527 524885320
363975785 607257871 983049636 541284378
624346200 940358140 116568229 261169779
154018041 989916800 804334738 885956137
236499705 405233732 682134088 899068521
84113346 952898540 757602450 32880588
868475026 379111216 150135513 793726974
297982815 481935384 664263049 609947984
401884234 26297662 947486413 949393790
964903966 423036752 558616692 868063593
620640005 515840568 483650174 679605524
518849222 138125195 310744456 431003379
115633428 653002137 661189552 39814798
453511673 160701344 674051310 339547681
920787918 739445568 186727819 509424635
705370423 234776217 816125699 772259849
22753877 195615386 735957954 998907142
460192510 526483569 341673846 160302008
943859970 803180199 108793586 698822677
129894985 622441212 62285972 194477742
200084844 611647106 698448568 677566788
940796084 208442047 888588839 435572720
614479277 258161995 819788818 967153689
947497359 82392379 748774619 555281023
970206547 903045080 872447813 205405767
978773654 622962486 138273997 369965113
706650964 25186744 694060410 219334294
94743054 689369434 792995526 152647473
858142392 427852196 296258634 67874792
153578266 292612681 334856220 843134638
32663615 994174434 14203793 157924179
464246406 898379071 847907070 409175059
596310895 146620116 753867255 333459438
422690450 181079764 121664805 895389734
801313639 68419835 42991592 76395668
291022128 363300003 399237378 468915378
10579980 417936293 466088052 872659077
863402375 252980125 545315699 699261028
976547004 137806836 788110194 522385760
249420847 812411691 80081998 922001388
626404236 170602460 636669284 142711277
538581849 248354268 578538869 193434865
943293486 642675455 598046856 248111426
954611355 621704241 52728412 279067775
875077474 387390266 113950189 150671627
576262984 173031460 864969367 694629673
219931690 604032867 504305909 924622506
419083288 599321265 337307703 732211784
245649847 529563595 508297670 754638594
648337951 960335791 180847303 580379209
570544175 698008460 216268076 362152737
975917823 512188331 115457202 739445057
401910474 64102798 907693487 453297130
76446736 995874972 975965755 554605171
628740930 574301276 572555168 673328302
105151075 866058177 210472758 547986416
295247914 925916859 203398124 337664059
413611725 407909308 893406472 272300801
511607294 316387566 479553799 929619279
699280442 232470569 427915094 91536886
348056463 922501072 52461498 931492614
169687668 116632764 149567523 853058865
600822808 210082144 566670338 450292281
722574514 990481193 756798430 228346271
691144261 965604748 815626750 869461161
512557546 203516906 698434634 324609582
71306396 183741628 858919898 610373253
203035111 812361645 237166188 335280814
332201566 730850925 393296112 106293029
853399493 773088072 241963961 600013903
194805277 573976756 397821908 106073245
737691067 889889181 755749422 717448794
58965626 210139064 568148038 53972192
60605080 172792490 998203039 833690582
150429193 227759252 61130671 910729168
715008806 625758409 654590208 850689138
30805199 366270556 7065482 306513863
891923934 520593854 741032825 969257366
313070154 118136245 538528487 98523545
443350915 357610096 762014577 914900091
260565439 812845888 770004620 742658818
427923520 775865766 566045990 668804578
700775097 319831214 9771915 781200238
740379373 132849510 544384968 835830297
420567970 583264272 612525108 781841584
685850577 72748244 761408208 615227765
348881296 198732037 640697192 830675030
467392340 769786042 389004367 446898702
349603853 169233954 587389428 954917386
864193817 71359293 783802366 936027269
696001106 41099280 139861465 582881270
269988710 826594150 788244610 788051017
598442144 29185582 319159909 779827825
400326733 184889543 531741247 350853834
259237351 749649697 914558628 235783927
545971391 253737602 209884781 838685375
996677728 197728834 34492299 827833846
561461400 63314166 10545089 639006218
443903812 197027647 782858742 533522424
374977673 248306313 199495410 990875316
577988916 729856751 197580255 773305964
57086695 940026170 542500135 292170858
223429199 963497198 502144004 778304855
679317723 810628975 792430901 155628818
296824512 409606061 303222763 149096213
347426462 243645486 958392413 262670560
80542886 20254514 25164305 883864472
64616840 259920417 157626498 411837796
346822169 565629000 880297607 913966345
803328655 178474933 862251796 985128632
67290439 528586966 356396159 318836491
676353990 317191597 85153770 217582226
700633773 619008289 353969245 847314255
651734792 75291967 206493802 5127700
793450952 981744322 797689392 817981620
690417743 326162715 478423941 714962090
215687921 35650164 491033494 80668513
751241276 761710384 291863569 109624349
57620430 653859334 419197892 346639233
326055943 487970338 146116981 829328903
795595954 802551490 719829780 528221968
448571997 448803982 882756669 403171196
403705971 462077065 379375999 956144447
416030169 991391686 648115250 251771179
583873084 785166376 519386293 170531586
61208953 991167674 832954901 188150740
836927639 692886181 581705000 915147717
2831312 863776063 725972823 855127372
410460083 152931341 849620819 892497707
668050056 747261347 72676100 773735213
413988239 343284534 970899317 186342858
65694527 986362774 383097715 712522469
562144387 261641819 319867986 173388633
836818900 98798475 776738240 193209436
400730881 20309945 519922938 928624491
818573391 434488936 227459685 445791124
87224285 331086000 688695156 476721543
378926612 621028988 507271814 167235012
112746193 271476859 242017601 943992064
292225132 46096366 235339886 34210445
944090885 776273811 183713179 383427928
248181877 612431244 683166532 75729225
451280307 841485140 248925992 591762223
553758886 40924174 684221643 617638777
357725134 625821651 947753293 294925360
241145164 935915578 422455343 888364931
3323164 78484872 537456351 820723693
633535621 931877479 395161852 403446897
543844023 244871889 364508774 421870937
968015645 614391681 366388599 924655431
913481097 700794804 418937725 281370839
635819956 460255206 124313815 747283197
901132827 820935178 941075698 697303433
953633598 504005636 963339542 668371997
129928417 756503378 530634753 235753493
923614163 824047778 285149562 250766217
552196665 467390375 536133361 167474683
414634670 399764884 149857843 498572987
998046096 488564517 87927629 603260067
444811742 610165968 926753978 611437805
285099251 839271979 84370255 866359233
858995035 866795754 619981710 362977369
627204679 762336897 134144637 770841651
847684049 140953850 889942132 914425446
198496379 210471323 351547358 480588083
951289860 472245000 443335190 149602647
838973210 608729859 787304847 536321776
551650670 511613185 400161982 909888441
85839653 949607679 343554189 132231583
218877326 682113777 594803356 416224172
259817745 699945057 487075622 733375173
761262949 877546722 61353388 315942754
363387775 899255685 861275921 323229994
540919428 787483314 52867201 725186107
57789992 59740077 406831322 806640279
993998438 857762712 800471397 293155072
232958938 239700830 338024382 42016277
251558357 39559417 351884704 519080453
119816358 476968080 738519319 743011395
857327858 594879486 485091083 803093810
723217352 176489812 461925813 616007966
111317443 178006112 936095689 594293125
320156087 42198069 686684965 37752437
507524416 392639068 515223170 239375306
327669847 123482851 514802429 700078662
961521741 880644847 127687545 689190713
923020941 642893132 139849965 625441072
989163546 794981044 169401296 245037788
776133554 528944700 91762348 175860219
894042062 253843602 255434380 59847892
691535225 294323383 863851658 966218743
67025347 646724953 389650908 403538273
301894251 18656670 305253445 354474526
980489243 129831460 158958024 664449752
714239450 453833084 879624904 150665288
500025229 703179874 322381034 789028939
629581291 605911585 596561123 356224111
739864587 872667813 619506757 206264886
553305372 539787357 39035882 371045691
364086740 240397174 869833254 489288604
219510937 370894502 864027570 168617999
761668376 82852805 949857361 510146635
836919025 988676877 346871636 959256134
910765615 148561894 987075924 173938203
566162816 758962038 894903762 470152581
295884824 536042570 646246722 787294740
91993377 946661999 725599582 522260606
253717184 988041168 576669038 62974217
545241213 232711441 941447580 40801525
270029879 739710898 187020975 674097682
445034220 54088369 368628973 23133666
253241420 142847736 68344937 7168409
530260746 270577490 934283899 145544446
183749368 452096267 101187818 408606741
908990456 217545480 381900976 986312236
512062160 982470494 920036674 590782788
896969898 720140552 360977822 169501104
415205914 374368986 470455660 679518945
829628434 704844891 315962977 429628980
480323403 279292503 738460133 422451853
394258057 462147741 377137762 887258745
249876880 948002223 992767511 940571680
22884946 568032110 523025684 559411739
342400915 450439536 341461769 725204443
754446810 168729608 903110951 490998169
590334007 534220222 485856 84136824
153269355 262028294 300464169 12620453
359756758 482841709 357133741 206423888
872636441 186188360 491764503 798874352
96362167 581115334 570750038 668176568
321957677 368929339 208663049 851926202
340413040 651420512 718232242 387371846
707627558 34864065 492059338 748827411
4238331 667413623 327962319 309831782
62910001 806391839 280213999 408016071
379038279 9210048 301321796 140720367
778441019 130039747 144677013 888251878
16622505 839346874 62365886 73053490
890534827 840957497 630811401 767660746
612577675 581504093 875032391 768114437
331935204 218198215 996043609 662647441
401842706 150751524 740301618 171400315
654324130 996704564 756678816 279826388
609784039 110585352 413194829 324972152
71943892 268070924 808743847 231865811
27410530 129242178 67378702 379665359
451376514 953160974 825024515 367770778
219045939 74879276 83520425 655226271
522018458 126738677 151056526 653517208
562834777 302255182 318203717 376246944
577862380 120490966 304696105 124870536
170165865 667138333 350273617 121696228
457478080 570784295 678951434 534109768
938804484 927174988 372813638 693698319
819877602 183272842 547897146 100174972
571155130 402560758 132379260 403338732
960814673 554090465 578938889 216595964
252515700 442881473 711477365 639770688
938039858 18334851 552112267 734593185
329985064 417022873 51013839 203960141
210414609 413296164 400696463 895110948
258291114 475202808 988310531 608506691
811204791 175835282 735235857 357243092
24154002 741390441 805442749 318965964
248839192 527829108 962586351 870620897
827159401 195409175 707563470 739694571
153210858 819049248 888975445 920458032
415778731 532033907 808289954 55364951
457630098 927140098 38718353 288930799
832939100 50615373 795386245 246732845
899777472 868164153 891500325 409489076
689312984 120210002 561547100 153342638
904318228 857497308 198507066 63965559
853560132 860053413 759311875 757389089
231517091 916053482 190414989 618203123
591070498 93591376 785772090 274216290
398346794 613121088 81620672 476191781
579059819 2963088 771269005 25632512
416433441 984367616 380958522 234405637
65291477 406460464 67232441 622094082
356852081 991491208 194690645 311175121
804714082 922532209 797666221 579437209
521717526 286802261 210929894 746656020
664297670 29395106 503151708 755426247
674595412 612367704 918006014 686365427
884624616 793938759 292417476 751459201
82497253 21037460 766621704 950616066
663863745 288483051 333177298 765558877
609524321 256259769 34912114 806327493
177883961 589799551 666224927 467716555
362521070 692249146 341823092 456330191
822402833 9941811 814776069 419204186
410993336 477334170 384674848 944922154
813922156 27260774 335477016 61510907
671854202 789207143 705274536 362697595
690972186 600213394 246477569 921394904
817597464 621293643 967401350 844230288
130118054 829613332 629955556 323031294
569375959 775846744 683818384 286527563
821789901 474224231 284176584 820049603
823828811 598079812 489543018 477817332
147263696 318758763 604941463 893717746
220180539 432492436 682860212 986487611
756485494 29185542 635837526 854978125
903711163 153635087 334659302 505587119
436636079 285555426 722139987 857189373
174319512 470304117 488119722 394575198
240107996 8601364 256896601 345942328
675418225 20287722 770536338 376126086
457359743 10060175 43396911 182012008
222165689 37875797 91308170 650079433
230028252 726073318 230822606 610968565
435601572 402262402 840816028 771961042
277836899 789633205 77151743 827682062
855957831 811294778 370345142 874155212
592724382 438734144 537593658 821102719
734638043 155358230 421452391 382448426
962648652 868765288 670124115 749885464
752909896 325587072 630812219 274070986
986559834 172970642 770846516 364007427
153219028 871409925 637508890 418305866
719693249 248529677 613751623 628382073
536850676 569416450 990248354 367487950
244259448 577948193 684608837 731682174
565964875 918220526 311362509 906141485
886228099 410099910 465309150 254719097
236621946 745877381 299443848 658895703
617637525 355735910 243058473 276034840
387592473 390184529 121828991 835038889
131243811 988413478 216020818 499259727
154432792 345244893 83673932 862631160
579397850 937238143 996714761 251255834
536725402 13099020 713678330 754817606
184903572 703665998 832625603 915678577
745902924 622111520 59029038 257214045
804851255 227161476 323960483 325514054
233631758 59048891 473770550 589090656
833311547 868513293 147900137 699600753
105280450 192298813 112615021 803777949
974777316 417839412 13805178 585986792
631385346 62484245 900581932 590582258
226033352 395804800 778001026 618591237
266159750 398449525 77705278 389413941
536194636 689299403 531801010 749554396
463699315 578061334 418788777 474075648
436783543 265257961 753298111 155367872
487437802 521469308 872746908 895636943
346367553 841178847 521706091 136547842
414009423 910666209 580395995 577920032
422125981 454400242 866311407 567728388
218344776 108540676 555121753 990035660
271684806 425885208 318184875 159907279
271654047 333071829 290703767 996928459
807737059 461024653 857217947 528166613
631789548 512853607 415841147 226252906
398537495 240800513 755213755 265390334
763198320 811147566 915692757 676005150
791168477 590272118 461053490 617393608
771508995 37202963 555694864 12751681
679215339 608669216 145048004 380107502
928379351 692409144 156821552 448699364
55422463 311797362 340508080 888102457
314314858 25178664 70612809 663382304
338331333 1559672 974285492 364227985
948004494 554749658 791761854 258017450
665149085 725014023 35276408 66618487
169571259 957031012 382657233 256975229
707988724 628556709 305482859 837588568
943771121 169965567 833737417 740692137
210097726 516681161 55606108 238262756
754959439 460972234 935328505 63640792
676443128 857762311 18796778 821519383
108027665 857255873 255413533 102268884
346969470 234418228 553881152 462029119
972762070 471453919 315847239 844670177
113952162 569049904 309297004 514844451
510394083 232208909 17697456 38423203
548028642 281888933 413085660 93814449
733555870 530116125 28178726 995494951
107866121 415132867 682386575 982632178
413630434 839924575 692380904 490738015
504568690 66252850 425073191 38827099
762518604 523060332 393918944 523507640
885526329 743276327 837010581 3365407
612405502 466028052 814288023 766698365
980792304 296763908 522963099 298909659
891018727 302267062 690911625 506561682
875105759 145426377 137576653 315314473
955651603 537241993 663520676 286024178
892370011 702209102 454597343 899535187
285629431 593169481 114726290 985151604
605380460 996619532 43358615 702660055
333666076 756865197 887778103 574492824
547559978 794007525 886952615 734291168
70733769 834160169 582270398 528228468
468657802 438899640 864002954 885437447
338622760 810645915 851359276 130939822
735819250 103582185 965046910 11907314
654885168 775121101 324717205 933954268
100500721 689242183 770510249 696644392
250571578 920634752 766188257 148771718
987086668 898598712 92638059 483753880
190577366 674088034 743500437 11341758
989671586 313349621 177609042 152021789
554376662 38795896 641133503 406198804
212726791 762382838 466168404 855763772
746828748 121349430 650323122 214596677
594151814 472654684 602047310 796210351
874954810 405881853 684010597 210212406
796015128 47311426 966930511 896111338
127157937 895704286 613186634 902305928
972489860 246454838 50725721 748813820
256998704 336727983 96656082 614337412
228614589 905861529 535832635 571112994
977038446 690179661 792062858 474419018
817953814 797240844 575990157 504695477
446101902 612227217 313907244 976557304
293618079 531276045 17345187 741891841
581200239 672578112 780162437 866433223
292377898 421010142 200821447 257043452
880069194 863879473 528341332 509325153
911216687 555835533 930174599 955719000
484143213 4856633 206618499 426906326
731222114 892428478 999723180 373499378
931674978 744038053 471916024 333708004
148300784 450436302 510145125 316024294
654455503 375994454 473595193 585389264
258167404 921913233 883885862 688157104
917103867 924662401 664598752 738357162
461221409 619219766 557825016 891227716
894802494 958488877 179645129 309058903
392335640 561826832 219545080 231256468
640770101 886749134 263039949 10396658
852790443 845433299 372889368 358804630
336407747 875438787 19791154 416874680
481176673 748493414 195012871 551924856
366044359 308422846 434182738 616033941
163630950 646192264 679265219 866915930
36880673 604852419 829742045 834725414
677807450 319718733 273554276 797914746
786944362 411423778 764020963 665888639
502144594 279255925 529066213 617368988
540186208 677188824 712503596 199981973
471300608 191122057 468157454 539052550
960526750 876196732 359428701 605312257
525351729 82567502 463639076 62836576
223310764 6540637 741499905 752117373
156410793 983882147 339517688 594544992
459508029 238977039 881316472 601302602
398902656 921477755 355635426 457789922
670641583 171019288 776035386 244772755
202356936 934795247 770545881 715921503
416069104 498615582 326261930 892284863
190541994 568738561 503589893 774033080
232794125 645714861 580416555 446553900
389089387 149556687 831725493 251713600
638937772 264445535 899997441 110280745
453356277 325609679 141129701 367000689
24852170 156472675 989395290 116506065
459680770 985459717 958051993 267152377
866756427 367473056 642160991 951050958
979156163 745952384 60187462 721142933
323035375 658764382 98855403 537099790
791611293 395808173 618635140 782118940
115826213 716515106 708167138 432926
988528845 668749698 487983025 234510645
478201921 727162048 776437845 338236124
73283754 351158112 135603630 713526134
420380497 342987186 474350742 907931432
577756817 641611643 221907285 489392743
763236468 139362158 355849227 480945345
532242670 417358209 884412200 409102911
822030600 827387425 233788990 558338985
201957816 925510638 674438170 955030688
739189446 434104696 390112769 321833482
317071758 590064323 87313635 392590712
708063117 511195763 416209695 190182358
234813825 702949756 842266371 906791942
143255608 82445979 18070021 510865245
48770849 93009183 470788070 427652142
880469504 357667103 52100339 143636061
774587287 457931665 615311410 612479994
175715745 191417889 164797705 845175752
156906959 932095685 258591776 138065785
397335994 601194712 917730038 178327734
585115445 913903724 353297045 521935009
529887954 203371154 758288494 476005621
336699226 313248099 207001796 538546386
420761936 292066451 757385609 59582918
580524718 565890799 759838860 497585251
718471746 115502734 909337502 135618856
60224688 184615394 824668425 922388115
895545510 245208167 421715266 798989844
859268847 125170879 302337779 972121029
52378251 475744976 142738778 224718932
224952160 290409909 241955520 439449356
970052078 473892194 354417605 307586166
114519368 119587051 516252279 693484594
79001719 761947059 952271978 312417777
536257583 138172615 460888886 932357414
470661660 376660163 479748321 801738674
493472999 834703100 859952206 271686321
141935634 937386412 998147195 455588122
143156643 504416810 230835220 438235870
345053500 21775595 470491254 181924719
324005670 730093791 362467765 988797231
781451638 731037756 510453007 660582807
976045220 212861477 460729075 161523489
204577445 557895764 578883427 261335103
149268508 250033669 659094139 304155263
77656624 655608510 198688457 83422738
42087488 88205162 951903289 591460
847342659 894620701 893908644 705173732
873041088 541610955 407065596 208146106
384456824 419408008 238155051 365785162
691531982 24337680 620997865 81776866
146507575 426177283 151686398 175647952
363290079 958522826 492159374 975905079
919246473 888225886 954870908 519089538
320854006 294578822 851372540 460121148
612063862 486961352 914323592 475631389
332426150 942700465 973237832 494114966
491180856 350434734 62601136 246111859
213175019 340201991 730009556 306309282
810611677 933442025 62782131 118834730
844391546 45825868 265845313 816654127
478324473 360393392 883074458 2749666
468592216 686424031 14396587 843016347
437520323 989113716 25285318 335364156
366055843 227162769 659763927 669379344
140257943 675933937 303911606 673330201
814252652 800641791 158213062 714892592
580397247 161596942 198112780 317617466
324246318 588670113 352792384 481528986
973866781 369649222 145828041 439885382
577275016 228855929 405254500 896668003
574431957 46704898 969318524 462867865
591485701 107000943 696089167 873422629
872110642 666432965 106416817 877829026
393626218 192604558 782885316 14239980
771478988 146730104 310386362 974680762
42039426 621502924 343426646 964110268
602895916 364401003 934855464 389493869
878543587 304707755 573719173 465712861
945214195 644565394 505084660 222759352
136484145 389758957 208522433 688184862
886093582 671015820 986742342 34881582
914383913 469712448 736895659 437223256
461078901 357018139 913053165 15006904
550895672 170513598 670774893 734602498
849789727 153603106 299234690 265355642
39657182 532254179 783159333 553324123
284267816 254891014 497048458 249960137
641972018 921302831 83830116 236401887
574673965 403416228 470894987 977281646
457612360 456759436 2463613 35744221
723571979 899397084 912968511 836758883
407881200 544225578 612343831 70065036
31570583 50453679 343496464 200943195
87644062 784360046 890963682 556540423
82464180 299189896 413244072 375679498
786444896 583228489 153880126 972388866
417108587 454135698 409196417 809618008
763752376 289635 523717368 248460625
179131660 313758666 488226905 706250805
12428286 425996214 61157364 783017564
728553638 975917171 262677309 186702718
601811340 747659100 743028622 619413328
562484776 742757819 72519879 512812383
896238853 593822453 378819663 100567717
412635199 956702324 518534313 839773378
433662223 689027665 693066301 780200348
88861293 819899904 270008386 912435635
511887737 56599795 946036915 454570464
552783945 793114145 511037484 583499802
17161532 640072351 743285995 392080202
462605222 720978964 212540701 334960607
430873444 779778214 839815354 894918760
960718422 508557093 666977590 901129567
980249390 291976211 132572530 125472998
391063998 19962237 124168762 900192859
637067308 481083537 411002948 737221463
908105885 698945758 52849668 578949193
886684975 261871011 914851770 964975496
686482788 719761676 124516034 436414096
441301306 762486728 303246683 931983484
844788046 216656599 634810863 18515287
673025715 979881031 370522198 35095304
462364601 827860198 379398398 935147709
798885696 911361786 976430618 587293804
498091321 663629879 226180526 595994089
902899611 897111864 934221455 247208287
665163006 134847185 808539296 7053480
145690792 503085728 381147651 456670617
479392604 494371344 231126195 63089848
879862736 109372945 721794393 317423031
777914491 934886901 706610302 19008115
171638714 950048399 61261313 925896450
357849690 956748694 145120992 347679375
154949853 138894075 524681945 984947247
802026736 862632906 843365915 737614793
690011974 404627831 269684662 514505127
191070780 690458914 652830342 213673070
216450931 611953805 452364795 779446116
27275746 768979410 598935485 671310453
814890704 265176807 368349410 908305045
314748994 739352340 531315054 240803614
178052207 877806826 994454189 773457279
727220240 491829257 431873639 952876049
5567103 520851288 995598233 143004686
681896419 384025675 132035095 258896072
891150215 467304144 456906884 9491962
865731545 920066505 963612811 522946248
349769510 936481094 588431847 136295457
58226539 479458615 430280359 408368396
336852419 527945594 980486512 872543544
283236975 517587910 985597096 704778755
445160081 572794123 118540025 905085860
329786928 461488976 828492473 912588295
144472254 643041122 27895189 737647070
179471573 541331881 309706454 308592692
386010876 626100058 803010648 371627761
614633526 912421996 19794865 372355841
588750227 101356812 868030424 373449905
801336105 542366835 72225387 358114570
390707755 949020937 264529560 531377005
964907200 57509039 259748180 319053499
608726706 97365708 724707355 165860274
689048240 91848647 528761058 30789767
511421144 361521140 519063179 912423878
115991493 892730270 245360263 498285720
871398800 588609365 89065699 423109956
533348126 984154483 600898650 419201487
519130195 923428351 969211809 357283037
135341824 449176475 626895040 779111678
833491301 740627628 679206422 436263411
810182859 684851822 632325521 954574969
891071862 322545988 842529625 565603004
681055903 418294783 706891757 895366883
408575231 657426893 87467236 425151083
695412378 879709669 608514898 8024373
176956459 391329060 901720152 290143024
64551973 888269790 564798343 475712545
342552250 432102300 25748146 964602833
312578009 741782308 873714988 359205547
901874868 664632032 310295654 500498504
870188431 155960556 175235095 168495382
860957203 861935091 975328234 738260755
91208761 509848352 525922200 781415304
250123863 302625811 612879284 285560952
794740148 293366661 735975258 576544262
739607521 875209240 521773787 703505183
689222743 90132696 658900470 118099434
49271268 475216447 15977850 919560893
774065895 154263826 473540272 488009671
493964594 678379497 584081010 955785618
425918288 228464287 644799885 966709867
57497480 19342967 250600892 297716855
227084490 290154828 651026447 905092277
243088295 309706012 397993449 576602289
766224612 972545673 703925309 134428214
429147570 910341784 420828756 289240326
107273589 94542688 287311092 323325251
72010606 342683194 151002972 39454741
794076788 787159677 215794376 757734602
153492327 684669620 411220974 254976782
52860589 536869470 562127729 316573059
596543826 395107773 733689499 682868145
11287270 850340283 417443846 250483374
57304695 917794455 316651940 411768190
400594528 608818684 467740939 262726385
14198737 530371116 800364483 181611090
650905738 722525481 455895794 216476146
494560744 385601301 720457220 20920773
428347884 253967181 666040157 714433644
718959949 69083243 27084624 728808681
794605151 499753482 207348749 599001099
225860013 563718563 20665377 121125037
552402356 164193002 114716065 423460606
613178087 148282927 49308542 428486316
351042286 28671992 94282885 520674487
961025936 893755789 378426282 59854756
378110174 963205587 98972569 624411736
713188206 451729035 726620855 392900125
47819173 627482976 538878115 471662036
989442507 828578950 164196513 145012444
164830016 93345417 701284088 117324481
628551405 594146194 269325112 122353082
524696150 560908146 320488939 699691751
325613889 688336118 442277689 688708289
919198434 498534046 792694686 651916102
430064039 778949892 341850134 879624576
405677852 377756694 104215706 203936936
271454888 146784701 695959227 571163414
522604929 812477069 957496625 537951351
235074823 20847523 543042644 10008492
450930034 487275403 559918713 381004280
58568502 205765478 552043062 242664737
720273760 61346414 331043849 371996606
755067705 732686523 149364155 523345310
360827474 441379715 900825759 478792631
724817685 160316743 482310965 742186150
498836226 411475654 74044066 720860162
516892042 828014866 33690142 117878925
457225868 403870567 436847235 362725527
240488063 978223003 756183905 898558733
805109213 49792421 686846226 330887142
881123258 767996006 385712814 822348319
406859834 596297272 239093361 82211712
435000025 911373123 788621367 760140438
526789524 360540303 23553566 501424860
795579989 606481216 959305812 563634270
885537218 411678777 823090084 51183350
433126687 943439418 574335692 615979441
329974389 219334889 916251520 397168552
907239030 118780016 22977517 428416132
676127402 210000292 410964364 624681888
187481620 409463871 376818616 944727506
390136064 722077804 377450581 648069321
6929508 848613289 617472408 295708335
554366579 117552405 417699171 532694513
747804907 174999694 719289598 489103608
845108566 655402346 633826651 713026905
496856402 950504179 924825106 837063512
481953512 997219270 807999574 670342896
38414086 778667603 511926424 965048389
312009773 202714960 593716913 899647675
373467406 210302068 518339220 184694752
227681202 518711125 696925346 962250255
612294709 341988716 338017752 896124495
195316707 405538350 784564292 446434313
97162351 245698697 731359866 634068482
215840135 533159909 762640040 424170908
615561560 548225481 394175764 734370989
211509106 426829311 93292395 249464229
381775845 934952915 727178404 151420952
413618732 345021778 410770118 137130728
900366298 692281422 489144232 11866791
618561318 95103431 407051942 107718488
371630409 211316301 938769836 119160342
242432414 784566778 835607453 86231358
704885347 364128532 958616343 140729759
131909706 54738603 580581236 263141920
984281201 738147728 284315006 928734893
36983517 429841329 299489803 531067734
847933871 867942702 790540460 598597551
902625263 678886572 168481519 661077656
806418026 634211268 373314109 18667182
146722302 72916758 286195821 554031309
447021149 207661178 371220840 377759581
726093885 301338433 655913321 110335065
333107391 783248237 315104615 147478889
646869709 563693410 749963380 475381004
606625107 104953162 271831923 583556659
168008330 768367468 656706726 523144607
895223666 819827305 973962157 140083582
608320340 902171105 876621330 854176935
65204283 840833004 65431155 352542501
339532579 84382706 591776408 625171602
533451343 10635840 634351411 863050388
646063686 736209249 457257260 540328979
659924999 437198374 496671948 26021214
604532061 578026881 549391063 34050497
209762685 845505908 551043221 440111959
718197294 800223797 547470770 83100530
604125131 74389774 112100902 830931336
180025140 999591037 646101126 389048780
894002777 427826200 428848254 818679040
163207951 538529350 511481124 764322461
216920732 252476860 335250051 417831970
244778119 342539117 776996937 846834314
14381811 103082312 89178005 984262901
500365025 394076663 581971171 800745470
789135061 886248120 584387325 89042808
36058680 217865336 96317304 885637977
777087051 295624277 463028255 43364693
831498090 510016572 904012652 307820192
633224216 931147143 88592815 674254741
906813875 877021830 106984621 940349050
120148997 172326341 418131807 513041319
867549276 196865276 269630529 802397261
154357715 58400145 177582057 480157887
127684093 65195818 766525404 406359491
969340679 174072810 831039124 233900776
644111199 711956406 449616536 659548071
35073990 767859921 920641264 886143939
247144203 781063301 778379434 638490120
46426934 715984228 891187525 487371384
578950806 663496723 451000195 894606828
744055648 813002228 860286219 719452943
480255487 849674459 195891968 769059144
981395947 943448304 196509165 340439999
878908845 75932686 587791947 447354980
858449121 6379426 651630467 5055556
527845280 685822021 35930393 880060975
488667090 515155142 434135412 963450740
962610322 327190254 597680503 593583233
991850024 499468421 364959315 138206231
483887046 713746694 583294041 413235789
107156476 228175208 690223376 795201946
831591702 946296170 455728649 715880315
646735052 281230095 771546033 224897249
182237302 798434690 753935373 624951533
701085765 727377079 568929117 160193087
552451982 500266536 514573817 999485927
50161229 226497486 252639270 865269514
406927092 165119058 35034298 454692615
390925317 199115310 992662015 568108543
506875734 14352195 463682055 145225684
729715778 11649752 579486677 995772662
474862025 629450062 997492708 975937265
662162389 985604204 841538292 977603323
330341901 830758795 984584789 186413273
615740064 499346850 304697600 477503007
822418947 290888801 421385531 482121564
593623064 955027986 467213092 685069268
430851367 548825823 346420658 577941399
39451059 144859474 997195892 925870199
754525585 306716057 407664411 533516875
880615859 560476371 723177015 271520358
626245628 618628358 793104209 660065630
115352414 961061864 920212013 85371398
87474454 319691646 265596057 157205005
109973416 502026751 678886337 227369434
747923177 434676643 726495243 191521751
385130437 691291216 369703501 987690143
914826620 642627603 339798111 899260518
53540646 598642791 974425322 539492573
118324081 465961129 921820901 516959477
835165417 770675374 109733961 209746904
832430353 356937447 758275910 297512320
300826548 865109831 588057570 343898899
362804604 60027823 172084009 877781756
482908904 519553870 405255423 515727562
911465325 765841430 345281803 382302334
117385993 808567004 461799940 62871603
948274278 515265127 361223020 591179538
679779278 173853229 995601871 301213842
706304586 955076497 572724689 936528156
648875690 519513324 128968818 352410259
846288014 677010342 567200211 869608664
79116638 423044487 394578508 894958899
618416458 161668803 545568135 95843842
89544297 79985726 826561713 341215575
339007781 103141412 39187830 59111806
458445734 261874154 168739016 621987306
817855500 380314580 847586672 326486684
963584644 627350435 327953064 608484442
524655138 819033091 546763677 968263730
647688363 241309959 570560106 527788071
139252374 390622223 358929190 420657103
820765241 716483223 155638257 190505472
711860090 582821965 429654016 483531491
567740341 499805278 837514000 84350
967766376 512547706 858111988 287470532
306949278 539690420 256735586 642703870
943301737 290352753 561763302 69290609
991573755 947647010 845460421 802547266
884217773 512316251 944510810 59753204
20610882 713081858 145875869 618654070
597378113 831238517 475200665 201152853
946964876 656254306 68595510 464389526
743700538 358642132 966300728 66710660
629863790 621828314 179656488 518142031
591366853 228880909 292843617 553734447
58294527 989433786 461900706 127845821
893077346 155628362 456139645 580292362
422758440 880709741 209148462 573552830
310997017 993337281 459198468 491443957
168662760 351371130 765380964 132361690
711996851 742884872 73214875 731734682
904881415 124345800 885373045 710361163
96589237 925163278 931026315 827021450
330971301 326262393 287964818 978822471
466347777 190326942 41844096 509311829
699947363 64215319 638980102 664823787
523024327 531347983 322465326 621703193
524839172 771880724 402323567 690884929
961004831 500086317 113735715 403758325
148381370 133735850 666571999 976206775
143378637 143340837 422834830 948128987
740375781 33369876 737342179 775578186
187603456 545255245 7224979 79730176
957593924 999680901 849506149 666753787
955913810 885915665 743621374 700080969
234600136 14838412 460670860 789121003
660913958 215998203 564574386 565237737
103979700 313224565 358537905 847287058
944318250 534057777 12569647 512502794
745249533 819137143 280437339 577539416
135562059 192633974 751402 493192687
873877260 875764446 369679413 995271631
693745974 493764512 206082319 706863277
44912049 565334798 447679935 228753316
892531998 296940067 828038229 119423245
745817521 246450632 438563487 225975682
127142734 71518927 855654196 243150185
480169410 130250520 319455543 595258660
789129609 204942068 724388789 493608620
338992746 20307118 291224150 271903918
844851526 173877995 907244025 16359455
566875038 985155016 306987598 123011235
651840234 24236595 41373336 638633147
364212875 348151332 537501880 145723736
620961080 858063879 78870845 450494155
584991763 927931219 304982423 149026503
522779907 8902448 373717429 159770818
141717960 88827583 839408866 716732207
575511431 285825524 969705770 84421885
654024906 243863330 483245060 663094951
475981820 758427614 954309988 944599921
203910594 55206304 727201861 125669049
259269177 327024546 181887285 133667209
267768025 118810175 301902384 170314908
869245459 792040658 287329682 315451509
98583226 605344652 780643491 847431254
147114160 311795697 822240337 869938888
205558871 784990378 876954406 177968102
220174154 404019169 688645556 311012840
853680937 26151448 109014940 166411696
923771243 572092989 423799492 101231873
371403751 904464241 661183490 294249640
955167080 532760982 457147885 595507829
139712971 592051459 667936580 133092217
162396267 997958764 203618427 696957884
502968673 366056019 323607477 491224761
600704756 291527663 249383363 357832514
265718515 793661709 181136127 380408371
580131204 530453042 449328279 120374839
419090901 732758893 706428539 250961570
475639181 933439276 407020903 268127502
485237180 70038423 32421351 304363321
339242403 665202980 755290430 176112179
730190129 517799569 712647879 697794676
871205022 598151374 839345574 758734987
148590290 78536501 527788481 641531371
181744829 761220966 448930253 442510830
608438576 349058347 470783584 474140786
472723246 161835717 682935551 624760821
653711623 523305400 519841419 858433283
674685444 987524222 349142014 30691739
700337545 492901081 781213232 699643970
956466038 900440677 935449780 298961520
8059254 315426937 335698524 19596550
478425120 547668897 108683420 979099195
826283484 914842677 741248600 762854604
512339016 731085888 28821379 771787531
742002132 591734618 115031146 948010461
972248375 986892962 513008156 710435715
54796053 863905135 172963064 169134597
885402926 653813908 409494429 677642002
38008748 796838848 722531151 750596031
605232582 637969440 218119675 673757600
572357852 426311597 481838384 841397106
951868230 787647069 342758309 141070826
609130805 42468820 443148921 421004159
798133847 418095228 219736158 857172055
590515860 853617347 163614392 672078095
517271162 820435142 341435125 390960148
526920460 590668046 671276670 882976918
143099033 685492363 507989638 391650597
808133269 310702385 372608756 587617887
774663491 307926538 552500121 549109931
558289863 104758576 368353110 508523246
218070747 463645476 203943676 320239040
158664311 154436009 196112696 339205640
825520357 346995081 435503960 327422533
36362646 169756814 24500025 636266555
307933366 524789283 462879734 808889787
256832164 502073069 337248302 983541876
590975237 890191691 821805372 436537710
20721394 32893789 285192217 392262349
103295145 235832728 671026318 498943504
522096138 97115331 462380104 120401815
310712981 951496304 523883568 711850406
765726987 7164861 397863977 801521742
486022817 669016517 519855030 655017106
86759992 189422009 278595866 64930280
570311006 566228957 531212927 778411910
443726994 513827632 122385087 271242337
351884848 648738779 593177785 96607735
668015497 33102863 935901557 902951737
299906130 30894420 31383184 778819018
250062711 570178940 612709084 855557690
819977317 353284950 838945777 466091004
496955426 259714126 961279151 847500349
882792954 984459297 833375148 23804091
628051777 170625930 556826316 859263454
334747818 597579149 41480162 230691847
292747114 427416243 563588776 281814468
21306140 683918604 952026661 572017071
42409616 244344787 208021225 73315682
752710549 864771126 681076227 744989759
301476509 13356983 371709561 14730619
848522537 778843651 322214842 784865391
905362391 661786825 387221766 942267926
611067873 191071395 465758469 593097278
602477119 511721146 509531915 390986506
497824018 635306223 246107522 250057980
723341376 747401516 839524937 820194687
822989377 259457229 971360297 899879866
112568515 38302067 962680098 504621117
85491407 437849657 265033895 619272899
548347995 498060964 163027601 301542075
338085683 260096446 194387521 182252567
516938647 235263553 141151601 644675135
516997244 670402121 393272860 7498840
267944990 898867083 1898947 242708777
112023648 175507527 945903327 490435193
637254117 306440635 650304144 154577844
180934901 153921274 71889885 99054051
109181239 65237527 871909117 267045375
868443108 889541093 240633106 234565872
872129889 605551741 462675425 395520574
950513318 567046285 52021018 899192512
753015167 160166928 732794674 15639512
488933742 669059623 316484899 336664823
326149160 288908677 975569313 683987146
398469720 265048854 887412667 769355956
681630697 786944694 388106807 979373703
621715890 279805043 636488399 716221296
67530581 504743674 729077625 352090365
395502716 373046807 482500919 780931256
820449253 77792629 241988770 845341356
515412288 490293918 825795048 49335494
333742751 931366227 205747497 13513265
994759605 299915867 492684443 971970751
943879418 444000374 210904335 815504592
313176205 328878036 760071375 733208582
65833807 208856214 632031183 708586880
538728247 218582664 318783989 822067125
748896526 290777006 594251623 998751331
550318650 233321464 640788253 414157688
8605729 354960276 846633685 261575662
24533045 300686458 331797779 54690004
265270071 888520933 306340299 179041441
926080638 385241923 479871288 638503124
462820053 571215996 271356107 940773173
456113474 402857233 106040137 46407220
658690884 57272852 800661514 16826447
504080683 369844127 649952554 351844049
744509563 959708477 909910452 522488996
649853063 994443968 602100682 937006881
809927153 929569079 67372664 38387310
379928346 778224575 482108579 503169770
535993462 24326149 701707707 524380309
930010334 326792966 548535109 989763750
239343675 696718046 12711676 467984081
176575988 847742112 971559941 366420902
242227149 702561339 466422330 979854228
825718373 152223350 926540602 494073581
751884859 415156773 201582867 246057791
624606268 53236278 324162144 925178496
126409532 949754621 831974124 334891972
932858276 126793219 389353229 927415483
52469347 290044990 415809366 268780464
237877921 781259355 105493056 309235891
186222928 312328302 570196760 361529121
320835504 842597676 917470664 860749300
386237735 912162741 425068079 14955385
105894433 45442719 488469307 623003800
220889068 203867948 148615971 805673152
944145536 558192444 740920624 853358310
71093274 719682767 777777153 578550081
977860917 970698313 512938318 36163134
338317682 115625626 38474791 12157015
609610480 956184758 481989571 814376020
785145072 447824841 269736379 80912506
738723441 564176497 457831913 345149785
23075992 171502887 859143756 60256121
37268326 538685421 323359692 65345441
544814613 632782414 148081947 2695303
639603720 137026886 143244591 77418614
407648558 343220010 929705520 240838814
12888675 241252788 813051574 136679616
578936356 183813225 982196760 716692713
162070802 318046087 242058917 368805276
996214181 634433628 453181868 926664024
266020510 373108531 106333720 629053672
790719534 913265697 263798278 773628048
774753874 768376319 548017780 722150689
52188413 975919828 819485688 289304805
963634470 164221917 702199088 748087011
793415204 930252358 553285765 326042962
67668000 585088105 687414447 608623032
609806753 241087636 667824158 327299565
109500443 143665154 356215503 62727376
361793471 438022507 424036381 872177876
564707111 682433115 29745720 427815740
393564265 809744991 959087076 122126688
488905830 106076382 236828688 906035276
751101253 933785197 535930741 643082160
247583125 78390058 830676986 637185391
680184046 36627295 110866561 878382829
263822518 92592176 336744856 97553323
440202336 473170691 277678347 257291781
487126200 874164307 650013679 61563970
540621611 195162251 902570282 53431107
644407306 767369317 926730203 275177129
92204483 297687343 398706395 771128159
948123014 838869229 407006832 834922947
435902738 38337544 725978555 436343557
676714963 449079403 555575125 638793847
690030160 156475105 210412379 942060597
973583634 286872025 675597400 570159331
726230274 538511909 206384459 66916074
510596358 967508362 994737095 582943018
421768058 875444713 969819878 776285249
853090209 953307408 238309924 449506865
948038350 665274630 614527552 911396915
531264143 921686355 148628608 308990656
375838140 826856174 353448882 82348668
105816932 161225184 731033826 936147357
900805101 476569509 15067633 978233136
542093594 973476251 749408138 602135085
885966812 964307463 803208016 515153247
990152104 998420220 690964957 248562897
733135563 236773537 490432875 970111815
427615732 339873437 888056020 321177966
495707222 956783009 132678148 790275755
408569660 26397418 257256228 748454150
497707817 468269223 573407205 522140535
108583292 292311652 863644330 92020546
547422772 394499459 554139940 471867519
135386075 18767210 69072967 222712748
936264665 735277622 314333340 203807565
732835804 469271889 744667221 836419664
376140624 780768187 110732802 996791364
777640981 288346718 825743543 356899175
171024624 407858585 667425053 470094861
227963485 975199386 120239336 308006755
408325785 365971643 800276100 315626527
24882571 907730734 21460279 911916908
824089482 929713768 957166636 998556130
