2000 41681731324
535295592 815119485 358700555 906009816
8742439 555015303 370373797 879375816
187210354 898632917 825595908 715737691
611571827 529820887 725120243 62740337
242894418 226171119 467152095 988704196
570374439 846283391 718800223 667533413
751949271 771666914 204000204 948689312
984661265 259424740 386313178 810033057
941727023 251288132 272522291 121141167
507886026 627620954 507162020 404550998
321642502 458044974 927330363 72245235
4833440 329467307 686751262 236052390
74972734 754675947 123287562 605168826
3960407 81184678 238069279 68174097
965357864 639769136 305751716 718044281
965816685 571958926 522661882 174828254
14854981 996937194 474432212 551051582
531964727 176213952 769447597 411730413
838597028 464873590 287593654 390803969
294518813 406251756 222036976 285510832
556388614 485574171 381109512 509319524
658330284 344404035 473164875 308288577
400403330 908154996 721951196 238868579
783074478 157410909 684728515 249323715
976684939 482811585 10894115 414188045
303383259 354987476 771264554 140380937
785962548 177667451 296717547 378197202
530508653 805258311 425278606 645107237
128659032 970539154 954909494 638930785
698872020 688696398 472659073 58240014
333908345 840130084 278345314 4912263
186297744 113185063 882168386 143817995
431044084 835958336 179912010 946546892
957633917 401490738 74274840 459313205
321766427 343296447 115720034 890232991
605636929 543478438 295543920 311978261
427721197 253168930 569253716 111617757
358014029 141779424 938799042 463492018
116061563 463782542 170681131 304544204
749934647 769099171 909042714 793945326
871110611 518308581 697142744 794322958
40777302 913198807 139144538 692199357
385569240 594267245 65822485 284646466
926389667 713549593 839872973 448461622
34616382 2677729 949572037 255113539
715444977 166523417 95072330 467100579
807999540 422220599 639437889 889939644
692383542 269475516 211622330 583160539
311674940 354184294 323263078 439891486
435727411 915777083 29303239 100807861
648730021 898768154 854313682 444232125
559631263 26783074 432491941 919594403
617698914 652775575 326028989 401684991
484742981 803924123 3210399 311111592
818164243 687760908 347830239 699440300
61654670 563784222 301433229 517237926
449368203 411255584 764584692 803806872
699715289 700680878 192627566 731420060
233649239 787234471 544556067 723567526
843174708 701467491 643624880 436107094
594612120 329174490 449517047 421157096
603743125 340061689 840479167 336630585
453846142 471824626 808391485 316987710
6703110 121063311 566685259 433739091
200608626 985977377 611349358 720730273
822949302 640362692 17729822 874924313
490587037 691547664 279285672 391662669
840401636 600805804 270052438 220860141
456600979 627621549 166526593 973639380
889882649 733717901 981892354 351106571
174645682 555980804 313994912 994854507
582756287 586508033 70705417 211840009
537175378 701990638 175906392 31878884
302635270 385095101 989182117 531011431
503427384 684529806 617619449 23535438
139847717 105592053 75325621 372294738
107909003 497532014 73069678 445868329
128420496 803881512 693015466 625691685
142394015 163726058 965587126 902315506
453062845 833032333 590627734 426451183
400109144 816172564 606273122 18749684
708010496 200990132 133832880 23311363
913378073 840064819 159565876 188006748
321551506 713341646 248889795 103651103
28068511 160279213 923657534 243043496
65359008 483712527 635446209 767637518
648231285 407376580 375987455 967047426
806504688 42923390 362655271 928386979
866749174 495579577 335222463 396166837
811031518 253136116 419106715 905306915
735428180 393002610 611418934 877290579
732395803 917780177 488899045 479050930
633454934 579962926 942856497 67017116
135426305 58596608 622350090 327554733
448788203 117374052 63184790 678538940
943053166 981230743 950078011 284841982
717148722 689619006 927753290 852153470
537101338 718373999 664128168 551887731
619403694 995451348 201888918 701197065
857762159 981644185 29060539 530889173
769667201 660550718 899631882 141451320
128292750 416784270 153676603 961963069
182750829 991912684 177899111 466055518
382525752 81030846 573156544 844108594
703802454 607761044 33063260 39206139
564339456 862099694 953020458 605406916
256671328 349042139 289975491 966738435
787232301 216065505 234778471 460495512
561925117 62859375 460250726 334641569
97788501 201153305 158891394 823477253
70522404 696813405 654373102 169418660
158878669 52679068 789767908 505997320
854656223 728492191 883630478 290218827
802180935 912479808 77106412 970743761
500799993 146479440 9914857 466004429
542353200 881592042 207709690 95654611
909698826 240314981 187461599 196058927
774198625 826096414 682307756 307147602
584093010 290005908 505322361 595402775
2431124 905443284 661640601 272744365
43141737 669544655 785674002 801993267
289157545 676160943 337767084 79570865
96030673 622444683 165528883 67288742
221149197 987542888 972476199 61278548
385684234 155938995 274027630 756764483
172320395 589041465 259625957 271482803
649428017 111775640 885690404 754964324
223462424 268253054 758986791 698073151
77782343 520869087 600177755 559599169
34479500 608401700 564924029 131683328
526808198 812588961 645095601 236973744
769027120 404691037 648173441 929332848
294436826 32177430 17697313 553488953
125424178 103391320 677480171 258567015
172889766 655049583 801024279 178552126
845733232 860143775 766396038 949438444
417648413 123719542 238668874 920816093
794032490 831773407 775883431 40653703
964950367 882068490 543232953 641383991
251277494 636178350 987863004 684434587
616716090 770021162 663135617 352836690
459628663 938407594 105933860 775810008
395102188 444141854 572977221 513094542
895812562 900129006 180871004 630568070
793735496 651172784 587460857 729310030
487255443 812918721 811140572 416220924
187595115 242545085 767036882 105000131
794602802 631291219 830480311 760854860
466595804 471676835 769674694 952062517
45068530 300363210 761541712 943014722
356974693 933420811 820107169 173390220
689388177 12057622 717741701 400722640
894367655 625712259 506272919 970993439
56318532 25308090 689915514 513600629
23773108 221965086 88758143 272072650
206158119 59364096 53195680 678250873
311195717 970078022 927013123 927780342
481332510 3269926 337117251 968616384
289678420 82162202 642269620 996349047
103391701 199721181 745756183 886640892
507021301 589858609 218926345 229346345
642023331 874853082 878747853 29527866
17254628 989675910 932237671 236321140
664040609 993910085 228830859 678564977
252735003 222588916 761080934 128738193
193580193 464003418 216553204 176566547
208346834 625378032 427765144 23583746
496079273 33400043 352868968 956254662
123624777 922174921 746518363 508359706
471008583 500947838 955072908 882702596
920214046 869150641 205557898 677918324
733424101 276818560 169105260 509481707
601398842 101500890 895311359 232174669
422997172 174028025 343758931 145952635
578554090 135532428 900266655 68001285
184385848 393073353 25086031 661355145
604806969 505068649 525271522 500573215
111192411 933149743 238459497 983665780
152756625 6484209 98837085 136355388
778080546 542290797 444312903 315353675
900543797 230570098 523320204 515710843
355526474 305888206 690119310 715583070
53893048 784218008 626747655 541396025
5593088 120228537 461644081 420888349
405496475 715145955 417859963 202621921
979620140 642686772 946233873 520232055
650198896 388564857 551349578 115463300
230144783 78950912 291048204 556943984
812988781 667680524 679440928 903739170
760508751 190925838 484127272 671859604
585550490 144169354 404873323 128998149
540464904 375117638 526471607 824202808
144012446 543166447 938370220 989972000
263469395 307370667 845682673 158966027
42477379 735501188 862588766 602689305
851664135 682991846 844630342 16249089
726911125 150542018 15008739 219360224
438977812 686794127 994317015 339554848
466927473 844012607 78434692 754638131
294863462 548917562 158780178 508728433
951066018 536017878 277628103 344146607
988886503 882919907 805481705 292709844
300752092 611088481 703005127 647536434
305500276 487511265 942295860 983752029
225746599 386781056 874040884 641750648
46008253 641784499 996454529 298936283
784471376 322974163 748630884 139840045
360591321 948616088 99217521 280572315
398037184 182512646 53382767 478477566
3976005 420194695 93840820 391564656
268327284 456053423 839068623 871565256
984350736 896926785 293716552 986806450
766330154 676678752 106446177 530343407
137182973 115373690 340259742 144531628
346194457 13990639 855784740 622644605
472131729 533960910 963025641 642941839
213849135 635545317 694236931 297198455
752278595 569029934 515512552 100236059
995187178 467429997 971076702 513070540
609962709 972082339 245996494 12509416
567536196 940222967 418311574 882241280
408141333 618663489 635527829 950246015
929651283 727171057 296996823 882686690
523129523 436944108 364191194 105985809
768850312 895494937 43339574 625218612
386198444 202361029 209319517 196904102
492598535 392398776 887862209 955942540
94770021 83155301 290441155 588357155
535065359 168443145 606314909 526568907
760710211 833721983 913807293 196391960
582460708 272072079 75786299 531492269
288132807 860998847 241458695 846974466
718312210 318556506 277565799 984803363
905047470 550884087 780166012 775478103
900186293 9904112 951883067 317087560
997761661 172385732 755177933 58036379
606567965 724486127 620170257 857397578
525964443 729706502 706174405 929355340
150124000 470246909 141036095 34544038
377780299 90225523 748180092 177190287
177303476 332961612 580354084 84669937
819096914 923464534 374536248 748699817
213405013 910278851 859596427 868672100
713137924 503066291 540044740 523649823
257130603 818621438 462295882 910863566
193016726 946478228 256217314 549934936
214365968 298535297 911883965 860121633
639377375 571167229 117003326 589100339
610152652 691538379 11954234 357539179
193080616 963390050 898331157 278022828
535012371 476989034 521859516 287949272
851208646 745767511 623264861 473355000
286268603 539934126 925812662 309155343
271292709 223425982 3032047 434242820
897556522 713453899 102875085 491432592
864732067 675893196 247892123 629963143
900142614 818726904 712097237 190355227
32786075 442235233 265659104 814787408
656096379 869589259 32766567 43649551
587826017 422483475 58892325 839173470
567338885 155591482 951245706 598064064
832677490 905737409 316354918 199224991
537940714 126895179 765062355 599772188
403220302 992999008 645188540 274806349
724786618 674822381 847649693 150864691
86066137 190958425 222603012 779718627
113491755 649611304 622537064 814236245
859219625 590719046 59882777 914082977
579130456 940203625 548145044 441425365
460824811 157705772 114795860 881085146
975028014 834153116 587639905 407673218
28581600 987162536 709212270 543933420
544535385 460831566 110063067 144265293
159887206 679807493 760026979 537439566
920962901 679444893 464701251 846841021
223221568 785572188 249742662 858003674
984326952 281421429 586801724 870474498
76951557 496986721 232479559 128896947
689545064 995006739 902816122 616868106
571782264 60164745 869903178 902501493
479391603 644700265 253507495 690979100
35863850 953630721 333548318 90492669
427064839 66037207 137486398 736480825
2986138 930950140 716400128 336304412
16895850 641877997 924492550 306183338
964165516 61637577 928215361 648221308
541917014 358903779 193564255 936033205
968227035 802678221 289629981 459765792
714868933 582046362 252489652 199788811
617433403 318661534 262496201 570407851
76128936 468825818 519860797 957698874
906271594 754841440 348701114 797214887
265180493 298531084 882164062 707326127
652397805 83969107 862379551 684648141
175185089 64061572 97624493 652742403
298060389 460121282 775362761 502951587
341960131 566327088 520873272 546574546
426063094 418748098 354372247 310790522
198913319 856726519 533782383 543428078
906093154 979447352 463281471 507750162
979793376 701928881 143837033 487146600
69795835 154922874 106619524 366126004
75381720 319177669 540704540 518424467
102088795 595568994 327132330 30767486
839087210 479063317 817036352 597905936
931349758 374779529 885919948 737881403
164441370 119254509 48641789 802743573
490211379 826480120 400054815 591384881
466978914 616899597 347265346 411083608
561499338 714575546 513441175 397904925
983899121 589691357 191486105 860156208
466954324 412987482 32601816 981886699
321686021 886122597 444926261 110804040
159225359 144957411 613476942 346200692
407402288 586847701 276660648 812964297
701102298 931229495 554043123 236990657
468215250 17305534 574685436 928148568
2992296 518373049 819632796 446642161
788304859 427003150 221290734 947248810
750146480 436608144 242257409 640581980
889665896 136648960 699569346 676661909
792835921 96569887 167110355 416333339
417562973 816671027 427177699 500381254
517721972 445915655 616684427 151042000
139939633 557004132 354772005 873232882
695196650 279682387 4461538 247528547
656525385 983115885 482636387 107493301
625015098 479926107 771659048 837369645
288339852 729996021 245077932 853028213
398415309 231981727 813725578 458290880
557570359 795069688 245177329 677683757
342997826 762654486 186319112 498244124
620458872 737910296 292992184 888302001
932369795 274123223 233949943 556112422
76846144 118090959 281662594 258256381
873466793 296822099 396784726 162481978
864335494 995961437 812894583 28439368
994587493 453922132 882538338 182271530
286906220 354371624 312225926 850446989
602141225 501340595 985809527 224741195
801003399 100525285 938993098 664713760
88058295 174354078 770225441 163558985
921907228 73969128 368054122 995330891
435124907 632989763 974470100 880846513
161964190 444226445 853213611 788953280
141089906 872134825 485698756 771452517
702008537 306768990 449031931 358480221
204277517 63426605 726987856 574688051
398634435 781370223 622320743 960899918
69707124 949816341 376086733 942453675
91726395 616779986 47955884 148767879
710401505 410898950 640643251 625437827
531737113 867182556 162993294 712182654
567884985 689816337 486035493 821969449
150146280 242064661 884367677 822840148
601971789 814492960 816571084 481897920
451697621 892932232 81303762 336434949
840921896 478643338 830880544 309705007
951180437 596361222 814815277 828484544
163905491 655458358 654910215 125336659
613868199 564069367 815981787 104465316
595151423 113596995 24505300 690381300
398038984 461215209 646972748 49757785
161874710 729384744 810371136 632489327
586217520 352182050 575915780 507029268
513697913 595234142 344801602 643572831
900525986 255014709 107446250 244768106
222285698 107583238 158146606 277430057
334538329 29683666 357982920 190278447
76431827 579596154 852556871 190941186
496612761 168624362 464120356 674422785
995987695 57927982 739711009 488556474
388020976 552907755 679810467 680015297
438469759 314449478 217352225 176720317
295793074 955709015 978042374 453982291
690235369 271618170 503261316 814779261
506157932 929623911 740063874 943235699
333464621 188871809 596465774 101437096
496609342 354652872 136815170 754279158
398727774 753908134 425463423 348535982
532456761 514150679 796052419 803523388
194937646 182370680 7020277 139909581
856667302 866827315 998523482 257447283
622739266 946432123 138093431 329745416
607899849 393318957 842159515 184449227
861729321 186589737 900797896 806738810
800470317 493208290 87647721 581939943
504533690 783326671 36991298 386215860
531274837 99860720 646360383 266027624
536324465 827029545 669403894 625733501
524690169 755682510 23482210 916615277
31788317 19512606 654889512 333012578
948844627 194451997 836633755 400783413
610466156 75379899 726258993 503161143
574831974 954357671 149612690 729239914
652512505 911414933 71765380 193806713
119286561 849622795 672380316 787588414
240952061 964627074 921570849 993072911
882575183 94208859 823729499 189151407
101864420 253110713 178359485 779424606
671990861 212845446 271325213 92956077
746332119 539017867 76537919 540217691
316455291 584167060 613968076 155630874
747125322 936421970 71876243 904739231
604228438 641558318 43323369 192926193
621848373 310356652 665541991 217568813
915578519 878837867 927363603 444283283
507549259 623958666 523571084 783292792
910444487 397077350 531232493 415822194
577682344 922839592 157705099 890367048
355057231 628828006 804822512 613105982
752170504 815703541 298982423 869961850
604238835 555693298 943528102 752919777
176533373 202780941 624642367 20485575
754887092 794127140 607349228 280172336
567365654 489777375 206938937 238350225
23683507 440085915 111290942 875217003
249295903 956138237 753249830 881878928
955031367 629451112 724215935 815376337
188295607 140110305 245896501 133867330
503397518 826134987 867997662 244275254
613547271 240971430 90192308 337539703
280366536 876964726 234892424 833642813
37660916 430776067 549605585 108255819
879898163 675681918 915970966 757261899
976562758 971956001 2373497 256282589
187509035 704146948 847897718 164705600
553197764 624361925 554257585 621706887
940671721 665080455 88197169 293854563
871402285 729221875 322473590 379885050
365650237 569294849 729257598 641068095
703091914 918992414 843135473 399584789
646293428 780160331 49870943 796467521
541507901 206327103 953721369 803423434
800138248 598426831 371343728 398559387
166561939 527458826 988743096 52389430
756131649 132162893 611072950 773256975
749241088 602145217 569007718 628990308
370402785 612553402 158190922 250711095
747022948 241671610 447679071 650247428
755854694 872794184 895174181 368595253
385797187 966635869 781691988 564722806
300928486 339914093 587316758 505045244
708521660 283718710 931593584 323801680
959428517 365913828 408843635 908378259
119438125 531075320 706786747 840896569
684169007 541494470 615845670 655776491
931349779 533843965 997784864 542487778
727291959 792634870 590500502 722160561
916165487 234394352 336304737 854722865
759350601 3299689 725128119 689192052
475318115 957952983 208512444 505975803
944425782 640464836 100573368 403663250
900391596 359892347 98503799 846781434
86751411 315033116 579440144 143229044
482172790 301933990 645210371 662626283
678882985 225925389 847555236 534780829
144484833 723695444 655085208 930362159
691080511 31256877 138517088 478312891
435554445 38801224 356168578 896084752
957652674 444171450 688283233 278534261
900289617 518620216 842292931 568144319
256902261 570933869 833714382 855708189
916404902 337109807 443790589 11023201
158176541 713570387 218827612 456525580
269796984 230585048 4497939 926656557
350560252 708209642 836394202 393726325
370983476 871855273 186501224 746135697
177488207 826749768 194156643 552347806
332083677 852372994 715194948 448511180
408151103 220887147 519127483 266354807
623997653 151343183 280002447 8129425
966171022 315271901 491471114 352465529
138309290 561417437 504655150 622752506
8600650 978377336 637166397 251143375
457213711 489700273 32794356 972828649
626232115 976959207 822448278 994517036
301051232 183827364 648611442 522437582
9767041 188968436 473681367 329677244
629769779 548595019 573172882 116755384
895894789 601416762 226874334 252286215
311030012 508101068 878052033 335618052
508668547 447002647 269836782 521434262
159516535 266159036 846617117 34014076
564994701 497548603 125710568 729476819
899864495 386566473 137640945 503692877
503800670 150884958 510227844 44736038
297866211 261242331 703464519 191500848
30719234 859548254 497991014 919965448
942509622 167515071 143198934 178498357
141077450 252235935 665950711 307946942
591226525 176449047 771308802 355368563
339090784 952382145 463921873 795328844
902401984 765722933 977802698 483732747
799699962 321152787 128842974 480958728
591969094 645546731 152331483 957162003
159187897 435098512 469813605 330184602
556893980 764852287 832267332 699217878
915153735 577419057 150597060 289540071
831622312 356615235 571910449 282591977
9887652 866659674 991027993 534722184
17216202 633428811 835328267 714936414
383458892 836331010 232844416 273908729
793541867 577816956 924930467 137635083
48852655 728697990 44858257 673764187
253317878 420586442 946761537 657394321
917254061 430507054 596498147 926576225
867303205 214460247 887502531 522303012
665659865 905031556 746046355 429240126
685554588 840992881 213734765 469796861
329471185 171760496 856635296 71582815
642345751 352269543 78440057 914454849
390223979 58941356 588393647 233836098
847639024 989653905 311887440 846195136
354593016 476875068 185238938 208699695
404417437 296025324 750339156 384980596
143099439 483260942 485179157 386867154
793667739 761556084 505366397 283609059
682974893 360447086 477569006 972893293
650891052 601230231 492972156 840305332
831530845 794798230 18307055 978684738
159782667 929441174 869231578 383185056
154219521 566110658 494157382 295897714
579925416 640816565 92475716 709519311
464606511 792752358 330575909 283461864
324336869 231405120 675633605 719153890
682350948 15464656 71301043 236908028
386755245 389195494 561978935 506176830
707911783 264476015 693057033 626973708
306041104 182366279 166060449 839401043
729102074 271589120 928060850 339274549
596455899 984805939 662481006 249734479
986694313 282785672 524992735 556992932
107022886 146491999 216954897 741681516
515398017 876297507 72328663 200862704
641001086 53596051 392557565 513031778
963634849 698878006 382413195 404898395
532646678 10647745 233861690 756196341
540715995 440819835 874046576 817171563
568456907 288817542 545167349 201647102
190707165 427112961 921294384 212724923
955890286 195053605 636881287 935092094
537321901 837015995 494544763 515199164
894068479 241379188 448329386 975773757
442490275 95517863 717322532 488388471
101123328 238526364 800731868 694367113
456715244 582327341 593553101 484887634
508199494 616515566 398232690 458376722
369936339 489914032 409623420 375578939
966597573 950884949 398520942 648436873
224043131 489871068 377334114 379790266
657369751 267612097 403762962 211040020
845582044 734378465 614498555 506455866
616832665 40889753 767971551 72276565
716061323 430832590 43617033 803083587
756492897 214097402 1937550 200459957
416178529 13124529 25031643 882860558
651119498 858192925 971680591 655189427
470001516 962880759 787322277 665105945
437484987 288335771 667321479 869958543
958388773 356025237 582889735 6360204
837277448 631984036 772559814 690235142
373709016 30909721 527198841 538201773
946312098 928790239 103691649 401904536
293518749 741835344 109442827 91386127
586660677 694726435 529476463 271361423
444889745 215154391 605340979 142470620
307663301 715026409 761166602 276202267
958688941 468879535 438589096 769666315
607957489 996089740 688418346 513575091
999195367 578483039 325887006 135749526
402110029 750302258 48998280 984673931
929457574 885691534 625687248 949299759
9565503 614950295 883945924 267895877
361295772 987974128 997499311 102559542
621599317 150022414 626468819 9051333
829178307 131116088 844149502 286215550
768061520 914637210 639188516 127635102
487984046 242394719 140599872 229815818
245365487 396714148 736328939 814876106
955932128 244571494 271715196 981804108
879854033 502531141 7545762 456815143
236323550 921909433 600310337 522183261
178442216 174947195 265619597 407941205
549444299 771256621 662561074 542050846
659591182 143012736 158596723 977505965
659596847 826817153 192573630 829192594
780978496 469154878 921372201 575031516
128673856 47699704 294710477 432091033
396818611 745133291 245501353 357276264
874961225 186604933 765768351 450391709
996077360 428716563 159282932 213561081
115129029 840551469 802323122 610221269
500789953 576670058 771988799 620897963
388438858 963620900 208034467 847249608
685215052 810831737 9376023 191582549
329539572 28529442 477937814 547826005
278181107 691650407 914029975 739678233
437383522 208830512 471859869 953136846
597886663 854496514 36712868 278637972
369421325 788561068 271924408 842382498
596505412 680803792 486357603 522889226
787530492 774966150 497941155 9864822
476591268 63662845 231436049 661895277
475259696 682208582 600189807 122586147
568929386 363699841 892322740 87395548
863116217 675375690 131360387 799246794
512851515 343733911 630448368 69656917
581341868 103695991 594364025 967979167
55094677 594070863 398573753 452241267
929107609 325160332 376772258 13274030
737881076 365995256 880386146 667964250
68565325 419527177 896301912 874079752
329836449 860767949 630766581 214536307
694568719 225901690 658539369 527355384
356644458 611126533 486479460 157105909
139241742 654958380 747560300 18627858
867410185 299187914 822149456 88605080
670361442 30111524 502665629 913706642
618067764 889735080 286225769 634792870
667030320 463916268 503634762 106377236
163383850 175637885 648284660 342930565
762853246 438841561 750504891 301737993
130551653 273124542 314779699 693140858
827298047 743167761 969020203 691480442
454054881 217858121 667333113 534154343
131761747 621681571 554956766 244825146
245721993 563005523 900448627 446677499
440956779 401452303 564082768 970959003
518197190 27494706 139984779 795675218
667393027 550313833 359123306 110408619
610923616 99238485 563716548 156019702
126982765 333428967 860023258 11533980
116337679 750414634 980193337 254114686
243188987 823918294 434490341 853784980
899185540 592215511 297307732 596312883
51994254 268710744 897390229 890037003
739154366 107396989 915608166 106606584
518832859 877415765 738868026 435498283
292373611 100299593 703022231 62245176
326173700 140863677 741475407 64318917
121236936 120579629 865071529 126597824
924357473 403897043 399669818 767279905
10726907 208657161 84039146 2104746
945762909 402331495 215865122 804257319
970468392 769874420 512206738 394364980
259439250 383854314 163308807 9556862
58756897 160528539 17018225 460883860
841725034 821083693 34326936 965171093
371108149 564960408 80218497 459735583
381378287 646097190 554199727 338426457
744919986 926566965 266472489 639433316
399402082 253739057 16693114 766676159
906903817 751198499 791646975 332544305
439157789 956137332 258616127 991321164
982528126 82254538 75327093 890182394
529020592 958202455 908334350 224219816
166820937 412039096 128504689 713629961
446775713 951401212 646403840 339663027
458661777 667423529 495059340 374604382
299271286 408208573 392299708 449874269
166243396 534651037 597773544 462857192
612538937 415619596 641534982 484296832
233767142 525344861 551765848 645799562
804431731 441361698 348085792 477675007
862166546 185843908 421004054 396285735
566442147 964581600 844554510 28720844
789196150 600609463 61606733 909165043
177700380 544959 576808710 813312526
458703997 592197586 232738494 206375384
741090149 766784903 797169289 866154885
813466430 544780645 254176347 827467832
322711600 931892539 784678607 579799757
472908582 757404474 596408532 600720930
432121617 146611123 994202610 405020416
224528469 895617835 34708765 928707984
353876083 403663838 152626279 406934828
578670921 645956039 595776738 333131742
239748048 907622996 413629339 911749626
86061506 894331855 248599395 607118972
884845658 231535112 472015685 963996692
34175858 811573424 519239946 545341263
823421962 972938517 733139478 596139014
706967622 357018023 799530665 293980375
439182624 812898887 245797304 409214418
347531544 942747555 634271390 800093261
817316482 587853179 833800879 545599703
385552405 371608164 856967185 506904258
745223733 268154585 95780053 853146273
870105781 952911288 6553734 346303796
875198983 552625511 834995169 113787759
755169740 944744277 863148347 164150850
122993121 375128232 289875164 668238646
936345222 79334895 53863136 633036501
199622592 875823022 551335269 302233864
93955667 523372254 566576739 13162503
488576947 966076991 681737976 526264712
504743500 366846020 379953489 622288809
828924424 603677595 719880033 147797209
379790425 730639213 756215638 415953299
990983185 960345829 179164666 465037250
78570080 31558379 606537948 776702902
334168706 827951009 486677834 614881662
941715518 195011739 981646868 741614648
256874212 691035742 290858828 875527339
482430638 960666420 267226103 92060675
318688323 604331570 20225247 56987469
301542472 755006820 563679116 168698547
300205479 774074359 586213794 479181301
297024056 148647213 679746240 188694476
953704133 514367164 91073098 526599040
586948861 301897733 147091043 201567351
25511780 860159044 716060495 263944837
721748243 557729261 555894233 182118480
387139668 459743924 279651267 567667064
819097909 108021078 388339004 109423752
152058163 760102160 420091447 32670663
549650527 576222898 3516230 437034483
872537634 586863876 772736815 449535186
900509733 30237172 837950606 395082245
721457492 801120279 239926800 977494194
248527455 449917395 937777704 771451819
859690930 613201201 987169189 945202663
760100977 688175420 710890221 723579760
834468096 603223874 419729948 1181821
597706121 568878060 47611745 290943454
280824418 892459803 802823934 747441551
110270016 913072625 464505415 967860363
956350179 427602285 540500847 260765931
595634918 217705020 760242586 399193359
916276648 984533904 207740757 875783702
440809000 40411194 925580854 922145916
210492497 368659707 282721413 534069666
266069980 525158671 914156999 199277649
421389447 527472393 141757649 136149668
323984452 580880318 647905903 251346525
242380283 127878969 419740125 564681073
775454020 209082547 527764259 365106768
19472321 704933950 140094767 645402027
127395779 862304971 328043784 794991330
3993930 875855008 234223411 13974977
517983775 689867669 461195329 428193154
532864586 701038227 777769928 844745604
250458796 983009719 727674437 819198667
223638711 131984282 818041239 100525185
874687363 257976697 323233773 838038936
749651066 311267910 259950927 930468368
744825047 334460160 943681595 538959068
243782224 182233304 224446147 783096765
367245306 563926499 599430649 293644521
643659943 850427111 67355610 209261754
460122570 962702480 580697329 375501258
475927893 836564211 769492331 165500333
22788934 310320689 924990171 960150899
458071618 799279217 714422107 698083229
253208699 604086024 486657418 561154009
751294717 705722411 222180539 995223006
338459273 3448568 744381462 823966045
121659028 120291564 870784708 765101876
446223759 134510677 922612908 696977693
912357144 165130827 925209796 134712700
142955263 889794381 651308799 876934220
267932812 489350770 831401789 765465425
745251424 852230460 403739765 132755453
862269686 916906262 741616001 728726253
52687739 22845112 573123467 924035900
660328310 393266826 346017706 888027498
736858326 792219443 604512034 101694893
512078731 602666865 421864883 135311299
896787160 9493487 990612395 415045747
668125142 365458205 226987317 53891676
529957177 303032010 92898722 918238401
82728872 28101194 423909550 892843156
27004364 860912739 896530040 240200046
695117388 931738301 373019142 339587584
259792052 887108068 432902275 308830789
410910711 723036039 330245060 650401719
656004131 924951246 519399622 763229338
217295279 713017211 325734547 406200185
941682104 790021228 722219103 559825342
184208225 846726096 633468726 954933014
940078343 24195711 7649405 711610478
87417879 348424207 426089960 273173694
121086601 389434327 51890872 242824130
141659379 29378872 908195036 772409602
823818 163713117 803002917 732565085
340035711 215943625 832117528 258231774
227926462 291352551 140870652 575943256
898178021 223985096 638166286 723246464
571662738 740671084 359688133 111601777
885638933 462894364 763637914 54349353
608790573 125721236 826833920 848865753
294737309 36743244 199769032 319864914
903481911 783923240 663473243 758942539
750113671 902637303 598857897 624967204
802469111 908267915 807505836 579924530
143426803 325866530 525348132 29639523
337577549 364767476 391025151 941350739
747022570 310166617 729894361 162365372
158552490 73625442 833604322 485590587
782992855 115727351 821177010 991545883
554240284 194655109 467742828 653082989
880480236 652484503 362506457 877818441
353674465 111467464 873637121 229283942
645643762 354283929 219659447 818054722
446898305 147990820 774774597 550142699
157952715 556961794 560954867 566962750
938563282 509408453 989272229 607531115
543950804 897634274 776957261 557027477
256207852 797804248 423349697 587964195
499194835 725131246 673192822 948412325
674224418 803062328 29312088 555744463
86765852 413144398 584622314 654272669
966277333 199007623 138092249 909268416
783453683 762484104 365085483 879834179
935271902 994566062 31480547 568001168
157192658 788677846 539794593 639036883
598271495 52431180 109755515 603274132
32056205 771207254 996174158 461799861
196015528 301200305 807203607 677322125
824481829 549464882 160627034 82174001
715635894 695373848 156543547 145510218
557052248 763816512 421925708 628987875
208052413 551563307 171669973 468261645
827238795 298758744 99738183 285055242
698661964 59011940 360941611 298277435
790194499 9320043 889238153 38108637
720375381 282056267 741248662 718437941
424633519 302160772 889255845 976031663
25342373 454806890 682017277 620133414
669507685 201876499 852654774 135371185
574046159 978270547 319041159 832699105
996170832 739837943 898998831 862155137
491068879 112398104 38528028 231583309
225048261 221760257 894984081 373739044
557590868 6080541 759304974 674210088
412206889 857790583 112389912 798467641
272897221 275925581 991833835 67817885
234447577 827486768 616147082 531868903
458473579 607254181 313092291 475776674
886074432 71002845 197984337 239283478
920231031 509233604 615537827 419763827
545903930 10043476 541652495 847395518
58315082 133613424 538291088 267104343
715339399 927287534 698760181 796261623
613375657 970557418 466484802 268770465
28837436 192558451 95109284 482906207
32778738 37951857 220263058 870256463
231000293 114994673 876090420 667692185
674582630 718599814 194582659 399281939
884399246 750443527 508194432 635602973
670774148 160829013 475771700 398405653
816005590 576919995 840658262 81753235
251866340 976597300 942172755 229409369
709656278 567202325 108415673 366670246
114649404 58520333 757801303 23990996
170863071 554177726 819244534 986370943
358409519 459692410 331164397 632869809
299085237 347795651 364759293 418491695
762118217 402127736 303766183 522119071
577712065 72288276 536794234 396522150
695665878 901181405 261528363 739822247
87415277 938575785 897402006 359158931
666389726 321272096 187337012 150475644
520194939 156918677 508545995 413095093
750252691 46707182 826430319 360690768
151413570 104852083 575689203 55888273
812601760 511729127 80733000 54482460
951539306 806963146 740180878 823263228
355991431 477924854 816312613 557609784
437883 639773576 796865551 335468684
149639286 341348466 734498818 166912628
802380602 536017498 248701934 174494141
117383490 453450482 725850170 418606968
994429200 725049113 232794817 109518872
229354853 886334299 62630214 836246866
388780932 645213694 727044463 610410327
592313867 802327038 266458447 180839510
920221713 784228930 218756334 2652527
476541796 548469182 688604748 40764377
268546165 546690592 62288234 581643731
349243023 503684483 952422561 790362021
712911908 240160737 345262774 122517791
7728807 18011777 735206437 227030609
666286156 302986812 449354855 268644072
783582769 919424531 318192541 504769261
373487560 288739164 843330073 411690781
950225204 199288081 178932267 664175364
935628016 326431712 810222621 453688797
248862573 550525096 785036375 943871445
326804990 781679048 518005343 929690794
780443653 235809700 341771914 239101368
442915850 876249208 282462981 447009699
408762801 687490218 218869375 748118424
519189728 304144233 349041099 612792694
86878064 605888643 633471399 56140563
229099303 297349385 450896736 162859351
278756091 875667937 581855788 231687537
432418707 433926667 936384815 202979066
561903870 313388597 794453344 454807949
619809039 560451000 3135730 551620576
970094786 820587473 785124829 836963655
795270777 562091289 933413984 942901855
647490400 92014790 23680503 457876498
952526936 32715079 454852651 567403219
135176378 49945601 226211533 862951341
153791269 251034252 802668059 59654080
828873117 641332724 275229640 615244325
95601155 895934306 728599299 658176839
151234997 58415240 665247475 273550355
254157787 547326076 33983073 256950193
480811794 500514796 633403735 894776260
519655382 392323413 582634195 859992102
454645111 962006677 983025867 821816361
848072680 300637037 265478642 993384941
958908629 398666711 515524518 247002415
178081324 125031402 204722865 852426360
8811950 775643596 494518521 565954521
382537438 72993005 703538948 925137615
60668342 626149412 303925016 76957320
854847864 880163739 160430396 58710216
761101244 644086212 886151469 936235379
480257201 59244532 434281446 368967657
211539419 810623407 475771327 900315335
617582660 972740655 169618667 273236455
972572912 311651723 267060972 184183142
107086106 959449607 768138824 841672777
39763505 724069846 459696213 146367009
686335270 445885158 638026949 276081222
984373977 344249465 239127877 343583965
785624788 899344874 952167545 245246157
595137730 222303082 522793787 249222578
534036766 408493319 205399045 97146990
485689903 749756125 739442597 624395460
547061024 493802630 425224704 488215435
382375469 616628407 980890983 39783620
463260078 686511545 985417226 202471526
612841418 335174132 380550381 958662197
872594003 859868124 290812492 560732174
639500987 28365597 214924749 582028049
786110587 214351372 422843284 731462559
482099777 960605335 205908971 394443526
923679385 348640331 276812424 615469637
282750465 599239338 36316497 457892430
915121847 355891829 822674358 999017882
790566379 105784421 891365880 393451451
55475155 880504748 372060298 282022805
517444074 107883665 519149408 790800439
570328512 306210541 185718651 853922633
282774005 763074989 517073146 877493245
270599470 317904435 658186380 643668644
215507738 465206796 618720956 333179280
531878812 607388004 45515800 487018037
641530559 254969049 393639643 216841463
52226182 426892647 232761605 563526000
469697453 896953656 463586337 449477170
3572830 641953332 783957596 389221224
410518552 296011855 126810612 623542728
997405517 883736540 731944472 358346375
223281094 937513458 33707758 58863895
457788826 540878917 998570044 995923113
880775638 339268847 744166422 563426462
219074239 104281063 543003298 819787152
112587724 765183532 483002771 235713956
558068907 189667058 987239603 719177024
353908181 59121851 747600034 119974772
68754698 986617024 670753223 439819037
282730465 617041423 220346275 24097236
244378186 951583387 783301643 585973153
838077539 161610139 884167848 796000471
228334704 194033860 488223647 443082624
647478880 373401349 187810749 4033563
42789928 49771625 700569692 197330234
566116613 168825477 844607480 95109801
793580361 739817896 769942530 930781622
859607430 507103630 68873680 385305733
271601293 910836670 246013430 55510013
210030653 424262097 997764914 856226877
599618907 622349929 651877891 889201717
981488765 308465921 367371184 735179783
432263235 456348085 241389028 334996081
406457436 317056692 693718937 941874657
807554133 125782294 155346532 209586870
721408573 327959625 728873070 642016876
579156306 244547174 366440483 982615363
466631700 469963041 728508690 815735433
432866030 345940406 221234977 59492611
143426105 937086134 917209721 160454573
674144610 414778417 810591740 467888587
106706581 334576019 100014714 983644345
503368685 880246951 808178905 240942360
222206642 145081007 516597703 278301878
940263138 297102011 882610510 922709922
636517059 896722335 279960655 638285802
581555970 299069995 583374196 496868773
463553283 14720971 333253395 841688882
992332124 634426061 363580426 694449997
82398192 419237785 482943173 637870715
638945380 979524005 948908661 705033542
411713335 541604429 797235616 685273173
940321726 775389066 335814769 224451905
615778124 603902684 568765414 85427099
639863424 110877346 424625786 650971298
85418599 739315359 934013978 715222206
923599082 714947382 809325166 199887398
223117206 781112781 685116174 948166836
119692563 141502638 896553726 708875518
583197322 487443373 228034095 131090806
559559177 424417917 572657905 704540485
423152823 73812663 76708645 571815228
620854658 557737363 554195328 22295626
884112000 918061011 55350644 745575721
8282484 10510568 114056422 223620153
692236688 893020773 941449759 561126306
368584211 191783401 788027198 46697750
434851056 81584647 372340413 128501150
609801415 394789464 188814977 596111612
653589379 752822236 947341040 74841569
384993031 117168706 336049425 118612773
546191449 989190582 161114780 25449871
901414843 787468320 114653766 688108876
175451905 390060834 371908454 926067973
723229326 168813444 548270303 61746396
808819763 38647839 974588452 40149913
754728589 874054339 688929075 877571422
162403328 740944849 724762714 253969750
847257066 286098462 755135802 398439948
192711643 773486928 285799971 774515648
416677317 922907331 140958567 770750236
666397542 787736046 560971465 205315818
415796265 922174254 414365705 885950182
845316648 124416058 909981329 96021129
419312564 437633347 921152023 176389424
995799154 496617116 299501112 528929515
905333962 635040831 821740391 728396931
73835522 285122480 198611887 44230718
814157841 340943940 107842707 164241539
368226821 913099728 162328365 67167576
880878741 826673955 846256063 275586166
859833645 184666930 112927345 291174698
868822557 468762233 187033946 81478128
339542587 191276861 262239766 512620284
772904773 928965957 700353580 197202174
13715808 933805480 543183129 975811334
979344059 864294779 296494167 624554454
679749642 455352882 841369946 949902032
700822952 487251817 901034731 954734368
747831573 774371194 610171906 938842571
813252348 555301376 645774574 975403490
376291193 112377005 461147102 521039916
654247379 383467191 466840438 228127522
216417180 647591677 409693905 308867361
268724804 919860260 745655678 944269462
721826652 24371925 830977830 287497335
757146694 376150186 799198552 57464803
673355307 849262770 420285294 184625817
670795313 370665458 584222683 132620014
192831403 804376360 717719976 891487586
672727788 323364866 418132121 444479349
516806246 349405736 165102530 23933342
664983608 36809210 736386124 205075842
840850889 279687429 316256422 479459202
632978656 642321867 425613388 127500043
33920893 598876642 461959305 475122712
76963753 11785596 192007354 56498581
921762035 403388174 507975282 471895511
854639572 763344624 140814154 337640677
500644169 147849577 237456571 832089638
279843493 59793590 691221340 811579107
60957368 214624363 492452619 229415957
856801068 233460163 538490415 722369475
404462477 403114867 694947277 859820347
745488945 512856999 778740292 913093203
813380124 345357085 887158937 981402251
120637161 161027421 788813317 426204364
169735848 348830479 349269992 565064908
983034935 325898075 782870409 163711476
446664174 735084702 348994695 932378347
180239307 331456478 904649593 933857358
781516524 282686248 663911751 938522335
173956004 413656163 768360397 276454539
575407044 691723105 982131321 291791534
58630938 546372479 431797673 935376321
944576885 186103802 589990966 474613010
86612523 207942727 887747788 79440388
908596429 752837077 344373687 957199115
49678355 537740399 528649972 435716267
493673154 240679582 882265729 443786409
438148669 460528626 203348118 246049631
339442068 633286952 476399120 469582453
217596606 264956456 99051621 611381795
189287552 919585650 206381622 935953386
404097131 715293836 923686930 200056816
835821582 745052790 582060529 478613948
897468106 256925044 496468964 478544592
517475113 138642240 159156667 208867559
769075137 571509577 302852315 627311270
715770861 643766119 839419801 824400815
14549593 340011833 106764408 26270816
972390170 890015667 891152675 114999082
414675795 921404485 345271951 970740524
227682563 691490090 625203819 410716744
753780380 180361203 14441184 478958757
782458908 392317074 175697725 817545238
804101755 50236321 993685841 258397375
205716799 758268455 220018784 971199730
4727663 504292152 598269331 752697911
775756904 408482082 238673721 872860454
648949844 631169006 803089493 761208417
923057013 388340261 926276944 267205571
40054772 583655734 40431664 842553160
967115603 722004057 307942592 563727496
118052793 569340891 128408610 566712704
327906320 817171231 796515861 444198349
433668338 962861770 313509008 158734097
924097045 356201356 66529323 542148711
241172012 830949525 167716913 859472842
780962998 492506955 660833333 720756719
281018739 27580860 315754585 357967534
831036329 271327255 43410307 179259957
249868375 783845289 310775242 193204130
168877076 233393917 951425251 636224210
367410345 361056468 603632450 245275725
443999915 667697497 50941114 596571512
270071582 433127126 735606226 474422949
79570150 668772170 56014136 400933445
835103590 714352223 352990611 821068813
302098280 95345480 136069507 304583425
754424354 366930927 231347440 840876646
631040229 283621680 454427523 331776923
940516979 552546872 71512328 173983993
839315576 836816013 673443071 417203968
221611690 26522173 605256334 521341004
134966508 118891107 619340634 344716900
944504905 673905938 699143243 708245068
36365895 332153492 940951781 586597715
229277817 152206358 677305624 386423713
407063876 414244205 167800297 392431626
856034378 927938359 668369782 857323587
94185300 333979190 64082555 895832923
149807638 811004855 642851170 464065596
67466230 901590739 104528048 180739717
674614884 196048562 881812994 868445630
508606299 616279021 351515339 19374994
69152474 702939742 243613 437370643
801533280 734997170 222047562 533335992
465105885 29319118 218171775 736096246
625372709 385874206 844296666 459696247
291993977 221652684 545390814 264040909
704977174 277162369 992914910 144606585
58536552 174073681 539491029 912641703
497740422 193837245 530985291 39687578
29589891 727554398 412975350 308964125
574129260 535111289 859913099 462474321
655560419 290030085 936261100 860552032
743356808 106650688 489193607 973856669
876055119 193329154 157577943 921209461
496188975 903635043 366772605 1629208
40494381 788170692 139921906 500152296
923057801 986726455 608859524 949750699
649793345 306507237 839030769 21993955
421236209 73601440 990604462 815044634
905670781 383148082 92372807 298115069
801492049 482136283 863645053 453991192
752067820 729570356 86627043 575225835
285901287 467410490 531256928 10962119
445361936 610576703 236839628 585838977
521164214 259277529 418224573 541120190
846683768 638129879 90033284 932937189
612202468 328523100 979184593 424972022
454196129 106640009 7618762 716365574
560321467 346438352 410307050 923647399
845319856 985207676 876676948 198409377
284937212 839714449 741502039 298595849
209904370 144275592 531275182 321077120
86130850 401735379 890130083 333885791
954050925 485177897 407339199 842033434
38863287 131950614 718326273 409477857
863051463 848886999 721886965 195120973
120509830 823610063 847060384 702059447
593342037 689995943 319999116 832032026
406799766 42530794 43445764 942974520
891047974 172598437 773551527 322792149
685463621 421148589 253214124 705353061
452872898 502120563 955146844 290074302
308728880 356175600 394884406 84664386
807100750 95433224 88245664 540733721
579428086 530964403 134127851 478298223
624247884 254929294 424629820 722808717
182665751 137920291 339667313 377348293
656646063 198624400 257525704 727709170
249747738 604345349 648548124 379041972
463546381 454210224 624773556 256887689
335176714 861156859 664933416 393838310
892072679 376240524 352678535 100753400
27893540 749714784 993161762 285308263
282101691 925083772 660250178 899054195
434102945 729460204 739979707 803274392
582563487 884198082 951931726 958546624
134414372 362939933 907709810 439439282
833598036 339588708 282082721 817200281
503942050 772381208 828552598 235319380
117075297 490399972 877087755 397195395
942998935 244832784 431717031 226664045
596173350 490620238 739000604 331756546
957810237 396226734 473379839 851156708
203782706 620339519 177358879 410746999
746555332 906962441 855695323 446108412
945182046 537725565 913151521 38925420
301956115 410249505 385303377 321268405
49761070 842207336 161282412 462983394
271063227 10762088 828556942 694296190
771416154 257566393 430238788 209225715
340541097 842101988 663896912 72716463
193468209 162635557 302953026 4782484
22338092 236799558 453920701 992736623
292547666 884795684 951935318 290565702
858480933 358830361 533114000 55905819
478488408 718075384 882259327 928028476
303878825 195070814 107790735 359559569
383506828 765809709 185368551 477178207
23909023 555521013 107316140 337020779
366905218 776988352 597044726 488799970
513524946 161316972 461238088 377813240
438036882 870319118 282820485 417224217
451046733 511900511 961354404 335446841
202655174 635506775 435299367 847720495
410646660 55924982 628541174 441016218
680036609 128165537 658546113 38609435
205051763 241782516 199120434 400804582
483225462 568559710 719258981 216311950
666532059 890067949 834240937 116526734
743185147 83145718 724063233 122416130
687874734 260937366 361405980 812204694
458932085 356319777 56789385 698336266
60903148 403441501 287925002 763129970
109893412 468759791 42817874 907937805
714148116 845172423 414484664 345061987
992938304 548331333 485277508 457964338
340012473 495707591 458687506 836424637
840134697 608088601 363489057 521478478
878557680 555315415 910770853 133074407
880486277 188292243 108277585 988889654
67669566 521576948 937872899 428924434
42055324 925973046 534324622 854538273
443034439 769868827 879569853 720446299
541711396 269064292 607110505 755850008
992549193 836442975 766885035 891912063
381074827 769474328 670732278 547392801
723727396 718576417 927107870 77551074
576455026 688438647 543286864 889954712
767671219 801782416 706161646 165289064
253777076 153345264 181234917 976924486
78272934 689454372 668405200 627226224
265616895 503615403 324219976 232849188
464867738 446957147 145469280 26160776
80172318 686052764 26127216 590404192
22735493 320368703 48329078 615235978
491453918 285966642 715537465 603771796
459494489 137030196 782222101 605876534
835399959 458980207 781287122 344558899
580282330 527034388 69122921 422437259
418019821 93468336 895816457 966702766
693601664 888529206 490455277 200184872
841191624 198786269 167679715 136848942
197733460 546204440 323638147 610401961
146564589 319083363 578340292 582102897
632714037 665833052 443976672 105768505
103020868 633228578 212584725 566973534
806637247 475282879 913966081 375667887
892066994 641440633 820325036 225024026
205243468 545398804 562203210 998403222
356130835 862355248 658122384 784034783
24606943 79915391 610139815 410522441
588200802 287190687 834558817 443584149
883968990 189650158 156390787 882076502
870175696 713211091 725068675 381799373
219799098 440939044 973069283 569969544
125833017 496747601 4269170 385464985
768241069 16514174 762338703 319186784
527463399 633931466 218974536 276112146
926743001 695897418 602172353 491248545
472573489 854633389 156966249 317251129
220157989 825642570 384662936 300052237
320303630 447163193 659351979 384491806
424563441 867285145 217614052 350551407
469137133 138242038 119875859 599479361
107725234 47792941 49275245 207209305
458007782 489952516 506579282 417126736
464124503 955837457 993840996 553749734
492930572 405377484 30343625 404754471
340816979 936965666 184150365 68509253
699511040 480598243 199982518 218842776
667225710 909506983 394995541 742921000
94848365 189748859 923168825 520276559
193186493 658183786 957677215 47082428
53763940 650633609 371851621 297158491
247125626 491968682 48557951 115629372
549493536 483402701 444793110 35550988
46364474 761937698 544575388 16841280
838364697 944002120 737804997 52258721
511747322 238008547 636924890 983182293
120956284 295604536 399143409 886840037
35834769 272645433 716769695 1110167
662983732 415251596 905934827 160368530
776139871 813874224 252595792 117318705
98837499 535780969 572043422 356091780
763467032 737566810 123267486 338347756
816322112 935762179 549255384 23424868
80908416 486682662 744256806 524520088
731559246 53864043 817036497 7033955
327007307 440630850 601174338 772600639
733535261 751523069 290657999 654589778
389189954 571588154 262811172 535753050
471741859 625263571 196992232 335685979
459515553 949812775 859757016 714513122
91363129 627047958 174474471 947145413
413835754 470528928 719241342 477185670
6579637 125771408 599409505 407907905
420498556 670211919 33704380 570186560
735735058 907503369 860340916 564107065
169853341 462363517 717910588 72929548
317976994 934813617 21210171 842583505
694849177 149164041 955672614 657448414
250983815 166047076 462621 45003294
419860694 246901514 71667168 672691966
168922077 598688503 860064718 92335468
86964041 433613575 535916100 72890575
142015818 947585537 141833602 553712020
569449318 933674838 332583038 561477117
41136909 872595964 403249975 982988994
908351241 548953850 323743281 210238467
344633896 991834332 94507041 570299183
659713114 875967506 632605109 601411116
942246983 186531742 909538159 437478115
967131361 709920965 587288761 882762292
770175838 756580791 75976787 636538614
286474810 551384982 380562878 722562435
60292031 695413426 546406290 111130712
504656474 374222142 632056990 26209183
964837282 755065276 416405217 972483881
360735737 235424278 816073857 680116726
341830752 226477772 936020581 501932430
244039029 456915653 258372012 517280307
414262548 278161689 410122161 168850435
828808791 382721976 716375753 383404810
849962044 385563156 554564489 477865638
225844563 4493681 278609075 102387564
400070620 548997682 192261133 576839908
434620192 343230520 925128018 36523671
76193107 203880282 525337185 851582649
193854133 134903724 27174612 712977230
924720803 840260059 64440465 271093092
528541467 291187999 150944600 417848823
532440086 652315037 632867714 956367996
45328604 6957893 468540254 772139158
998409473 457036504 761205572 589214908
659661015 130804483 141562436 582551643
709875671 134643873 996214439 749815197
300364408 89502478 255781496 258354207
808444214 855492940 815615956 378026757
69014101 802009182 534490660 519253558
796553858 618217121 585524548 962784858
811802657 614396605 512371437 13414614
470406945 543626158 37817489 428366617
530051278 94244798 464531720 238119296
454591699 309371767 295825160 223498155
779841173 830990543 116491107 653676922
873685619 958578488 212123082 179990858
273352530 591263251 488827889 56663058
547623575 214169082 815696907 363713186
474911536 550171529 971243513 938923249
687286971 83152961 167626728 733144594
442508550 662183088 312031764 149385267
391057682 81065726 984655944 781932562
548500210 829694395 548311562 915185744
710567357 626484241 173622685 601821904
532889723 490681252 198830887 473537935
538684883 388856381 475398357 270480904
132135152 201084673 448023291 405539633
175280826 155082243 509715787 606915039
149163795 947020202 607754285 783171264
173213902 412387748 785394320 731001380
355352849 108468960 93954473 347449806
690678604 552357462 715912899 330818138
689494686 102146163 970758394 117123942
209011982 879328635 424497676 393649560
140616383 150496547 535862179 268499523
619676803 19946680 21687997 92534708
334458405 321954167 81302968 442187968
483272241 959202896 105848627 543112956
976581898 417792238 497179349 610644491
557171718 363912253 149952169 386089991
373750592 192349532 573415444 534755188
61357849 730011726 614862230 171041218
855375271 164071854 629034248 874906974
992721645 790796107 939586842 779044895
286333559 191674215 160040634 773037643
534794097 657147905 899518892 721657084
561755149 727935616 788960467 610241735
979769912 618677668 588621812 638674078
885532627 563667310 540319775 229882705
958576707 849806976 591916077 468700622
273294561 669179766 230844888 190860719
694660125 434212406 649616598 890976800
89634395 325847495 462382919 443212602
740911072 504078 378160631 459472743
715770288 186828993 837890080 481709709
581680832 452723205 538353925 556226454
495488269 719187234 406491340 769776255
201471005 622985083 779657367 287727309
922355592 912078450 530570166 116928575
867050564 465412732 742809276 587694893
46958368 805578091 518411537 845521419
781058014 701535166 781796162 730793920
303702419 256974421 407401618 280424926
989111832 824158102 724020436 540643471
429921914 100079480 837002404 738094376
279034277 696371611 142226057 964813259
65922201 330605697 142588384 659494461
906010555 289210032 660907574 49683445
421392357 668000441 165406048 806923830
832000346 170815415 675751720 447821779
668942786 453648308 380128170 52051080
357753939 38719671 838897343 54089819
285603269 582701197 470607073 460991509
191761206 720109147 264494252 748330290
853007604 782922456 982525335 942603820
292301077 497516734 283071154 274881387
534040422 319202579 81455547 563698694
596867665 332021981 636459640 578656557
460881468 358246800 142834836 461396827
884190862 922614611 486363490 849212723
139673550 859971113 598318611 751001283
232250427 337341196 435044015 663091515
117697976 865058970 390031310 579680389
419407271 520268783 943722668 513781408
417288532 642024675 420521143 405475632
549326861 598055913 126373923 325617198
951686271 912419413 722143963 955579516
189773290 482118180 705671893 182765226
762419567 987972380 632591363 434189519
428215072 659248497 470859308 726397986
529438179 414177127 285666524 803755361
926602395 590551602 194214547 471607421
222940739 704102647 149626214 858018400
21523514 709308131 823385898 782139539
418642733 933460243 219013389 930565795
615434965 847481582 734522943 317355497
119419335 805683821 857074797 937407617
60295683 790275040 157150668 512985585
959434044 206616710 241840853 458158587
734662453 37127669 128814232 188138620
150807709 403875751 170024940 142388459
133404536 163085581 695402287 924926747
998624372 272006220 626720436 79681163
371040277 15129083 490279487 589322987
263845101 446397396 701007936 452892246
273431857 367450665 91467861 818012596
857345993 15703768 490427173 482023452
763315997 488654379 578687054 689502670
972646439 604639234 204662717 986779494
393314362 47673273 206793913 237328755
572719491 687733691 427901318 925153986
480590096 251233152 939472663 963022353
657896036 224244822 606523124 10917743
320321727 298169237 651316497 867394585
806027832 490293799 826550663 717267052
197115116 124290932 308133989 773066576
780830734 894025717 725957652 686064089
62824176 687596463 336163466 421041837
879295797 51936509 102989884 577440876
35606663 315964059 432000682 893618824
226117409 765868304 125040718 743628679
739917031 737255565 343974816 317366795
920738076 734425666 665290581 293680995
350143274 712092884 4440641 563269466
120261243 571607121 594978992 716132694
705858521 624843020 22275855 821636973
449209656 184316268 260852681 325476642
381142476 397512160 647675769 533800810
955806199 300853954 112129527 342738948
132841261 61882589 82881866 869047758
408449239 727394266 844323337 671129680
777786121 919406465 646521881 906232889
995141564 250591802 630666210 172118373
818676678 102686189 109997602 930003884
48684770 165515521 266718022 247987525
451427279 248609632 250703759 992652374
667691838 124095490 627968742 75002124
346876799 970332570 314443919 947397083
939404034 527180182 24306864 233446017
77123798 229082584 182204230 330019746
766531258 222538585 31419122 683715533
717303832 582603695 695132783 671238988
721109440 303339463 490375763 217250161
691637501 39670264 614827844 691165712
656300730 152853672 357317854 744979775
433266441 975813531 568493350 135370048
544870140 9891599 114023630 30303057
111533022 365345326 960605932 167965252
872378424 223227175 624285507 226554425
934507088 895418148 768383074 486791666
603986479 304617240 233506768 244500108
36514185 950871357 811191672 429212645
543304322 317683754 229454283 544364352
952362628 928857650 540433 227524362
98162299 989941913 149253041 245024323
231030352 250394069 71532731 816275726
985060053 495280075 384974716 234326322
926735339 157782778 384291693 333826119
468201111 10108818 969612874 416301231
864156661 251345785 444539991 377565833
409435316 285341316 847385714 483577622
46559318 446130481 763898608 652224536
747956556 733618420 687949069 469314143
352096445 823625328 550788395 621514318
680907710 705833889 763197429 387407365
233635683 622897310 952540880 21711695
107039180 200519773 949752995 149861003
837122751 217883973 613390844 262874673
59549005 23074587 517778552 352816108
253274469 588255049 844080332 812242511
47496010 29161232 903535567 793188946
189975374 203088283 223223511 469096837
155238175 883279031 440887505 766956412
607108457 592568941 460541773 215051324
415207697 216466408 991389838 278593111
221614297 175374501 827011476 1000266
197625991 773672436 798498128 554439177
498808757 916720134 411742314 343245246
665621049 564326410 637499153 670701079
700248245 11081070 127386662 899195805
500566572 577010728 266013059 987420670
827804275 60352573 367207924 275954283
366762251 943620698 662478765 416135198
391453967 903335285 838035912 803700522
825415568 394413017 708957056 496135030
653617586 332695761 980154482 189589558
541122900 355592105 81717426 500558543
129544173 294169673 456096553 467573820
237081393 59536333 379915558 457020934
449082947 526699483 584186589 427856994
536749226 600512321 919699721 20485086
993246877 539280727 712520785 37736290
880610689 371961800 611026193 714154
206758922 751772496 474657689 478241181
727372438 452443298 363135437 182223221
161657345 564144903 247056509 765412214
122725949 844268832 940849670 777575641
325749869 106990211 235953575 278722317
137206979 227407630 222160319 866331834
294582028 435856526 753109038 988763372
775980427 948843181 551798922 249860300
393679036 962414941 380757576 593730796
583867106 323683617 629179159 873846386
149091452 732652661 455405294 659768874
964615435 697383419 66842203 290367392
172634826 492557783 678657762 286069784
846704929 662481044 546250439 150232781
515155732 907312597 635516067 481801661
194593513 543153048 861944594 396917485
37571572 661054624 355377338 34181452
185226811 254321336 17065731 59583338
450823933 42836639 898310088 545107957
265174799 95157411 956296083 233466325
731808524 383898423 166283806 795638586
791337110 162424136 448191480 646217251
3223500 158043166 600104809 694380088
302049697 558520093 397206974 337699446
264189269 471023022 518343729 666533578
34643821 932351327 134625066 688186688
228679180 114297179 58602924 909792386
365218408 338021915 372755209 650344223
564611709 337640876 814945246 323498044
590100000 310555200 975048227 48185656
46248504 693030099 8578170 486083780
962951680 791089894 545543533 528633422
998073919 939082393 451976221 759580242
54130774 803174688 48487543 644999369
996399725 102633690 846053304 193083902
518702945 395822945 471027932 199300335
169916202 901096252 203457786 240496055
611527340 472059949 965126823 592884690
677371199 35810108 706925482 867097314
881523653 622520558 285515748 803920222
916293083 396705204 917509556 173199162
556019439 31799101 663169487 132296715
983727843 624523031 601123283 796643862
681189182 695616458 190350419 461389091
702613294 866620483 238030675 252392653
378509054 91966357 873415076 553363936
567171737 840507803 806648894 767639625
464629088 666517512 208236921 445805250
757819970 981586463 598838348 164039000
231652157 19514889 547376128 813345836
685369421 751241642 670438111 350309134
763178951 758920513 410742059 1938755
980553707 259246831 735442402 528944346
161785155 694181574 771757050 188788224
183798189 465406915 39097239 852507240
771980201 21856478 593269591 629389464
743850175 148169815 490896450 785666621
107790782 406506163 262050931 314236639
847556646 888518071 293281871 493709237
543566912 93373877 223321696 912424690
844604023 987772503 592331277 31685774
768460693 89195414 122207014 771276884
197486778 428572287 425545190 249931613
550658803 931401505 457617150 630952709
741261770 866968189 517678474 770100759
945737265 804574974 567762618 584567980
499125639 160901468 607881750 267900272
16253415 331493868 841132376 149440717
367511314 905338403 550586578 2107098
810354873 703812883 453573650 978224762
571363911 735406566 487687733 580199898
630017722 603296956 203703022 157732115
635477415 921664049 883967355 831233914
625590064 147658831 105156882 332338474
882777952 769065909 186822395 351903179
940024884 455407375 281712110 503015858
702398922 406174943 603331289 662035606
698128296 965194336 992736384 893912612
854444070 490559383 514696784 605658903
892704759 681074597 777235605 950858165
903243704 188283497 624712219 655065926
128748771 418259586 286561738 953742028
416461729 829421340 650297725 957085523
29221581 460514354 23162633 192980717
455857651 439945394 928985865 130184532
772610115 444339191 486658871 104813228
536585785 516868990 270873683 495444470
953226333 812827748 976486912 497915518
689880852 380994093 924625984 906551935
638371219 284189042 748026255 134047899
774277788 175391887 123885709 199303422
655402977 337241731 837679940 625933396
818374493 286596694 173816790 986045892
19643477 54886952 355849386 627013064
274600437 9419199 753860691 563380336
997462457 428303728 205116424 435369733
860270752 321220307 366043199 445197047
136179753 985337904 596167423 728770685
260381958 429420181 552368106 639585921
899657000 936915221 713482662 376099192
764382494 757817448 766039215 409773693
549400595 793829491 284216848 628891159
809618431 618734417 23365144 291535384
181559898 7574855 203504237 141239154
282200335 280453850 942398959 397576060
222983494 857243550 312629231 414376662
149365667 11658393 141103745 906084596
91635183 374807933 762795041 735786948
910764989 696905250 496704689 473532767
1603021 691526771 269390104 286354573
131688233 859723140 424995080 909479295
376919536 682707172 454165790 42249732
228789023 81415743 825955378 390542781
90504254 612566716 419795182 87434673
743744737 741810351 287912310 187144771
127180313 133340136 653946145 836932652
819796818 45874621 817357605 949161180
732995426 979488348 190205795 872136903
141882235 153600834 303000068 894382502
42885406 365603490 817398335 514492537
57241586 869596207 239987482 870504800
549210786 723019512 988136229 337064564
494266455 618838843 964525165 542222558
373824776 720840240 483901322 261809269
500164606 901095030 997785771 892195031
374846482 701960166 6480838 384106879
594188043 749250636 779858221 623871098
323509258 474760140 295901851 188075361
229318458 497227889 791168194 389136898
971139407 904813346 55820569 762941838
492666899 872914052 348235008 913514524
302474125 954932430 189992414 267126094
689845104 306291057 12144799 708200113
614993355 175873129 978530370 576230004
727444806 386159746 267547757 952243105
371122537 634196444 818001302 189375022
312771099 717829223 829489859 494696127
927726918 178637998 367375356 784954170
736236644 987894913 372049290 868563613
465341154 660848022 517523113 156883381
221938183 179238370 539674108 726188880
194384752 361015668 46304243 955357635
755337579 270569938 719542713 993320744
847111455 536085490 981123802 611468778
739370550 732140535 522623917 613979520
47128705 527863699 261217053 605021864
543430720 545396327 492450941 694324667
735850335 692117984 21036833 343090805
816495740 947606111 165974533 391195727
291379744 40760224 518507888 740646497
376823368 189108336 102493536 485924022
477826262 995404084 964942234 740541344
723365258 32362190 744606398 628102716
188790894 904655465 179441692 234310922
648893858 127541659 354878764 985820503
167388007 522894220 195961986 935646417
838307212 257094492 521851909 795408353
224188669 467927627 748328867 831904838
543278753 360547326 276245846 302650242
715622597 229570338 663818859 426659329
70256633 613163100 986716710 278101599
780621482 24893413 834033784 102077378
135800814 216300899 774240934 323500370
218801748 435196337 977516806 807325947
958035598 571651102 568898194 415520300
24634653 481803850 563300363 364288295
880232520 863396350 566812253 570738901
833121459 401336967 256257846 331887471
624812449 816627248 775793463 711129842
618878853 621089895 334694167 229895621
111413685 777100278 208281756 724526527
607140491 634163355 444423639 366793267
210470867 565172185 927544769 809734319
114889143 936895391 76372130 913266097
157515567 955052292 547157464 873034950
603666124 773559775 555374129 212024081
154854404 363866686 986592869 774577016
147838302 804628352 740172933 233638206
547901491 270881266 591556384 836833833
411456953 94792151 444339315 428283997
112523640 120254857 24028525 340438062
170392891 769378313 408002533 568210885
998451639 707088270 959646030 612863779
447918422 79432906 967326679 89440787
269185476 248758345 653644545 825164586
914637463 274709905 689539844 890782949
655979172 642863373 275707707 44939289
886241613 786327179 86351543 697526279
910228876 794242470 892301459 380726547
193209513 27420050 208103414 431494797
897987308 92898667 189677944 72181198
174999304 308335632 990572246 843377906
596701226 309779778 980859610 351993666
99187371 36658877 983760636 371235227
596372965 401208134 539339032 836824338
742310897 88351833 106233209 202234917
327615243 914523199 158624410 776313973
260182651 462664461 817201290 139476303
965907402 523855107 920649463 19656529
563590683 772233739 258392749 918135623
334053982 464530836 982090874 879156479
632462188 869642110 398205807 874202240
353779020 338217207 320143734 207225628
73261527 782548813 620601503 769855082
289142949 312790335 635910874 602083523
490665908 185558550 622349010 400739224
300128951 780177651 683748252 778049087
268166847 915083195 578124761 713952137
933840767 329679173 981429398 326243332
783051177 358916508 410699364 475298739
24614001 872948616 377978316 270333696
162284809 704923478 292678894 641184915
447540438 914715532 8080716 38201864
588274502 291149267 147763137 232827991
279579682 979603241 928362132 841704952
91551730 847452330 205536733 7537955
355886118 106271109 584286973 431088740
521025385 458283491 39721554 416865020
254101956 456290035 389528736 164220008
871847433 208926586 97077361 76210182
64150238 220273825 403869340 488039481
911200042 209112905 356111782 99112361
954559494 347035397 54306968 289747927
363159285 403561408 958150092 527670934
46674589 608083158 67850567 290517441
667783744 801179712 765160312 748494729
11822179 574969050 366753540 784732237
189027142 326011395 856035479 358504406
850340093 757006975 472504443 298897653
215880547 505777547 237927922 217830730
810980069 944285863 917325393 264122072
908272434 363652757 356655576 607196545
259323199 308036492 300116704 695403385
744574966 940828486 636329767 619030603
482993580 484469591 418267055 584095399
265763902 120513620 768347366 489473770
627926816 536031081 973765242 799569484
860385251 530040372 724749627 859349828
997790734 638284327 642709284 138872721
585307455 317460238 493031695 103103070
765123802 364296670 932732758 285489775
858750637 706020136 449046664 130171086
460142715 307704250 551019693 829368803
871184282 873002608 660790816 940159290
817335925 744666159 105208906 293999203
40939230 756998369 864153028 486935994
970907179 748151627 504505408 761786297
686098493 976338431 531137262 923674193
860085519 952446366 942061754 384836445
57314502 553079570 13005636 599906193
490135323 146455032 614189381 137362443
513183819 786990634 866909531 882011000
806695142 123222916 287880069 915458916
882720449 700463782 413897633 64517692
157347634 551960998 570977175 528632962
316661290 492171678 131881506 73884215
645004159 826504918 884087868 448287037
26966436 427029494 299685484 448584180
74327286 826409046 150328404 930152117
438411422 124943298 829008245 767796880
845512432 572590688 241232077 217256093
265684406 854385095 484514797 459604791
198769942 132968795 322420527 46115530
909150718 111555590 279638234 190970396
83787003 550399716 457723365 664570293
62660476 950461317 239426913 393620405
513326104 615301076 693381226 26132401
285567270 704959750 168213534 363237899
618367879 983753318 716951564 682559331
510552236 509257755 940812234 451500579
259937087 297918711 575883346 205687189
447285573 175673522 39874485 560615517
510004006 73195599 167728018 697482813
850118956 333487403 800134977 888990981
724556049 377955674 921972983 467771874
554576194 933425387 392174477 841192577
860447618 101872491 559705506 145141006
902529263 453680173 7678947 485748521
229318690 563117218 75923980 798629077
249879106 553410310 589167836 468150130
664960295 117528645 646897403 860783743
728798039 838086531 275351975 403892820
501742247 119700832 544874738 499296725
734133458 803285414 58635472 137132713
820278894 797301673 867228125 223455259
575417863 141423829 304518299 604670472
819949388 713036377 935030557 429989699
651624157 238937167 24798950 559533920
850968444 867272263 645490440 357576060
141257890 332689226 916894569 518397852
737220948 625602315 232776518 498702083
816877431 234908359 744638955 449888037
223313524 269108762 295282295 999573038
369019097 794892552 723849070 43676701
210682827 213904105 328164389 700151395
703910334 976812845 827123800 407188633
25174112 96894815 746239149 196021969
984974097 134521221 113918989 426799069
674145553 808668292 744508265 680752640
738219963 740287381 762145059 385820193
294834637 60907970 450384117 413757489
246695262 387678251 401965775 524069520
831519522 229092682 532773456 138507628
67216974 833667887 114282782 24592345
362748759 252686150 648503731 385715981
81690164 697806824 328268053 811961098
740111803 42774329 728141176 722418036
251031812 659745375 506054864 202290810
100141379 290737593 711425863 214898892
278737437 780029102 600686009 944767830
314100733 595483050 480740119 230709533
333436123 82262238 941744504 233192904
524478092 580999668 215408209 874799653
434717848 933031581 217758389 867782422
191769214 571410007 664580865 139850675
343968809 771028115 318447477 127844238
529034260 686211842 63122645 772881880
966396268 17426293 833322128 524769384
983365672 228692463 4134853 989550580
509544957 643749313 352293301 128794465
889427970 653177775 679509181 809208698
461605818 531608233 35183217 129461301
408704594 663098572 578996365 791821515
932913259 767403466 961362900 70583116
31493638 390004974 678336787 556428004
904080386 107321043 890054767 92578124
634569399 380655964 947459960 245173413
383830990 501734799 591405477 522903111
542046698 863210936 475592512 493470571
718415400 623341783 730636751 453059082
869634035 15385653 106365059 991800548
311396345 520530183 388142013 880176828
606949430 604948250 472655616 72015617
967586344 382962825 435001455 518474003
899729531 819561364 929691795 589203813
110162826 501554151 704878567 535429106
547370355 411914658 432736826 951633120
119985725 246962922 190571904 998692340
920355004 606055410 132795713 340949901
397032104 538754774 17043298 980218022
854525990 138457005 407037494 241276360
394742403 497677264 732456225 608246642
892080134 603924475 535179333 419017879
805986441 283268706 315435451 553349083
35444345 895329242 974088347 833710583
279548427 68286224 665727675 170889187
844330076 954998537 558158515 120579501
427084413 501410580 905127955 390234418
395804951 526397244 779535690 855060739
85923063 445986331 891434797 529855707
677469601 987578154 911909226 284231514
860834897 750362424 961956921 227371665
324291457 800825662 34424684 502125037
410524466 2230788 93270113 432809552
423702457 478305441 32991563 578060947
760099182 673462961 673748363 52105538
645190185 234111805 168266165 869754368
913570682 466394734 729543454 321765787
930167145 555716344 904128410 425070629
95904720 444388625 320769444 703589577
587420684 243249743 844954433 263351285
803940946 379766771 682256877 130971468
622697190 984205427 562885144 657686001
120205745 722068146 671789818 43341009
168745988 126381905 868870255 130484770
475680801 565740363 201448883 364346528
195758969 932294849 326681279 773291284
80148033 184381695 160734067 688559775
760228099 16258211 98264507 431939500
863109309 887393287 857106880 42488011
112040381 551360037 400401569 645338836
178572640 425639289 994556251 127949695
644719686 647869169 311338085 348373886
617977883 12198935 322623739 511915396
311129437 286668372 705873671 493003563
672958103 355308935 27398713 20775538
565671635 295072435 841222429 50172422
756010764 633645355 12794675 335587430
143007942 809264535 555245178 822248359
834063398 529046701 87454689 455961000
607166608 212274193 738931826 789609956
266512875 352413978 24538553 332570777
846020593 528504308 944798288 335685508
537044089 856811048 652222183 307257788
836402262 192245435 953296377 993750482
877478455 177589318 683963085 451744058
308520082 520689205 526237274 885580255
529193387 679652625 321794326 896457759
310412591 219615955 929943436 779703329
665389401 184705632 849117961 659870231
467997278 927863434 182550365 246582342
621158161 751125482 786000086 976668922
601516250 7326956 186336264 915293021
323580152 772725977 865940976 867597061
280137388 776809516 658331144 334102214
907454579 434294315 27174938 954635811
284171878 809331333 402278746 802140933
528373178 150514622 311959235 437497037
865204035 453839157 670622035 77124977
924115618 521014147 700508003 796014014
614150526 308183465 527785582 191303027
103774654 261141811 644923668 464715055
931969800 939449256 945402329 150119821
174649298 548726035 903435401 893107803
716826169 792704980 274452539 521345936
544978361 965726032 315461966 56886743
458415982 456732467 980176217 237324867
224595016 233743762 462110711 71739972
552888159 663134472 585806451 920947382
284443455 938984676 638884923 877131979
361198072 612316050 603040680 920805930
424046468 165382060 329226935 689332301
137239622 482051748 974808589 794047450
862344644 347442478 265872800 975507858
672505555 825602194 231029524 918341041
570343264 893056097 42601491 851711283
854438427 215206862 859960021 822595581
653820059 104007755 688470239 448860946
221716179 228617397 525979031 538070370
43403888 681386916 680889471 615970218
192886796 494308837 416988025 562480961
912401500 85171911 607907513 803931453
910481118 775129516 620116693 234227713
193392918 347692754 69906984 609281682
332879169 116856446 268797216 69060339
878296508 796943469 13825840 618292256
82020068 769228201 726525402 727382344
98801462 630191720 416903873 723885275
473079393 205697684 554694909 312077987
726662311 651337762 466406144 550882040
963268819 259225955 150457824 52966944
796010651 365658209 260945477 432572496
857738669 303274033 76838623 476009278
121468037 730107373 386732772 990983471
884434218 662228689 291148855 210903864
3849665 503068468 372239042 733074222
641103690 897594641 5231781 270189814
918424531 331471470 86757322 561417064
261184330 770551780 317626736 500523721
970416047 69704322 689739851 376158720
40006978 505335290 411171168 777409706
754413184 254690972 663439328 259289620
466678458 333139259 858122926 538740316
731605588 765943588 658721756 551043989
199147906 272630931 496139399 328096016
293222994 714028131 580268509 537458076
195827392 799699811 939087612 228301957
81508553 857234566 781857878 717409290
9823702 546481272 67350761 989875561
560798174 823700102 323680235 937588037
847347277 634806910 416799533 596625742
715779008 677095008 428866024 217305309
152872822 108671740 794299422 71939342
469428795 647287229 68480313 68795439
