2000 35944877174
152652170 750745243 174823879 571473949
686634695 990576717 905856661 859129640
933494791 418569895 372343277 820559190
675154795 58571971 759612859 995081894
555176306 538545610 999577730 466148285
740416225 338861428 911420236 389524705
813316640 823273530 442813624 103388281
15215234 791958965 937285398 655302572
376492566 190657539 428200501 898346223
448543639 977882190 441585343 228549206
593893797 759261188 870058444 895200634
44183885 461921261 753869815 393166619
495613539 966472601 973459802 424466613
699917273 151445227 523388187 221374003
911500686 968793133 612199649 644895073
794034091 672579784 153593096 222050762
694786788 828858601 532062038 719594328
558111411 384705939 355493027 501623476
277085095 903582776 216071164 376087635
701598600 204184183 482851850 51798359
319273901 792502232 716109746 525061244
328717700 832066336 765340929 931552093
190609886 343563448 323520125 953052524
900242434 840180097 263556816 76069377
37987079 438121705 871707143 128117919
87212393 269876346 643362982 100262293
864459830 488639394 993229510 790909913
510948341 221998622 183963572 964764062
967749273 51455822 717872972 665793733
152692127 570018363 164075442 568658294
510716448 829808498 780054835 365107988
293801412 258000141 297829444 44189482
693122391 264941678 497861829 723192257
573913407 756906136 156077255 930336258
706486254 589115688 536290392 342951471
154587577 593652945 568720232 242773495
200255162 973761808 732073467 217667697
967617507 46564048 421146512 587354077
466845787 614038595 434046712 593724355
210752087 840137321 183225155 983933463
942286730 252765216 486030282 244908750
771719372 394689930 255724468 253445399
26672395 586078056 502316011 13048915
421981019 659963110 4552924 20604296
117552977 392120653 599929130 248377132
265951977 856874690 631664580 314187665
235701566 197232150 502089932 168356590
68828967 554532541 691598752 845580549
179451677 197787250 594662208 895345596
384394455 672364380 304331219 657670274
857566415 66051650 802966523 246536711
159981059 269400060 139409080 573735984
484001994 196434353 57071379 657301525
688734959 778353463 476802501 908322032
22428657 614019026 840989353 932951997
133786253 875231583 621991866 972278075
989334316 395446498 185366409 754339717
541723062 665378274 225313614 397813861
117500005 917315228 758512660 905399295
622681711 472170975 41904799 728326972
825572224 137098626 234190193 266081730
341986876 593516894 320854506 941566335
186319581 569332037 185495148 619655309
504384120 661433969 713218732 142573466
210950488 659165477 308225251 463204692
787385517 411488825 445492521 407440408
488957615 882225901 220880313 322799965
605017087 274958888 46281613 781642146
728321061 441148160 342630613 913397269
771017215 680220472 54904548 171832701
678591255 96392179 515950108 677035158
459781206 672515897 44935518 831834967
245651911 299950422 759762188 881884344
8907131 728370620 32439224 281706673
280968856 285852559 829045973 624734328
321277813 250187545 636966865 147661944
310237612 292452030 97376535 619503848
713619162 118581044 385041194 929912587
693611755 634769420 543913261 763934939
776319109 133773459 724935939 364103796
775021180 670052689 87188466 948526548
420215700 747415642 289068901 583767726
408003902 613170971 946422272 577965282
735631181 637095540 988317365 515343787
668724422 80498620 460347662 650665355
455253627 322035066 110476307 923839588
555113426 840457011 569343070 21142119
84713440 551168040 463633829 3963401
695210184 273813625 245020053 893686261
164814459 684995546 171307203 358648473
379915486 198418037 642550424 209293874
828277762 476040496 169290889 449524881
680117998 858495882 607995873 610725495
715399639 487042661 789092384 462417069
154000020 702728065 586065509 372175649
192201264 299466522 32625980 844296447
21701192 518626893 791204338 291915362
927706570 300836775 738530285 472644415
113744080 556639105 275099651 957254351
150211010 397718232 728507207 711663315
413227266 586521502 54350697 662008236
75984187 434623774 388944785 661587081
824024054 683251099 160953532 974672015
188873560 707807332 108075544 854928558
119959137 671141292 87954491 393758041
455231510 265630533 845833776 603998235
538285306 758665910 372500443 666079337
863122050 145269023 210482479 48449567
671360843 89934054 26299581 577215955
724628751 769576566 806072167 14498034
431172831 793813365 203461237 480407629
810223008 36573092 214048073 522071247
879069060 404242488 599836217 171046078
304415112 480284940 604229084 436486777
39715077 606955865 809661881 351415598
66191086 645856618 106798600 309756265
169717849 833811097 982824321 778370355
483763039 908668939 308259165 749220042
141084922 182808419 663857099 644657560
63356827 984456005 717768108 159348791
162892134 607732260 318488977 555990995
706553531 416726717 566337224 461651021
358633431 583497063 8100821 64406181
560621038 573143735 160065248 126432547
442282392 957112651 395601546 481389054
716605622 994139537 102639480 934339301
93475913 48617363 583894848 400369012
889783858 385822317 313658760 713631184
338665381 55028226 895151516 578945923
646714035 713131098 957365301 340691718
739935900 577053073 625994724 389904840
620770675 561581968 390845727 33782219
392264481 811673517 995907622 334073184
632980741 262302516 150068384 352418660
773189033 47937453 313859042 189712987
367066621 831039423 761690079 393367736
860289447 710092671 669020771 622769985
857180828 71942049 884305654 202547458
147113674 138284864 674700013 729410659
840672987 772529238 886684926 27739422
482792774 829572326 764793152 304932921
414781688 862523388 859178240 416562806
488614279 211383264 399104724 654418971
471136524 632764614 440124157 946253257
824759674 884976381 650343765 974789316
763336444 107837586 64125721 349805969
648888490 297296151 372123339 150486981
822373364 642541363 359425712 859156418
239208137 946189165 863556386 352237859
945534510 378946853 708391619 43074313
938442771 492438354 833841176 737608048
991072659 20909966 11529520 643021079
953621578 848830519 149338766 178452379
741681302 848673996 546482410 23190541
195471162 51072623 825494924 668661111
121858952 880319294 675910723 428161112
140717113 458730445 269141254 738118128
724662441 312005270 13375200 973427422
879516345 866257200 708281135 717458843
684262145 164646198 411926465 959602581
233675031 910990366 606779740 895179883
345541688 57846893 404064577 188422425
556644866 565737793 231881975 608501679
684844936 523235672 115320466 243923943
928886905 831527084 948030490 820454756
659669580 40222314 305364979 371271622
116541731 169673088 232365434 894732245
900580228 741610927 352437804 859816798
948688054 766861802 760924666 900654525
305337628 259825240 583528799 15322030
102493153 107802967 330415450 873478304
317751717 845520157 301590402 392676157
695611763 81781692 545274909 507527601
531296826 171798388 561081173 248222015
234913806 493016028 315168287 737289618
512164300 107199 660028855 993755362
517847726 849717357 520160848 496530468
949386375 381005662 521912630 32955038
194616832 127949055 179203637 963540601
284746062 841843872 230219200 260665806
91735527 674381785 755041717 961985525
399361362 425381126 244869976 696389660
297078136 417901525 416179501 936305053
973899014 367598057 273059870 994201555
532886464 807278708 544743666 815275442
8317397 449588274 575561789 977108939
662255026 53048812 734811616 31380586
496025656 533130913 662406145 222963476
761124594 436948978 772169341 190731287
925549718 774685290 227193881 537414300
251792720 526926364 865054281 588446250
246421509 870568820 198143104 45343508
420203124 892984056 945900832 649747231
726620384 200278750 501363436 685463057
754926348 197054865 222986511 58070866
242348964 417844710 171353987 70137039
702030662 462773370 622120437 632599126
70667189 216933041 151839525 297596944
13371204 215383050 312611069 554619901
273753835 955772798 58769303 93002024
235678546 405555371 169502519 267857321
35537110 986911362 273839075 293401956
497553138 731723159 938715872 870634093
922808350 483475255 783385566 797744650
81823556 764607991 67809532 655004071
363733201 674953882 308746653 808464829
525860327 25927840 883278951 534068759
916380425 231889750 226675585 419026671
9769196 333974349 159299179 293761256
490040679 297775134 861929638 506791766
115936298 964686881 819460143 94638440
338902793 434986137 726896340 875763622
43405335 934681943 24454828 980583011
532357520 539762620 47614265 162941676
272089128 882911800 167414860 487985922
663856119 728361997 207467507 957573966
882382531 325895074 712896710 689229883
955889693 813307352 790503311 106010606
10311898 319948621 636144915 516036034
972036729 470245200 252778530 613103086
249048113 990154940 439645310 767500352
719321947 504454724 302685518 375117223
797362232 963866146 618599773 706348319
909355485 718821967 627192351 473059443
998774686 483592532 450512870 47780630
241835052 814640327 716921817 488343859
558610641 294309347 412657270 886562240
419114941 31652947 71763523 495029282
43178126 891166456 678422897 239543896
602945571 782606488 74274862 587983557
322464518 220062374 192923876 629018980
604053676 678832951 667228163 2161539
952477215 494453792 346618539 691903124
744927151 25246267 68385649 75424467
516118063 152104121 695656538 647770397
465362801 618154564 515942869 709925074
382133655 45344230 835898739 256222879
818901354 72370617 716709703 407417733
74860518 711668635 993274228 661165260
454411286 673917247 842839024 120867847
707944573 710510044 43462502 679761409
763855948 874484844 906887527 186222481
36744364 16909025 457722314 572390467
426310403 109554130 472593069 984011485
270226194 967787289 133404504 901026596
990716252 948043180 310611431 816640848
323817675 740157598 460436626 848755553
855986568 904606490 363505776 109689314
980650399 315347103 712862572 814436406
100864001 555877306 721059010 657809094
768347914 917241719 543248979 999923329
92061388 899449389 394862902 414593907
329274255 439917526 529814758 165962929
310272864 90339582 863402950 926599442
171729616 225981935 736220880 62192420
408926447 946939451 838594498 153472458
216602350 626737759 258171655 918984836
965931225 452375561 407314000 498229930
971460341 343781069 304979162 632212447
12153119 305948570 965838842 139005192
375450109 839441607 619843100 458849078
763783177 535647491 443784581 768863966
589886482 206724460 614210561 546074522
690765671 138593142 515544340 370635947
737764456 577195992 213850042 725398437
461416274 485156999 259620275 477634100
872624549 822359739 996533474 243535040
40681757 763337352 668294906 673565829
921831914 347193120 233190354 366260323
825107141 331804466 746652759 930373613
900337333 902040751 401125215 702696969
823121113 919389407 768055262 786184522
904980674 62038826 400173703 591648278
178760412 247164460 994843388 96478031
596094022 348348052 775439988 335798662
298061975 309912568 388246617 319542209
14442757 870102876 231420776 417119119
458620136 591393045 497995044 731626624
249030763 911806191 593847227 181813679
661398025 422541373 199886526 109823172
207319932 39179700 252675509 39153993
384899971 564038479 747995586 187349454
5099007 312388922 231169631 384599506
310790291 287729647 980779600 683556410
461015321 640380122 175099404 64046053
479843797 234167374 68378585 954050671
230850647 784544994 56015034 922566005
494915829 818309543 835641653 662030045
835999828 601652367 982468654 22858108
658489333 209141277 930072355 302500429
416033771 548574580 3513700 282179092
484754343 997256849 47325985 902764124
115243841 509594638 82600013 957250570
411823632 415640452 575931661 671573782
184370264 305900334 771387700 773338720
412873019 23937026 768776098 494137859
391299157 230892610 476540614 949347952
943223458 998669888 375414571 469539509
134723109 964098627 659211559 398841310
321863671 413816008 389468868 793386525
599505793 485366966 483453028 553106636
116178250 327963520 983122245 222911520
513012360 304481466 130328928 855971841
708782854 556703790 768310982 871545970
263427094 108348287 778918799 811838816
629327425 803172520 189555123 46978909
957839592 527524589 747613403 16813237
480781875 703764038 780394728 698916755
277859848 371798192 498915783 592162392
108239768 122323074 522850247 570123391
977554387 99275873 342294494 123882389
377748836 660625992 732703366 491758690
556568108 258947459 211731632 300486459
747876600 382592717 281568425 331110721
576727923 186572328 45127668 580566919
906438001 516922178 771355331 612704779
541379282 38054265 169550284 44318490
84303319 334687119 597994474 219089392
979344551 287509321 477201108 117098500
431746537 335582895 325944987 164464277
922236633 904285776 70403665 148877458
120571815 251137066 200561653 452600426
337512188 606151945 919807027 415399046
819942832 773012425 286139622 76085656
483683742 703290642 795668579 167530744
262077753 591311374 472073333 755507971
908695027 853692097 15698593 996606982
271829088 925257360 467913275 839382732
950897553 765214320 208518777 674105591
580708878 815508995 854828512 512577509
662460702 169961181 97121514 395469951
282716422 820809199 904938385 586484855
919055953 213691735 345116588 205900927
475572977 182648701 273832691 127641650
591419577 229246492 997720632 490658013
44935664 585780201 29467928 810096454
869294435 884181768 815164265 912476564
144422810 308352614 538060250 112821111
177459746 744563501 544826613 791949273
950846654 399482180 815812035 870974502
601849804 502872336 227509805 401930466
852248257 286373683 939353205 778318706
663812039 905804879 69892662 850489781
920065465 367056079 399563822 813276221
948422073 115489241 604388162 187977690
218596360 365090746 798154034 815007564
858722551 878727864 986956449 845498545
674389418 834908325 182735107 767207998
249303772 235949511 484445183 769936894
734467682 29389478 31631653 485833495
986862405 261949259 872732275 710789220
759471544 957374053 792308200 686652080
222121381 481528876 966708978 982662308
392660150 772875089 301408716 268841231
553555706 799181890 404159926 367405478
777297175 533452991 390483199 541305754
206156378 243391960 796773423 285636166
572526608 496165275 644564398 652205506
855877626 533331913 964482658 137876362
430841916 836817212 950198940 489642895
272986174 375140880 857597496 296656026
709950904 595048496 121101081 82827512
179017285 913546242 744466975 260869290
503097019 72162764 964609057 172793517
944398402 254140030 621362182 786495129
828754116 25146393 824661355 725128279
296743475 146109438 482464091 998885490
188495399 654396276 442606285 706350530
427020717 68079032 816260505 342926707
667023449 861073212 483844663 575582403
372615597 905222655 569236844 775512387
229714053 940932376 171621781 75558923
848980180 820362028 367498236 283275501
660945085 39483362 102100527 453696379
78880939 26811733 145214680 63082780
249854515 747424274 326937782 676328082
712925223 374539514 310960892 714854008
136577669 898897581 907249747 626886219
587113815 539707468 587597996 982501458
934991321 950999516 595244764 649287725
956242977 889454243 143632684 774754706
313488507 227829731 745794112 664679973
680042704 191617637 119989090 358776088
259249931 555860962 83075768 460645912
456774758 859581540 483110119 916748774
254531295 792565899 663536943 191993808
829366025 325941915 707805083 958461748
256099089 686108743 283787298 311908980
834895788 54554067 573085209 825607853
128759594 616081776 596088757 127356675
815808520 10663998 127164765 995886930
849482050 936260324 116660519 252148189
371719105 844055326 49137661 603044784
729231698 827319596 374694650 901678071
3727686 841739771 136113165 661825751
495699137 615423357 121368563 329090276
57967786 790214413 483365271 624082775
266105853 430789016 523058147 156004907
634392992 216165218 955758238 835747579
877733614 715544766 991542790 904695208
612607703 173582712 180435285 819852941
175521451 907252666 284855652 562171485
997503884 673136970 425552858 65085458
22522750 502306480 916759933 375659738
956216703 908083456 891330515 474198809
351983151 471019559 176740746 884884027
176157098 640051547 306269817 915239977
764330675 586877032 341976484 413306295
441203922 111720418 235244414 635382559
783477764 934144561 596166327 187541400
958027496 897788906 150410377 153302971
777173009 438789674 554409103 823677104
382874191 936787336 571942236 309856725
619289328 85534453 138562265 793458663
928196230 161383582 302841604 424791819
547511988 562343052 548137659 313443872
217154557 525411770 173877342 192847856
604607819 441687458 734153052 318239015
658567611 273106008 177538529 684102428
612174603 441884695 438804601 72487766
214708170 59725196 89686717 874846665
446602306 143681927 609808057 214051829
648669706 298274624 551489323 96081708
148067491 86676559 30351441 654792427
693665519 616079401 640261736 399690147
737096792 706741613 56394446 396519848
603093712 516548620 97380402 65592962
544199617 730634658 50273118 822621636
248622114 604441889 271375753 177668630
608020659 798439644 908326168 429555602
552763959 338780814 729088328 502053197
605619238 993949322 931686177 866703236
223936201 160706772 178223071 567391795
775054143 149781490 397660030 246872625
812097889 27682106 564987487 181645133
811566775 297051379 63125394 937501231
171326951 453419699 394579449 882958830
687467362 997974039 320390309 145856351
6103713 890247770 780952394 76227842
278889278 789798622 752699100 888142840
163731076 819887281 239449567 342193109
210113691 52868350 163704366 697968402
717357224 457135613 318303347 424812734
596497239 319850270 13979512 57098764
538764611 490014578 428676319 902557935
946377621 830042808 429310588 533954411
953993222 399965540 390125703 760677111
71834962 910672423 535781815 723009929
816893032 450164141 106610910 843937457
784535994 375006228 842927576 221681426
529838061 827012962 603562637 103716945
872974166 214603558 969211241 313291914
613006535 943017475 338936823 55585759
984458221 316914694 514875349 154184053
50088985 547443261 724285658 877695982
480614069 336653494 974531087 703854339
378978857 928931667 597877483 220222915
106725457 908848373 120714383 666664338
670925333 512736216 996739368 590825154
874858685 86125348 650796397 764521848
792309460 230269857 55417062 219538255
87031411 643755063 812105884 288417096
417680680 956173467 29474609 772307107
897142498 434832985 80067878 253541513
114847248 869512488 467226137 33891770
708706683 129722696 481018722 863904224
274118579 76958438 79591376 480691456
243077065 940023793 333532180 594041985
92644280 114138759 373821331 300727239
682053176 223984769 450253982 334975159
757975774 377390081 863871363 390329992
801427233 98515840 214559119 487394934
205457784 810723890 146214316 257751655
682843444 970221988 256601208 761075995
676262451 845370295 853771370 773244703
485891376 971041929 922074575 186847931
845006677 584343559 138333672 189758967
747027111 589299237 291987879 970262212
712394839 592106745 957375151 20140291
700038198 958664173 899470559 946585016
800461385 825936253 730754210 149745625
268150274 91116491 713995758 896574381
828349429 129524394 274993523 673833514
935212035 958499186 570495873 253478931
243137051 327397312 11614214 269857733
788005092 537883407 814958513 684807208
86746105 634912282 588190963 340357789
97017549 14433997 611832853 114745619
314337195 922407912 871021321 332326119
162478686 720357114 702276471 337308822
310655761 349681114 918301460 699895877
694709072 628531207 867723227 647343515
537563656 904563998 205287198 430738825
459040439 645787533 788049313 840485873
883436116 845114900 125551374 444444617
505070712 772246362 91523770 166246805
943627819 151045837 923192592 614711802
364124478 997813830 588580191 673637264
237568757 186196925 723374307 202304182
327615852 186077728 839128273 772856625
709819505 19281723 332829592 377601698
87657276 64342728 122980161 620611678
290980817 716829046 563963074 651488387
933730282 783954686 552551672 507534298
95742579 861027817 239959955 723237192
8679566 973360171 232029322 723696687
150746509 296918023 774826003 640378572
294582654 975348995 647120650 573303984
882893392 472220920 11486527 23215971
371129863 393832283 104695306 50266853
109754695 143415653 45473296 284764331
139935539 472958940 67657872 808560792
102609209 957654661 77644277 907145669
657361585 18786064 216319211 681782673
916162619 17925848 617495235 160559238
722254684 352260271 781551949 732536936
916529486 660692548 636947323 373385464
571364251 315141865 984839112 832552178
511593352 911128068 725639088 462198013
446821264 765111322 427049918 213513005
165914868 22083923 366802347 405371374
986403016 183484668 883742441 1545017
884309344 985826956 637400517 750769482
548984025 654181926 916432955 759192007
555210319 774387849 910582464 788027481
592611886 178903798 329597873 776907765
688171635 769223608 930538791 760460471
470355982 512720681 107912641 690482047
240990235 253145919 78411524 519665685
535429207 317980676 75903031 533201719
925138830 212017524 228514381 502232875
598147151 504140229 89135209 69439644
3807951 343441106 69579651 31089506
157256590 32283580 521328163 457978872
892263816 98374914 636744684 820722747
186882230 839530418 469184812 541283191
948377833 40200876 421000859 333337474
512323866 975135057 231609962 528697161
668477551 616174625 266814253 604630858
703476774 800241471 740124004 310200262
257563971 240039788 728167702 421931416
39549217 929775758 919476250 346531272
677883170 543559724 54434570 351359720
409268142 856205936 398538230 406444674
963500280 899276000 616328032 781159165
283168071 343765077 434532758 293732064
581872900 69636497 647532102 233226943
241683452 66311863 680960633 298419698
104198648 37746849 444303216 549718543
244133574 117884877 576546740 562309467
943479082 828210536 270751292 461095350
283534856 880469908 321205092 969360429
629477268 360222731 809144655 182660587
742517174 951629512 363733647 697983385
14445054 296004701 702241126 200425913
87218776 484913102 909121184 771565671
916330447 803616182 312253119 284470722
782278061 617567583 462805919 12831460
673163351 944682048 810120237 999012343
360969931 510747556 131521085 728421073
637931251 194394779 800737579 55620354
722056259 9073165 497226693 680176847
947905614 952855126 699560987 806467841
966626011 470414735 839165731 746023610
135908378 530846929 299180598 657151643
274361102 724809719 360622333 99732456
527857124 804335916 901090598 807791356
699908903 158539608 679626849 424277591
500656218 770602635 329462538 843265899
708383395 572755043 933869294 64097021
665887062 22727649 156354496 886464579
835691046 571667324 521912144 962214539
643586283 647073711 410291714 680118595
50347340 880142440 996388132 139343385
689350299 889945047 899391205 816430342
802260786 633516319 509974596 852635043
893111036 438077125 919907435 674135263
472491260 474606836 368063451 850578915
57546705 289844301 816438409 134803016
261855537 965198977 218948247 854510341
449276261 618092608 719293792 901772963
465941142 624483124 932877059 482097868
448464035 196780255 346795354 507550473
34503114 914362276 728289752 727521569
531725397 579656255 156046187 755948977
56018714 857249500 351489554 934124379
232669584 565632320 287980385 853917378
993549937 964495382 539101928 77712102
481831715 751656130 410703452 184893306
986591066 206488762 306498312 465131252
231643317 198348433 674304404 874699059
713883061 225081174 293934842 318482752
269651642 903118059 948037544 400329250
197532869 233194734 298624268 262566055
162362816 76681644 494610299 443958794
274788735 519976999 263260272 686445314
498736614 758055901 390405741 129232384
993282846 82520106 56368570 589811558
686532991 621915342 378489631 770303296
976828764 874032288 834911394 578394150
11360594 770701383 199768158 664967584
991555061 761644252 902773001 341313630
701914815 788152351 248324984 705443895
432479029 880857166 13925409 214291454
779404825 628315396 498064669 848578477
447841494 704882714 952767267 150598719
442263781 632819099 900113183 226994892
552496748 737211120 323755165 209813931
215665879 414510565 845300528 352471836
510513103 468015587 314807533 584922627
187164699 390534334 338657775 141334216
317391126 731407238 406118858 124010833
150483992 16358342 345505470 837657833
560483628 842333783 745965196 712142403
230149573 557462629 205792860 8902004
327156215 933226467 517907340 137816696
981987335 871639501 243779464 198826651
263481072 606512928 856018499 393857447
393975985 495672674 643736302 418897373
566615764 860667044 527572092 810799134
49181323 305307237 717881746 760133020
675236954 321389580 256118369 301435644
513367067 570666772 89311524 444455672
82474160 978140671 803105953 81667934
78056233 960489411 266796387 59237989
887473759 489619272 812204365 783192486
694652948 115191050 997610690 173970657
520064343 657033726 463326645 567230628
924444393 146756971 32272989 880900863
290041907 407119810 431458865 465935303
11609481 378511206 50430512 255761657
527681884 861260703 459208826 477736162
809091337 733391842 687808316 917221626
981469972 993112524 389753636 158966820
767941585 479685638 133059022 948240077
549556642 168020833 684484654 744226530
593004938 258534524 395219579 536678970
432471146 142768756 741533102 513709652
503381204 33190597 324671952 548126428
804422605 954889611 513615982 251119526
901988055 271304756 622508867 477796882
767480105 460001150 565436170 186953857
540311536 988165272 601234864 165782143
619312494 505219733 872893548 679355993
731796271 62116019 607303979 269725243
786209478 22237323 619023176 932983068
742296805 528986586 120125241 931253121
719298909 678364729 149482764 182457117
840641199 889904314 379041729 269471432
611686442 100353101 526384572 484590076
583548079 318092978 954812793 568794803
392032293 995518432 404956845 338244879
434940283 513437343 354503125 729061974
380463118 274026315 281940947 73555130
261448835 62924603 221966010 510602597
135799635 902881636 350738242 331342520
200513124 856883430 118890306 259572854
888924077 833579040 499876387 288632926
48973225 702417082 555362659 862037044
302502205 98497322 680825066 605948619
581940334 538812844 423149221 641521906
913502453 48845813 134822503 21788533
444044491 420650130 224431897 630414986
275484121 395304820 183301273 582255546
40461866 8747864 594888900 652874017
952739792 760927130 498379952 664657195
588283136 77301168 254839985 986417788
708403295 736601266 849899434 519537174
127277625 569892504 215689087 677043853
11839505 917030209 4787867 244437975
387523249 508505363 524396412 973072842
138600724 389201965 117386622 190007286
272804964 332896941 657188535 785313966
309274128 842611508 359769520 770225365
158550742 82268770 59248023 374710841
132344035 944757695 604500791 994982749
46218051 26051461 500807163 98524241
696777099 366390249 490113897 728467727
584959166 597130506 286584376 106913915
172288006 370619290 45847850 272309728
120913517 758671672 408820202 604844992
262504451 146018807 715937159 193354164
721225840 68255249 542704462 71894753
220624782 526064904 174703561 228650036
530192178 359276280 474137512 186055564
161000159 129279105 359616280 800474661
566192760 893692955 794232226 929200623
715095794 231668373 518880522 988932496
768261007 711169719 722043085 190691272
457663214 938233143 672656009 74974028
914516096 126198788 159332212 398622250
669782922 301224627 150002882 357734618
940365677 816555960 612299972 664785200
75418286 236941439 922979685 296638853
494726829 159043212 595681000 982836712
118792736 229829701 188475741 995324932
683475710 827316794 880188053 414358467
44925076 147571272 49073926 622398889
448367733 625819217 961962684 514935661
502886319 715520365 292226303 264288547
406139280 708776346 777765871 217658188
479685267 362505476 587333108 706185105
753517296 224061635 641344154 100204155
71237235 864060122 408322668 387171873
189006105 351804625 280234357 862236038
3863725 565316935 444176518 766784774
856386572 828095257 549706853 546316915
306234024 32206246 356818037 65464810
333263506 136573890 203157921 871234991
918256340 996486960 194783633 525568844
845290160 153444235 810299508 72245875
372076014 299460291 302034839 788946855
394883243 731692333 489593570 833650843
96941182 199435111 448425830 235421831
565129332 823053340 478386042 479897162
830140220 870004720 103555303 628990939
163937767 383485004 614253367 499721082
721867033 539249687 276259171 542649195
757153908 14295175 242570069 85839507
286746295 956221245 567275178 297365567
409310921 630695607 725773131 897872065
511821370 605439160 466068770 554178474
220138462 432845106 885135888 80819763
697156468 504166390 96990380 371604407
169623669 870793494 864516536 490015585
98218501 231025489 611356657 746325246
422189070 372069021 368594448 795842989
625730725 311817719 400426586 420871427
805438052 284497897 842186700 709964879
134721505 547952189 11514721 225050198
282259802 953458771 165851082 564658329
689080303 85534875 570582506 254854600
858054532 410125831 391375093 180604830
931585673 752940598 143315809 728269388
220361631 768230175 80023366 426449762
496322472 403736052 269203631 637143362
742044977 604213701 604421747 493836231
937031290 506613817 710949105 873723139
559605790 24283578 377615948 658411780
429558321 429857770 542386325 629348150
580360798 804120623 145798690 926356057
488117877 172167381 641212825 149289287
606862651 947083043 116422455 425894600
50567560 174630406 377729542 614325294
503899838 298819492 871881514 38547674
363871315 924901947 20627767 46371757
448656817 628263073 803863115 672163296
242090777 275207249 605704942 461656826
491254789 726538693 769627141 993134043
30643987 761736898 505602088 575586174
76426374 922562283 672020072 233469582
258382787 231104455 944774580 732576966
820810540 331981779 752723517 950828461
562519615 34093529 949353501 908171926
289935138 57013151 908155064 325174758
493976956 321533435 336088082 908470007
417723341 831002646 75846549 790953722
245118743 775758577 860401845 414114556
741658409 534117495 720772909 159926865
121347055 572476333 994245825 393602379
37817847 339135305 398229482 410195995
855113478 71096224 979118179 781123497
551602561 561572390 156832930 474329376
766197360 590736865 734318694 49215789
783517536 114643464 192240137 696692098
704419745 728203925 414113314 117770721
913976848 468928418 962677134 832765278
93294990 371278108 235477595 541646914
420492420 34259884 677809240 319219611
790824365 259989 751997164 235871147
366599026 5861137 857176858 368561120
635459321 6862910 400621681 928622087
729362545 567554160 121935360 900589433
867263175 233496652 959251268 407914172
549971715 343226861 16708801 544945295
354789418 740352017 428477893 905934554
901335390 590364207 710751552 215021019
564639225 563696795 200695883 182557057
270685673 794148232 394128272 651161955
30362528 328907580 42366493 101220773
418231211 292117240 395614237 584052529
125205801 111637637 975648268 107644319
607095086 14027614 445513261 286695774
724186651 788421539 911269995 343372820
503458815 528037418 662078515 906151029
491861683 304541351 300380760 905602026
501861810 173874832 401973146 71110187
132033152 346898936 298513930 457239038
977304415 303046587 798469272 329766457
100420078 38410895 212335142 93881433
863228939 662961016 226224236 658445341
984097348 803591920 718638489 54225106
102828910 939136339 503666704 92602744
320880668 668349796 118323391 568998385
191939288 649272752 186557392 846983578
928861883 531767105 427832339 721463692
713067008 155041317 345854650 942308873
885227555 341107866 117327358 690306167
794766407 738582533 240426136 412868539
259942931 366482206 426051061 979950485
933335085 198280107 196059725 969670107
711438209 454777386 24059262 573054725
808717272 262273527 19825068 455223670
765060042 703676549 445337518 871399314
555789509 501281122 989733713 73257088
780957815 676290691 704933162 855752094
626242168 377176658 301258085 629508445
782099771 902025479 618317955 451032406
850785674 678314420 421393090 904338977
97368542 544312692 934817609 810788339
610822774 364301907 623979507 853703724
910215137 243931448 682514656 429851550
928731751 355432821 631005309 578886352
391461 501704684 526892164 731319653
227541307 871001361 612094096 11691244
967418881 201923892 552050216 8572199
860934179 400940634 520000033 427113842
703846411 209027067 620551677 662937778
464250947 320412701 177122115 580157904
636436114 484858172 591617768 487737010
354695389 842755616 810978179 254670884
203799454 199958233 811840595 506360559
215859519 869837747 755815575 850109241
54292549 622491186 727048290 42226444
966280678 747763876 34739168 463993901
98993727 841831648 785669399 357161920
391143533 51668773 34884170 39000309
304274824 112997622 168122856 877866988
45115412 909169391 761846447 119489159
310878387 259186930 875426055 838861909
571258121 375287368 502051802 712345411
21433289 601199365 945410368 944095530
757241071 590801720 187141458 466928446
803679459 711767274 328643958 841699360
72874839 566515032 817982345 320668793
626128063 371385853 291340407 917445930
428304828 285806177 242291533 344678962
592389552 281811731 167381737 430982940
889114538 436030316 264958549 745587428
109042283 209555870 988515605 117876079
55845171 832016140 832400079 23749125
394959327 369794940 253578921 862896967
581590954 48551543 302883193 849127882
220209539 802769052 665009531 926100428
657417898 565748673 369334637 661743977
271965732 685248891 511336170 387837060
895762702 497433304 81365154 174039126
193571854 467137138 533164939 449176096
378437719 722944198 640588804 351595740
648265918 702739535 317798373 7199589
393302443 69103122 950440108 104598891
116881061 454340516 82381745 166227417
725817185 828444721 823829840 403745642
115574991 798615159 121493954 360986147
199546904 986174957 608997040 831133133
520529541 991614792 828315521 869822805
809203575 237035971 218227436 233389907
530446916 1391302 190512921 322388555
624625939 244944704 584527399 255512256
805746298 368753003 633548238 535174173
152254763 486975397 224299174 407816953
363626998 497956883 274522476 378846266
208101128 789111611 257202091 349900903
572690378 611872175 359176415 485361580
831679050 700027313 674153917 270369712
236679836 449220823 688687040 835665567
168243587 648011779 179665825 904305016
981363823 475203308 19383589 455651699
759852838 346761854 709988406 212453724
564407574 2730861 273944241 605112638
946994008 329254242 532287871 408210123
972531476 797750434 716200388 464862213
699332350 811538486 668128054 421929898
805421815 790423333 960458718 661867196
164638463 711351196 254615194 478959573
306801375 628011988 714087292 939153712
852083026 333615916 673299891 390963698
414475965 771983989 748926961 880660046
52794851 300016734 918958812 379235239
778083092 825013158 29584061 348350412
990675099 507448403 207621079 370170158
575786772 720633772 299153581 305702688
908729970 524861413 88245705 372659562
20261677 773821684 646627453 513186573
228135392 244260118 632449863 560580450
158560779 5768058 350718412 231184485
497997592 97133284 71935374 527852593
204751507 162621606 76822342 809726534
717939912 17042413 184350723 445452491
832161226 376916628 134252731 227116509
412787781 36572988 363969471 859918087
619216280 834967250 138554725 627333581
715359014 13581099 251684761 717689280
151165456 28602724 840759528 497530131
754956823 361135205 606645957 740416877
886462440 19127531 70373341 976839524
754742953 882227279 894607157 913553231
241373177 926029886 195782868 667686006
776788513 627143861 82130381 17924012
900670758 412108051 558806554 174307424
945483771 497587591 929246060 157202867
708475783 449393216 22683569 512141772
827686773 955843410 901335161 584055146
245161172 967308808 614360299 937862954
451916934 463390049 520628482 161437747
30838912 775666508 547329730 14587443
954305593 326850609 361456373 203521132
418043454 298885685 713648571 559199843
868228859 204298361 187862625 684777454
934577263 159995677 119705159 896257713
58337491 597176426 397558199 138591654
351359683 887501026 172599406 447194418
358445388 553483273 491862469 377924129
18818364 856508329 199688178 126900097
310793023 90895843 601407845 521656633
712625188 194244946 978708301 324882544
7196254 560048372 273170023 831319251
729614165 476113843 333749527 624554253
464716500 327597113 819757827 552933367
483805970 723902384 245383517 515157742
279397658 653626315 378334236 720827443
871086281 412230096 233423445 624771586
507349756 707249670 754008017 850166910
557793606 227460969 491627401 776119400
664641152 716053442 94578636 430426303
296525220 442660525 539017814 647948981
71151355 777020303 447423547 56238172
487221678 608371855 263487688 289099838
313640913 561904643 497866680 40386190
624955322 615392286 80275212 504055603
99467235 915267767 806640804 247893293
616652010 296609421 684932736 794251377
374745086 405148301 498413756 633927433
27186236 291262522 208648283 612064284
475747990 745743525 896616599 557423985
513577895 362631320 296101753 997497105
574456721 854641783 719099142 60437096
828033906 552410581 911095795 351527454
414722523 501635749 875174122 804085935
348657928 572044419 218991020 777822166
156862990 209514339 72825074 456006294
124196253 103088995 217070821 645711730
270603557 335004064 246607891 540414845
264385435 118256043 778607264 866491497
418337461 642992588 499886985 60350607
688446595 939660289 333503203 701828431
113136503 252402182 679548132 874773714
691751908 161989159 461935128 503191541
874874317 47075464 333237225 451290087
794273447 855257180 403031202 911636209
519453893 948866478 386482550 841208782
3906582 893691631 233609774 535672661
270397184 57582415 91978096 569896202
840452085 776972658 194912798 689888377
958837395 466827946 478169681 227582784
21623353 942332931 472701931 908300660
546464523 717065654 763626335 326244798
765243966 934878772 676781519 463183018
38866575 290773300 813938189 812468043
743746545 253166290 650049609 785697077
682009506 747187206 158621434 144517696
169375069 288447137 507275464 89220827
320679315 341688169 470354021 29012192
203904154 586462470 491199252 358238137
858155875 395457571 505665963 151607067
278659845 477774408 622017652 516182459
904028448 379029091 506225289 779101186
240032289 267094628 723080872 703396906
620106183 752300789 171947528 92870685
708101764 176501688 336647074 410346328
10974897 539598707 967231003 529924207
41197403 776922333 212780715 199121327
939364027 785829183 728763712 672510223
207114231 953481246 653979895 321524468
492689279 184850406 749656477 634771899
473663674 9026898 339904292 948967311
487893869 805698215 383274744 760018406
438452224 920960661 887254784 172886667
115607780 234521067 98508316 952885633
738552613 770014365 728976179 25332347
466818261 398444007 940382689 822082560
960952592 11830886 161776943 832773069
695002732 750672340 341897509 386663358
947562221 273373477 787214461 260800233
102567957 261514061 872934660 251800510
103232258 304183668 404430997 638779676
65376035 374378739 32550122 539110472
25299668 251569970 799858853 179454073
603165861 949606769 832460838 462139419
18708958 76055664 785918024 326123727
634936642 232931083 35849655 154776190
455014019 579916257 188919724 879514849
403855339 856995423 37218004 96668696
527750608 345154356 667236932 656799417
892723412 277132518 23281027 516463043
844051903 522174734 884986229 862633717
560504354 318450626 971240562 186704401
931850558 459328135 47195887 157656824
160972885 489401019 31933505 539145510
822325221 314511586 150639183 118832038
963453391 599702619 323240738 41767131
594932812 575646494 836650994 435697560
399274857 259150398 51283916 587406568
811237182 653320226 142546717 637160959
922460448 921768755 937206540 521908437
533216712 486755610 772198934 831687682
613441414 927203406 411907002 366766100
845668422 221515949 415569749 559980136
932942224 427526871 525730478 155497145
524139338 28116571 535916825 113782638
110888030 898424866 392951839 37620986
319282225 373780288 353152837 820559353
452895122 995850854 91186624 944191415
393360665 762439285 619674660 604832398
267342119 528031595 693627515 463775054
157815860 62219687 836563495 643633189
358716957 886933398 871616397 690273616
988808725 697566280 994120105 806797481
716307505 111312033 955745134 645047035
486286383 558384097 288153393 76915371
224919606 761879359 253334519 79196941
8855485 974555895 836006666 145941601
510314559 660237083 979035378 706997871
642736874 288581522 714728228 504729350
679843436 100180125 948858937 767533828
579150105 855009923 978442550 661014240
212574755 693927319 833809032 233829730
352997114 984974146 502527049 832087945
473230771 61082108 674377325 399489254
869301343 508183020 678337005 897579960
352810310 212200995 666839411 725720765
83489230 956444193 381592462 653114064
635166477 363831391 276644030 206290859
305271684 452930905 3761301 708344973
130216796 978226314 494782516 943850179
453958644 915933801 582109731 824474298
899592789 44411662 924524011 913262594
146378171 583818509 476224096 11532496
837171404 78440438 968191159 654080451
355345222 410264690 928557389 559997937
28428358 157712981 831579499 982705010
985947841 876566446 872290274 638857567
352496180 247056150 213115830 377886691
761740817 571616772 957438155 696111116
195738687 292253462 744719882 851619362
514492684 886309710 936281111 794524970
939208386 233228898 249753229 625095977
565384182 909012369 31372499 981341117
578050025 78413426 880957342 722243710
300332646 321444554 289187794 512000863
247437502 874754787 125089002 595443666
109375995 684907128 483467116 962664001
688914834 551734462 250269726 532361775
561162731 283764596 926219649 849000116
813424516 341541111 687898507 931584140
648421698 439029683 706519831 822273369
579320699 681250761 273043097 439557685
423874200 303500043 409425287 285779072
773851876 41141477 467983676 219422728
694314843 102780999 742660183 289814875
582256193 727499322 141211579 19318101
669450663 506896368 854557956 204911038
693066598 391348839 577299959 259972821
244294285 941667428 680211581 136158507
141141908 114002919 64508340 730847286
211614470 566768421 983061168 176491535
579642914 519494792 358604270 264026371
352115411 266095982 305166864 385311279
954278873 19313653 726927844 158993299
777922402 723675679 162624803 799955615
236190720 24911246 222365827 716735667
221139323 427124539 356528090 572604136
36388279 369686514 264373506 977307491
725471489 240564180 374171325 630660301
369650659 42816774 487746330 980321771
970843647 817053116 584526400 715186810
583925366 75054086 610153755 765364375
166732397 573199048 951871523 383185537
393762604 524192330 181737182 233170733
570555595 662804130 927484792 548256367
99985533 422960433 925715618 817050568
739041916 100100449 441601545 688470005
73127651 559053033 728331292 101001488
794218800 433185308 672216737 811759643
177101818 550330571 661598314 556455789
708288876 657891394 26914626 786768561
68955629 467705953 481860165 590180146
833819266 928624146 383064012 314435491
590052360 93795204 211097194 226179926
320682288 678284117 272123406 73488340
915207591 280826224 919210139 568071786
579251121 194953694 14773733 734565884
519680449 495301244 505447521 404276337
219090279 899075889 717131970 64119241
643741249 148349386 221248973 187020626
180550713 322503798 711580311 622408762
319067088 116708757 397543153 27679453
268855108 970146364 514550482 71514661
577064978 557522941 93900737 152380605
814714623 306945936 125597739 489933443
135798913 538305071 99721715 778095523
326044723 298055066 239803579 238197904
218430674 572918328 164449502 163553622
405890039 938877654 324093867 556414925
650140784 553653671 768706037 549174193
408490865 127783291 820671089 639630660
502786543 973724020 596258999 885112171
178875836 469326245 602656911 411217962
254397578 681510857 390025456 493586804
693654582 247963015 805056659 16594507
188494127 498772073 210204491 380314837
113491480 343208487 405611851 517258005
305592387 842288282 843725746 644246748
811130480 56678742 444229350 122414704
184575955 72518020 679464812 449749559
311731289 889667260 775583801 515225013
707049069 803292432 537092583 561467538
596028877 454634904 513620441 304461540
540243086 449114634 4114014 255059501
459861041 381636763 915061853 887644385
834807390 692696756 40206804 632277514
593861176 496543920 589773261 778697035
971809847 795222725 755045275 482393815
10459750 777072495 607020918 150564295
532222827 640769717 634879032 371383337
693410235 910922786 755105012 95545901
44117534 442787267 278500204 882724793
95147169 421131813 954622456 414511525
372286 712636430 864981709 872901307
588232592 520608815 309358415 290971313
268863103 815704930 142714989 331096461
24330718 523788998 276825890 366532447
452366061 527513165 741256151 658900882
116781516 980256340 203814442 377806518
478403690 24377270 472320714 65341717
413990658 277718981 214126768 826169931
771376638 392474122 603203008 586105940
409216463 449573971 930857736 948152812
391084535 488731349 365961892 688381672
10351191 706781160 345768769 491717799
411973269 880066226 724012765 766247134
320870780 329312380 159675177 282990383
849154575 484755774 348382601 30721222
197741725 505458534 587497621 900127074
437042365 828401074 724757722 615650784
17226315 685839993 894087652 877457616
126676162 79881582 759794590 835045630
708524489 422911504 121177842 317736398
580223388 15830533 771309332 633794429
519693189 280226748 329106699 149852093
14209610 146251348 390921866 535285631
179248248 207892667 187911680 524517539
597102752 734922646 996143578 241420027
961140674 373806058 891253559 156668704
395656219 190255843 307171744 78262980
495841175 459191840 747073779 36293287
632214648 380566419 487406284 445734594
674964298 649061469 442099976 705694874
707873124 621137057 740306349 271524930
235180089 568728283 23385695 143817663
637450926 763293491 26009188 138845297
260185617 271195364 88859721 429655406
214928677 147246229 407471453 866930487
304542668 486365968 342100786 588462119
524917870 740457792 591653496 784952748
627854486 884041107 778355017 63884393
687564308 644544387 733097688 918498859
806405134 11085382 827391262 153224898
139551251 240770233 924378879 850430686
764730769 655558285 209132290 754795914
451679395 387711519 855327015 209354654
15194960 636864003 403977512 329256823
562204626 88712783 360827328 513667930
185277869 886067593 852643359 388420743
219851815 295289362 270740820 31997065
728199044 262133671 319785091 360196255
837866111 344483936 809287024 632733620
870693957 159492123 17390404 804624104
876995572 350156301 437429797 231984443
214427378 447602938 943249533 555610618
467727731 283099596 662335266 413910072
664834016 257109727 113760101 936416752
822559886 746084084 355939265 573179380
4231821 848351122 324024719 105714808
402053701 623224343 966020435 440303792
472084734 647565089 168993136 99199230
88966717 110409496 442672633 796885074
11122096 938445488 452960703 481353125
188449146 536695480 327003307 505014080
764050283 861381207 474846559 667641873
947196939 742015223 825957011 900578602
844991821 806719847 50623733 282880909
309582428 278924312 320591389 902601004
431552996 415028610 132826718 372415931
740868973 50079479 413408348 529162992
178912766 575002724 337640020 481298108
380228591 600426335 460791415 38851964
725182528 212968226 842582276 577745502
531371506 44562933 299073631 877047346
130782032 711770124 756991968 509935604
160948749 41202040 688327356 540115198
962885922 801446681 714501002 454643094
936807732 789599804 888174935 596189988
993535516 991895717 997681011 325944163
808907401 294523068 946081804 72225478
406197619 931549020 937285662 213305987
608792299 719711365 918029983 823991155
60053276 862552339 438787090 414068291
701964951 505704605 612593288 906431327
111888474 918829938 158265086 860735021
662001434 256677195 5208184 784434300
103109256 940004216 73634071 470531494
618353344 894356810 508701177 45597813
687279301 715797895 439588727 318003314
939555704 42415575 37853426 401172001
821845257 885969515 574201665 650836604
968881363 357005274 99341423 624825641
849238451 568118228 140341296 761802117
427648746 293852572 91483768 935656183
667442171 460129193 688951527 340336527
928097117 998385871 768806196 630216478
24666968 398904772 40782398 49226086
19897747 55713912 3605090 670369572
648301645 208501877 981839379 253565614
572799310 901633345 905526799 651296257
781470649 576003373 572426750 850464888
864949682 315461172 121886866 60968280
187734771 985116619 3849779 173825258
985822119 5643047 134682049 551310909
422349083 51194219 406432546 792815782
856032272 767835122 459099434 971107064
904126046 724893433 481303038 747503454
226212139 185542073 867056085 203399665
149318790 680633582 669333895 71256440
879025064 407759291 801095431 800286975
582260581 693996741 9001030 807099912
811025758 617987439 787403683 684589533
669478735 809325283 967936427 185869649
107844110 232353925 80307380 731408524
900687227 43566180 764560587 674521463
502222355 716064429 45947865 677182028
700415828 652457286 412609968 763606772
276974159 298744807 358308162 372420630
120783067 117130252 262361145 69212412
26935774 738820003 103334006 894462747
375903954 601078788 949844260 544765530
405623555 209106490 396692925 792207119
67484251 510980290 279622840 695712117
894202946 279241333 480416750 266006970
533250204 847348813 685198450 798768257
358692300 176473967 978062252 662557283
188074526 426676776 723259178 128047369
113288187 673746864 229644108 24579619
251426493 108978065 905912858 415797203
513954286 258362146 807731149 924328965
389320950 28744349 756976059 195382481
380818875 340184587 960535636 980285085
394935634 34897538 633207187 37479452
108844621 411398876 451034884 249121449
344579695 59357563 86227466 600352308
913196255 958886881 179971444 787839862
565130011 256343643 599246440 328060261
876579508 149530972 156426299 499505544
852361073 820264689 667081713 388673462
48794894 553040805 139443777 726497381
32203772 455850523 636139639 62079892
667212916 774912546 83487853 370273088
84356615 245102760 83872038 656563089
321947914 709166760 971005277 741029116
42907745 679579278 266379679 252212328
993723458 75001205 185191761 635879223
342891837 159359304 848939881 966708516
276604487 555119520 733495185 431729796
786629355 142273989 520982818 822321090
529445437 240640502 43989199 469449085
456568857 923957140 192585927 472738239
129115024 219013414 316130504 197675280
184684732 856461378 768602771 812995652
422438730 106689076 527150975 938567400
436584794 399617257 187657058 556975609
818144497 917155376 243147570 825254276
353508802 210151324 269450518 128796776
726596782 458863575 931530377 217705792
500463017 918501936 114481825 201998666
58320802 719522408 176115113 791890032
38072506 297506959 554348444 280329948
404650213 362111934 88735946 851332619
837278329 221669057 265120105 268317597
158765987 15197707 340219881 349561148
246056622 829162243 313210235 797043331
512127231 795853403 914219118 279424832
911366182 359864758 230040231 287810955
787421296 693605281 940161682 947447734
122936452 39977318 962820902 154203710
191384415 179091551 166852694 74665713
798410136 166894894 398629337 949745427
166379267 32008664 442513058 100484886
816311592 50385233 742955189 411342945
274815877 939874116 708765099 56148254
457993557 647092016 264139642 356280448
710605954 52892647 994950857 424661224
901008236 453805290 936226393 536465329
147938730 83000164 64809948 980608994
322076288 711903282 921552986 363362844
748276502 106031356 719169622 728223271
835754376 757830587 808439943 292113463
46343876 54494328 377410664 369464970
964096509 512666124 890566937 741308608
451940553 959210390 582380527 342009819
334616345 813248615 130524026 659922330
388411014 434352689 518271861 693119756
874427930 405854056 315980099 469604732
293472171 365125564 660710938 356411185
335335849 962808706 76254158 903130359
847441920 640836602 392371283 449844492
280774372 262809887 812340164 848849781
730539025 674463505 249704564 710157469
665312890 185935704 212355314 186951539
547379077 99845717 618122542 648906053
262806976 238498152 956789025 484566065
765980073 131393679 925754109 190558957
143259525 13082533 950863786 917751736
714226939 148225680 192960342 868398907
674519970 51807970 794662931 823607976
454984143 132943831 601729040 615015861
484312495 692281541 688482862 107376376
774169845 918227588 714778628 643103971
952129486 485489877 268565041 765167334
556892624 983723308 556320152 907442953
321772410 930411529 555717650 420402910
237349470 831368540 421661869 309886709
510189166 558581110 931091884 655418153
118955187 294858020 895680447 243512685
130617805 402982409 163822294 38289668
727639736 784095133 893757744 181881874
276218515 939019887 388483314 988877108
54099011 261725046 125405852 434370129
562117401 333048432 920465419 385275394
489087232 68765265 175139085 587181877
279044365 251781134 649888619 66207330
295427268 527594875 825683043 55284990
694306231 702285607 668137911 224435286
813637813 153546205 34651214 150571978
102692978 456041901 479636295 494794118
842775320 848553685 920450951 380387265
695048160 962109411 11820329 304440108
158012744 417685434 636225068 424251234
284268523 855466771 186439017 647494084
921546939 277305000 277220223 9911551
245859542 679060352 397279778 489701588
18326622 291231166 191615782 312971250
440298419 845198167 797213126 680783300
738816871 611054447 51311369 93652988
867390469 926965112 933798448 924250284
437758860 505980006 794889678 661449339
308858797 17184831 615792354 242921786
894395255 191095242 846764450 905196225
735649000 458711367 308454714 355463611
750627641 732612771 140736871 232556177
4067922 919454055 731662534 653350897
681454777 825130438 137989939 6130256
147119187 863608580 596937265 405761061
30789011 654419619 148232351 198140019
358644789 22135240 631278952 704769857
458565962 737820763 570774693 439813372
936044904 193232829 833784795 721045853
502550855 819737041 662234922 895701517
532634459 327619351 199040647 250804598
506837696 162779232 130978786 856220948
390369663 567957878 629829633 85717651
586041723 543294954 200641088 618096832
709337988 15881404 860516910 388418526
827721628 344390430 980550794 853779403
582069317 595009934 305868294 557783389
262791960 119671486 572236016 35611823
20051665 792970697 417144268 310772264
847411460 764910112 379125461 285171474
586745655 670266559 865370826 189057866
945519162 797621572 613322728 436225657
478944118 102633342 924214237 681681573
319936439 477153321 560626767 14742550
185573733 222998980 299056723 4410434
783060179 217487449 766525631 95522833
115975565 577778446 948957700 367794259
928622896 905175223 201613508 816954399
223954601 576204831 470597144 877017022
301642824 37253215 131246986 615022626
293406333 600729408 580327100 404324976
514444455 239783669 964510845 648162438
131690882 3021602 175874341 309662553
310514855 839572882 941408918 581332962
110279689 377372436 17415404 543190086
254190345 968709604 960231985 583849869
695573215 639682051 769977087 436090212
935774950 78205806 853320249 763747018
262573861 826926065 724362000 299758904
781307546 397491204 890526914 89329809
651452388 125975817 452155113 575765994
891419262 667733700 116112115 69704105
961430976 880680197 465236007 372572168
305444378 496131296 284791379 751637139
892861089 101600544 743194620 447490911
793829503 239818104 806687032 613818268
181466322 800329482 271546306 900531496
591708894 819034773 50643627 879812531
854754452 351947344 744742661 330065713
543216353 288297507 760544236 269721192
401354574 980363584 583411717 453198427
78099164 817444938 584898815 35530721
285857375 34728972 84800663 193163059
531698034 842633887 296295860 178226748
701878258 360762965 774512764 218926798
744078247 6046154 53993108 405969301
786861537 363903567 588442701 321649999
215143007 525856798 451928495 920715508
490551482 190024508 695669798 53113502
656568598 41328500 675310651 676106721
765872302 366253963 860252467 640654154
827611636 754758934 800601252 619021770
495746499 426111624 667901721 935659401
981987880 131637554 564380238 448717666
255775190 756993006 633297760 483254840
832710595 69149590 550937222 467417701
286391645 157275115 884757170 137345625
482876504 872146256 13439076 496795865
445749495 400156962 602612297 362647451
265350150 645126227 268293663 205710234
923158312 110612056 540527117 507440618
173358022 661727429 157037976 720368210
848446420 703861270 867474094 638265168
702785526 762371244 513547512 560671057
813529634 835389966 700040212 945760399
641498422 990249596 366460091 775067141
402576090 547351287 307448986 750294493
126261016 586323538 377443436 898363286
691760364 726039107 516634145 486198770
624165779 655940638 728343860 965686815
752950518 310089156 543542827 936025682
275678497 652581132 776492853 924873823
767148240 246666902 987760363 477678601
901902101 135753914 169661889 408719279
130772794 626239084 184234778 639487513
670847705 276976021 713328470 257480061
102912956 767639968 946802977 882617346
711651467 322801650 59822087 153150464
658105894 497474052 103053779 436047380
805100507 745673695 553585406 25661657
230973110 158907225 580088425 78460968
935490467 548689095 56882644 678222649
794553314 163813018 689860363 45665571
884156311 79141640 43469490 876703477
23178357 319131337 853121415 294880770
420596637 725376385 676343325 516338620
140735674 679438782 783797789 899988203
668514078 217645182 154535189 942717657
277455179 505913339 191489128 187179283
208418321 890688303 528268195 779558153
210001002 966240124 347682232 734905201
291445491 728522959 54537020 41103204
151486995 289601779 710635712 820443026
881783506 509776507 423931583 554024966
987448373 646695903 76440821 131471430
499037897 171133717 360642166 677606248
99437754 300692756 898566785 779020512
739867664 207776186 662763655 794077602
225035385 87580740 593377806 154652949
967910598 891553146 942563632 369521002
362221418 632991135 538543287 189942293
647188719 35107579 47912505 369627743
703340205 42377566 990689844 593868002
705957267 600021542 294841112 750327830
227218800 65772162 598640597 459309725
891675132 571252342 583401924 471967307
471995331 457781019 779285119 486941003
491984319 894349351 195055316 157329914
807855646 702300677 923668204 67124502
767864935 97275379 147519586 147930299
592755620 608504054 622678509 943126556
575302914 743921845 609944979 949052609
8953279 890430349 695943870 241469337
428679862 84126956 354681416 969851512
126428558 92043502 680796172 72398202
574528724 91016726 350947761 346060417
43983422 482270025 730229539 498798483
90267802 637823699 472926106 789070104
633026859 302362854 193061497 400991576
214035080 39199864 701868375 588244179
933324419 693657067 667360242 855099905
212929219 235345619 219071049 440992975
46093992 531008191 334993680 801608450
775006057 613572358 710588159 919278861
287997902 998553836 208804296 821379478
822364513 121401048 732498366 621855301
414050430 575209036 663601112 218835846
285427686 197340968 901762974 144290590
31899793 598206576 64615863 860590553
551008717 978663608 529903225 176598301
462834364 596215685 447413345 440141579
16032713 966292244 60641862 70257870
233435789 612174387 799542141 23309590
255010556 539345015 723771078 785947645
904128452 564309440 269484389 56845926
724712390 651544939 376568767 168899083
308477691 437581515 567868875 331372905
250904803 187457886 235222948 870154956
386606365 486601429 76041198 65928846
972015556 821078935 478301809 354214355
742098111 579730679 190715949 38000467
523438769 652662339 322839590 326689586
856383173 615562851 980628890 65717606
644007841 320293351 431592457 352272939
894634656 104913404 278609573 157161707
623922196 576786289 395619469 106186288
578775582 868984629 167536021 852364247
360893994 461378018 305277113 53634550
383082665 688475051 683040615 192785109
757484789 962049860 291453011 199774790
480209475 696537848 986011631 57541427
225008358 352187772 245455259 997454477
98832828 226373117 907008864 724395956
777537080 855928188 256742482 532579406
600692771 378980022 35245784 892836523
120442323 810599535 945625539 878229693
195216260 91658004 716762084 794929325
82891977 286230943 133325954 845175959
451026265 571384225 540087109 170662827
552783177 364814506 626928919 936294994
930960974 240593785 280716967 829127877
104357482 598501318 656398175 676542425
574110689 85317928 188510838 291024937
750796000 533890353 819603769 272809096
876216880 302886322 300315356 10827740
375409400 570486060 829123054 823718010
679227799 345844782 719863908 570555380
626224114 733165349 419638390 653558435
156969864 8371842 655864045 959683567
405768260 651005294 936103551 944380786
858328367 486800326 221718952 347792791
516029227 588674390 466302391 743254050
649666261 515552284 104854086 662520722
633318251 707606529 179293033 156610511
736776375 389005509 523152598 955499347
294174204 681970872 640064792 714480172
138670512 826946670 872006721 127301563
786243088 549559063 179521738 553952439
351591235 613129817 845617687 803270674
561655599 453096993 447400043 324574126
447368271 739173682 683100561 546757799
957939303 672660400 956950473 5298169
63922876 122808802 458623647 303192940
838598368 920713969 91901598 387073809
215816937 685399947 184773174 386442898
143036296 30272112 967266614 987021507
565589703 111655423 3748988 317227845
631064106 470450631 620372820 141088958
987135730 503073880 935193688 470908767
384496627 859567661 727330498 92506257
221627362 271953622 152568303 595190654
597166142 965069541 654544610 759092487
290023645 216806665 591347308 221587657
47111795 769794063 617174975 279204294
274264110 113482716 670807868 691696195
921872359 959720799 478090864 674492313
886453687 435087512 26141226 210033336
534133132 230069438 913205480 962405791
204042633 485764211 380104590 694886366
248870238 642267431 717676635 313511387
548398585 894384465 643218226 743511020
916232858 24818939 875723328 230069848
258409995 73871605 634548896 753527078
931511431 839601494 903870369 908861562
262679800 447486091 187557003 22056942
712588351 181771619 444420316 820511421
76634836 228731429 383855828 887003266
134730906 854779242 554374560 328363963
528763591 658025176 394219090 457865023
901754026 681608663 589725870 626796363
761522495 945406758 193690248 562456688
428294723 191023641 280914568 974272590
568285999 833845384 353020959 791853900
799510173 574661400 981124483 366169140
743814901 698995824 260717324 628195084
301854909 602616062 870964747 721775285
536228315 483427032 604724016 383801977
376317025 276826319 384954461 314763361
901416588 898725649 541476267 539513715
524263517 680763497 188275328 28202090
137805012 945787614 946584426 567730041
671480793 730860161 546329630 743786879
395905171 411264289 32841961 299645645
983292670 455504552 784788332 211707377
307968597 4356797 676534937 647918395
948538831 332958082 429931626 850221015
473923805 172746 823364449 852411296
684707322 128142414 579354894 938993252
89736981 887898817 65005749 699931158
378354595 605581024 465669674 664106549
656016987 756030436 109948828 537146361
337230504 339386280 988615694 229518275
254591296 673547271 643950300 394832888
91275939 175644159 554323447 24324714
722731718 475295597 753739634 479980076
423309653 89115657 204966437 434293662
585213034 177357243 94940820 264332134
257847239 495604424 848586214 3881178
965853492 706356639 669653842 553728755
208366697 723248526 224620967 696267627
467111768 777187122 690335973 521565574
441609870 637180204 870877342 479511052
133704858 581228265 139755850 329287285
549766642 366764203 752565496 851113084
491780078 570142368 533896800 379214346
108785847 597241826 42951887 449864587
309892280 643548575 14169723 681299655
411333087 550134474 720398842 458357180
45916608 138594540 784079789 420017390
886763066 257711557 185107130 238136994
739894454 549209158 853734831 357758006
604973917 60064601 907729432 793565795
344736730 576654416 990443591 894057017
421459560 300905127 500687452 403729281
797787545 307088390 518325050 333789045
982838417 627118661 590597247 335470409
5712951 998859940 369376255 954316579
255872168 119954059 405758648 489232058
386666324 572806309 389661659 607033267
589586086 770009647 238634319 588440682
543775352 290619188 970730764 674822769
233189311 57759274 328951740 600388319
370126144 565427111 522898378 551244894
768925759 927547808 953334572 288269106
277304394 242779514 825058437 79747781
414852807 124440328 604662082 654264622
474353129 872705799 698508382 953039492
314848584 424871480 223104882 597654071
281731890 332261235 391314350 353833991
829249740 387360320 176443873 500894001
865042354 806298163 361935459 706903063
197143299 387665431 337166117 111996464
545760852 997409360 816500294 341482847
317462596 332382456 279966568 166192494
530622412 495443962 163422682 783258576
323115951 372939633 844884593 444375681
416884880 234660834 678022889 630568881
502394467 905793412 73180257 182148152
548488516 567262952 429324860 948261592
362953561 415159049 856379258 603966887
518960211 58248849 159710993 97860901
863884741 920689633 714720440 463122092
455870417 195370814 325907401 291993822
529918614 357221425 402650468 140833803
437936555 94554570 323929417 33381128
995524831 955157090 969784566 28306839
635923208 73590733 222142007 665172579
76852325 503968884 243856058 644623410
599270070 446495889 989359788 325396462
865054407 68360854 46268141 102588248
247941844 948912372 224806514 792338936
472239690 172396933 190315621 326490494
463354784 272538984 999336380 293800136
453415094 180574913 879882276 128717663
549284724 206128868 698328340 781058969
33382233 644049181 7961272 352173090
265440331 659339023 902801481 528664050
262771687 572993426 106717852 526439002
294090951 108812234 708567188 958433506
246395577 782275011 153592725 470522894
216707033 258922962 453754142 296195798
240682414 390962065 812127804 749685496
363191545 498143976 970241946 959623385
616679035 798393631 65710087 553458781
874771382 961688909 854815395 805714738
263244812 222802155 692831164 592221756
212036863 582723183 178919628 396184143
645675955 531054237 292546485 339668153
130012879 979766764 830208547 954142304
640260312 66041973 519361806 583310897
834351273 460363233 125287050 590628666
696008133 556528078 963642790 664152849
940898535 441457334 997272266 642538349
859475375 816140554 825908327 987860412
60774049 871985723 110406252 380900769
66943089 987088794 762667572 746001699
947791790 616735107 134625746 477938759
675049856 131823996 448623373 842093383
854769943 238867963 207217252 531467581
452800290 976622186 634027468 825969124
842511452 77595201 393609734 631789882
578532716 485514343 124025693 882662648
262335644 956899296 937696912 924041313
932560977 426963623 994579906 756072017
909021256 701013971 606648804 224993973
267458672 422172713 367609439 797196108
457954430 996614872 706166122 476139876
940270754 743611722 428107325 698895326
849306086 597394206 759235555 341622328
195069807 472286148 962664251 135419556
131107909 520707984 23821516 473864729
444306866 439598060 897542716 902380282
949473454 515599354 753325947 428122102
37934469 402688903 139852198 866433235
654751512 902033844 487376516 975815046
296489585 760487146 650532419 86269552
341420173 648670312 18899671 95967578
56863197 850146076 280923736 794630435
715772699 942162555 430990987 374718566
840009637 526626918 473326151 425211531
138683522 86579231 723088525 151786499
799264689 28908727 274804243 967756307
530688783 946576913 478904114 642743495
452456284 336799743 167386937 894729833
196210577 353141221 670224224 339310609
776693161 845768777 790471661 142830494
380888197 133778764 247245167 377185292
807262766 150724939 918883 500527875
296209286 74045616 533383444 482639533
971579560 416290542 576959927 106740888
470939667 852654482 29967060 366336862
921153649 217983787 882632475 356410073
504278354 411419872 303370364 356287618
766715858 77731142 298479372 602364936
946279298 59831350 560994506 165804183
818885028 139975029 61591716 277216955
594242483 925448432 30343998 90625969
945631781 458098559 642230302 92218639
958713224 676555706 407990731 886102023
823711096 424417277 618829413 600739119
976843060 947767753 721257357 385134837
529230335 141479937 827642871 672225072
146376224 412350892 69867470 610792390
703863654 568216680 547707241 293935122
457962847 870234288 286268026 132547680
637158481 517545867 173641929 784487422
647898253 490371616 370325680 534610664
706686037 411166087 217889690 250362573
102669391 491891370 988809666 390978973
86817464 102536561 591594772 292890911
671388275 913938743 523972749 229734755
667638225 394679083 263426962 15433690
403032978 134892455 702387869 72171641
661339138 992627437 368496696 107556452
174852985 982336405 628998600 795427676
783633599 511782164 242401425 357022371
774369826 608246367 116377932 511339336
700990714 655438895 725833511 195197850
578934801 500156465 147315855 845723563
823877337 729447687 452736004 311649904
667116654 966427109 525762499 193703580
632905703 553754533 521082781 517167511
250046042 128892339 840287972 141874802
996862348 337683784 265368417 532234779
372875991 371372728 415305967 786218322
247719764 434445588 511970618 522720323
977738264 393386545 600393377 487427218
473520557 39782250 377906398 739558443
836772659 692803752 862793225 686779302
242114742 944802715 441242081 470761963
339109792 205379498 758202754 438284594
72646052 87677616 750374719 459630159
476784073 783309747 890226227 331612508
836525867 643549430 65578194 818186388
57388230 505740148 81752163 146335399
957437811 831635115 298605543 402417651
451223139 566149597 924643693 495869337
374355172 166620948 980066086 274245974
273643952 794434287 539083567 996055418
245439837 548083002 898110495 354866902
453906991 529974143 285624361 125191952
894470837 300089669 705458634 240219539
72632771 170890063 954091971 620543149
378522070 265139875 631783378 434849879
636639878 250908319 439484324 384072328
564911283 784445345 256113755 558586233
733450456 669435576 546204270 786241643
134277887 495117903 418391671 906437666
218391113 74170399 394516498 148332396
882378026 39481552 94478086 563049204
395452952 215505610 987246048 582584557
869746796 137188341 585524799 230534967
799431894 60513097 456316704 981713030
639590457 710296652 22395311 270846780
526512251 207063023 309691190 378680101
287439631 572993447 407708111 269576585
915273108 665407441 611168061 369568487
473482290 153969380 431215111 227046093
887300115 342904081 32250300 368174544
55986839 281464061 315265524 730200829
892610474 740531762 145526046 419786812
515750842 305781277 184160804 242815650
925171872 575381167 4246436 642922517
616213845 733261395 184014589 934729861
4683448 460330129 348014126 927343062
326021199 696550474 173385291 654829387
583056211 398745780 702055911 532091351
353183425 147734671 618892187 449706299
261055859 236507531 407670251 55780085
659475558 420211809 764837179 210603468
862886897 96692229 577439842 574994535
375298880 694188575 291973495 685147327
635149552 388806643 760680277 69456200
333027923 949264870 152787942 509038377
704989647 950043382 964129518 942382307
305144631 149793261 550965368 248563158
884383981 269827646 284862908 444457569
555809892 267952645 692079608 623941055
44102853 399793548 843610856 484274890
690913272 450771939 255361666 919888231
10366195 261740559 963675261 177055916
35894807 358062072 178875217 882309959
337793966 978232364 376446 623557651
581490959 123320349 685480792 106732655
643499302 468987299 328642815 372770703
186613205 72448981 184262610 628527523
984931327 363313240 110105440 923704463
491523025 770767637 34587608 538833056
181703862 936081528 764025682 732895738
85098231 494128428 722072420 352087150
75358002 214124832 150171858 838956068
378089355 441761561 698270369 118927294
428170490 662645872 341959850 644738902
223689686 669106607 34633175 515289960
661619449 733646937 107980614 648238572
387319159 456576384 815415239 662752525
206375686 570341205 835550255 744782465
742359306 876111622 589575440 256610388
13565961 326216652 103281016 122213838
489852223 227657580 166416375 534508335
928043119 848444448 212555961 118510110
169063364 244997975 947416337 961700698
941880658 90126182 354982068 636221822
393012246 500180852 205837436 345407830
491948944 716920268 366645697 481065096
620821373 14020506 98318034 84947430
752659719 575115631 669111387 343270719
43740732 83051551 947331950 493197857
181946963 697771887 491478539 889665078
176650938 968909049 743983127 321222249
557015075 468050128 685772492 796935996
432854711 536597538 145735856 758226967
511856482 965902095 650732994 589841039
697977629 501346643 541906135 347493329
377604967 368557570 57942263 283814439
708378664 482793954 592720415 570722795
296058254 310261269 577509450 945773958
833251506 389746509 569487567 122388320
217739912 839501794 809907966 977873104
181134413 102249112 808157268 99984678
792479970 706118734 878757341 71713387
263097891 661200737 263379573 186461544
483107019 488215544 968380379 88895251
401915208 776630055 602631447 33103738
775328600 858699585 471789727 30871755
851935597 548840134 31182253 418986838
929374941 733661573 424433589 186681180
167389400 719324343 813574186 665688126
584401106 420264358 943901858 238231539
620217150 644931997 744328552 544138150
411029617 414187271 84372811 746401559
292794690 328633838 680093530 504605275
851051809 395812381 549853766 435460380
389451504 359203889 669633361 943779745
342985101 418595819 607002792 297062313
428458584 698447829 116448329 844119879
44317299 254737084 575131960 31389236
995208971 235224335 794364808 808179625
92117409 796836760 593600200 361832239
433583600 519196959 8042171 460406885
393436160 472932874 120224394 128245407
980258376 104721596 532912906 134624355
278580776 78295258 491360741 520319460
55791555 52591067 796257754 80368786
452997889 782281723 535509264 564423710
102466216 558181220 351039476 648430771
186603114 821295745 881290929 142157469
250089007 394132443 216249189 680581253
783913984 859988040 47747733 369182044
913342996 19327811 997209677 266561863
162985540 476667993 398915702 120425046
566736692 567857499 184707721 111312871
581353758 816117961 679009690 645580037
856863561 436141522 279652021 515682466
841667289 773112316 944173721 294448015
857096299 427798821 588879858 395884816
363121966 686125804 289974536 936368218
474285843 123923073 353368281 522350820
935460562 994795176 586770663 160891023
523223272 228774146 405292092 778985194
244430971 113523069 642174704 302997257
869646270 815011513 98685720 203590265
712984806 761713161 558068719 379681176
767027671 879196124 140671490 148807063
540485238 263542916 224259140 460618175
626769837 806048969 436874608 36892546
590689023 131501332 480410908 651733118
831089941 887580939 726730239 591550275
720631068 8804241 181881193 31238233
286733706 956069590 961864342 500108100
796647821 512193378 200061309 901849738
762395317 255781993 762282510 459671174
405580629 899154015 372203105 614886567
833617531 331878510 345517465 602069634
790872511 911029025 473924935 589666706
783570145 379557509 809304097 435266634
24319795 787211370 775715918 823640494
362165831 601810384 9407459 844203873
604213288 735217821 718249745 949383156
619907514 575675031 424031102 338870146
689596887 670807989 231647349 249252554
546581748 681705852 710364893 499761663
555159863 336020405 167274422 131208863
401816395 745867739 597271838 428562933
196398893 711780363 46409783 577492846
170656390 444801489 810202039 883277641
922380673 931618489 596748138 384655834
393718489 237077347 726458435 884677701
852161449 406165223 544600294 323855544
705621668 310955754 597727426 884919767
526748541 290545501 534161015 194888765
713402021 59071881 936352076 965681139
44893786 89963161 532890717 822211550
101476769 840255176 331679966 683278444
742667119 609843270 845497987 28093913
273217394 473093279 313212995 336559160
529609323 374622838 156819935 23809171
445218896 52847668 345754993 344391840
162089046 839665513 191994040 934692735
503956840 189971079 970285633 19857534
839379444 255084712 342288444 727535403
380844765 331068441 632890052 41252745
901863969 911842047 980485012 97639616
697473324 703225161 955673857 553922010
785988663 785830810 630496551 632508583
637899775 249638870 683824479 333668439
580060880 508463731 495279147 369296258
11775857 109783320 116438314 424867429
382992990 879140698 236843131 897731349
274179181 353446701 236347154 814783813
681070530 772499911 590497601 325719223
935920835 426239071 479116573 830518362
767190921 834883242 121257392 720485041
125340167 193113808 105963766 748670387
767341017 272574808 584435875 520409582
460949195 287397493 283533607 385606421
923088861 986229589 372200188 401852126
570642781 146191756 287135102 377245658
264357559 807087799 338263363 372919808
872662257 802692447 387650730 781647228
914185952 692336120 31916222 749735855
871449246 776566103 845989304 801856764
566708893 355165709 274201760 245515974
56630303 861985615 396371360 101918820
547165069 685738589 804096500 750267598
633689245 999907355 101658281 925514277
76909812 301137697 675957809 33347859
628904011 876028170 615664109 74227079
109590043 784712727 270917316 227008481
776468949 681497703 568907320 913635165
155531392 884832012 545156291 480315362
13703163 368692045 618286021 154341172
961868506 256966725 455827766 27241003
988404118 627576640 927683514 903921840
632816332 536533231 835426946 652449022
767733807 963133611 329577404 595135005
183025531 503580997 203446926 571700170
741455714 67270269 919244541 406897565
901585915 829876006 325999454 355988469
783754161 376044502 566380051 973815854
213853429 557458833 805784227 231905745
925474573 72443980 216948329 717852486
139026521 767758203 350889046 797951074
345890114 139477521 97551791 838859107
132513592 198395660 502269931 678166931
853986384 952421525 910480852 264029016
400409226 898006198 914865626 540137984
140356127 416217326 452989994 180764771
160092065 14669174 48121468 639976055
263420584 407037835 139547143 537720563
611858263 670014595 114104901 439140560
904195987 767097229 861060588 639795637
304994680 207222892 101869440 323133915
33928756 20094273 110695337 729170561
92814791 458756106 556835725 284580804
969533720 192853469 350001387 192831854
865348694 346649320 452783491 13171754
244434084 276091151 977376027 764061315
108124472 308632252 119673159 15853644
330418553 302900626 933480842 762712089
791095173 566717003 423564782 804904627
827346073 645359750 893071767 919184482
399868908 903004696 314539943 549997050
596100211 686615043 540404292 925496168
802403289 618230367 282311499 183211961
483859824 111771267 977611787 956381211
209380538 448952152 112554113 515436646
256118746 899213365 718729866 39237057
874981327 874804483 937049367 60489638
964003039 488495580 833682339 32916768
755564772 419595917 839385373 443875195
592168892 548052786 555171843 124336477
702609504 604197215 440543775 367071625
