2000 648304714944
74161970 800790348 793444313 686320105
836227966 99085148 433371328 527410963
872074655 531470470 471675055 887448414
43865531 576139025 115847164 758441662
47483104 606683321 993293852 576598381
844522759 853974767 481250822 946229899
47332428 707314069 298675668 118383707
315092552 97757791 363165359 270666638
599248204 128347427 669424907 277010177
929020548 85986818 953579803 519858122
446690848 600949008 19786714 945301065
917617616 356695438 644062993 633590187
177806206 275475779 618547787 275639871
236133436 908569341 146087380 950203357
448620627 913420366 715257374 224681304
512969903 394275998 528338083 942369079
861836362 229284947 106381854 677894460
951853514 154047750 767155694 635830031
581161436 314338252 59368294 518290435
504152403 421251495 281958477 658290388
323294840 802891436 404099791 716186499
356173709 520477647 260875723 450134958
50140198 688763339 206021245 547352535
546789253 127790152 353483281 288340877
468988694 33521907 589604547 344707269
225273318 294060472 402085653 852395447
474551398 390060425 334494751 831552342
12528121 287579638 946077382 439108546
504919275 233942514 442576357 930615102
765450605 366001404 941700910 317232187
173526845 540386430 766166757 289465927
29181755 554622185 53454814 256770881
545018109 330258043 128523524 977450753
557423131 887187017 728707868 21595511
227631083 220319480 580799734 364729826
581818676 462040023 84981016 157647247
136945058 815584341 387153148 783281613
187604016 802007071 922575911 92282581
187803591 792721375 468269813 387986096
287008094 788257158 10098396 63222464
721504429 568377313 78054571 589361392
878547921 322584179 824825384 533732806
493656863 280245538 851176302 227795018
165480418 566577212 522463264 740145279
830513821 269756768 20607857 743266696
391732741 929250060 117527484 423289509
75171701 330275168 3523637 996506243
825081267 330581537 328503418 823104713
986157755 342016113 89159362 155171679
103025031 623267401 402949192 141419533
469762826 989886964 992682741 4264832
506907388 956748466 801893642 811811436
541463556 837030029 251398271 322858457
81624206 263560269 256269910 184386417
304286693 82743006 650353985 305556906
477476553 110137767 583669965 208076095
364266896 514946236 394217821 933665890
557064071 884057736 470033492 203063695
236327917 978870070 626653324 188865476
273618213 482264741 140699790 426125590
861749263 808248493 984156090 981807748
307792169 924308869 295791457 867121082
238734451 718894836 905438482 282530378
661448433 626851121 200793611 688444046
525891187 362379704 375321907 364193819
387484018 897499640 664546395 724488444
584382566 158941617 734401309 588980589
226227228 563645784 640525431 94340605
833211510 749255847 812569913 18060111
9144224 167253850 151961876 970106008
117562744 671358777 995148401 51303457
302164887 68806993 608304436 938724344
862731263 889965517 91924795 156420809
739745970 879467276 793190683 367149709
701672185 755040576 81006862 320107188
584951602 326191616 689621431 804106286
155180468 699797446 769852941 407029276
4166367 254889475 140588400 411071063
786616030 546912296 44721313 57264759
138094418 730808460 337199054 700719997
427634931 569547026 535672318 457459387
711183717 311876795 593033352 773194062
849861457 571763686 275428727 641980181
919909880 963883939 755220556 404080896
277080577 764765825 835348665 888113880
381923801 407931952 649928918 645213680
261185378 926825392 158908840 61099223
934506235 850563662 52113282 957085841
433327530 682201448 981105542 478882089
884910871 979083827 286712695 233482277
516778771 866431162 197299374 194137685
611959217 57420092 655175983 604274810
68222668 56532065 72324932 731037326
686495699 208396615 318188181 887421530
487319808 914650848 754565889 788038207
186456876 668937331 755788329 874788069
751256386 184542342 389690955 380706711
541176785 565635703 87488101 201968867
392491229 661992583 459815088 486939955
831102703 383375581 682806593 145176288
352508920 427021006 547315562 464727845
748037524 468747820 418365199 243453554
57134142 733452726 269407066 345393036
136788432 175721271 78834258 318413434
512148825 623608294 324141613 756466425
745114208 649035334 30697744 257771486
856239964 108199575 825101610 648620021
559085044 907565214 85259287 300633808
611172341 579833291 250146307 711342486
44594175 571072994 56832531 802890456
563459910 291817202 907220880 254446002
736666231 320165301 124422532 36273717
307236171 343744596 663221130 43641382
313471365 393472435 321530509 859445764
700194393 267325951 153602684 60492319
943172687 431289638 649751719 214205463
11357676 454773448 942572461 397847229
59081780 587765149 226655554 774491776
994784982 62457606 617921547 251732942
345724661 779589213 929201000 153058319
899645545 491803457 599944646 836094908
396242230 491836780 95303044 457501227
830521873 503886597 83324251 966771256
305650293 916641417 334220952 692936185
921983896 677785356 524777363 567169196
643286225 881492181 274893467 357279829
317252469 392701061 770524926 766662277
579601098 684416277 303041863 854376203
153553327 724971468 345599986 400407246
649356200 590919891 655615614 770489486
195912889 747636023 592259988 644817659
116635956 575800975 313708860 955057677
519348295 293043903 495385568 214212969
409177802 250233365 12692756 31196001
769555812 272082479 591103245 374236311
690903293 654065268 46324131 361209640
198345161 897104935 147403048 924164938
558958223 959474136 141920320 657914134
74136464 273018205 198724492 885743542
912212929 72511813 965917030 950617345
367748268 851141699 686467855 57240261
513253605 508492221 460356320 503756788
305618249 205944349 154477258 13338851
332076481 208658914 475697916 909406202
115665270 531114301 320931622 916790743
346450714 749700368 217484712 899750802
104048176 257140580 396301472 617755383
958666453 870241532 549346820 356360853
111584308 992080446 951412125 958727662
854517763 782932883 118732766 65230229
102957273 80861760 785539361 595007049
642981874 303181767 824483589 864800868
699455638 400276745 86556880 897493175
323427180 376467782 459754529 32596663
17876334 509691652 862324008 344813803
37633364 511430622 410789689 823570613
709435778 300569813 121286251 110864467
464396978 758924081 74933305 475175023
173929069 706267158 974077989 529472227
306780343 756723842 656424416 352931038
537898327 335240787 320808036 619614386
790020649 354824179 13345076 844581046
706171211 187797222 499969721 109297610
612389206 606681969 94145937 753107242
816614329 798243537 519923254 691908034
71212141 785743657 808894976 272030738
693154287 4229290 326123048 482787108
957510729 955348912 253423612 120265521
956978064 260171447 382253809 730160008
818456017 637063683 731573819 583603007
577948649 670706591 93474552 714722700
92928089 226635834 681697539 546248246
706089799 233255835 966824204 414350064
581006124 530513150 691511968 463169682
895850190 410961834 430644930 637938914
634989039 777328680 970398260 637980901
71494135 878859418 271112686 18477060
160086478 173038086 540860705 9105193
857502548 534968995 181529241 477265555
323426948 457955427 131058580 589902377
654763555 973907148 338501141 794215030
795620117 804418173 727235764 920978426
511773219 3713863 849015148 418320169
219908656 596723616 217249691 3757892
7003033 664985866 347938730 547670791
662465382 381771599 32153083 487090263
182629369 935295537 498037297 267210297
113684584 336942566 786176402 563127817
904948801 311974699 843964742 265052892
218726178 803414821 5897646 512555192
553802369 991634616 464657023 467504457
708990441 917128244 477886215 777177762
505807293 133006705 281046767 784085168
92967672 379652678 875475518 529539916
202603509 853712986 374406625 241326708
864270394 189953555 566814916 718246000
100932454 636384293 426344197 312302681
453178338 21248227 987061019 327203340
744221990 176987914 54085149 249432331
410197424 72984942 161773419 951700557
263812298 727589571 513424434 416473995
22010512 851590932 330253085 269530081
666636705 593799039 519202243 508890430
771870023 902763254 976340361 573408355
328533026 851722659 818677453 343307428
708099774 899799441 879386490 596242575
616005778 645595610 264532807 211823026
381430913 772578842 249362037 612175041
564796511 723851716 407787866 431769834
541095639 524690020 812796926 178508716
450469149 288520986 573049586 721543883
58123453 840599960 549050416 636644148
740085798 433411983 800912958 784213357
480976402 6224688 585407290 483152381
731170112 313331929 566899515 366688399
327206140 50546218 605731095 333229797
828146919 336127408 463175639 932615349
880236027 950835974 789650028 658039393
736861610 282311551 970054691 428957002
587834233 39304563 588466209 132065094
860725283 172055389 767479035 683092201
697576481 685998655 609973951 966180305
626064735 859642252 399190429 235679082
646918127 117862818 376055429 535140463
809095980 981166626 513741195 769172035
807093751 304921424 866278997 842773418
822294453 955555385 18804916 695896766
552439229 635951468 38623766 912894406
467802846 613559417 188047379 708717398
518887330 954140996 89094328 643861674
645293163 557557337 341285862 144537217
46211184 487220303 496317478 496229765
247933257 781611554 161189574 405038062
830026055 264782383 180907345 48092163
267608802 772084063 340511612 927764862
428713743 895399872 303942388 375378435
565392098 175880596 714938618 56272605
134008251 408709689 544873962 616365279
34924859 215408011 305450514 467813077
388759985 402654413 349376349 944162909
879410129 111834076 264973661 106230731
830467214 983327979 916352997 314752575
822845657 995986473 823074623 848133102
767575035 145978485 107866816 201370596
32287750 621736639 555116550 296852653
999781055 376047033 213321981 673776075
764515598 583643072 773327160 842226397
606357614 814799526 117470011 660697950
896671076 588074412 965021824 639731605
506230158 769527785 432138272 10309980
929024820 329298944 775034890 20990132
42989300 521403662 574453172 125719168
919166029 419937037 993236870 408231439
8668015 555978628 887586142 669853601
658196515 735687769 92408832 216156417
839525021 754899952 572630282 506047154
721133663 872723691 83420400 290701214
316345164 525969434 763969078 348112995
480907706 591701481 675680804 499972568
511668654 730503637 307964957 274132158
542105268 924424731 718543071 315182399
288482933 663633390 97686055 874011126
249203045 44283175 635526439 300589805
196637633 315643645 379649281 138249100
1497975 464882649 277146218 27168725
81141400 573881089 797388220 817229846
377957625 718483511 85585255 929605072
372767931 696466565 17418691 685131046
832164017 482348151 370633111 175612321
795056452 430694752 832780272 68476892
569313937 823679964 663691609 974767741
591997335 589432766 666856345 814823016
401354062 180322455 540778311 775877555
872653416 152426622 446074995 473118736
762336302 720261078 749682283 43288571
972059985 501033551 168012722 410328105
254173804 948985548 703065334 25173041
482230802 268529220 934362761 645122825
420966389 284901769 846585809 911479107
370704751 283113366 776255160 336677717
47341770 204995277 579670678 619956744
445949496 370014940 400891290 233023042
748437234 517977843 800141170 81734523
32361376 852490415 713007637 801456671
829094334 315570524 257574824 536507670
217463560 624820926 887747718 840292607
150872195 996813641 766447736 227554989
835972107 847751904 133803189 686260986
637767299 710364632 899690823 16111210
686428221 121398428 465258536 266897960
160800158 772033057 438707216 490796101
680227267 55167598 714319926 378190892
49310171 518540356 647321876 861165682
569377433 719784732 131906249 195191403
995979807 812629932 324925971 414299881
452669787 12213564 538706846 232522794
715089957 52446768 116717084 267368189
701874433 125756548 562042439 697673703
398021246 880694959 295536455 426628080
592511676 497349928 309997470 525030961
876575686 244849046 165738300 20775309
418470365 626835284 33166634 532183491
215802673 706942477 171894886 705324618
781403374 130059529 248523354 356785246
108221087 201288856 662728593 336589289
764396223 683751498 178020012 599097504
684924257 257883692 164408873 485816761
345872944 687592138 123297044 587624618
414553618 953865643 290546504 503625271
370272350 744759884 198291256 416247059
850960616 318680075 255221358 290314366
421164707 318710017 700613552 136581201
186321347 783164917 719724351 422257337
631077036 233645851 884469007 57621790
190971328 384718829 434157109 695505110
256751915 541635267 499311024 96548106
412964333 524681285 690035011 531228821
457934634 277476678 437245733 865353867
560843795 213704461 270200288 459506115
184498506 869207769 416410477 784506082
899237215 278531992 995559334 677591272
544113916 993568820 418901373 855437864
993724757 416934754 92291415 42051021
666965437 17842639 60657041 752503878
100163862 480002015 644203507 93770266
440525092 232663014 920779562 506832250
577058098 830324736 492980132 416706951
802849276 145917411 920795774 568681346
971317564 122284936 778176742 753087337
306466817 314860850 915245451 71889370
988081964 611415503 604598190 964133704
796550180 968266797 331072969 38334560
552813381 158281690 639107806 980560693
819095314 414079395 600447044 616689310
673705565 75508324 31048605 222522336
347897881 741276134 546466208 409899749
191729381 623598090 410773870 804580314
89417444 120560042 310184302 13195183
221236475 658509622 654839588 460007887
93726701 989173753 671497699 194742192
514184027 709135988 654163727 447003500
292737550 455946326 993678986 651523779
900854030 603691836 96566091 949275220
95569114 723423028 791468165 925471661
953575201 566121121 885869611 152563164
544758499 360132398 579903272 19851257
727740561 513990427 244698695 355075025
523128128 205986738 736241294 593190396
186031243 772504862 915719261 783553024
816337113 97782143 443614744 351780977
762641070 320585698 127590642 782911717
602976050 539110402 29011804 209419282
100733141 399201987 108915672 590410020
724459177 365666947 810509720 195406687
932125704 306641614 401462488 394004238
536003473 640083513 492533963 180384054
868978959 395897807 875593464 982814473
139755601 739902657 804201832 185948931
297756810 759407086 22632675 19645407
581666342 519103923 12786932 764829037
191897808 505319647 340956229 81436261
324696079 76751360 785886211 727749656
731672695 680222825 185823111 366953152
583099780 662628147 315624108 684059378
11200187 508211830 418767621 231730021
513949094 987010596 637099877 474309282
380987803 1127750 718645741 880549367
970945251 142193168 858185256 47458532
908554636 141279226 345559775 180742276
14925738 730562059 579800645 127891384
563584565 839734378 799376004 339618097
204956801 622679652 140258732 788438152
293706622 796341956 751640740 958157120
83469519 460669109 408470411 318957177
719608632 538573223 511129530 763605547
629685603 21200037 108606026 535396580
488672845 749100122 394892787 964447161
302044367 467227634 713094950 938394034
96789631 422350213 232338930 831940734
468581341 599963327 346323406 827086155
213160325 590652505 609562048 250377837
50408560 715122646 966957419 91210316
310561967 210407791 238106466 877106709
190206619 831210752 825551594 717981308
150449302 540243734 571200980 105555932
407601294 886782897 510529732 900398774
505443599 604966814 667924641 449810463
440933984 733955647 930342020 682648873
37547922 497667178 193016776 104529598
517687787 377809620 249196766 30681481
87616667 739931704 614439828 158511436
554129635 768114266 545201052 829525011
445461584 351620039 949199411 803826060
659636645 414219028 792930757 643251321
805351024 739919719 917779072 999135256
833372257 261757565 518385249 28759803
633883357 286595687 574153793 355205953
975718921 55853782 751331890 218790160
728651455 83908447 470088940 137000015
927367762 59950265 15747044 246686006
739028458 152284151 740809760 690922198
454245091 424967721 668750308 608002075
269142375 958438200 819910501 945831461
533192480 546952478 196419692 840974041
653099146 687812533 874496991 319666986
774913134 116821612 66044999 263882348
580591952 16742356 742092119 267564202
833117793 109431458 508723197 548763163
150903983 417032506 361178251 870861187
110857527 762036841 462508189 285143130
997173549 124088334 743217049 988027527
63776680 141370359 564279329 156905900
785706256 453789189 720113745 842110628
30710283 170316129 522000051 77353839
247490307 464593859 342797465 360267264
400101216 519118962 249090020 688947199
6465486 651340288 649827328 329190895
336140092 349818084 903008488 353269661
874699 928281935 320859874 140577577
564220122 759179807 186126186 446494621
372937893 316475776 928444715 682915591
667676364 897018171 756223912 892184403
541667201 499148801 561675519 63972384
857716397 517611976 327301314 173398717
61329133 539350113 987813970 312744863
192529860 677969804 149879216 968958456
663046723 689834373 560616487 40714918
255279135 744411736 634613602 364676758
312871012 82767356 839410488 405617899
909882699 38928251 387104982 219180921
107164468 982838665 667529826 547846646
836404166 21287586 923410233 501963514
930748633 381145430 112156197 443016721
586868895 949997124 384472674 189632591
265824038 714227073 303523352 406240538
932280550 553216903 906709666 512116721
605855775 955912526 498320806 17386606
681777755 502631560 391074659 89844913
880551544 807966422 420227115 670624809
46231492 272191818 512298267 642257175
704109904 154803346 668989516 354355567
20988696 490519918 599051750 983894954
653063266 42681092 223758135 568680789
491417258 611769562 455182125 373115412
855424556 862825490 954685503 740329814
661393213 217671429 622558658 67646741
992043481 597565956 122200033 439740264
24067644 161209074 803496494 964405067
843246288 573040494 980640851 797495585
329271442 545869034 795219903 870669046
615952475 996102626 259980646 605328078
269537877 462304200 180160738 480510582
225368462 191767771 859319868 891732241
517480131 735089052 281107357 308435071
837963147 904348354 709694576 300662556
362862666 257310263 515300472 572831237
458951858 752166376 618258239 567526274
728279353 169873474 383163011 47565781
404105984 543279144 32656807 703083946
180991807 694495507 528204299 623500993
317799368 539936264 385594606 129988275
630695699 558466439 100496650 550011306
480251264 262994178 493643457 962293434
119504776 928104941 377937303 954296177
464074423 169579959 969607663 344006613
887884772 420228856 911694860 37057055
748018883 465453253 329935434 872451681
53285342 161684355 979628380 749030117
337446150 884748048 809015011 599434526
49652901 182796277 742803192 443454538
237206501 967211235 672983234 858354907
348217139 112537769 676762006 784848528
429213910 830950538 941860646 728075728
540268416 909384418 285096531 901798824
488245641 508957280 13611341 620614403
183548905 828160176 723232789 525660978
148322256 407504544 96964552 219663816
683925260 90977833 806575200 455715022
404529040 438073110 561225329 829723216
283743497 19237396 487760244 365344729
504006808 38876426 828504905 656488927
41196433 353272768 545275817 219639917
545274778 760859693 524231606 141936004
545174832 513018183 824419754 615705109
455997565 974297900 979553605 962199709
837540117 833298458 546611064 879851759
543554601 754152635 349767181 144804345
735879912 510425659 619162668 21823522
427757365 600532598 807406554 603472326
39112924 821949032 384997476 34609543
15061591 665098989 48206951 938283965
873698311 830873826 664480927 284864745
375101083 506883768 215809087 302296908
532663766 533235533 844869078 695056130
224611734 344224248 440990472 793378457
597851601 818209807 725798114 666205241
316994584 701222560 90694624 169417058
178887144 75907236 161419749 719526202
385487056 971806214 740696314 440825585
317046565 308461908 734819780 309773699
891363923 354900143 590750342 197826703
859478394 127290697 400188663 229829120
564501646 316592353 104274444 95326835
124674770 313043020 144190781 249211043
949935029 744703880 761264004 380058307
92436635 351811500 87783466 559044774
505444055 545083661 519925815 233476145
520022060 176196266 625706556 526818098
286785963 196638073 958404656 2106402
943936139 770708023 164110746 196642183
705181145 328040830 775883842 536582732
140688511 347702795 8802007 520493881
551387566 568129750 516279281 415867141
894511786 911844394 948575829 509084900
303661845 815902236 764892895 302022214
604167769 617315152 803997002 362779763
825050158 585614247 162087569 848651926
422642962 878087244 104790764 783200929
651024717 988446593 732753591 297782851
701094966 14376316 78666597 640009927
133991179 240615194 556538953 574952116
341545071 979489789 842924219 264561259
79430126 542568513 383090667 726927807
32405991 141984851 879376999 911261753
681267069 653299122 217791043 390526115
495715699 110988812 620674747 580060403
911968072 73112219 861207780 364520422
118358337 336668809 764509487 627385354
37357 410779236 196924709 454522006
720822943 166956731 879064107 405030575
669856535 322320406 959112557 723863934
817311090 146084658 375015760 151625766
455314207 937331876 638809921 472047638
579969861 379745140 803426478 841990635
628966579 725163095 715923272 603628639
522700388 365660120 388603524 125067879
781567600 487028044 2061553 598556279
346206409 478979271 598402515 147471993
845720406 695621058 970390405 175618417
551009736 202975083 273573207 368581787
284328149 956451430 29867642 946755304
133445191 126918893 898977690 402308605
772681060 103024097 754311343 223167562
188743692 710510620 300880818 833042660
891731840 659973208 653017064 949518424
242511951 794585382 400740043 147119126
439078240 769545105 574980069 664083459
559298745 613949023 278372268 381050908
426873185 261425026 171427293 481701351
37666543 428001577 770846270 356238373
587375728 678609948 697045606 104749321
949339297 462783168 976028303 690563854
176759370 908902969 937651508 917128402
156066452 568642919 382092602 409414231
177247700 100623940 872998834 491770460
492024959 424068230 223770754 694081129
205250668 125500662 652983874 688194553
28773041 66883783 672591009 374152186
43791785 53748162 197703061 301906174
849150366 698765829 621150142 873024480
968011024 226836024 110214643 3233028
911522317 809201568 630551907 119434383
122449436 313364966 982964728 115324589
542121541 65125555 118881591 310451025
466549143 116673278 171920268 48241514
456105683 418642054 778250828 688574213
406395 893865910 325560918 709066502
244730606 220739530 775201966 260459676
161972015 418880775 793450850 993095871
98549009 944233122 315288670 505490798
576650559 299602362 486735538 143683500
74774947 131360167 411219280 31020060
645437898 783462466 35774457 856156493
989611143 611194606 319179566 180697763
623852627 172683390 774832379 967934765
203625211 157077080 866074555 72523255
395332067 26075542 675053103 349078941
73644409 983945950 105259407 671471098
610645579 11387706 201735600 406784941
936472856 315962138 966369853 324980186
634054412 613536561 17865406 872068036
107559932 337970939 732643268 429671222
341369765 858360689 126209425 818182209
616830610 925419245 7022441 673242888
733407330 934153461 743142043 880360998
571545706 176823036 448659975 137099536
797784382 533017567 848033002 288060320
891186608 986872927 580484174 24044631
254666033 520274971 623730962 54361216
740950043 153749857 229788097 907137517
548685760 399768169 308294953 17491379
981007742 589087086 344271862 42159645
73389407 929564185 388349453 564818642
23097079 494779737 253852051 196885012
178861916 896748181 539599252 829125644
451410730 467287032 754429529 567116392
278239290 503536826 50538570 186893850
82339763 73040297 884686467 980259185
111834327 370413060 989267255 317668320
157524106 465540065 708531004 30256712
798011843 7987141 433206492 45456177
571487784 670813700 61279818 449118733
240317985 929808395 722751090 511195086
883151484 42441520 6059264 151420515
324162405 399552203 699214242 373219534
978855505 91735018 608702004 331336706
467331715 740638951 543981459 475987848
737733812 846471797 98368384 489190101
619631889 454731729 958076480 696246186
942294721 31075614 331405285 803218725
681894505 771497594 386849830 898559056
900699999 407816793 818636105 252070156
690840718 496286332 109792493 766075467
31737866 823342392 362473181 860762255
87912388 804283599 534399638 948353902
487277027 117746709 99410493 541101303
399831536 642695309 42786109 253757321
527539948 860441496 291940312 123626115
41395247 647192825 369310111 287669897
528910044 236471529 531383968 107536030
891020017 937870856 462636166 489934181
8212791 452964634 149095387 90957198
628010637 669520158 336393818 472866423
558074807 899855514 967493820 917742159
560994154 135227098 507708052 270633894
693948103 737863724 433308324 564996221
683422909 454037311 811072655 561928682
902661462 412646603 409901983 967468082
894157042 321938744 553642536 328765420
479516126 153858271 894508306 973016809
398794343 645714563 323455679 349357578
959474309 396821474 11542490 826398337
99520476 847163245 454434029 867060764
946482686 112280961 429709987 637078415
155454353 759410701 929946856 668005939
335267730 205613375 252591713 272435020
997197006 241523904 898894231 929108858
630822308 463501868 415823692 637230832
66377809 606274334 144546571 807586952
867209395 468686277 590609710 529190119
584857016 664570213 493155255 615788963
163855464 88797568 227663968 19276179
923976414 972517688 407722972 839950788
97906776 751781310 412875501 945545483
362396730 396938235 876873726 442787232
892831426 62112796 176619272 175882396
852824392 744306887 193210823 764186419
741230756 310617428 985469318 170860947
976811925 551490893 256461719 422987388
705502418 250238038 597694468 729117135
551275956 238619232 977883725 535398785
692160162 107009956 718656130 306940243
128270739 165010583 631329480 116200340
348685099 117199206 566671711 24346920
598629354 515016261 44474487 984169153
884332777 688288890 482057104 58764858
403426938 186747590 720204228 569534881
365827732 967862626 614188852 214506426
323332806 61003662 3417627 604454096
537643735 293259526 473994107 178030927
946074289 558576219 335734343 84308918
550665052 933209385 4327700 225367443
268352497 136441010 86792729 556833518
605751033 272403198 428700203 226437081
584103012 438280025 802767129 114819038
957266888 234668387 214307067 52878358
646173044 177491806 15170982 707648704
868028132 389088087 649700215 843256122
810981565 392439908 76654521 338729814
548354710 599919054 552025175 664730280
434009112 140697796 524827226 891104006
842275172 861629211 900100263 144661396
934984991 505511501 488746997 843058162
689725999 562433924 324831525 272324563
372377821 660750113 2134010 340821796
983046212 420961423 679120982 263404064
428265343 883309017 578602025 884962567
726589525 551711033 949728576 608996175
565281455 721712065 728973016 744983817
450503291 510062415 241719031 767459072
172741118 611189512 800087878 787621083
615667804 887053977 142672290 30028297
863845820 849331988 768266078 612114476
319083367 171604294 651910325 577213772
523715849 486649287 393004815 733299349
17402859 387042413 533630312 684059436
642535447 778344042 449938412 639406613
759510875 919046921 574729559 174885520
244660070 209265989 19044340 155567054
220994865 137815984 737679195 855142999
430220795 94526048 887734063 109482220
740925665 676895869 35440652 749578941
439461170 161065457 447632018 549077948
358650642 249313633 36319686 654580852
509449899 854252962 170098150 733221987
408358511 173752670 395650960 627445681
121377513 611567678 933073350 756235545
290021932 813696888 764593038 902612429
584874473 164733271 969518839 158918069
618921475 652808961 903590485 215479591
626004055 175498025 957892658 631293108
501019972 65252136 302807281 541187758
549857068 341720403 834642693 112112338
906164542 57292923 875149262 365737065
201397761 709768049 900396406 798470439
162731028 201227268 740951611 414416540
725208788 343079234 931382642 916838780
59889259 840926683 398150473 646639832
383988945 802012029 859697996 727919947
932906270 407190622 624739032 799044778
746374390 355112878 550959427 394938727
350155905 777684934 534762443 564553577
273692583 319390176 624445320 570066203
979174330 220441562 92659356 340236951
3262198 368707198 609580361 487045691
44368148 194055743 337224190 192726571
979393020 954677453 527082920 40200438
762931182 315078554 787587142 272655619
514881896 384310744 942754116 500061076
936274028 367091313 549297220 412076293
386903905 51989523 163065374 871178104
650082789 615154479 882341293 472186700
472751487 782363155 280910266 633913413
739693355 636348197 4497531 218759591
603536141 928585780 83608487 598470979
145146880 426767231 955395292 808331133
134804138 840249802 295704767 626841552
937082111 218849281 76706249 418990001
311317898 964618833 170080845 830504168
71794747 127533510 824468207 455897575
865514854 654185990 996907928 755880819
592480943 577907500 87798860 497132925
627135656 414447894 402550442 439901186
218554731 819897800 764039606 561710667
240933813 825507707 828964581 235481284
999876861 49303853 866148872 40212573
402716819 490137254 40520606 432628130
909162433 669864672 384909630 229378618
906690454 838343293 461556614 908961267
218079627 733849393 33680909 214994091
298894313 777482251 756206267 929992694
247906166 564630226 856534757 941364530
582001668 721147321 725962015 512430831
566599624 465578390 824459269 56869595
353174925 910981254 334992335 285709686
670636736 178850334 398595286 760631077
221062366 121719279 216320844 704634262
99853368 560291724 282210430 14954177
458031475 34977845 144456330 470508907
432233079 294820144 579959095 419831472
296768432 372034894 901798662 296136723
267211738 699946434 463422275 589348791
737107926 333710698 815158397 213176617
929601269 685828033 629864496 599056026
883497777 859436305 519266661 1164666
983463070 536806576 140742293 833867868
543702631 951084542 186675854 921909450
470732924 335067731 403101437 674050910
545837052 720186692 2691323 616765968
647858843 342992159 445582075 5804260
271280450 824629431 912152723 155572175
76208065 813809461 919635840 336594987
951633413 413222508 499487244 899124595
765852787 732718189 928482060 408302826
675985180 913708975 739449039 876898281
351274149 760770683 479566502 627888414
980811725 902059902 97993388 994316510
395468087 701348275 921416589 404821943
561244419 832627237 224431934 399642799
387153769 681877355 239492312 179668001
813255032 463985544 881531242 435003516
111551069 440649098 112145471 329972313
346446758 129717250 252110350 718534582
22722617 428750484 115548499 860448781
279980859 785480185 995564346 303726297
829697363 868952337 937410680 613967001
930899570 471345145 172879476 417464876
855272680 105265163 613230929 645649641
463271890 357528074 555562176 676934467
767048883 150827383 426756328 935620125
561485294 426293174 738222554 868142327
154147649 119433158 866179 540887041
295282404 340165116 551147121 926419258
519830105 523653856 289225924 651962851
367562546 623182810 335733051 502412280
621817978 64248943 168674032 432818765
250275210 700315339 506774671 342486593
701125995 515993728 170118439 471531682
169646002 712933100 667016851 915767556
440328836 236581863 111136322 520999328
231194555 214502088 337733186 325480381
91580355 606779653 880341564 736675981
531650406 889883034 735736211 723382071
268824611 66966732 152297806 755937457
582025615 31789403 79350593 254291572
728991614 477320589 823283064 354859805
29526407 532571611 237547434 492757679
947728758 512562130 65020897 524583165
686924335 561788749 603560671 680333246
946874867 532908710 434823863 862047589
753149631 473785706 855978540 946338234
179002959 290207764 704650921 69365485
665088605 280133955 66815782 990276711
680527238 333935214 414289136 877335903
159132381 45026353 444762101 21743541
28575 546593473 56170772 917991326
741987738 292914280 719263887 504809443
310379543 144224298 513293585 390066616
857838406 914077747 609549366 547941393
773781385 572508262 82136389 892699111
724325051 778673198 149645011 58787781
992523153 651870612 581897640 421838122
613839293 713522010 862262332 593824658
567052994 659597560 852417022 509497381
636712230 146384706 717928678 605333559
266097036 544682350 203357967 456739390
763221966 11062544 851916219 991463950
309044868 682386428 104404368 315113174
245742143 693839518 258964620 65253089
273285700 180388216 839471818 499956060
478437684 398418606 426668659 323097001
290428811 181375430 556691357 209430299
379019000 677414036 617630882 408657761
871058358 313721725 703691375 5287839
634400471 227628288 748917012 147644775
640904687 782682627 526445647 706825091
735556695 112935957 852973461 584646483
31466636 365207308 25949902 691240308
853650765 170900195 132298456 968810052
497414807 874447772 747668289 523608471
331555522 617837352 107863805 156643385
772107201 780163965 925941088 431078982
297987457 276722289 324679444 390655389
789298175 32250532 3316607 731295311
293945830 729406157 116413427 883084937
493469126 105853256 425445548 896819882
50413150 340043967 145145059 119753718
113515351 395057449 301419391 605809976
359203076 315961308 624410013 500884115
707290965 499996236 966555410 404932485
776703372 451568658 885732808 363963846
346060995 20304814 307148953 814166791
97193411 237177754 581871645 431610603
676418113 664618639 536382847 321745114
690308217 641750103 543033419 937481933
742294750 544752632 543620599 441968886
227295325 445301142 591874802 131993991
665086497 57471051 372364320 666503729
276514884 256779808 463536270 238940715
110648990 851067280 781583967 19887260
66610031 867212856 544126042 38041861
988310983 189872315 623113021 513029303
840683984 609956327 921801067 330608629
470813990 694047266 24236480 481555563
126116368 670825790 434546783 894863849
148835182 47807648 141260614 944166274
629469990 940072025 470759438 895986898
337293296 344609190 664964370 477610602
260809519 365171300 871978590 112900796
557563760 129165210 343804315 102700334
686457005 829740261 381688123 269271940
816169293 305122844 234559401 498657725
221425232 371847552 105858789 485274854
482840505 470066506 681128808 253898048
802210337 702359501 779901921 933468844
339272214 292906537 329994640 938826642
926587346 209369664 90885193 767530221
283344233 277334941 723724377 17261360
534225116 190994320 509438423 750231485
754124193 534396440 765456547 685242250
757327777 634143675 223977640 361657545
156022873 298955604 585941849 223804483
390444609 934566547 188333154 723110897
412986538 293673557 49643224 435212185
724952205 385185062 371477897 804341070
872989601 231890977 773575645 928719002
46128333 939870004 259995837 868072267
278688545 137922636 973464902 854314694
629723378 552095543 508984260 192939049
722166172 512268012 817077008 347599241
592910755 90876409 504083671 451476582
210315593 456921179 876865979 359230375
556673290 565127157 32754335 66655573
555462704 927331054 831749261 965431462
483436952 961027618 391998429 372534802
582897356 308327398 601041359 845381930
246265850 957488720 271480571 993409072
695991934 419517284 189517189 675601932
650847116 567653182 954713971 293271000
651013959 878827790 188519969 565194335
182977024 602001694 751503859 697818954
239637612 343827614 517723541 884496958
106863002 87995140 122224143 805320556
72563883 470883833 563889741 709290200
789735951 566199245 402543023 96806876
304608255 899962582 588893150 424122425
930204621 248731949 257296561 348639817
243228907 476620610 995442566 96135630
392970765 611467574 351989597 807711866
542504563 218552375 640146291 233002084
779049340 269416898 810858415 688111665
401035115 727416788 66498174 758741636
871009987 465567095 996509700 723503232
171983049 233637404 856261248 359772754
963644805 401783232 710052346 687385050
905030835 429382697 158904913 173108940
715844662 848949753 995994330 411283146
892142876 642981354 554175664 892841368
242611451 171361734 82239033 123784616
369019319 843188345 183498095 47688693
996397220 230048300 810310683 974220499
114202130 150644624 124204783 978216731
483752347 895081042 635221892 752333545
713351846 103726403 675738155 405168862
91269662 73901446 832492960 260506699
512547138 405889835 326784186 406789446
23030452 616015012 864409298 782854887
58558746 142919151 119286251 217516694
382308757 624128756 124048733 17589503
41446098 643196596 424349737 569829746
239597770 20426330 543512147 984843828
176249226 171059012 654029338 863348226
88914185 943454437 606000775 851226884
709920769 487778915 18835424 900297241
987307716 455043360 276935422 504398956
371156233 335946707 937023646 60008877
438898316 966086582 615899054 640559988
909517327 548226973 963965934 218233471
798021769 768556618 775130085 529361636
860920996 269624823 511088258 276603050
440758785 517747155 123263846 726125229
433924608 456679484 105937144 17165164
284175463 163298492 245529563 842014782
832562126 116549303 130480926 274520062
967825999 105564830 706872234 598643289
75141313 652723172 596273333 718759748
30724792 891420899 590433448 387261430
342411645 175027114 900575736 717915746
854982104 378469568 484951473 676122392
681733191 363398190 710322097 326112803
9415458 860408180 436002454 164136581
878825486 514620697 705531787 800937219
865908074 590698305 280633878 672388367
56239262 316958168 514578899 387570807
219757310 830968609 831610170 201785248
640959254 128738621 231167134 727865374
54563067 971510469 594649220 78871863
172894849 438704389 816119843 64950772
503713223 610082195 905816469 636712546
610505354 90937292 154866665 276078743
962563547 56009328 982134040 241456542
420892444 645687258 379029244 746530702
106348140 799024357 26382096 358177051
520535239 242678093 504257195 180822408
116176964 679304685 801959443 290370501
569585982 613355711 334287259 104572317
875796308 602671974 855560181 692849028
425653791 928984749 635115427 490748963
622718733 474038167 214995603 64769950
129619126 477668459 671393527 210477573
390161368 925680866 821866347 61884538
529385759 835070748 11305171 841346848
415434028 870855043 88007795 131111587
589255988 283569297 825916038 749420062
288395295 218249121 288533040 776201442
873784683 387790049 566570187 204974116
916713768 350315015 737011006 734376909
264367224 926432642 115315076 110824852
840166614 411143359 541749967 104361181
226088621 259395424 473031991 325416321
570245551 188026413 950391735 958085849
218333533 545250897 568420102 20254567
472023543 764164470 305864139 187617957
434885718 3390758 92621546 990469099
441996370 958787340 193692784 389118645
456151100 831151963 321125108 98595273
987101095 656713774 531008190 632984727
363307025 24955356 307180106 428223898
815797047 127531462 794712496 718794627
515492054 412616673 489973818 976196946
597346861 839229072 741100436 234976617
441202508 261101577 348620036 244105423
172410932 567894779 55977411 300293704
78362469 32228137 998650880 182794398
940132101 690795015 100596205 271298728
116856555 774564228 599019177 985204842
553709052 586267905 652562084 459985174
610641361 97616576 221950152 382961364
853027885 599441081 741055809 934024705
338159384 866606102 808071239 642177199
200618867 245096695 442640720 326527481
996201619 433620266 734869676 969519843
543059387 855825240 968017412 213931317
643064704 892253140 657016974 650695145
799058306 853557223 524336911 775631932
54571275 609710560 784605705 511015915
383993845 208540344 84369105 454795306
287599420 134966604 196624879 367983713
266607047 491142424 289764477 853184177
421867590 488994414 634878960 256398911
999157544 633144562 574017331 321895013
850457085 728155354 746996942 471395584
233696616 854503777 518746603 841174193
63084744 534922595 71306433 940608698
217059723 623709568 502712551 682275190
706059873 809427740 449062886 285345644
399967456 80957390 658689293 176843596
577250503 581168211 951660983 545865278
883373929 931226031 687298623 704500913
266731113 260690021 857458551 106433167
221345665 535790178 233638017 262195981
8926480 850635632 2344546 194294699
647060034 136925581 282699161 40474525
133472805 786852284 525719538 754433210
613879749 422293527 171789367 511848113
11136179 891558283 132724554 351908905
512843769 996515062 754155740 371048271
835311828 990281963 961758324 913382906
967748466 211090324 352559891 665196359
70962266 14975333 678000829 806085194
274205293 995445368 541247272 703706958
695487378 126892984 556872847 938077701
887104293 241353818 114600350 230682155
14894113 643046800 110952454 835492910
863839828 944629008 650162990 124342521
707654194 35291206 857792451 728636407
343268590 890889345 169462382 219461006
210839749 259117560 773786914 671723515
908365801 616736641 883010491 918124265
362925682 958168353 549880900 477223792
777133301 511012727 512622061 41467690
735853035 946347464 536062509 918916741
267372478 502198031 222409698 626040724
953755282 672974913 570769707 622908423
810996969 838418155 840405347 129605978
316205445 445618044 228888457 476185165
88753775 450424052 574102601 577973049
429231640 836735140 492132449 454812056
440616776 283884277 107076003 977584437
752133377 719369033 603948443 486574638
740479903 889390043 363589301 799097350
918268650 360594577 360850122 10318178
453530125 75462991 313639652 588067119
347471852 440114406 293508911 122042415
670720486 684411411 783655871 909375394
146063893 786029394 27086425 48051160
434238387 700905477 455916427 951966847
376976501 389674376 51175613 837289056
948416876 583313212 822199920 281561398
597878950 352957682 867185682 4116442
825017537 691059729 787212872 651786661
241535144 62426386 541921886 485222604
329861175 999229497 658766481 774809090
47261365 344825818 78990440 339952290
8986345 325408504 831250106 64336213
428023019 38285808 324214674 387325596
283711887 208624223 162633045 966882559
108722071 715728628 16890973 984313893
890603401 238908929 191672588 561397013
952696965 353038102 938059693 913833010
754847467 907222258 551127130 12163415
487729084 451973607 438346389 29038067
945572279 263383604 936660759 677924473
353857415 12544878 168364131 595878101
564695382 531839064 942449608 355115110
687832562 450828766 714626786 243526495
646656474 431082079 507248562 242559637
184337426 661564405 376618305 257873783
283224494 189988339 289381457 61348319
476356484 163965531 793162432 554600998
364812252 371692924 131091748 487095211
549427247 964764606 472193926 624654946
18227480 227723301 423251731 620872342
980225907 383034243 571800551 676888262
316837374 921930877 38879996 548797977
929923442 699559159 892173563 758308912
282988783 766667434 383357303 875140529
791256900 489571295 357604917 952114788
464293850 238680582 668045965 279230263
244920489 117653624 375387912 304894244
259163204 321180917 43280625 756614391
525241417 385676725 176411301 217748982
374945545 125790152 347049640 328204539
60355825 948127178 220796527 447103072
531866084 69618107 966577133 625424994
108465457 399647491 619348547 680089607
96799607 705347249 920026252 904008071
227823802 345880440 82124219 605221923
298288582 21120230 319857806 172745719
254330685 715128185 324373569 913671341
734854423 749065085 95257478 243657092
624371525 346025826 706250438 672744699
168718538 457464393 250665877 153291654
646465700 812612604 896288202 913314128
399210787 151446816 275840708 343091791
921673555 761317598 88025361 915968129
596609760 595645238 4874141 670813414
811164728 752994543 786103259 299190004
982615657 64443690 285580531 549551505
577420464 475320772 734752447 88150781
882492107 849339056 331544759 270704113
649858552 125729080 676628165 198279736
193659246 669866612 340448284 159645294
668940561 510817689 117185407 540263084
241791544 400036780 540787747 985244006
840696458 393514412 491651042 998560097
80171604 394867571 538883553 50863859
940363214 450812054 352096865 36223467
762397584 690340417 140709919 222425746
773694356 34362256 841769963 842993239
882798282 873639190 624832343 755617118
919811156 853698299 896182465 495739071
191675085 322655981 974405751 431870120
696119648 298370582 946025855 348542772
456012582 10835910 894860433 398973141
760173919 738260587 535383009 838735508
736637611 116056433 683513973 22562887
58622162 227400243 724377769 132843047
545321888 339204680 356530952 198560426
768263774 775810610 478552076 461496377
915820144 691628396 224968392 876987476
27016866 404751702 194269278 471440465
664407201 176027608 562632823 824128236
954793355 266459264 560323270 784139746
479592544 807831004 553220620 870432492
575285192 34297723 419883854 372796839
913637371 525418246 8178232 213921912
878710572 516857574 339024058 148862526
605274797 675399342 61021132 302027261
794865761 36160752 225482971 698179463
881858395 53027071 711333746 255242170
966926910 408309139 260177195 263639262
962741297 649635551 566124892 760133357
68307089 953257789 809119443 586427867
188985592 573057227 484290000 486109931
271186649 17908084 163477892 135465667
809148528 259637111 257026819 449487702
538513305 131195509 236497089 606226615
682622338 414765894 557329046 95752744
46190432 68762456 148617473 266184768
934567143 802397188 443969923 602020360
944591648 85307117 346419361 859933435
179778270 504383558 417231112 946001016
404010310 846665749 27371883 763912609
118502986 37424142 234612662 659600988
165105529 976478859 336931816 37925839
475397249 114754786 142497419 692600623
238249610 729011706 398472101 43183035
40259801 856922480 649482822 105726178
834951861 438070498 475891511 211991522
546081095 85640427 393730863 98542880
919993175 741706792 403936974 545128509
823486495 811660761 713149516 119787475
326777342 657222784 53128689 285657948
805961278 817444096 997431638 640716518
579883406 177161223 344678794 820701305
320942331 217556156 936168082 593821071
586965648 118253763 904954300 635623312
72459800 799955638 3289285 880575361
431253103 938221446 833806073 155878112
147515405 580869948 801482431 564751509
942316286 588841824 458465390 667557617
748676172 966117737 157147166 990356738
434929438 605546776 823581809 774708722
934835782 582615038 296768099 49914563
215956985 141700032 818800503 475440352
40932392 809850125 223929838 445247315
301750038 200699561 518717986 442772599
538987729 672687645 214390854 233608837
766195402 734923730 380461312 566165446
551722491 670131312 895175057 107244222
426826655 250445858 533613542 412593083
37001651 197578768 87163071 164545833
80524306 605899708 69976512 96466017
479301317 364364099 162959463 265810375
380970653 358532062 24717134 569208629
563506377 444415960 168840089 184804028
458076884 155228419 353037298 122203402
761493094 634437765 819845931 954461558
975664980 700356722 773526279 912296626
281653783 505495302 866772380 80573102
936338700 22463220 242464877 355196449
964561713 81343175 92522495 577137036
509917590 657346069 60540090 516928384
128449208 745146010 435149141 656985404
38554373 117493913 190456386 506683259
885545068 590268395 94661644 554969343
233334189 688798897 804948415 122164087
596705846 322486660 458208175 4356193
987308233 993923604 568702795 516872057
626812926 95580778 745604387 291675526
810353538 874907938 640987933 777842817
506939973 203942794 886411077 397716317
35476889 209794505 405639946 578709757
320364758 441603122 649913268 922297795
805378630 778498146 364210153 534712589
81460323 109467004 636906728 112381507
456547206 320108315 207213017 784707824
573906650 448790905 178746883 368715756
970206581 886716766 173618649 147679511
751586581 68299760 392985471 859912271
513909980 987101245 711045842 246245401
472482387 614739679 661819579 990542924
207391370 212370918 652865551 83081444
232138762 756759189 975738282 635352976
28584074 105737298 128260419 156695930
579710220 57460910 462756618 428160764
779871006 313523756 992860012 861652263
915088998 120951196 738555786 295002001
118888361 625728587 673998741 173596887
867428770 652057230 769857052 593330140
187777248 58180915 622256435 794461277
908071775 911784558 125094792 322642767
343951845 94463034 157244014 787914721
717041810 105489588 611747096 68922604
722611998 358527100 95960374 286806539
163603555 117963323 671334816 936651744
885975163 899061616 558617714 779494949
193526410 707332187 476706791 220167816
806187389 661881447 220520474 388350843
15309784 636104048 417447775 509543489
749230567 793141839 982533347 883412365
192227175 575080252 841333915 164423615
243229623 727269338 255584535 854632471
354911954 552452621 50364697 526849317
707146233 631122824 643783995 471338116
791805335 909216712 499421164 346346573
394436908 341654077 810654503 229768276
266163751 230347479 580791585 792854186
100651246 774526607 401395250 618261309
894722794 285804501 562152595 110080250
510177403 377410849 773516528 143222533
356046229 65476631 294628819 1300741
341766311 423807777 889621564 791955260
796743790 15765169 397977356 731789634
194712736 138895883 511109525 53359106
611976377 409379908 501519304 973359181
572434550 977228689 67800050 566072257
586956837 249404818 701917822 479797314
293120928 171094365 252045070 505247179
537291225 518493221 971918227 44783227
410606961 813029957 775993536 836578579
968282033 916323499 817180305 972585539
716652075 951582979 754314780 245805956
924571321 475313862 458732927 754118048
549053034 262665220 779717319 706348306
734119935 744769816 695801659 878838393
252127223 639125312 705808077 13029144
578034665 903299449 64176518 243122915
364469382 929400696 691650860 294487693
701137487 344890830 918166989 989962974
607088794 633623170 947063376 52917822
128001846 673166794 455247864 215552722
147836901 52280242 7175987 754741776
511857568 766598358 935654306 82500679
688075248 37047432 779834729 334726136
978592214 378643182 508145554 541512429
909652536 785443316 296124163 16832942
530486229 676639632 403693669 775222419
367357254 281849336 252006140 905813481
229538352 49981298 202196198 378258870
37074030 372013043 119449654 244498758
480553357 244030444 551319895 597877377
503276278 785754039 880601955 370489791
400309736 645947014 475758432 10141810
768232617 261210249 898778773 311559187
710671841 128725120 813408526 866420569
749777817 482105266 299907998 66501459
372554373 169139787 901690809 769062712
157167877 85381477 341677193 496672770
938352215 486667520 116697776 21711590
287239934 155533825 252423189 804364922
578250776 869300851 201806634 500942271
173860480 213922045 35595380 112901719
2915277 856736692 298514524 693147347
929166546 42342776 688173091 318857778
726190894 350302282 67277958 611462150
667651420 387744036 279088912 67178364
624380188 947638257 887290310 47888629
900283359 848028492 219212593 254291020
978007879 398419876 987883666 277643019
429509275 7736230 577687306 971579881
841277613 230295121 501636313 745934546
356396891 558022086 478960148 932025413
180945273 416772932 955077589 329117015
204262747 482599729 183860532 829265039
887418157 685736578 914045076 87961421
620716847 589387450 197735383 797172273
398509680 412113691 114310703 898613258
884446862 971940173 672506586 255567486
676633330 9713623 390623403 600092483
463648366 254391408 776002706 130155919
817853502 179351015 288935143 565249908
759446909 861884518 601436131 992522450
717021223 535099541 294037259 91689655
504671955 771250133 974562959 541770295
378610289 460114810 57051290 309355719
316954440 448862924 822459360 627736992
356426173 983510601 180528632 643719507
124666374 974954703 179436534 276385685
741229014 330143540 683650439 248335767
317231368 751996681 876276907 32784876
654273788 378955947 881782101 354887747
494801445 389115935 833186518 573526697
775119567 443079240 655429878 982138384
637969252 398197720 3341549 142258128
948221948 710660806 971227620 990275803
727801139 345395298 498108622 338367238
470557276 597761167 97196094 461890428
471896771 319457874 736721956 474508533
677703964 978311877 727473566 253846794
831334226 384498420 346126400 76141585
126674300 364205421 431026383 485590441
555628390 570567437 647190415 370112042
366351749 337447573 226111736 494832975
377546739 158525604 962392804 578477693
749893721 376185976 371991100 300723676
528802532 495503702 676156142 87591082
987618768 551476980 362029844 509221614
315169174 359995203 615329432 465710042
905329664 479534658 218068827 554981140
669443217 874822354 909359756 491891876
997290151 77496119 555039883 707974633
886861395 666219064 806373594 384848600
948035946 419884567 52133812 820754531
145707565 17777604 855315918 140808478
610040512 631557621 505241954 966625497
370694470 522421861 706477640 52589890
858606759 752406876 583546323 94925863
446274132 408010449 471677038 429041272
19543137 285036309 512344249 671167707
378101174 821967671 334626728 662229170
609172318 95308568 268302632 688087182
917041362 587850600 589091606 241515601
404433332 420499101 104577619 747859919
487911121 696420346 899400539 782465655
171475349 993500955 999888997 474881072
905371056 981344745 976090938 194737110
796025144 672758821 476244066 182714674
200331956 857003794 762455344 894016538
587502689 983399610 493918199 489188600
452781945 302837441 190724509 350619530
321032556 472966358 249610007 266385319
417481561 768131078 468464307 316971316
670661277 724354477 373023141 163426376
534570470 815945423 235090854 304315831
515962117 309420946 515611138 622860891
796030812 599585075 645707398 976717526
797848895 764539690 321169687 926470908
9357394 668793002 118251141 987166490
254694557 557923095 62561558 420341439
86313446 469655796 283575537 949928545
998914158 945687707 618910242 72029324
385964053 488898853 354926281 703795602
141638795 890509545 965961429 257191581
350533568 495019461 592036961 570698276
729320389 301831308 173626169 320532255
71823126 372468536 3906114 156119085
716695194 887398659 84180891 135460762
461633411 255862987 896248959 321999146
791764873 904727304 252712670 485044382
317052831 362097913 139393461 686082435
817875541 959054483 502022495 81746905
168038481 416109598 67634968 660926340
298107443 228578649 311279098 218076803
639241165 205678125 94311588 349897310
652466928 432962287 454491996 91285672
275560114 272882044 724970681 183012867
153579843 811061746 98138402 310671614
233262653 440671672 423189826 854558458
229058545 307568752 647317203 523877895
604607956 475010174 773653260 572129618
660295491 100680210 943183095 941196169
232091738 184641666 526547048 15808919
117291373 619417075 756958282 73668634
711473771 443318971 466129943 212198044
354669433 409304183 882212916 345955002
843992876 862959000 294110821 782284779
478231009 496139159 467295753 381248814
399431250 195164769 527719659 546660647
379565685 637972496 424048301 328021556
550777768 762425126 319520554 937975531
581178627 77824452 767636503 930610348
508681355 816948723 255063301 938673786
472740279 20864673 543952060 484486441
123704475 932926396 227687936 378521975
195818848 429086838 658573011 92214949
85312201 459618687 395157715 944210894
167297186 846728539 395692444 516405949
337928047 617047914 322121936 586489927
440163477 353695048 485503585 482533000
312947165 334134489 795580601 803530107
665442878 819154135 189634014 163441729
389187877 983891791 1821639 687089141
926704468 685874511 702663540 234117720
620844780 273756530 605987231 57333475
2176268 394942436 768567685 978412019
585727813 380815637 514334483 629091357
188136534 230849868 155953856 656746631
590018785 882284218 752586459 782694946
819445287 332134308 835517268 281938259
76920596 403256794 189747452 828514136
916909747 337708148 241269846 71740715
928791100 658078068 965093044 40764158
593041146 645127121 150353667 685324371
49434682 183249660 210352972 484407271
714633324 562308943 683102612 788669611
923091524 819906603 441493292 580541363
883766714 336320236 771817527 495581114
202940860 960002602 761481962 906979898
357066144 235716440 806552847 237152825
836674996 492445925 648890739 382388259
391475037 46701477 2028490 93390949
307614711 955828492 281542798 958085200
485656320 158111106 881698657 91931948
281006916 471772296 554847688 128026783
384538663 447157918 124448010 677647676
307603621 632003669 420623219 399048003
669303452 574903489 505655085 261822186
936590028 839929021 309286895 396644609
499481809 525628618 672679910 431137399
553395482 179138329 996906735 974622505
447083054 715231150 508881237 573823034
400330421 678085738 295242252 742748390
655086318 443769061 8122465 829886927
130628728 897511345 33178396 974518922
461532662 718463726 974536683 391853103
844732090 214647227 164773740 76925286
851732760 850158955 759542398 824219381
208762391 716649943 127439902 760638838
106553857 729060902 929900375 577055393
132804568 550931467 549013069 328658451
218701865 626532696 570647861 396061387
407059752 678599139 164616063 454494983
508173055 797283313 133202621 316165886
539059912 221476159 193118465 711899663
440997913 899071199 711804378 868409977
391647820 665701368 950356008 323136683
360833697 703216130 994874778 441216072
623491159 512737243 708769420 688185847
626183887 516181314 226687368 866420767
43206961 631369393 800315261 819283255
872730979 649471933 756372026 651731249
241280661 806002217 22577789 69060323
762491104 11410932 826761248 147355876
595534127 610836276 545933286 247577951
556303544 825461020 861195911 833233659
553274254 227226246 162666073 471396893
347331547 865885428 984485249 302534486
693109486 637140252 319410091 888158658
577889361 16792323 160189193 189785085
624511628 679706897 441294414 514958320
730408690 869450931 266849039 486679096
25182119 213334750 216828411 478066531
738540663 472986438 218288041 263079190
971418246 398651685 822818856 177595683
462585515 974428445 292897533 924416176
340800388 600335740 378981419 129292425
24430670 995406016 716555093 260989734
953670730 218359341 472936888 319692843
814221241 231073162 789613649 906529532
645449639 886298816 419526567 959286246
373162134 708815861 618767014 789588208
758344872 650260305 417094163 11316896
878215742 887550531 532508833 142946426
42451855 522806617 173171649 96923327
359241201 740490909 958874778 57268048
923211588 786173026 621688499 560452125
486470808 157576230 876982036 821593540
814704763 190528464 59066058 472062955
239710756 540945311 706780474 827820540
562622197 934179026 305907425 151051108
662820765 318860553 154893441 685138701
302360397 933929464 373116004 323416519
999743526 131649110 299178376 593416189
996698336 267416892 784085419 761155730
536114081 819007485 683905248 30145267
572279088 642974322 663881126 806175251
886560018 963437906 770061340 709289625
680511594 982482142 97648910 365724477
117549039 88252405 222600156 930839070
65642949 695477526 207864493 779459165
166048652 812253977 653858493 186041781
507677952 685727949 639786202 22342359
703518006 674360380 38240550 798612479
312766190 815843400 169995499 299155518
43172110 33778784 397185950 644227038
853908654 749313340 390088190 697827929
212884686 474945348 132505952 861008891
583552715 177203822 167136497 111140614
651622666 475858049 44753045 468494807
149022337 16065925 240544791 680639456
363775466 474608510 889171898 144571481
941647030 641734536 17329645 49203539
309443788 475640400 188764131 181512472
209959165 706859595 130887546 317165924
213605364 43941747 313467280 413184453
316837982 230153381 103011351 298748026
590069024 181042364 901499269 704714788
599352652 153132734 130351669 461630776
633185540 975137324 637506540 308760627
979909669 953983722 291175218 888715559
262547867 618396402 661298431 246604527
181065889 990398695 871247333 210605791
699964674 25962321 638150914 990498765
755372678 171325897 162323495 613066729
406813476 600559745 941184731 497529064
811494050 691081346 802554748 172547081
207985958 680533651 873607454 615675819
162767033 986817820 749769784 469180741
143309460 85596061 424078349 589077909
437257120 186115956 366301821 356955737
747508704 611655693 402829596 492856272
21168998 186015269 642631267 513780027
890489198 828456139 495690231 213077282
375467044 739189857 800000557 237263961
773267843 418868673 387777776 463021037
465156332 387977449 866577630 888973017
725391157 843887345 119495270 448177615
34401308 932183642 299629805 907496056
6608802 310575872 397224824 130178043
275130692 305205903 42123411 444617762
916405334 765332519 573630154 7442233
266382395 528624469 480595274 408343796
133693038 909423719 615071495 120906293
148920415 661005950 74648821 820313417
667085135 29696733 852058635 716330524
860474812 885631880 501697206 335786665
746280623 525010127 707127745 423791087
611358049 88284748 96404418 747572443
14031515 216336779 306823433 515544676
330271871 804971960 398301640 760492426
203554628 587050700 100245099 436859443
336979149 418106338 669787657 967118091
717941121 523714046 171389516 439396509
697618267 220506725 800970061 534464571
960393910 550442692 498688707 702814878
202953476 135002859 748735808 899872279
407505760 127395447 179645265 381970485
475321590 244538716 4553744 459581485
950542466 867668241 939898400 134341015
298254028 784198912 755054217 50520585
77072537 257361559 583782309 405198252
315633046 688626892 89089200 659985773
819582944 377803110 984685388 497780789
183387487 670381949 7441741 405593313
339642507 375140083 117638722 169894084
835510793 152956506 37532741 366159095
246452988 702329859 611920030 194553843
902209716 333232456 104417114 639191416
559059374 351473235 270595145 81038209
175135239 74389433 14804988 134363602
433515447 768883798 582981558 476973542
213628524 329154673 844465134 629785696
11770465 946107608 107128080 442879033
839323564 299793189 974248115 84775009
4407850 151462293 564898957 912961174
490083901 499747727 293222874 771611140
414900161 642195298 923508060 423414716
114454714 481445217 993562055 616402439
753826632 645280501 48354748 538537857
844970537 314228487 779219167 951827801
474632000 806477796 888776622 970573082
257659752 869719033 775522026 49567810
422475691 661285131 672768159 685949786
592342687 14780535 901572252 385240855
305804276 406924294 447593675 577247402
192060568 414346983 246463148 761771998
108262848 445722568 357258838 615786621
935126354 222035283 521584053 644711830
643319430 419416235 196885174 175263333
561180186 384132185 984746572 839016194
506468101 453184929 388966992 159185689
237492855 437940870 567152060 576717646
223682029 266243128 390535782 232287980
389250555 988711629 19204052 394803687
167382761 127373136 731246609 818648890
334690547 130816020 829181629 800372809
58790927 211076286 270131783 778176357
540449801 165787203 143353648 504366948
410625347 454348204 699005957 74899766
778259235 919386601 504363373 546312201
826974767 798914764 852745298 95616838
281220860 463774474 110300771 249614528
28008267 364035614 628710721 106754946
329629052 557125542 663092518 974735642
390511946 571865337 137304521 504460278
143448652 451422160 985291084 398454726
992775452 674141659 180741256 748124330
405777512 956833992 780475863 920983339
306045868 71713457 799164774 31186340
678849610 940524424 711661565 29072957
767332449 453413625 333897916 948281034
339539896 365540396 665460511 684649814
519495677 308531890 452472592 573657517
182338185 595197511 389990883 514418270
325243486 78010024 393107706 464275095
313802137 942727255 125607241 182987204
597378449 415786541 605240015 794627833
581690435 117305821 871655230 832278629
926309658 211321952 925037204 175260168
525215338 738024793 182291307 306949143
426670041 363791155 825574053 734553253
118908088 618435505 676839759 814273170
266255214 752279121 601656340 157984601
832428150 525501486 846014078 705001103
167660559 321128589 658169028 446784704
330778034 74438915 41370305 388962160
927694302 617336458 583149280 240084708
196324735 205295321 740463496 62453856
235161321 13055035 309346364 440108401
444821367 817618030 415804945 104323022
219607165 71227365 489536105 32661824
780752983 326714101 488389346 54042974
32424641 93635104 450246832 663085593
672584367 359269853 818681724 687988336
781993085 554463277 487056667 53393799
70974147 444274546 87133209 679809074
765914152 89237718 222433247 784197914
783137839 292840150 453842927 961392312
133658448 355682554 159646525 319806809
604691724 867348426 43181764 954816221
214851361 386093560 81803017 826454812
633052203 616835965 865440560 687597611
527466954 696249887 380573444 361008747
76636446 910978694 659655331 973990780
496931917 386387477 896449193 718138245
671974696 67946988 30204573 727593106
710312292 827189241 420765755 244607376
579459083 995000816 72431401 747810807
567258478 78133455 133382532 66125601
189108294 687643528 149015638 970007326
333314227 550193677 681627971 818371648
26751876 274996078 919653807 685692654
440740309 71525170 958447506 964806333
590571199 528061576 783565463 354346089
472283608 993181567 647996038 470996460
212986622 143404421 320800085 128601980
925657428 335101766 750489071 160489331
808926343 851302341 589979671 838521748
844803818 968691910 780364139 502093407
36673396 316827844 704781813 122619414
932926342 197702222 388017648 871153647
204219503 432230647 431348718 345863835
128143167 450754663 4919557 988177925
525921247 322102036 926958396 991232796
105876052 438666397 46392376 579426485
561231207 36198741 775881062 51604505
20577614 895758488 301698427 31221996
881131741 701048241 440257744 465140314
27916468 268372984 935078492 253441969
14291190 319905413 621796470 979406524
920010619 13302275 564004545 916475126
630726113 767884788 482884000 697517744
90681327 688781815 912824790 635402418
823229817 202666327 287453503 833685857
749515001 681470858 24197140 55103487
851048573 674327576 311065141 607180883
872232127 611020900 155907035 349997141
598223038 135758951 322773749 214746641
772289661 453841148 129048954 998850181
33173537 645795549 904924487 866769813
874136304 815050855 330286320 997972324
648419917 99286233 579001346 700760692
168852259 216737709 316502816 380078358
23927343 911681614 629008729 840359259
555076180 206097258 477977869 325078931
859327937 768169729 800044770 974167082
33406404 745764437 442396051 333981428
394187484 370119399 819693560 426105339
324884395 422142441 377842336 374897653
354171120 706792309 417256229 393100103
598461597 694311384 489075667 163351041
154720506 817723805 264786487 516319947
622782956 463777276 741957795 763816849
647353817 275988479 627672359 969621531
678452056 506113895 922445851 39863701
93661434 144801591 62481437 147250179
757028349 81981211 475182853 248260001
62843266 80463312 355809347 947326578
49572429 840080041 935180599 630605277
626288648 559245925 960991850 150491304
973316578 677913322 905674743 362160768
104026838 421964429 579876364 650196939
491978385 711790863 162844882 34936852
342020220 389944809 892463265 276512003
333427954 339992377 142983559 340122330
514836274 386493201 562880112 902107158
953634764 435848591 239254615 802576836
920216498 35045156 808781468 514931827
704173031 403394903 990526725 829700740
725988073 457245549 175333566 422808689
149192752 8336215 545353169 80559909
63754759 185127049 795204376 715164569
692056632 800407356 73934599 475060044
182849701 627235888 782224829 494025261
899753286 40367470 287105878 754130195
29210574 31627631 381655533 143308709
782067617 93180982 96815984 309431798
16674790 330895721 910299864 43602421
212063983 152839718 767034785 119964078
580731723 584694434 340287956 816572440
145190165 719879119 590135279 99028593
406530048 487359089 849883477 934354621
909188944 302809768 856510606 547984871
844148306 175086432 912906569 433516962
771907575 67916243 980078493 736216370
843808688 288677346 773357177 620530225
2701339 657603823 878009974 125797787
631905376 459601487 838724779 79709165
125311275 167744247 31108588 583120817
423663260 447044728 708277726 148140101
543397218 197668960 774275780 479303180
789510276 229937406 576975330 131830631
652675061 994739580 989160177 881106947
910706115 872514316 734409359 900884548
846568477 226671903 236649471 510875165
200616996 8844101 14862412 795353106
25413695 37340498 128751776 619787129
150251447 860193509 769457043 758801227
853164324 114920474 313626551 618075791
731316455 758992277 216011572 851981790
674340142 743189668 206140674 886890038
210956889 207776789 860836739 215299161
308534576 503881071 722518239 380664481
25703312 135563545 315155736 802512295
696868017 500378786 604519380 609696430
146122054 404017358 311635773 902520023
363606680 312516506 789230275 112721218
542810768 694025764 851982852 839912297
418368687 630929115 57547083 275007356
639413910 409727059 892994869 834561175
335983387 168926416 977702945 407123717
878632152 338711868 771416951 737740464
658277869 81255453 665171489 3149709
44349629 534208991 971689863 775317520
41042571 120205427 278918092 262089072
836396926 920766859 482974936 54948936
642080024 839086617 449759035 805218234
812355011 583029299 397807608 430785464
494685136 80413389 115512073 236172346
930418078 356135994 720758959 164374117
815903394 730890181 673954900 952581837
237173647 230096270 466471171 260413256
416147775 373515203 9465471 143671159
911353429 324330331 965588104 653231595
282782340 521427377 584206453 950195750
60779132 623083876 203272217 507145608
337191722 262818506 132393061 354398321
3853841 324698755 159808751 544109208
901500130 194048317 671974918 490740558
203307075 142609347 189412536 403663188
797690203 113099802 768349255 831345436
244522239 136903250 108587404 981228476
894849430 167137804 479086450 565599413
767256795 223917071 328015525 634972349
173196242 684104626 386585841 160908476
378187993 372462345 277864869 831243712
419696384 498472164 607011200 58469746
415358164 858621196 760625997 902400862
640056541 842691819 172890969 716867336
620946779 278975698 348394077 404241635
786401536 59742524 389891875 975634183
609860480 827331287 221672572 1932873
802538155 722720266 906220946 207998145
528733522 97297252 27187537 538981259
328150070 370942946 733869280 624471863
921967801 902064502 754291390 457702789
387439505 851929650 277855517 141059969
151016100 985019517 338001291 452329716
192664157 691881362 155185270 59124863
522906876 816141939 735529579 793766980
287137430 489365008 901886890 720149095
884499036 286108894 466611659 559418726
217210055 293277881 166723238 104353527
345095050 310339226 25946894 889718209
731666517 705839093 270957511 165783922
271902112 61350687 929528926 77447662
481193719 269311076 43248631 322042265
930179513 149079665 11044500 952651224
372812863 799253585 511922097 949037969
494211977 421101530 161403323 226255523
752821009 496832712 325412842 565491111
69406544 301987575 768546061 76677639
630655129 750080840 339294254 84928520
850093246 496182698 47893408 282722672
440663046 973846392 100350788 334154253
911731279 268713658 445170247 984747082
813063178 282654440 502689344 355793857
367237216 688053513 277858862 381668715
746592633 720968945 143805850 648301232
441604072 868232053 594304565 611296554
916649643 695729315 9894281 875754211
606462357 13816664 83907966 709037539
592721884 147019507 765665977 585402812
866057981 531783740 939471572 358314007
996085013 937781253 774770970 111137959
161738423 663538411 883945532 549184194
934996759 365463796 433686110 892918051
747329061 485117683 89773929 88474598
232025096 992512368 659195903 898481992
265420844 72562819 643412779 261152975
931526479 487473692 449821545 55626350
157685753 636357971 831300134 408010646
171364128 271177892 411308982 876204657
382677815 446184016 229671864 965276058
310325681 506452909 455572601 466407429
616056674 758699595 538220449 957812321
171702732 240832243 835955434 947548396
662041296 520561983 763272528 787135156
844508597 783352640 541727206 922099647
986605325 846328681 451967864 477903795
873651248 724745672 456702041 796406325
361119054 209517043 799585539 105924444
486329095 903027752 425642252 981531446
113547664 814403858 148982455 895996961
952905968 635724023 476288643 719420291
847844166 871940218 666096094 313608966
926626342 555930080 825927502 958329008
73468338 300443267 890348862 12467120
402397838 783857366 720242246 966688105
868689486 416501673 143019000 992796569
124747360 419410810 881013478 404161717
627934271 760726882 540211862 641974120
33456465 906066771 662503243 587156918
711429582 480344596 931445046 135978076
458671965 789724402 322879955 709329672
133771996 151342719 974728330 980082322
346434468 589120124 967805925 831358512
813616011 539105137 687811736 731609045
537697014 614926305 11694336 674392553
364214823 180022720 360358017 1382719
796778707 638029492 118066978 651590985
70127352 238161555 547763466 903387911
124946883 552820119 289028471 524328811
706387714 689269911 512395395 776772857
123119120 867796812 446515500 34495648
125207437 971831352 503512347 813493664
110838147 33772105 391326696 645521775
476512629 455025008 686355000 48520017
103778890 884210027 359918241 62192652
260467567 394728314 39090854 186523613
749215575 252804828 586007581 588835512
211703802 411850171 830916965 155028182
107389657 615641082 810645207 949787963
297138429 988348298 780899449 9262575
983018337 646005207 820694723 740846465
388289720 502529605 34673493 88122426
651845564 529612290 997953300 597305953
78200279 38260754 27027522 580835897
234667319 273602948 730391335 474737180
649545318 618263862 679264209 970334814
583257829 391920354 184071031 257202825
904125525 298968732 790784536 739933665
394319592 380349576 178817461 388019867
819149891 878092061 750329034 763929123
172645869 137734464 182205103 70595942
449017650 181200839 60739689 106404483
316574471 778645122 22715256 779096228
515737934 949750536 956651473 946916848
532384699 555127101 565405177 853908013
674496403 400116114 609173291 875830062
112631951 815474792 439929700 489696339
785146089 873165765 906676072 717497300
33619398 568657692 37241164 966776087
878277998 145995903 383757156 498954262
958345649 254620468 535137954 866948568
422519414 441810032 657722892 695718147
26712497 727261890 229802279 266396878
44509602 16930596 132434025 745789909
612576589 514783959 290021132 540875077
192847711 266052286 811664301 922525117
714495060 738510393 455488031 121121151
208883741 301583387 656335348 145083247
495036543 592104469 895195825 700749831
399586425 499188846 501365808 113089660
214608947 65165354 51763570 583085938
383554403 724008805 401727615 241738805
189125503 930762998 163993895 809653986
112156739 935166414 589100306 814611627
875716167 421962125 952467066 795882137
483781245 78680933 640560587 39561378
337719793 366384050 757955753 329011384
525838861 25280710 39519398 328321981
673985951 216355151 529651282 949429837
41531293 67295890 386050326 640233536
85747177 377507388 132671914 692149942
284315196 58967542 924542862 289621307
121158465 368945356 690816320 906883180
500423466 486965477 116302259 650424465
800446140 120162570 811129821 699316797
895399706 328886775 349489826 889677204
423835035 417236512 30262391 81335736
566314253 639821484 687427733 117212379
372639700 970502388 988549495 79351145
757377100 600880928 378880764 914060566
944942262 796880546 741716248 844232322
23476937 654656892 949304903 677334862
202671937 157144204 63452666 381598184
368678472 288855188 750094865 733068329
166062456 199630380 182890451 62030988
461565358 968682977 116937939 300134907
38362229 523571572 196829646 296280003
137058728 334531520 841469167 187647674
445846783 588363804 627245167 832944842
254273416 460200160 596546579 581454005
626641450 968760366 482986058 38277230
57441595 723024168 674231060 351975695
299492477 213363298 908346886 361977549
714439369 896625727 247794300 521638041
404467710 457457341 949682737 620171978
502313364 324476376 29072700 393501881
105845919 541181120 158839903 826471668
867663001 292293894 205302196 876305834
858200175 902130248 786669300 564254561
408298728 906535975 204216005 798390094
29412266 277295694 768938927 890985051
877300330 989698840 279423834 618244627
504709151 939248393 247259459 140041756
30779387 711497704 783075902 859232399
491624735 517595847 708064157 709088260
899800875 609099337 847379423 573975084
259270760 911652285 42953642 543794787
70966769 114516518 495876002 38193668
864549851 658451563 762469038 30678347
908892235 383817170 101217369 342951752
226244773 379039358 135202690 925711492
398145419 183347398 863410720 948472345
196331448 754818422 359536943 166293560
652551948 824770158 345913895 279352981
109129356 555397433 433947398 890901620
805309286 227451504 397366068 362598805
157352059 162386654 679856819 294035751
916618175 564184071 889253068 528479563
528546208 34904567 936410556 119603083
386087832 895743321 625758678 116542727
932454218 717855134 774561014 539090047
572416356 477143633 556448466 147432095
122344113 214729706 241234170 739301495
432659229 406642105 589839655 941008575
89490244 397611566 542181888 280625982
437170399 633674404 83385927 600170066
209632251 877868397 750442180 752422646
862482661 126307103 661648290 226219387
410931140 139976883 925981903 611360243
87597137 910532010 392488116 995678541
959856859 465844429 246302489 882776299
182176200 525739453 278542604 956813475
250161372 359743928 563340853 821676241
284689157 880982969 694590648 785940071
126397106 148001695 607374953 699114892
164142434 991104939 354958572 65744252
629872333 559223244 453383627 744964273
361267000 241992750 517705615 711000192
741093166 655159992 442858099 830540504
15251165 859907615 356264331 521535771
450413480 646466059 302268243 742778307
187399759 339702236 444839241 523381077
572110141 835466909 184559908 723769552
17900011 467174690 339744331 389534404
191998547 221911340 841074831 250287963
193715088 443135383 360925750 577921832
524108516 139050755 653641046 943208607
277829323 973149807 682326863 752374896
137015324 706386801 817650271 924259204
27533007 199271660 518458595 677471710
350842467 39564873 462347466 443374682
939440709 559041510 65011967 531619332
734325545 376386429 631160647 868082524
545136280 358017708 794339185 849735232
303640977 826210923 223240945 256485682
341730827 971556333 806586458 987720973
115238042 553128511 498570251 110216148
742670779 21226063 859768881 169313494
223175297 619432869 95399606 909475110
889035351 867240965 789244267 490257417
379573088 995423332 993348788 466590571
520501605 925070315 549771314 765093759
749759665 431582562 950145575 736438394
478942210 940200040 617848510 918067082
113692615 590785513 634104630 441064881
407247084 240420749 549322695 818575151
524360760 95730431 300826578 940311043
870742775 111779086 737468803 978319383
759566017 24625589 896092796 514237348
169033365 450689379 94219991 295671360
843195374 136936974 29660568 995972228
283403637 203372291 41926177 299946750
482472878 302119718 202173170 462983103
851164260 503323267 502844967 27596442
547716455 789788594 617979079 219215477
165293620 602079808 678342108 550288064
462434615 392166917 780528705 938155828
458038001 26868436 409948360 156538252
711795130 632475011 967882222 78183572
792143544 822219229 523348993 932687517
462825203 402692505 503814148 654260245
389065849 609592515 437227098 542835727
461624333 517952075 980432827 722897824
163409632 379477046 714414360 86034368
