2000 682986052515
954469622 361066625 873844114 724957646
365325838 977769149 379308260 996800698
178379764 721842749 973462523 164917357
445040426 627383897 25602368 630477812
751473177 684536864 841709687 244435928
301986394 339892356 575532869 36870352
140684988 566671422 525014234 552563527
206501846 52607200 576072291 502477158
263786478 444054619 431436423 483237802
459302766 699698319 959077135 881947829
149677089 21915808 811083516 534553137
877271386 55287496 871924375 907600454
708868989 514159543 726868180 135132289
645790900 25993176 561276650 852481769
503536107 536126838 652588711 685280754
922608661 345203016 249937783 573707743
239081780 71295870 814829550 902550001
285215334 833921879 837633190 407870622
622949466 507981975 623946748 725773861
945570540 159679545 427655196 546486086
433030265 360401289 70573357 443875512
463584740 331091542 982688519 11880562
800214618 265141333 634321787 172059893
848295527 920746958 865940396 332963327
370382800 85242373 158168160 150131876
499109202 138315047 944253545 107873772
641035541 863015053 91037035 867873331
982662744 514516735 994111670 454956274
748764392 529357560 392233129 188463056
244585634 424825337 37956147 86847470
566792120 235456156 307788752 871449877
758950101 375566177 254143600 208179198
581707666 907538517 542079743 161902722
144461772 253644188 897628884 909057662
592540635 515667409 449886430 367750434
880521107 750175884 1452515 56395984
784484932 334130843 386918408 676679305
457119691 387637917 353229973 719905426
761219376 110929057 612553996 164681014
281043855 694467869 441936272 418840566
621539660 126745098 781910770 733914845
210431274 140977820 126689746 130772251
679989340 597540182 886496277 383161176
39094571 145587155 353574593 764698339
710722504 991983095 256860662 675706012
531928743 635546350 568090002 973792723
835305745 168730829 883265531 775678951
988786062 975609931 692982168 121104656
807682747 472327934 253482477 14202342
848743690 325319219 68451812 251419151
101706896 95324315 508216682 361233304
366957445 398105315 660660806 744991011
294514288 278079858 808144254 61172567
681496050 450977929 684768249 928575019
397488998 979092058 737821328 847154723
55102737 684190879 420025115 963881129
291614701 728731044 271561987 295724751
875912213 840905513 631732222 590841428
954272219 553663568 65075475 928110122
99227688 271045036 191084334 848768804
941819878 354493168 650940778 988114587
586842831 878757784 580015063 690561590
416856409 922916055 220833205 432459038
694274237 952289045 12133766 404204071
613948134 86751196 592203731 547868727
889786419 184274624 47024032 372204329
793724076 416597113 807303490 836540491
622850801 755016575 876264702 111339589
858817483 581845874 216381041 128908210
435501823 430411860 267361673 462288601
686128785 223667059 566154847 882044132
687873134 717131913 482758540 51695301
77513276 536447809 167966259 876569844
654316738 91669023 145179150 71086482
655754517 991309383 507817932 563319240
436665502 828147260 941279348 879425370
470332309 956909498 820824484 901070220
40254233 723624236 216779773 37636195
647478897 474262840 141583636 383980144
190290018 775956381 120268056 851870551
375385815 41183603 770263680 484355618
778474030 861941664 853092171 262737698
740380284 976707409 229683017 458671410
873560248 75768272 476141356 759590933
103234905 658589127 277021977 970150468
756060948 72407871 99638194 41257496
592389474 460933705 896095682 980169845
48251413 810841214 234892527 968143019
723663852 233379360 787941262 774854156
677574477 543690336 793137147 101651271
927728373 91515724 674741144 204084565
537050852 513790339 232026926 94185156
992792052 810582506 584125737 94396962
204255316 734465724 251993852 656164356
37082464 727796468 32086603 482195333
588159952 701762632 182672306 258260717
196401641 962535248 794601314 892027052
306395828 6323319 459399847 540134802
328218970 202226901 971349461 146890057
47800076 398782178 51778395 172268730
426465684 371433417 289930675 411309122
476779857 123527445 97324589 468152034
348743466 84265150 602024520 242631918
338227461 126334001 215016687 63253796
196050273 649819447 431305789 633512828
877354094 757215146 704168053 848170255
461069290 823121176 115156577 961630656
195604372 925268340 602643235 88280288
889171007 921576043 466025608 493766772
390425672 974983774 862687440 440035146
643971799 697840801 466060735 288084638
681236110 704335298 643285904 913369733
67466482 729320101 918595806 909157341
474499287 313985140 283448583 172104902
491787896 559343734 424311575 199018807
735235994 996828578 534103296 977668103
174492201 797835207 753279072 423491635
806594417 7761307 453095811 62486558
82545354 907606182 147843495 385121697
886984484 388604852 748799765 86743478
281940545 324824177 127122559 595770789
512879858 156802463 288582590 956494132
434108592 166225124 76235560 14038401
424866038 648587834 666457139 270550315
64426382 251626854 443286418 774027404
179093305 317159586 344792286 469192787
9275483 90552628 295523766 529172801
839577993 899574215 916589035 18063537
735750335 422948872 443695318 86417237
39475785 618465102 146652334 579492092
118229061 910080803 414327210 704722111
892065351 219009739 399750237 863866328
770542756 768304182 899205524 689259296
195216449 4248269 985963397 545301839
322496658 885951260 59439545 48754363
114183785 879056442 443859776 675329293
618008741 526123264 275242785 398049963
692884530 170642112 622226029 42351222
718355696 72494272 272764143 154547241
595428088 126299894 554883224 37375447
863653279 329407206 607820183 30194821
569896532 596895667 523726875 90173006
136302756 369396113 548794730 452068596
661091782 157617853 74187311 269955413
501847694 834316387 54814637 749761034
998310535 436750999 803890885 76461472
593555300 912061230 534349614 220464366
314439702 66638926 868866758 94856640
530264130 90779125 269249762 262670021
356260038 997906152 547800787 564585421
419794505 534540653 677055351 25556667
461714768 502235963 948352406 241388876
813584123 605966861 506418242 108682220
544284977 720815398 262701028 642700019
432173378 754051449 546970591 495498318
463430304 601466046 758137254 508966220
215240081 64426011 795249167 83139182
292271661 45432340 72100103 920975372
235374443 573589283 174396347 846988655
589928374 101040208 702067757 804176373
69267891 92024470 814355991 316075606
627077151 393017447 261014834 22809418
164932712 261545704 134630982 859473932
782265465 317364248 725074419 600954515
992617964 450466170 466425985 873616708
358876300 908186119 879556244 587503098
489910326 884561625 739121662 552216587
619778407 987191261 120099726 864670470
719527269 903579094 20042342 815835387
545142657 399148443 319534176 556164225
768042683 504253029 583467462 720806072
588904536 930785801 242087127 968965369
337328166 291939507 149050446 256311667
638663803 290145139 723798895 963801040
609531931 382663110 297012340 906167714
259930952 797457991 421469710 344849392
689891390 855127729 997788921 388357024
935369811 826049158 74296810 642919727
331257497 647208223 151697025 470166448
815269022 455532646 970449618 961121607
338384145 888311424 780663060 875162241
777427487 5159573 955547154 36444030
559847656 475000793 956472488 841509230
643449261 519386051 541269561 205675515
242457527 876329811 764109586 113548001
420756713 374408657 22827180 338749491
227230259 230310051 828772942 140937557
225184989 282525145 695723279 310808479
633143451 829866998 728955422 661076645
238859021 710144863 140777413 287884234
521780915 330829407 907815364 754541557
484127463 413161815 543546986 99854428
595398356 204351468 888357553 211564750
493160977 569931630 456325471 214040624
595852879 448101763 860537372 322459743
656088752 825658381 456131878 832755302
981347518 968531929 687190371 612748170
626662539 624835958 691404453 774446952
124809402 689833291 176633553 969465547
247347910 834309204 900249282 651653034
776056700 190067032 144796567 275740565
995770711 439132812 586948256 433489996
413669905 97086993 661307649 515452903
507029209 784633500 472410258 698002827
588314630 523719723 911469748 483233576
326285456 322597776 948506270 605820826
776781007 915207167 5125522 562848288
407684334 367959886 627147329 56727041
335943683 511067911 433537093 336814584
848381792 575742889 258818087 621690177
708870491 203387550 882509473 881517061
536944915 686798428 942883801 557816635
655643098 302493007 837126953 476433638
163245360 524081889 615137776 737359472
472036201 450119266 689188207 226404585
528223415 280057386 587039969 929008344
12584336 709991341 164961229 540032864
840922047 638769757 793525915 898857478
216929222 679591312 549883772 283744666
48040831 366107617 886671442 479232261
717739306 549622303 693967250 91903961
713844270 546804780 551728190 209822546
433973096 321416175 649111681 562920420
200189294 335584731 267702456 695518064
34960461 5990415 160388857 58840647
748351314 691160977 784930088 319908088
276823823 321449196 377470796 377227245
695868961 105964237 578711119 546421549
942226412 573307032 978700958 588427462
699642924 30066666 253519649 860513848
583392402 85243143 236198793 22857717
249381311 505533650 755066837 411452486
881423242 497499386 496066166 909411509
570013384 216364910 959820168 24402895
408772740 642562734 530032680 92039814
5693093 857703753 115298356 832455655
162567437 943944492 106753139 23149425
734978623 945710880 148404644 302934929
116300629 635831632 800892028 94282756
657944640 827888618 488796946 145645056
509579369 632581335 908615926 158537619
14375716 229173583 217302570 848146397
334317586 700868162 203586853 202063869
501307871 809562120 740171475 933402185
406300631 771614183 938107126 604628049
567949965 645333544 905644740 753200265
779711774 654929503 55082378 987467671
218173114 17057428 584106898 758425524
816280004 625473854 843657784 110922426
717875190 122250620 727639749 402570254
546170103 446514344 188550705 537075507
352102588 738420541 275228289 752009964
476082276 318682816 509154171 992685458
594764120 378956344 830443031 572394535
780295478 368232556 749084156 580677031
625515118 550212021 990852845 862914327
200893365 530658454 419666765 139325648
595446941 805459140 857061883 105801774
720708360 646694055 465335197 948587039
910654785 728122852 950516936 47218066
904693303 408829967 877718062 852760984
500863395 144391753 198674470 148569869
543693024 443826123 819125161 702690014
176975391 73205602 708317769 580156159
651360912 989321080 505027364 617193586
418943860 193470200 406765786 735984755
66368505 627548849 184059310 701923521
686962622 453484865 947633523 171910596
167962367 740839627 957498224 13356975
59171526 448572898 408901318 642771852
135286999 850749758 873241494 756524484
431171211 983356935 912505238 805299942
881961703 338661021 171647136 20080944
491029497 201642431 132556210 588951368
33456525 111073925 197570522 169999769
723835920 768400535 392937907 666785200
62906347 332443913 883266558 120698
640424120 776175851 650559701 856470000
774446628 737886731 854297308 505912498
797997181 217370816 915923178 940419724
587883585 49494052 302815017 418762075
801292561 833461650 909930402 638214745
338931896 12759222 746362554 217463481
776766197 7859670 834876576 254830480
837754246 613485897 827897229 364171682
505355802 927876306 42363295 760119373
242151162 626245164 700083184 968123171
121267990 203269429 102511401 743846446
176054696 681466440 224603902 83509390
923356635 787795085 514971671 229074774
368630069 222823 68108826 273426889
530871970 510919376 705971118 730283393
138022952 981750441 624263904 607262645
996367412 448543046 63979811 498904115
578504660 570483766 415056052 238909010
189900159 382251026 139058837 564058507
217381739 472490291 559512291 575400091
195296574 522322838 255654288 802002884
493814023 435149797 70277734 395090159
532355983 785098373 697471754 127310319
319925511 321621358 851305853 55211796
785524761 309701287 432936191 440206926
51915847 577928060 930796890 629651717
804728444 107560364 412659247 231759788
823135415 998027552 728674579 328382226
764826951 701939668 342653433 636855650
273416874 702414756 497628774 587176343
45068267 928612176 89701894 461290809
626229325 584013335 363993971 135098945
84918996 247938742 405826714 647295533
679895550 549228221 915292969 51261424
36516726 708925158 547208323 197070727
194446385 463675000 933292232 887943572
10280225 24233080 821135342 191055444
37638729 866294435 938488763 905788360
162260620 599338329 129000409 542513727
146547360 538748985 902341758 513361496
807469265 125784132 663797109 200618703
736008106 700741092 570203046 182842038
173342018 955662342 634006716 85935213
564532847 606498058 175832313 637869740
924051198 859555005 70625739 206160781
130001898 354003360 438748746 323431434
584126632 301150978 187161021 57981475
49023591 687104231 981313275 760170553
803337705 951641601 967663242 34067690
969498853 338007096 866231350 821472618
167675661 575365381 790632069 696875837
824745516 649204709 727571166 283653218
924143762 572672637 832279326 544800370
172373378 194361530 17563898 673314430
303592375 407937199 207785396 76010492
54860244 928743263 724411126 243969720
789235430 868717448 922546660 373738613
13077929 76562766 188544764 568802207
317355975 329702984 542371290 345896026
972199734 960598596 874362886 439388515
140758152 667993059 248600037 168996214
628177629 90851398 43169052 105943159
210152588 630459840 460942523 810072258
511603257 186784593 759775249 516004625
370611516 789454153 971391696 492611594
340407511 43443676 570420795 520230712
313801046 821201431 752781524 232814058
216121283 481231561 475019177 921584696
626798132 305866290 910702243 734302446
585155333 21479406 974746093 853230683
200249055 507393263 77835457 501868368
247930621 939758808 982386235 561266198
107055524 314326564 685463685 191067350
248513770 322132842 844514182 819992928
109894644 366158008 481721307 487961226
390961800 886170692 887859015 230264669
967917344 794367780 343105118 682883964
216059283 278228541 61998855 810648971
912871561 633142550 725134305 860906028
568679769 539195423 133737173 973951275
223205243 375969828 699367669 953672760
886562623 506928041 447874720 609194584
460207355 113069715 666090025 213812290
789259908 100615507 655117044 772634271
188422894 974502949 323080959 626677071
513188924 974272612 399015890 395458056
114263163 306261754 129193128 738213729
376603042 327548877 886131161 885741449
43287878 262846125 275220466 891101048
927036415 939665456 424076727 379463407
323362786 226025391 170847463 252334656
457291288 891413033 389110359 581611481
985969127 661069216 809458557 590274520
852212186 628366775 524964422 541652850
832070350 261386689 351935237 78676479
107480716 277126024 439145008 161881705
447561467 46114849 199333226 586672585
634056709 295818062 966123342 726409693
665198652 162611084 855629448 634518072
325373661 956793693 786883508 65321303
444271995 751352665 563133931 25796943
923801719 741918725 429657836 593287193
780243043 764602635 840486551 820000951
223772169 657744309 494115481 373394399
751433013 698859960 107242379 252234581
128850463 478572041 256661074 204578733
933611656 547383667 883898561 321955205
110188361 77549782 350575471 627812420
42958775 739980547 852082125 539993598
107965174 946317420 995913705 89731041
486109989 999579459 326630570 171758569
125751125 859617075 980590046 232255959
101126174 778185158 996854210 700542764
505210243 14330215 781152634 119667191
224715193 88582762 913040652 153448478
991755338 551868004 782445216 373305415
179166131 527211896 562557580 400614096
261139711 577554424 205820397 817290011
181916302 873509166 103458744 526289227
584043084 726497943 607775848 702733447
711395591 33942668 171491860 346469526
384448189 970217894 877527285 225543955
847349035 549291023 893094160 739568492
443433098 173595353 88947237 169661500
359487662 932612050 500295508 746294907
557924147 72472474 765405876 403812520
638245393 793922244 850318834 733312381
830137826 875572121 514038232 373470402
189081557 320115092 180370708 984373869
517619992 67402348 460736349 824922256
521274048 705663576 608730325 400448585
605300213 600045818 655303206 394143561
439196244 270332432 10910889 204856073
840811314 733815825 532643646 890640800
558077978 47519406 202638917 741422869
257878997 283656460 624478515 764108201
463186830 798204766 158267236 571506353
196169802 298185254 291840162 154608895
71729314 887205476 549004446 361549939
957312829 784582467 503033706 326158843
86659297 368360026 854041048 813019364
754453608 863628571 39497744 526989660
304938333 995831650 218018980 304845693
932252842 648851422 167595320 810478278
142378401 956361220 614176223 480991381
276083887 228281366 555472755 724451586
222837533 615181852 553636971 425221361
102559563 342281582 746566043 264847471
635652151 801468887 530134744 460226416
21169227 797484094 752817372 805992158
638199481 105094382 265968457 431240249
706604614 890962221 313785041 746031648
856202961 134379667 983848547 958574109
718516376 440307903 15966652 857447805
145951153 227865937 750753757 902698625
379775612 14455477 12776363 253652911
854637309 852190032 346041340 42628601
386139923 329721261 928473828 423141023
620092434 997319074 886143059 634909556
577867727 645743083 229278063 674502539
872999153 147525988 736195894 464372668
435343046 339207047 642290204 703326636
744814248 268737487 387523743 666467671
156702000 836928921 292021468 665222269
121097321 292054714 754543740 427870094
602671071 243191951 680901336 438604201
18214723 848197700 369067800 319217306
464908855 736458176 164657039 874986074
686935544 273217005 770760576 494991266
809092616 192543778 870980517 617903772
246822631 278016256 950496444 406029735
449182346 210371962 174965157 35386766
739001923 139221342 642146886 674207464
154922675 898677673 510477032 124360455
901252028 620520000 203337915 924340450
375499832 616841818 613103685 407524480
809341721 129691162 72088411 248460043
82143249 977331705 184537615 16918748
282121658 480492723 922498966 909326247
386888908 134014412 825404779 298339191
132149012 934267171 808466108 819643424
797827371 115108672 231663342 33905121
929521613 687408823 462574030 807769927
548808363 750650864 274100784 400916546
186746288 294634473 85825949 693488764
56363126 408192435 924848486 883199249
603283635 207591666 231630848 401998394
923230561 37886146 616217545 746134371
776443760 872236497 373049498 760765393
611371660 259515166 656632802 707198501
360010241 538470768 573719219 476216416
432606670 359112210 588456836 336091602
207086846 285930924 347348151 801830447
325472278 232089168 706036935 135122638
195840009 824286869 224513239 353402599
167072806 384966225 996313994 472116915
263657141 969777793 609606286 424410371
881410343 880214198 901172728 60810176
696861183 301785159 611516077 586050444
499495435 372795553 327438093 95228356
192079078 87184706 538047537 276010478
4516738 512321519 487776704 587997225
317679290 343931095 374092776 124205934
145246421 749532801 869076914 452415230
779701218 542126033 434451740 337473428
885385487 747390584 514126689 689615121
436113247 322796190 964654745 634623720
195480059 952727255 472420662 647877256
499992778 602923078 601307739 143110210
3494749 144684888 493468481 351494916
942267376 883186473 559140868 945738477
771457433 18185889 785611280 982889359
281230389 963720776 659884372 49826583
581870962 325386293 348313442 703062669
358600354 17187293 657156100 455125444
450957631 852803935 369885281 227360482
603914521 310509114 699240518 533566149
567381878 908002528 5508167 683916350
266347426 37603578 342234489 400808090
518118716 727320689 367422129 395491418
763880747 887882000 708748686 862495149
232315756 17836643 629598090 9017715
574958112 28856498 8479537 604704654
220173749 4491561 50663737 476150029
418176159 555356566 243593388 492717072
69715718 912077293 512727563 404519276
292595474 926392068 517511226 728681073
26817725 156800065 944175512 184203654
970171777 633283306 225828918 635736153
584662796 885166972 79881921 434559924
500960360 738195504 372518548 803963847
442787847 193822436 535359121 359690223
580122967 552969491 256613868 185103319
99928839 597007779 531454293 902312124
697712741 520934479 576947479 815147349
56551366 816425903 103521721 356100060
15961721 253764609 174589703 263937863
69283028 938525117 59605125 134687954
269461374 126509515 239230997 479074241
319383263 857568277 960090349 159505349
992883247 907342639 565135069 865145195
267430337 942616924 234980158 313564354
547400049 378755718 761474667 945136082
630020302 892045116 24046903 563494022
852128231 332900665 530209467 263337140
858618419 693270320 282768256 415207682
656887347 38850581 754646466 460411990
554383545 340019734 217476948 213746342
344313562 631881668 270033092 780788643
123937436 489915961 207165865 962106866
421423880 914281875 749668900 96585906
308654391 954274033 756689138 558994686
909183032 291365684 114566216 71733273
355789837 588360814 15290449 621398733
222812129 144079968 36254195 510682911
497543347 138769717 194916352 613860101
232568872 344370444 447219413 988250337
885050281 913961129 593867945 766799365
446404778 417565412 487205880 502742577
594024268 33368220 631231811 991923130
782529834 741578569 931588144 644416768
814487409 310705105 597652241 50639854
931538278 37139905 991318692 420029991
271534156 416371152 231717905 881361092
664367489 961311998 206101156 828411866
18554101 269363114 94150651 67913000
775634186 617582751 33213367 969100598
56728229 361311979 437667280 809570561
382498554 410286671 282041773 854805744
693657675 311427349 709893725 675140090
618469073 90532412 93504743 463621604
626295377 529806034 57372294 471560389
224185759 248392170 645100683 845506224
653596357 107171437 590291160 340230609
944037261 594292144 149253503 187592652
930452362 355017978 922821793 171301160
612935167 996808369 714267950 999574983
557471443 358369046 360339673 541963797
270678102 27035255 124902974 544875739
620382875 695607288 841872273 107721005
333848441 736960405 153879993 899778677
493870605 355013646 381657316 541708946
578240374 841130910 385233585 391703980
615089028 403661068 844641562 133540475
17269606 778639360 813542199 432635570
104744168 747546043 164485906 701320158
925875400 170361028 252416534 310319402
636321551 194589893 421961815 903055538
112082485 522872579 610522750 23737260
441612563 159202371 913799243 11025968
174276456 975836321 501743651 505670633
744900118 439206190 900479328 102311810
974960123 786038487 627273906 531814679
537972409 680283070 633501834 642159238
24080644 620385745 228497389 391095254
394600307 744861587 53810250 496723783
387470390 585059737 783442650 273799133
279080849 656440765 920126123 976084244
922568843 872243766 960403436 112033786
231040337 197081481 69101559 565634452
83952057 795355280 63221518 246626916
138805546 319338775 908273054 217368771
502468605 554005472 758740582 246792418
285512017 80051373 193708228 989548444
558850920 222847584 148434585 935297751
610544672 963956771 562743084 733790479
957846362 736381696 649432202 486846622
587016609 496078991 768963246 125449887
528990756 441711727 296292424 17164017
455947731 282212337 941482749 427645454
287555227 754483294 765859941 146172628
735300215 855706661 41908392 252140879
675340304 109042783 289353063 463182095
816895845 542394852 311600502 636251931
349111113 579013913 345446807 194668192
398373523 666469204 31147834 944463503
635681218 225825955 840485701 131066338
82699245 325965649 801534070 835641575
472002733 457577848 959447695 904320980
469135284 792759029 570314751 239165525
10843618 656180824 719264753 422187442
264701684 440342716 209749403 970999214
897187058 964762471 444357277 508575885
301964969 117091934 106647486 785506403
505234086 284309630 706366078 406295699
123083789 281394159 667535981 285372322
556253492 354606964 147779787 823533016
346869979 764794869 727516695 795805405
653188038 28182975 25175740 227240077
878944589 792054139 477424267 948680575
495734629 405664448 195112836 603408491
307618387 836175005 896024916 721904409
854726786 979884693 656012452 852237115
187631196 64083175 687259065 480567716
149983745 375867789 176991854 805205510
929200420 326044267 800282679 64237846
769680604 646677240 643509377 676448383
82815390 303137143 223873162 544567570
416333519 372472079 974188037 417991832
526322895 779404024 164313170 313604252
807856877 595056473 533215755 674831196
706408140 505892225 576917519 949004556
718226714 778373554 102130330 392777948
219135869 141187863 953684167 27582727
537169153 561237777 460180105 106376036
846967077 329396893 428724672 887275733
466719711 748478914 232755343 494161454
319528996 12050711 193136028 870939723
296162001 508237875 998146933 213485929
309581991 236250088 441108808 526816956
138009434 590922536 92756796 793344390
439412246 601692934 535912597 509719133
287455391 49566002 579527759 988754034
150186085 959803229 969718990 519688119
47025499 42903613 667485334 3679674
81531679 155239642 3612722 298759729
744161979 331286291 699294028 734517397
107489454 559564275 159453308 327663312
17316483 964276375 318869453 999770550
955289364 53449647 627309752 816128314
458588349 718273573 118810352 29455842
273443660 39725145 199465139 788131550
203906236 125674436 918531373 820054084
245788463 388076500 709591353 372484854
799920554 215442883 872613609 568220951
788957417 716119636 728586227 621947627
90190832 83037387 14931802 906868905
317888484 396060495 278475253 377123818
535180217 855380849 520776783 912763163
891623119 150142896 625036532 840270486
316053959 104471986 603487028 82078497
110930665 731068277 251151714 435862952
723071700 186485421 859865015 583301612
827911895 808470382 372104634 108745012
323928122 453600907 433744885 834768064
49590918 646064601 711577775 220323305
640059209 281471356 83675056 294022188
283486887 877690550 57545491 375474712
945235335 810331408 266342280 668893074
34620042 316112558 92703752 81863895
424580572 638130577 727322984 572390486
880879934 905533578 341708741 389881217
41051465 859757583 306395517 997348058
652906174 451916590 204507072 867213475
861771555 306133317 196407688 313957086
516021441 811524154 657307235 739812121
432243066 974975803 451170847 753516279
139928378 514172866 449461700 903554946
643278604 353648180 867345994 19351290
704694478 325557229 264866487 373461250
531219481 598804049 780262287 525665275
254625635 383218917 672928759 62921718
435054085 703750306 35060047 774759806
39499001 718575633 636263607 902413094
691424362 628028505 994995929 100254039
129871307 47679299 576185376 427054428
612844718 536180139 45914885 939920875
975218507 851900555 32663104 102136540
568464210 478337470 282481633 560783630
196061778 357150060 657099234 428777704
179574331 973342466 662174395 741076999
442649905 472729742 376522015 431743255
937341035 960052139 554926224 488346121
774231193 769245106 141662393 913323598
675020647 784000310 34358559 565899769
307998863 154049161 832934374 642619033
262705988 401191291 424918148 811316662
41489977 518900403 290898458 2621499
284144266 706674304 690973284 778269889
721785451 715957219 187221469 33850947
673701524 728150526 840029708 714167078
146300364 785060961 697462306 529787546
597957917 949442316 474973410 618845567
733971159 297003480 145673558 291835501
442007966 815475601 382459562 590230420
864413091 163359651 505601189 804125782
934037342 964879080 112584150 584899777
481930219 70536377 396461083 672217996
91637686 574952617 972443378 230747853
337540203 234578154 675187150 580336290
729245819 931012144 971314637 199515258
107856866 352112466 625749593 651837340
742891493 968229399 146144286 673064381
343507202 515607239 469251727 103040457
398083140 550735696 791820206 601844645
405527096 297993835 417603859 377975612
373556881 329151765 932474058 245739012
577179995 473282641 363289826 569883130
222748223 289007164 492731852 658312375
332331244 164710042 744572002 348231568
517468421 253888306 223940821 174455081
152651321 623407886 943356319 784995813
247489555 299560824 604874921 929610382
77210892 950699615 458428985 472394102
388842832 890149209 384285272 859642006
28702622 909145343 568458497 962708973
986252685 806720921 331856885 98783151
841192131 883783480 607042625 883031950
253127988 852980934 407781336 785180236
276359637 261070609 759306161 525157685
411282379 912810163 398111822 143520008
228260014 347120950 860711275 871047140
659096583 477452418 256902456 148976063
258199503 698953848 902982656 858339210
282967524 829984472 186875103 298065157
419586654 935693387 886982431 47310816
414366230 788675438 305855484 257056144
480343502 868494908 528250169 837140100
128372083 703094734 942213526 291297842
125619651 404700136 696522379 879680884
94223534 305163219 751732509 442619972
737966444 831079250 75984624 572208153
631920611 605069952 820713191 591308258
604628150 551149722 390057223 150771635
498430602 421774459 638336571 525528924
506608327 768916168 893022481 54082520
820678304 568925956 44552616 321467225
662034768 211082384 6968313 699355086
181647041 478566616 371648554 612647567
338755063 505226847 747932622 755411322
275246201 894497278 758640788 680645861
348994935 723823328 339089105 496394640
252282824 990545292 323486193 638550780
287259892 327472167 91817074 254200577
747459448 657608101 247441864 829553300
960352135 691000405 757898448 231480872
188693250 980584774 233256026 840769194
102041968 743179676 922485709 655169986
272932313 257565798 113708827 860706876
633368943 76142309 581239121 55921564
703343522 864030755 785413896 458805568
575128069 318706117 289408804 525735460
438360136 416578248 393869030 352674687
995950984 51867006 146184677 90917310
878181424 824832555 953434740 909568064
357078371 989089292 779582475 843135523
554502693 573623326 631755904 231105143
941117660 436209753 824109631 949926273
761828287 139277584 884654774 538229862
167369804 722586684 548093817 609074308
389177523 168258629 272866872 821453345
304121666 117226747 76696804 510386776
659449464 51778611 235813110 975080211
11735903 405191303 378398612 953021148
495644490 484037998 594457971 756862226
752316142 366545917 497376951 794323276
214209264 942871336 876036783 589857162
1190578 499336562 299318807 564737648
475815969 601152406 761015792 642867625
453646943 394545257 24194384 281396109
287523976 638869101 932361148 275988504
924256063 275207152 972991732 129485815
241766899 765860447 945201309 337987462
158960004 74115625 886949995 769101240
784787836 584206916 978890454 779536474
461850763 148634902 887142292 539097884
217003456 675922425 763181528 427639391
548741080 5388763 52582234 624863333
498282868 905742634 717130176 761025215
565323017 712059184 471831199 900585646
487390014 268964772 307933978 749040719
475791635 559475830 645383310 149912470
90819155 908558939 827621025 615918239
747405520 962016606 667135020 682828996
162146129 847969826 134128418 497648539
110784733 922804679 360363256 946852226
178948728 591098836 290738306 816461103
195730111 866477917 791649111 312058998
766246939 13614439 51806740 832422348
547961083 980963027 226457761 381231993
315452646 846547719 100697648 165015120
568866384 801614905 40293464 187438054
446384802 210145003 908750837 14930161
583849437 666171331 204185086 612013242
863431542 796151475 905896226 566375358
317748809 249361046 395330400 731688302
103650853 76414964 428166825 594034816
415103931 259752809 288462295 774680367
348745366 822958648 490637788 426162934
370835477 422023415 853303279 383899653
752184458 797028815 879936135 808706482
876412060 520385069 30456794 766196565
148557037 752791782 224477881 956926131
852691194 795695274 683803970 476765967
429848736 738054355 713054373 262052972
557258115 59396029 544495107 332152331
440308575 613939706 650924617 24740508
314382186 63038321 913645042 730508825
624582853 696596855 477841187 396416679
527990262 453961379 260602609 635381519
543843971 1830772 995770111 993964386
835952547 307969868 696518700 164093607
989436455 430575800 197005798 549160032
681573002 53406931 289189358 681177763
908256453 266345948 294667658 592147536
606673009 513649441 22275964 682396383
772344926 733295364 151651969 891380838
535959737 751559544 717648264 223339838
32926011 851800308 484399366 730109933
267580750 537130758 239495848 689919461
53302786 541112914 172195175 339098964
91397445 742105234 771707792 264350662
249407003 115109932 339945990 785545454
719699506 486937490 784471840 563906003
865360707 493376325 251674022 795637860
288326768 367586155 450858799 915179740
148533354 732219673 466634846 59877642
619554975 60148989 221628035 382499887
756720540 83571174 375809200 592208848
204855302 126649105 841660734 879589330
612023789 536379708 614576246 745974304
799603919 204734279 241828417 131214315
269114521 616623800 89436915 450720725
423795020 506244335 578754898 227438767
419222359 784269494 685958109 269651341
781706272 449758952 137804056 257742188
369891772 262851175 168112016 832083590
41137776 721558515 173694830 598332243
977587474 675063365 227897916 334944080
874036989 540719983 301324913 280558574
126832556 63231626 303829319 621420145
72587000 682367911 284645072 170700873
854220765 482621629 266378068 88110656
844248813 507503478 762494961 561128574
670954901 280896057 614735781 481945295
538935224 406976464 714658785 675144121
522598210 451005442 873343706 632468160
364963105 7534800 696992671 647325605
819465984 97440168 897470461 17618346
730569764 253552859 263188529 224210492
711369473 443380819 687400819 359582281
246260189 951173508 132232411 672424557
51506881 235828158 991153150 235823900
78788398 744058 766285072 493277471
983254696 599278277 694649826 625948225
53779880 185407693 815267320 997596226
439358678 599466520 560796968 797907516
19562851 942192721 635647592 550742401
53730144 558449848 769206333 742809652
568266192 847403841 345485615 877839059
393036832 440846509 692520286 796422985
306568470 585113551 158128861 912095217
501083597 825705561 457446200 880493599
452951271 947686850 349293493 858910300
674558212 424287125 238684786 542626027
735582567 231218152 444087040 383755660
640562540 510867453 781756411 18427421
190168244 15621530 674125208 753591656
268656971 31508703 947638986 130326940
650908212 964037408 633454801 441695353
520815432 604818095 844723420 844441578
894090842 58254127 481313303 917468386
800133637 870732830 962641785 859041355
536729026 913959811 816413435 189150635
248712472 529372020 29841588 638492775
67778854 292910288 651935157 888500159
651353704 340120681 304469957 677128229
17911905 829377998 502300369 377747284
598022064 740788182 185984482 500548901
481190538 26818238 865365893 72866683
783537666 773156483 864192114 850627884
679100290 639004464 323902626 483445776
735163978 484110835 963489923 810933240
986419334 538655235 153514500 977049636
328536835 955691529 259875671 810113227
427239348 357883602 299139650 327893505
28612522 652287973 892113106 800327255
43140931 768337689 16510043 229622552
185147692 438381637 397509277 936403884
369709663 745576275 692833112 585957000
437780443 306425240 252435936 37814097
799838433 933073172 790906142 74023803
324328178 328994130 564489275 629536565
807921536 763593389 370918496 777916228
65255214 191656826 844596504 347577308
594055264 942934964 200765697 327537622
738252853 655731584 312621652 834401466
668687765 195348520 157438228 701655452
838358320 284251637 227088476 728679480
811488035 289217422 135234498 200611934
309556283 910225330 388513964 946808211
329287690 601077072 554115260 261825916
678926445 336059105 311292438 61938380
196575551 732803408 669508365 947024916
978605524 629225090 233950542 421678023
400763139 612244732 751888302 369801733
386176064 764561048 440725352 320358986
729978654 271549899 736127971 280896398
43445716 448638566 700865885 621280738
8311146 966382746 289400848 797388420
939020762 252127264 963904278 422439990
154527161 980258653 667264551 142206136
516453275 279702672 846171677 772313481
158582948 50882497 193531385 218316933
455243067 474482029 964843706 903956278
29510820 370369904 432449317 895885522
658108822 344246451 649427461 309256262
384043884 713312123 794535612 180212317
456320275 491050205 274488723 617626062
911436148 256296671 834333654 573302061
786907928 22441504 445053123 917744378
445399423 818779208 9421201 678277536
684587898 40226018 520453959 77673276
846633658 553978355 706029433 82426776
872796164 437462652 622848957 340200967
487430325 10397406 442541724 37477003
811355360 694644194 715122774 728574996
369411787 211865360 641673347 111481098
921636498 4957929 249588077 457210872
717932928 182628361 270740880 973103297
16984747 207980728 445567726 507225951
809735855 923665783 64263851 557046036
781523088 775153981 639007345 857109219
296310192 10462069 106503403 689270988
83512700 488913559 365738942 731490841
328727446 983184475 344906055 641097852
192211346 497473853 161125325 997613595
579030597 988782302 86001538 661291849
350086472 172996961 920975165 225117831
120034049 506913564 672866262 251087693
624943844 828665313 931854826 659329682
972434692 348998792 279016797 285151043
642885092 567905933 701774485 744674269
13410063 197452741 326589210 614404132
964007575 573523186 22517434 419790576
6984522 774802998 502874294 868735268
412318103 78637860 843665989 116754831
59868091 562350340 293458598 582164195
294169966 777829 821499627 172631244
207941218 349604330 478307468 927222819
28971506 347790062 425104899 105412212
408006819 165025684 546829766 820385603
105680232 305840386 414091104 678738071
265935562 732973012 818658245 122146778
757488267 541691137 980051725 83616789
778716772 230215356 137701501 339352847
453365661 693819302 513889911 949734742
108098439 811120755 460435448 716970987
964554668 780550805 980883287 404127200
58480241 871811067 800856888 333756674
464804677 479161615 568834432 800883358
72698977 257274397 420504869 970541472
303814711 722960984 707168375 340744681
193645607 504544492 808145410 839831029
469230104 183647348 785281013 78130027
390909732 209574608 277150357 318291056
456492605 63803639 679625991 290760797
899099480 244413634 413866151 296367720
677697719 283021473 394689347 501803817
147572001 283847725 944047601 64079010
364591101 548321064 580767681 188087053
878286151 312752460 893457456 857583412
527765467 737830798 678238692 420762197
885477026 915429554 921093746 703326932
991189519 163915224 613184447 191377805
636720983 491405541 838800483 124021628
481747628 684969031 596189249 789834375
314524050 994112441 585167134 942834645
125946288 543967919 528021400 643329576
304547572 884121867 58501099 771627131
377276637 401810857 932314421 698485027
427018308 672333266 786645148 144119184
303417001 536654055 555380267 60515339
387285535 551171782 443073152 859061996
834586174 948548668 492995813 871641766
107142717 472635136 13507861 202717504
958269595 407254810 487802566 134901084
346033014 53638309 615864046 622704546
31676210 741241795 912265356 272276164
962322569 626408619 437338987 839984107
592796186 429658724 35630155 617322478
204631714 684621834 118263191 872995510
384155927 554020445 881250291 239270309
497881666 185767675 896163628 133166875
17903627 658174613 649962021 523420167
385862365 437972459 876659601 693273612
720983901 504729107 567037612 103008095
973251512 431362515 698598174 770760689
48907262 905555486 309863871 143651232
595254397 259850148 307412326 827230694
370817605 575600834 79483264 591100178
562834781 134821346 558530532 320886889
719107857 410626651 710850129 231502927
463213790 873426802 576202536 198659436
487709926 602871453 16438392 253489088
429379925 3784098 639026788 782250573
511734834 591069585 257630859 521888177
703920904 645578461 571595845 437157782
893626692 554398097 878255921 412672537
611206114 674663694 59263808 499023967
27174052 803699239 142377400 956545193
72102180 95245560 53597365 644393828
649378444 26728155 957713533 863509804
141228725 163181926 434233141 295970150
651238154 192877134 424596186 227463993
53855029 697085538 451581082 246179221
793801332 174977568 678108100 38582767
279523835 197888176 3988233 226080455
427755891 885751429 780398355 487760242
609367429 648867691 84228682 423325790
391798238 650313140 591113250 909839530
408096214 352311511 423738093 410376352
333236929 964357206 162960883 656949638
734316317 878906051 172810704 915968617
121526971 848616119 569231683 585008976
395135152 838685678 854545007 697089971
189012406 613787620 544257967 612851772
441225329 173325636 179390376 709740005
450407235 533914552 756148070 315881603
124920559 368573113 675405399 83496459
328788693 276957106 792869445 530259322
941727872 709542324 744532667 925373048
921716935 591206998 174610691 487504282
531022777 329836107 815593540 87630997
357956236 244391728 518320221 264010832
729624628 954610 153989256 822128642
745634266 323955816 931330836 496375850
311590373 673174733 75144211 517188593
686566187 568597812 391955802 180834936
588868095 461726257 872297257 645849090
915654569 809605650 426192740 606777782
293575151 953752773 89040236 776761591
554040852 707755873 480270657 6057576
138335576 559502433 628908373 477172782
217388590 308012841 361732266 256631740
914557441 111427369 771056245 969459518
644706243 324449633 679291504 275225015
209404443 966514282 344789825 283344922
235608329 878665887 444289994 244605050
878166161 476342637 539627477 331117741
305860826 447682731 814258068 444545196
911574693 101304789 143393612 265296681
984529626 291925706 967190925 554113460
873865410 890696138 323920425 939352779
294464162 311484791 487904119 148327501
269987135 526209902 972942649 691037704
179164244 119140713 112826416 434231418
797074218 166191503 952359872 975389875
337571378 535685574 520302674 772507676
3968237 75762882 281019857 227840165
39549141 771269190 373068910 991578039
842359136 948164713 588292006 602612217
360151407 536115693 74931307 885775417
651704991 795151768 68855616 42428676
451357449 545626292 339145377 283328338
588838348 171033563 438517792 93635826
734406631 873109867 723109815 562196672
252608007 811317930 540438855 30741539
577955086 603288685 289996033 932437640
148615203 842403985 432371626 891818650
782913208 706489375 349599970 827063160
373431982 574341195 988247103 135045612
399540853 159183991 945721358 485696174
571790353 98167646 363705319 678665499
27074430 118630273 204675369 501684927
123524321 389737979 919383209 256146039
716896376 561064872 519376888 825156230
920116365 696512132 692621663 402039673
313628334 8999329 509196212 708451270
443654790 110189009 172791552 509708204
485731588 828204400 846813322 955767011
184942476 31858654 76633930 557243140
104737057 129296509 665453266 542995498
158930476 278150972 776627616 843588276
765122689 839005271 426030757 417763499
880769551 31795548 97049569 362073542
329859625 379107980 942553554 777577317
656147695 400731893 181104500 987135735
582436079 807663661 305144588 324258671
434558652 261632267 416924059 608807525
264431813 153980009 378114486 524850482
76253104 183312593 569235844 773868712
56255546 815477314 214812129 520998575
661412537 633598861 418085470 372349969
333713214 272872306 424642646 893635292
387927113 984749808 786576225 949169385
842022394 640082190 503854156 23526490
249977563 727176701 143914775 367576227
771451797 443973926 692246702 747556303
108163719 798951590 571064488 588616801
507086193 594922024 970586202 976262043
11266113 643589900 585652910 979268936
206636603 946400674 734213813 958786994
787893817 794600985 139438876 898331132
201082097 412040199 945685519 551325215
227803486 178355170 903548075 680292396
124383529 662118206 367980301 272044199
470390210 317852740 425678564 524490485
464755203 42345819 793190527 70519126
325065354 787344198 473687393 229076473
257855571 653468258 193971775 84989154
328114350 637479898 560940998 809240454
823878068 216861410 571796453 746165574
363716882 660264174 137542124 125246333
852869015 464288785 316454974 669476749
44772145 8183324 611872789 840391586
128533967 218220079 101291752 966199471
640675409 403571839 819381607 870595618
254700745 738316072 217980147 254610790
818079636 441686408 490167927 129017414
797183925 694875709 101672839 159325391
149044923 135816352 777917813 237887381
112330819 862178664 582042823 83874451
746550145 796003836 794463227 29285241
289684793 476497208 504770016 556481093
835699815 606017646 790421497 723174254
960601742 488096491 917471608 334671181
799927834 555776644 126299713 391699554
752116690 685917393 541277482 663354130
400838838 612185542 934635288 385087812
370637663 608005131 322945116 190566527
391455513 212834326 382494364 114736650
268649610 378325229 961428303 223878123
130671775 759820625 444418919 364083591
885037582 868919475 950873656 916181153
479292847 831172310 775245095 669210595
699456223 717038818 325014552 643475449
584455460 675922305 207331461 849729795
241938896 296934082 784887786 953844144
107215306 604030439 703161928 216991107
853132763 844005475 860446355 252736548
540161983 100836132 5879184 430088429
970755290 81926941 127705618 414478921
242168776 534991179 189623896 130300038
337350497 619447954 91584101 921131233
498140516 747978761 509779470 836231992
53154304 979860853 281592578 125954059
412265226 999124256 193625407 620012706
432034558 180947117 693495183 458222890
409936002 402117527 105059174 361512759
291727454 803809140 206999783 453324270
642319603 629254914 818396880 241965141
823619052 872520671 671726410 972362609
445894530 555697236 748450593 890885072
836657122 960296223 712729788 985708705
270590399 385251682 994981101 242090018
37628428 465521087 721175269 563191433
839990897 153274255 590862717 190505537
391263439 91837231 329339721 783027918
534172950 96051405 951562406 986309399
693248938 73420454 256220589 494179732
546706290 388552534 300686891 738448748
250884506 673409767 430784148 637064713
501151489 264900943 975231251 44668379
457492757 942605676 129475112 848960594
578342298 630923603 836350270 793767090
290485721 269515295 100232175 137208432
324657214 695716494 157085060 777448766
814473140 999158327 34680226 911432301
432681408 748622179 442522174 808668444
403188669 865148220 825982285 611969382
248180499 2344598 963050735 877411674
841970460 728850973 90403305 37361243
269749131 510966251 115869195 148571817
453862765 813318199 567468212 793314086
814048173 358346675 133447065 675889784
830696502 489886223 998100272 473722581
851501919 778186454 553254039 150397305
295078263 687051050 480420286 788974205
660571099 548795551 56193194 197740911
431071465 132843739 485014231 715053006
904161030 952199437 467292719 725872961
459963768 689954477 669927535 846530671
794220737 43724756 775203838 734250279
134172503 44110734 742436341 903249543
463420339 741179236 882897372 252732067
597993192 335278033 329108881 235742588
117109350 322622678 94840364 249742903
379048185 398724288 863337996 468002906
725662140 659391965 450941356 769738323
969050774 156888059 372032065 558768205
561830128 727473302 289279508 473605781
911495463 619737655 632470037 19004347
269380205 844980726 181712687 352002105
126670508 903980528 246767322 554817385
592002081 450808386 608480905 43220645
898330025 37405922 747748823 465585722
459447903 110424347 354761491 666951707
254984710 244506755 500374081 414902117
514602596 521981302 859556688 875343703
423584199 434798591 744813137 382243772
66783968 455392074 263782073 400898007
623865504 981350327 9820664 843946120
429720925 163763989 876750009 460728254
446128647 71186101 933359560 711797229
551911025 294991939 704170530 706900232
603031643 263634305 599296898 354080087
313331914 2465215 465407392 993865140
415988640 725508537 229174543 917192476
823087412 122063433 765839652 228523709
501442187 190749703 703131606 313094118
788631246 291835011 869321829 898343472
660862404 566006646 103198812 128300971
289539204 803597749 166600763 570149151
6510144 130493492 214780161 471545146
40971433 862844883 754322554 766383429
40057545 817172104 394592895 731636703
336873667 378208163 936604094 486590928
562078733 875518845 615303620 784852319
903596452 604503461 69513337 397403928
524961222 875092267 803701266 297936787
643182087 24029454 930041039 347995457
59681619 767515987 407437012 943311729
176890391 404997276 878336792 169252093
172106460 443898627 623828530 994998935
766768037 595481982 872990616 311905422
393215841 977765896 881943562 807169115
798860028 50007906 177911406 455940614
141008974 285218085 829224686 601579705
150415396 141097630 461503367 328390582
117362614 497477942 714310824 786588194
539609517 993347171 348351893 286614643
460597793 730574826 215221087 207789902
652626165 645330934 466202408 713723082
118749080 800520779 334878903 745172905
107328457 564659267 595729019 333708378
387287701 14384983 463817441 110958773
649619841 295869341 371128448 426190581
984968906 449959779 979317157 671528721
881811204 490471766 86626661 249628450
269385837 132497837 135232119 722625096
347759652 963249669 77288953 617819551
597835237 420369421 95098965 681329637
562754830 81625445 607228114 185088223
840288194 234268989 172747225 724340466
251000026 785024192 628242996 536750401
407350193 435024562 503812579 726340422
864720246 923225309 932731851 370132647
966895772 236913250 464496198 890576973
809784534 951513188 47345267 504859052
528784664 210529016 808976654 712406074
261000133 526947296 766891761 434718805
409976276 11921101 67796530 730576127
902230656 824067136 559159753 761249671
432156443 828767573 577824272 462452998
46276856 705313384 198730418 322756683
841916262 240807394 164096721 965194891
182971951 309523960 985853166 578363385
753746820 389874208 365025899 492793376
505635689 708212949 872060838 307145151
872541148 633590653 630260875 458123968
142767099 63260220 866100343 153474261
22388146 315584732 289380389 253222875
879243287 13297361 787865157 429695804
929872968 179982464 905137684 679718223
645057293 435530503 534995224 204948260
750855033 757778942 729396211 620273682
229187711 921017723 24229055 389214709
910928547 11557788 94272235 966859276
969790953 178592941 202742144 803610022
858292935 577491962 745470884 526575854
209452756 660286820 333023307 232033976
512972716 822543829 861790546 191034928
374826193 930249829 364522871 761263497
153547831 11249708 779858778 557216463
839732766 870501302 269743697 485920259
196615506 630240339 313562971 170737372
843001973 753491401 437752531 316252164
728525148 904844295 419471899 338807426
787810207 429469487 111765389 441444274
404953675 195194959 463735522 830187437
456214318 666053603 263035434 825085339
199431202 924426012 140732489 715883992
988881788 882819019 513161576 459382659
149783025 731371830 320909678 84066318
334774885 738139523 122651807 488108185
319316006 225411565 762556552 966432910
416562526 979878890 863417221 662623254
900811270 607333354 74870673 25640404
630338119 854542546 341964509 58016021
318269754 279689305 721836019 839317466
301830569 11384578 130426162 251107984
217813655 863283665 869776030 296005842
999847466 640256172 354687889 724266370
870542680 84361358 493251735 92828964
568807014 703984773 616203520 940044320
844537347 718067630 569446283 730869460
656819474 304691263 50813121 719795475
883365845 677412696 717658033 621768787
400020002 460578133 139040695 711121407
533370808 426422199 886472889 679187908
913801687 660967376 366235506 675676222
948717920 294636803 190674003 854504792
533726682 557033049 554501055 580365810
311354313 381854148 901420111 52353390
621655012 325278397 548291612 838919675
193542518 911291725 771954864 947385977
2524976 169259039 424278432 500716502
231068209 242480431 755989029 513403420
59195727 989605098 883462512 337284253
451578306 516748838 757627023 122251573
231319620 681342897 167626261 630433084
367660871 458742977 831606970 650057592
33227632 258256001 119763074 408382984
934137688 793045580 419293808 509105520
909000512 985124621 152346159 390587286
415398683 374772353 558894120 576526674
549686742 8670288 327821881 57807675
248650718 739387450 324956476 603896248
723475527 210688077 362416398 976404266
163086132 328090742 915409518 399646305
215367434 965727238 332390688 747755638
904507868 399442073 661356349 398473670
756009929 477268746 616678395 846507145
572157618 328628146 688084106 119090589
580122015 421761436 31734935 423510956
420413212 324641538 677896435 307753035
205678654 848670445 259607611 402700336
329783685 738976932 233977999 202628619
555692314 999206558 3635115 263724125
634691788 129676104 84242403 34507570
286653689 428649037 888602628 954348026
89121596 736002650 671329947 603921977
691795925 755331506 493848856 744544770
971598055 979320432 406811937 284211882
207720160 352553003 615036728 910819381
837849634 712104441 757967028 741120857
870189350 816027621 644028459 16297275
462715180 501260815 36567011 679775992
448053951 984075588 23190855 441922076
598526043 945173207 956056611 970729428
416986842 193446254 702236508 578357603
252113352 364016371 202984661 939882378
696770988 227598135 432289079 789369899
136288113 968791086 197181940 684019171
338503054 832955972 726380125 826626464
271160789 30272299 161397010 247943604
683861654 427807345 158882959 111130365
521483267 764370545 397487190 298360500
208551002 627785753 939733118 223467749
845512587 734974219 272687283 979037624
893910667 624300885 441282134 813196517
907138484 509644729 387295380 701241729
110383651 766704996 141531729 114156234
992922532 122118072 387453675 999273844
797046002 582839991 600928319 180652552
832513565 762542625 758565313 874884528
175465272 350930961 208847988 830439901
953695462 953061434 433703601 197228534
232567842 717920875 76658816 318424827
525978367 995621227 234599338 129799760
654592925 269662097 483590185 690004314
132303271 541550624 419290139 758025786
435787837 453640640 378674273 801158611
461000785 944329907 535938723 16649016
969882768 614517838 42855569 615857110
438441928 645376144 574524382 549216798
611677351 491715125 30524590 603823781
413523135 803451203 173390067 742409025
842028519 491962989 887299659 3104194
19585823 211184056 799307197 180609758
528330479 487407101 82475472 842919859
448741890 524804510 215883198 398259425
477601638 714170191 95093187 236492797
668608876 369635540 788486962 943578440
893176174 756114313 108974191 602264261
392961993 401454775 548366619 818693972
841610607 738149282 19808909 611983073
256766581 72349742 290580921 573081188
654939425 125163270 595244592 455814393
419373883 326949032 29039382 876138428
579638276 892021687 641187282 896658021
33529798 833155677 610397237 838871508
37081378 842788110 554513371 61285955
537068267 28247091 473246450 882280112
951759308 723748861 10710083 469531539
806887525 878987725 665149183 261549235
834158214 382156691 654688115 539950661
67815234 367478963 657387151 654124454
27993103 329411566 741743225 605093020
682785532 871379034 457777885 860106840
486800914 41079316 781414650 142905291
170105015 647697552 909511010 706780527
399854876 269929676 987074895 196292138
918815094 833091854 15686324 803874084
4050624 605867768 19667165 571359322
179199674 667037973 733547450 313958701
699734545 214965180 205854718 797772422
39894874 422604782 516442778 413102020
372902057 234158672 896712312 166902330
890209975 902070393 453976769 671071310
98656264 230017748 249342910 42549368
123473774 280591452 982012246 141464382
277401013 474524644 585631035 267758003
311147890 161114371 665193660 587029020
627330254 614615964 990698295 918537286
303729018 7204135 694074837 371499968
136460284 956652136 8766645 971305993
347499975 609463219 532131837 101829410
15986804 182308647 388439894 601500973
763569450 809105256 192082186 139066986
142225469 542530022 586691709 76656147
217066077 515567884 760924124 199089406
666026695 353980973 578822304 465472640
217722229 965020543 176405971 957145863
64669218 420733012 545560841 716465990
593035125 785002544 524166377 371423422
825259072 682737096 946709909 775796990
139519635 294361294 212987897 974155679
432714055 428204818 992416443 802212231
922321025 340469628 259842431 44877858
134928381 650448983 874312471 902662807
418584621 868057687 383313197 477048459
920330491 36197739 600871736 923055334
499114116 115799812 544991964 705089280
638751791 226706574 655961644 354856501
448368974 688970842 485721065 536228138
147685609 921114487 392826503 104166351
776512382 623683295 739930776 900728496
436039262 508125763 213670494 956393916
506003683 623798609 559480277 662382236
929420492 580959604 479970130 893572636
145741592 292455882 628177250 374214846
471055433 351975093 380736337 206871377
197421901 531233849 642756930 683727832
894945743 514103741 305635576 774742875
57133013 12659381 777629924 303019158
671409116 545079722 487986298 82988130
299794753 10364344 224202404 912371951
155616258 853225010 815203957 848934151
656893018 607330098 561539716 579819074
574886128 154217214 958168560 760099235
713024291 190859809 334534476 216978555
237998162 669497625 7341864 761590758
969604468 413066327 151652424 391369066
434145533 235257111 547302013 43737974
562906514 720821913 447922056 618169293
371488797 121208289 173249542 404084281
946192540 992367814 868610438 296080695
703934484 998216921 2081183 173593084
308567536 346681643 888669161 251011267
171836277 239366207 813788082 607036019
484759166 407165890 691876726 384953906
81897233 132030693 428061433 654034814
122476169 670586442 979685298 283364500
785454943 765514775 573782361 148293130
540622918 877850883 683784676 950700496
93049145 289509259 432088332 351414405
729000856 399760281 613283244 664987795
313866402 129388004 361021402 746385703
917150782 700399028 531045703 841314953
645476166 523132554 518011559 596744612
950935953 43232260 112397511 358049333
532161270 753391285 127225469 374692775
788824533 76608104 991612000 945464076
946805440 751240384 64272926 997116234
893276516 792223929 277614732 474770699
650751767 500774147 49704352 433110339
808086201 736077451 654315942 473094973
990257693 124276572 959618341 412272747
483173369 382616181 879489048 50538703
499474657 997677500 352512759 589803162
774256398 35398784 562691545 581530545
477493308 580911006 763560946 335177832
599492611 425212927 842529553 700079757
533758217 378056289 228794192 471207267
381466731 386263776 355433472 998132497
114308925 939210009 938441372 716739513
742034872 184777236 591299608 300203413
589972737 630510723 114151526 577636658
320774690 312999511 100454562 848868365
205074636 849612821 777927667 711693894
8008326 454508879 143702662 924654520
688716560 924669091 692690943 835405221
58217910 429265194 343909794 170716237
94742757 742187609 262057371 15451653
220403661 428764875 958463228 402695126
969716749 227772544 767531311 605508858
10415148 486514421 744680256 132080956
112784908 356444842 302659184 183151093
848000028 103497364 208015042 700537479
144092399 687872004 614976599 727804926
274558424 799248904 127269660 169449900
78286395 692548683 238931727 134149651
886267333 460433924 741565380 730468515
839811527 155428148 648164114 27058003
489228585 55682305 250211195 295315713
579417929 29538130 563666159 670357090
476975755 699700567 353641912 487541382
466276617 914968698 955610589 364206543
274516342 745280735 24119430 335029224
633558157 391869788 308214054 252617172
33039746 883665748 532752163 771365629
345922119 984049589 567264293 143658692
975317903 7298989 346354812 613392049
302338971 20029489 186754882 834536440
690371741 530021672 514236949 710521954
223258376 747738147 580421170 596221764
107527956 14286549 863578361 495195245
36838883 80684312 455942305 853179399
474885238 507166647 758618720 675162364
68552396 753398927 723657674 961389379
652548727 855903371 347864777 675614728
557566597 846346020 294989507 465466674
544403549 528960315 516979470 612451647
666483282 473539232 769117043 28905505
813529884 915781891 178498594 617376388
411624450 265978035 236720044 377499750
809478271 458918685 715318366 372140911
236317700 929380539 999660716 297681161
281014432 268433490 859653012 213051141
381523926 770120341 477132137 794627322
327471152 727374009 941990267 837565826
807581816 655699573 916069706 886727622
784144981 589711031 228632608 832917943
417608503 199670868 708112405 186975392
79068922 730997990 931008859 43819695
874744620 818787791 328966425 873936702
382728430 117680457 977406895 197889755
833569042 560020580 366858447 290232594
860242820 616389234 134742469 370381044
425680362 944542721 911747525 907544246
586721038 319255831 870599620 150940844
285291086 611071969 384644162 871134487
754245502 430256956 238929776 316722561
924043598 489536635 999986620 214260160
689780282 135347705 306651395 243609178
71844821 725810476 458981278 589753633
164931870 722034764 335535032 569406087
265195064 352913298 648497300 531718484
610877774 707567180 233794221 963369349
422686561 809215982 923557277 766864373
675407143 675038868 243888549 68775718
33716367 311136285 222248825 404235977
707375942 308085080 612621420 617277648
197031403 881200586 659989069 399020066
524088551 56706620 604895454 684876043
584844395 714680002 208762192 679861819
464994428 715311526 27042349 237627095
583802650 40643390 463310278 419054384
380123850 216571494 970467415 89470985
987354445 471655710 147015730 820896507
473091332 557240176 267007251 648432667
503940170 820230399 217207214 675853109
903626431 890449291 113940763 555512632
476643893 509185533 489905485 208331528
937961876 124248651 910601693 486181549
243784782 991284048 546858119 933691428
369492438 420215547 206417888 815338414
514511795 88160853 126460321 479953013
208280276 51546213 73669435 595115717
263728687 856536291 798311213 112782978
262264316 745081060 588684299 815148270
44507328 124502503 904694783 659424763
232309514 432469175 840004867 329392837
477152739 183667317 486592914 646517965
796130475 937481633 430175305 404200085
249909347 87277672 204172602 926788822
104400910 574201064 296814368 3085141
516947651 607642025 137486457 234734328
505212188 579918726 291475913 958852588
806415683 988607084 467917344 513031708
650695374 866192932 936096601 156898574
711093230 967354816 985420107 748644888
640749754 988007543 951662804 200669056
813091476 724659136 426814083 780615385
733674840 173911064 672534254 801889539
416014579 909838987 29267162 608431811
568661191 289482731 430489724 289863003
605061847 964158349 605796911 103672564
584603082 125817982 529646701 936302642
300357813 142816938 342126068 122084551
116706637 950641688 777457773 265500529
743055548 826874266 856958224 59976678
488873803 980061552 859175770 123883292
607554112 132789370 851228753 380223055
105963100 657201356 693733312 615123884
568448506 368930206 470852270 60982891
676433236 486951913 817794962 875301948
886968790 724262644 262314719 807694791
555906101 916126914 965911516 894942692
627231978 308617152 743186984 957646432
83796707 923819861 169399487 913744330
622481194 427300700 147471645 938855251
621184237 990567034 58802780 862112840
222883195 701238758 56883207 397598467
703535107 456469920 253505698 358708173
602914730 403880771 702582353 126169170
514608215 561339730 713484341 531437487
394717152 508214931 324662978 981504633
900475918 762421575 4501416 880504249
531113580 602217541 700207859 333464689
855603602 442222585 857552648 625843693
672361107 630940074 369702902 216642944
582530514 447042718 979637575 53832513
992489675 850823613 815298155 183697616
429636107 716101391 365011823 368924021
834530637 619874946 781612172 738829439
739739713 543492588 592303494 84973701
534253093 187160025 938338594 39999986
890743278 549458310 768385728 698240660
762869720 192258119 194126759 923161075
902175596 455626153 319972787 424892255
955041779 833821921 470888670 390949837
42983946 481345004 691408417 559305455
278210766 947371935 67671497 309780199
251011589 333838201 656477592 965330315
406334356 408611732 717974936 414854239
731663353 333974750 436277338 988441577
435214111 224186364 203698374 813867713
153663512 251127461 364116764 53310867
879594390 882430306 522005932 313295824
682657424 549001077 220575252 576625517
165062971 132219181 337493722 582681404
954814989 104917701 844482753 79696940
132520166 524734117 676705882 636887485
219076187 720589790 79189145 630190461
299598213 254306272 411796800 78143017
461424895 778609424 412359441 497478974
515977655 10410929 813764817 433145409
915447047 996127675 593199900 166557814
201353632 445928252 967540737 786623187
604100295 588487209 916634990 383558228
866345571 801005082 199120875 171907917
797616709 822705964 88772476 663885542
559334379 964362753 701120600 532930267
111783719 433701613 299853105 317906528
915037361 654710196 321610836 199409600
942291570 357562141 951150846 259582377
145935797 105338722 806948724 770698945
943318463 647307960 944720048 162729232
516790320 646332733 1616080 471299659
801772230 715705668 821889088 232527928
956382357 662597974 150238597 945729490
183109599 891678403 236996413 894722943
617751830 327091318 637207157 197530285
46573691 850313364 67848215 831877793
415478934 616166147 253533927 496286906
434890489 273347169 289771703 973331487
477616795 93132109 113737299 306903520
630221094 63505183 866415479 120236885
244436081 132056125 336020795 105961744
147276744 543091623 829667668 170758590
517916481 325124656 44489988 844427936
521321594 739082196 218826519 379504588
517450450 301375895 480577028 520801406
877859540 263316491 365606350 404778965
186927988 906824430 106011740 875694183
256636327 59202913 887758507 187170601
32587537 398112748 261563379 927625120
76324289 350827775 367455525 56839787
580238211 663679449 373356968 258064608
703497137 680952951 916013356 424951078
449240 165633278 290897973 826191015
228252106 893560756 176384273 833155782
334279261 205493250 384489270 651475185
488694892 637574199 131221776 445268465
336311456 517955162 937775112 933835449
67580599 625168386 471879461 392993887
475960908 802780083 847322233 541468562
745002044 53429105 525750006 53170137
57172934 629363540 158113975 640890232
385124362 894231896 320979766 865487334
507944199 767821009 973986883 894969190
301616105 687417357 601524753 400964441
549042691 273480680 984120170 919336232
865555666 574928079 616171850 969108564
654702667 135726682 170388532 863331838
326312384 317827718 966467972 577293777
324448572 85041782 398708617 160737805
570757610 856746070 188385018 745886071
675698473 129395574 823516386 506302245
272402280 908523405 904031721 42815363
435816987 268497514 630315016 985890184
613425988 732646702 338304230 736529747
30212278 603882444 424683286 710684286
401399741 382920760 665077521 389910777
841632639 489775786 704784637 80922434
574064435 536445571 561875799 427204230
146390912 901588640 28805166 78189904
35279560 517720021 484039942 71635636
839163335 85082844 207573129 640259058
645132981 387474851 627326632 122594927
443922211 874070811 425449841 555136225
352654752 127774679 503202454 582373499
158526086 123536217 854654977 64255733
388281930 114684068 944741536 942635629
71941944 603371222 127591190 457471546
474992735 672283824 535108794 74797870
135827125 507877821 615009894 988017835
93925338 232639768 786193405 303150214
146306634 113162170 515462035 698080191
284472780 411561879 819619427 505625048
927099072 28654470 923779740 726848669
360516267 886626980 891820761 694237324
291747363 105674839 63716944 120661422
601729946 399522616 741295194 176652688
676408831 350636435 746144585 340332439
582216547 720036795 511014990 354245586
727274190 96028948 415728097 237480283
6988720 904335034 6645651 717400097
648837266 250883885 840967555 283763174
824195460 636268628 458635962 296220142
898997349 905525793 48806818 418429431
669513831 670914182 295656885 865482832
73559194 621924721 836336749 297066389
526381 419012234 510521640 218714853
210535098 48497230 723075578 184314050
594383013 9409742 750950502 748357789
535537880 753111358 592697512 848312335
844667285 73482379 474686383 859654635
301808396 979793788 217080343 878638582
664018521 817406331 159394212 330620046
108276087 241808763 85788943 800424624
458188942 924496087 419534308 297329066
975745365 984313746 678554978 578420096
725739393 801392567 315315777 433871403
946271248 926460270 548543847 491786591
886863938 942533506 815604329 390895460
222656916 407216042 335284846 243283012
522336867 368861436 294687765 896755248
793844422 454884022 545644474 757888914
38486606 764286166 534788195 910571885
444249533 817425549 872695569 735191699
891489219 746180995 735269262 665665578
197528535 930965336 765746555 330008599
22037249 154072941 42650901 948774140
874046462 649222465 265748920 230399798
32885550 181639458 790073236 570858270
386904375 446026543 693967364 558894376
4686822 254502683 178092445 711356789
849361275 230406925 342873056 106301199
745792572 257777534 763722605 439675333
713808574 369205118 869275891 258614097
328285894 953142106 952909330 429194509
527592633 293604974 86843475 681437699
976336540 898525902 357721121 301207432
902758973 855149838 739782056 779846941
909846044 41055882 84695054 721997767
101146783 978819923 365119774 229161655
149679996 48502459 613685068 631070102
331022048 484257452 78351707 900312257
994387201 924225437 738844339 72387175
986081604 657777016 310587952 408172065
43452935 554731373 956479028 404280083
799311174 899547468 326715763 518905258
480184354 734587247 401638159 395156590
214477102 108483008 148635628 829830688
986975234 42400890 1853125 454713973
525991407 594009400 71992711 472840722
948997354 776995089 402377664 235763783
179450926 926115419 315099765 948748325
878264250 760876464 160837141 317693913
961848780 703313467 232916245 796430614
169759107 464920054 594576125 256238856
746200378 208474462 539330845 46079204
97911129 684083791 124668685 610864335
926200018 707326606 623245960 371383090
756155963 599405084 173630600 929094916
747079247 137382891 960434949 545463813
533711280 980123122 674943267 745777210
345683476 890886207 736953040 151655794
395625780 326301796 844490528 417229497
173507280 666015400 952393192 132234047
801675709 144862872 460289788 582766294
766930253 686514410 642348953 858410723
6026888 157446790 772548474 926544280
697406124 881409751 410100214 761741592
577150435 856374244 292959071 317943200
664395038 492208407 723311916 386850940
862004496 798895152 150918147 501620913
211041403 327646434 457783524 962762683
923724419 944080116 981279781 104235131
994928816 13539810 230565372 759071689
765688319 320968730 329323980 831557260
413170491 926002643 733986379 913140612
58321059 498820448 900146600 583310980
234378156 37055622 840324926 509345517
143363737 257997191 43968145 381468476
428660859 48686802 900311254 892388679
405263429 76793014 399107102 122226716
97030639 347297793 341281485 77431941
290600547 141459361 409925062 138407491
410402503 642779179 836276679 603647109
219705588 169009821 791145274 464151663
505976300 267547354 761182723 810297167
840037234 866487199 298616002 688668502
6201827 242990157 114933405 544737048
645750186 915554425 150572533 167801443
742834904 649527986 770772963 97626730
756491634 142697624 988993508 5186219
328084598 67553231 12856497 393497565
495880756 335224903 283007005 776230356
498811077 691245531 634981959 660425222
599261548 410033529 414040508 796788799
357344357 703001777 899446738 380213916
935767309 64106056 886313834 240111846
369045731 322476979 911196427 587479157
62202245 67008292 240440244 582216137
603702115 894054513 67933621 264090738
966917214 196059289 387623775 197282018
915568164 703467108 601882231 604182267
537420836 324305913 153861092 84586848
644546359 362981830 541735267 493597846
930165458 497938758 545644801 76779084
107457981 168982150 450428636 377246093
319890008 440102784 55555753 992602815
421520289 812246852 394553634 382561809
429630137 406385210 880946643 963807884
935979154 911247604 451858206 690075989
133737914 263140666 487642891 544579443
69772419 412404071 957162685 69222406
486781055 511639245 699034093 309074940
459218808 920329672 685062831 63021356
535035110 779010767 489108097 516772217
932030399 695497499 443932050 82001568
525872710 524261381 283429813 998542652
247602013 470233207 58183338 896699912
963177745 420238992 777190895 397517803
646712714 409875956 419079762 860281378
105957240 280651685 802604619 277064983
515684182 672377957 230971291 127282329
335455097 444058615 257646698 186374608
124595177 631669152 278368641 613038140
313124806 412919110 992555093 494093057
358933450 188938153 779620009 710506476
251693988 396662810 617360117 681399980
409200657 426212906 128710215 897114431
556375817 841798418 683055035 569186303
634416466 135334601 76280993 103089275
159239654 267026905 176463023 352911267
965735995 950246610 756804468 750825962
807194027 96688141 781891641 678011116
296217533 480114632 786675446 647689685
983267017 294089798 59922532 810056567
148455738 81375514 610435072 967981861
152342967 738311558 316694589 423172836
278532619 161951971 982629406 472639088
319057860 67572168 768497330 865421764
104974755 967956983 110149899 157815558
869103970 660098681 878177190 592034857
75898080 77830128 706775803 560063643
916430667 388891297 535535782 719394227
939490563 12057122 359547715 973379552
463536949 56249355 378068281 216286630
903325770 997901459 217567248 236504166
463053223 216070110 343342334 457262533
647761401 54240342 660691192 758803847
81536294 352558920 718892438 635202546
568142573 378784041 497784539 60509129
308004027 182432320 141208666 936463344
415584617 13340164 376710479 956300044
325774357 859492143 169703280 394709440
896523025 909026553 56821823 839202469
315113326 234919950 823874715 850191583
199969752 389035889 977790879 726034240
335081147 946796405 623286517 16491842
863416180 527775399 249443850 966163877
667771492 639501946 458196206 449779803
493280736 57280692 683855219 280379873
455096557 221330741 993486048 689175047
925287492 517460363 132751812 617827908
346791816 703351293 178029795 485937822
934791973 124439430 972851590 114725042
95043309 798647647 535151847 277188701
755090878 81191419 749656059 286623319
654838952 942155178 791113547 710567356
617240629 547577351 83274827 716474698
791212151 906799382 725720275 654206
873943351 467176744 15417287 693224406
618677668 9249851 303418974 381810083
600374036 320828304 624755574 125472319
42161874 794781063 877582654 424587751
7605897 12417339 189820260 305161038
398561511 806483473 74565405 746183901
901028635 210172530 363418258 572777534
634785418 217921040 908790167 404506535
430169417 395377277 423977926 161337059
431470684 577572457 655739107 232590425
418356286 863938541 467237895 346251137
172835712 982899131 76735639 483518536
992075163 55672685 651729351 483197112
615579333 754558833 548261566 970465292
110195774 306780108 736481636 631561780
137340582 470967335 895795983 775397869
449122152 226381484 784804707 768393729
582283969 460924929 226752279 893680209
636406611 683895973 228452357 324182043
408668602 595699287 614769520 4218772
973069858 482381010 596662370 533292629
703993662 301359624 984428590 958075132
687053221 517241430 709814709 394940660
15806663 481969894 916716242 378818627
769256262 979483135 67369912 372105990
994550750 535060809 802807803 450638171
638353126 111874616 902387887 869854138
222011062 387567714 499480760 536467850
202228190 321012566 915107455 12959847
259590549 123954998 43655020 649282353
950856746 545985490 835270644 399666673
701156822 276535467 704129806 621742875
989778973 422378835 794099237 52065610
809401152 966530122 209752650 375474658
473677038 228406876 691648892 665016717
422874023 395430225 312155844 487232494
484311853 183389517 320484030 410687373
470984250 230620484 676388822 89103873
294904325 85928865 454065102 843845571
452356525 607200897 581805791 216544479
610007000 439641382 813046981 809719368
71217658 692051842 238275804 248788932
35031519 187268892 42708351 444952833
862074388 690347522 1756409 483862775
886930895 324198726 942689948 349698783
488240769 269672630 276378464 334408888
874039285 835519193 567134887 583705054
985203831 152377186 708237962 362956141
971045103 872090337 618017888 595876825
58580897 805196011 508265936 838375031
306723359 925714133 827551895 753654309
265735762 929712413 755254269 190774161
749481836 351717162 388535195 466576030
891072943 526547748 634809051 226251415
232922654 933047803 48553465 950868177
52389487 231763013 637920850 464421860
576422023 81485752 281206832 460534250
467688250 102615263 124038669 926528828
296783139 813268587 156164105 307230520
437767510 141781863 720143409 996235707
700767248 113947311 641933406 942433797
820913367 922570612 390041505 308215520
930865507 964358159 984348859 248267295
98524553 873699976 368031119 267973738
39931255 903067805 95297845 898428609
354291523 458051126 238765820 197077113
500743190 693968939 70075513 410317122
215821218 712805707 993701967 629827792
594334855 328412637 627721504 402937147
905024953 614694110 449311776 248216211
918054277 987831789 752109745 441558890
651448037 141664661 322348940 838418105
981012729 929135389 118074 714676528
237265122 160167892 546492906 45599995
783172539 134390953 452366842 70732843
464888708 507034056 614269213 497294632
699996714 358650675 606486 786739454
995900978 986383949 481116169 122554016
280756592 536598860 656701047 982529751
68841467 402911379 86415424 191272052
76881190 448907178 526027796 511569229
473589851 221920493 733864277 284929054
407113932 347778596 300469137 6533090
361393346 757459709 27128665 971875766
704742351 868165858 116057322 63932626
543655020 369436679 564995737 395875689
493699191 586360298 957586277 355423786
467374380 175942234 128309235 605687805
363019246 974525370 720628997 553560860
416291080 776173417 951702916 455600357
954848457 22850277 243791514 26683366
806751752 13194088 531082937 168766094
350946478 522548719 281601059 481007766
88185265 305997236 107910448 133176159
297736546 534572953 992565542 99299019
538602394 535687888 535510225 982110581
183088502 31396874 491846556 11155792
330964839 188962780 12120836 650831701
795980045 403105425 517023552 394578160
498767309 615165100 247641605 787360112
963444461 939496837 3232960 793292154
538193684 252881932 759389222 382158380
892456592 342788540 993479954 904714786
617059052 509719552 777264124 161144036
123742991 459253610 551827273 252104536
527313532 451142305 983940974 59850997
397967031 677166898 814270880 804206391
246142975 856700118 83071480 777201676
466061863 932913871 210595792 241887104
189774419 658597031 768788508 855316080
491421507 129443428 635131827 251127443
299209443 355862365 952242322 341330580
992651262 232640589 659439560 167641089
40913772 368157779 563736492 41528712
575624507 147320491 750886516 261858607
485971473 913205897 572178520 387706841
869773316 447610086 114874933 715808657
519510007 215662999 278861176 478742758
281388896 548473109 892579449 727999462
669205287 97309658 523328369 140974645
303918639 995093469 769363360 697156630
212414210 13492233 848905698 237720859
810923483 544064155 182236743 546891043
72916750 113027863 20385615 999680988
