2000 22560184842
475901514 650902297 49876268 83307357
970684329 503325649 549405814 186500238
90009507 448442389 492343949 827797424
293265677 889405099 339496652 365010355
447277251 172796049 403289003 160924498
614176667 880614141 910686322 48340113
883340105 218609306 631300106 450663272
34356559 63392752 907884447 940350846
302173095 606829167 840291678 673854232
932563418 271097023 75189841 423719416
573265007 236166864 494098668 187787028
311889010 612827520 140870935 753492321
46635690 46241541 717134730 498905247
393773776 139460822 811875327 584127279
738730913 208710551 615481748 423015710
82119892 816585450 441204845 239019203
888755130 571667129 617662047 316316997
71257497 279398404 235937822 520949815
540729992 21466709 28394454 696355244
488126546 916667563 364958828 879089509
509620406 426587231 680485944 693571769
195548614 740371101 892098478 325958321
680732375 96801088 165790832 424503510
643228843 88375428 24561641 972310695
930216410 324772309 107445706 739555579
420376164 95526639 556401702 199313259
829386577 39272090 849256106 856318761
719540887 538403904 898477860 467506949
695817676 651130170 714656938 543736286
115921125 978339916 578889995 335704734
919231300 806119200 330279064 374700032
366905456 374929293 508751301 818820469
934686068 543477245 19091573 140558124
106689003 4269973 567931825 578987306
109356366 5831047 94658915 388540606
950834990 130613314 393040500 720492338
497899926 747926753 329757034 827041794
507576779 194966743 650245388 228196306
489595586 916796074 823919353 281466203
403129209 798261740 445191944 885573060
777157555 222024131 879484353 209557991
800564110 374405175 693752048 562683675
648920276 728678722 433370696 566336528
833031571 715595079 703840119 125743873
73874349 424267518 736478933 269331066
425381022 151062044 743499042 751999431
456849071 984302294 221206211 505069815
828073796 967477349 885073398 944297081
190835245 193883647 724670644 374057919
18312374 918929283 28994259 521237650
657979077 719367506 560730199 265105281
819662113 112516783 478965877 26998968
69234332 627971168 951286032 3633974
649692403 967114142 30081688 446580702
817642815 284416024 859524850 548219591
392079323 350212752 717725088 552053762
822688729 450424191 171899613 65232332
233156928 279989019 294764587 137108784
312807069 521661301 763693488 412137935
479386408 464623290 991228491 307323309
981231687 177416648 589985424 812515015
696912099 716858227 607735322 407937345
334398119 118727251 960746963 278585609
490178413 198769843 275283632 230281123
613903545 119873865 249839431 792776925
320724569 857278110 67191364 320589687
691022258 754380646 860067893 167547917
162238977 653124000 888662890 22347764
967690520 268979202 699442851 308374169
404934825 791369312 252108981 989616032
844251953 514001928 659211495 688769876
913158164 881252646 655043725 141973455
743282142 730168430 111665649 226193093
873429080 203851822 480314491 424271996
19464608 60030592 136496817 76442194
941741610 863991050 265571325 900909859
901394357 999599167 433613325 83539019
569862391 302792826 495790290 831012345
151300260 861582549 569221217 286479991
863522894 666512980 980639798 282653551
136555942 694292001 410282462 673458990
74315767 867412948 755966031 646293333
397991839 163716156 24095877 789983311
831627991 92107536 360536360 679227879
907131278 462747777 916214754 663308152
697203712 937886813 956146869 295454587
352377168 72783783 621063687 265461058
678722091 194168465 88519167 582994033
653752731 848152850 424905525 18963020
682314420 654120685 177274877 62062111
927762496 410962621 352647058 59217666
727561888 85420008 515797811 736088140
632110177 296971383 821110550 431539291
570488781 965969695 871194470 506649711
736174754 844409168 118675378 872122877
798679432 464871306 943153063 112057359
692594654 662732280 994464872 918578737
14721627 37100437 43394043 844148513
455733034 582483878 413241349 524926222
358211098 267225299 418469453 576072975
152453519 676805208 901460460 474934545
860094029 767262039 373049982 667261235
724789655 912931689 513683969 806474768
941936026 922461820 629892718 426870
510016278 776302984 248483458 102406710
715653715 149073565 458969126 279366629
12903761 634529566 729031748 133312929
844887542 822373953 748720180 305804668
848355368 763427872 949356316 547066564
176023351 771623914 255104193 399810830
90938143 562557484 650620748 798308918
110122404 205044932 643031961 24211412
995993316 845026219 908622737 656608718
488348727 894907179 261851451 950225519
621532144 150069768 498398538 976523481
729716124 430154331 16587226 258219914
771016108 885984697 158372400 403185062
941739476 282361594 845172054 186764908
453680309 266381667 28430874 461498546
331080875 85773059 996981654 108398168
419748341 662543942 652613884 756388746
392948899 639823469 967404146 823084162
502801515 399797756 640892437 471991527
9970130 630813995 144158002 997624649
337513780 369276656 738515208 510447209
467703183 120475211 793124676 265763958
666456492 326277321 160537403 23467174
430738169 934720186 660884844 169362177
240675185 595203582 315760346 181910360
397105177 121405959 551774866 917090610
215851971 494921155 502790109 934503571
880936577 853146297 166391302 886316118
813101260 668892322 626180168 494228692
579964311 531333506 557267606 139632959
683205533 945310812 612907931 499113677
740919134 805465321 113166749 171766794
205847014 528435295 306689493 70161086
996244990 98936740 124635248 255395475
862548045 798286131 624706938 744630814
917594984 209656415 953616482 773653673
596414572 347580722 606171065 447320461
277113307 503304032 196426116 101608710
239236420 56371386 783049062 514620188
475093091 946149763 791935050 799761719
74299235 231403639 678118329 915964314
104412505 533280427 339318133 705864290
697919297 180016722 353441935 837745165
311054094 978759690 962351327 759298341
418933986 502322681 747436750 972900777
996326771 374247317 679623578 507961888
889539252 535368488 665383008 453808633
133883130 730904128 748184934 665592834
853817973 398255324 395590717 557380833
552149742 225990479 479445497 968463938
374166127 566722273 701813301 455863966
841032328 802049289 595841992 547362775
835460067 188496634 578031995 853475566
981633489 39831596 546033119 449854701
188879689 22248358 437816643 866054674
344362502 90614409 796310977 700333583
475045244 409901864 338567755 482219856
987259830 2468919 369474012 524917035
665712247 283385608 558974470 443848043
703934764 836388160 33561662 635386071
664959559 709217905 41442640 34352612
900494730 443632084 49302685 486890851
28139139 148575209 261504363 996495307
901539630 859923956 570574285 48276924
72245693 663665039 310854426 139645143
296569553 81873915 124104823 324212032
383159579 579947014 905811132 354783253
916033608 654706389 510194437 158738471
832218252 176627915 219865293 41371218
118296264 659707350 172004849 789083726
487469071 354341824 851380721 733933332
685478521 929617704 596913712 31764998
25837373 570174867 906808580 198723301
323057227 5072535 920447552 742886636
181002694 313665091 290340756 846912051
715269627 388512404 959590920 375461873
470422213 647909691 842904614 402502806
988348312 172012132 181116129 142984687
923667966 248011766 794471450 737820225
568681892 423744861 514751296 838115645
956057733 822470483 582992716 440051315
584355190 550472558 235944412 785550734
883217453 455829332 720614395 120144747
656643750 972818282 354611992 423277004
220294237 674585070 578377044 260282113
592514355 308714740 326575362 172994288
444284215 119748916 583604265 932380123
650376872 394099869 325590464 860779906
345717907 374610249 210888318 803145612
886766843 994130977 713958208 555683562
289563482 386020674 738215065 521984326
632293386 129373425 134133219 597119059
257601167 712040082 440559484 737797885
989346482 4640444 933039339 594616935
432685604 514500502 428330848 899639528
186155349 857729337 80601397 427558014
902651447 320948043 666286052 645115303
147748049 834794378 999729632 962093444
584071705 774019622 269224758 445760762
910666021 318975811 642858831 212443013
581918960 525735379 880252761 721998862
787006421 140611632 586741057 198987150
15164873 2173012 51516902 522272178
774219846 740596002 812905813 916008778
940197604 99648530 131723315 16383538
368601815 181165730 689921459 946004460
560337314 706800146 968400176 728939221
6492736 820123645 635076700 451155392
831012261 524944420 7639458 259650892
965229718 284384463 496207759 564233424
826186891 446950940 917003212 771216780
30317898 526043056 724127818 203652403
618064464 268529859 984549166 501671694
94562239 656992865 476811660 598107871
864248758 96725590 635538469 699722626
426781573 759156269 42781685 972316146
669056681 190217368 39532439 821415049
616647719 88651229 756975755 379008225
996460847 314686477 929424908 974321776
723070516 321485015 396025470 818122123
677675472 892560624 751565182 346540963
112520544 782676132 655987291 646226681
390466317 651937704 908728321 512356717
286200970 597492140 555965355 527161710
74664183 488521407 55268759 392531488
828498485 108435777 760832834 629932785
540623775 740800620 377393537 822041696
14077413 144297079 954612333 969051703
498165870 930819321 449695174 805161810
771611118 273854161 411118382 532560998
652866878 962535545 993047508 956303134
238266947 445179632 829230205 268178694
830828382 482498079 937847964 715961120
548190777 340138130 560441536 275912433
303481432 369337942 34998397 904662260
983249329 549633239 958356825 188285146
586260840 474840412 195426242 615325635
513662940 772396292 682136070 310378370
455160501 179467054 607012109 713532285
996307455 511289840 266446797 327631701
191058095 860320138 49409170 927396393
696917463 530019663 503674706 443809607
595368926 191760055 364643281 996588401
417548959 506891613 38024339 586382574
153436889 556399956 716469226 778661063
781140624 597588833 131189745 404264238
426577302 559503605 860927490 926590857
594055666 39347090 220388913 144304524
966923967 431875374 31727004 661016759
763894125 662073013 953865242 2626313
633922176 294121361 848904832 796573813
812705507 953606786 247827671 145757482
703837077 115350001 390598319 856319253
368765333 809755889 609901728 542644255
684798015 982822818 916435899 433843478
337430397 998595782 441634092 662503856
695123272 465795338 270338667 887006828
882514483 236558780 214807260 69325580
125514015 37939031 507211945 498873519
800226471 826972505 457656133 18802615
541050320 804668354 336955720 35284039
876675015 370591113 605859557 560889125
598976936 11459675 779950282 748211800
327278071 752131152 298615292 489586607
639032834 948877549 566931762 301738343
928999577 466161404 144477894 128514280
404549555 18558426 64835124 695383636
641695165 698772805 78064260 470944852
778015654 543080483 74647643 667804689
501618880 568962693 875224104 379306079
560842061 599387745 231997799 399429390
555071941 485664537 102960924 500418025
447729722 782121344 768077300 612983143
231935952 702022363 445299630 953893397
205103807 716134393 300470130 222957523
146074241 177526804 367729749 813839407
451008946 211788121 747544532 221152982
595361500 671599381 673150388 117199841
106516108 255361136 646718124 351001773
845440983 984786749 705735072 414590954
71062724 49505089 251319871 974423929
685964702 248831272 740114228 858552241
71496602 614893035 753162858 893344250
493838138 216136349 856454324 819533223
566868603 893568794 93503610 714261228
346865140 676865103 645931068 785727458
285038818 340508818 318204571 440154822
74355256 96565132 240000110 388144875
902029892 998992695 689977231 639887676
865486642 630495115 968069997 549171006
756609754 924409653 251643197 864320347
956744635 291354478 874486831 123169985
868023261 157915129 232806964 904024303
506933231 939307154 69955072 715606703
364807319 389824384 614113965 616200665
827940053 352779263 895647946 754354137
340299792 507103268 442117491 614219132
923872415 160930275 321925652 816759785
332775614 189992673 885355446 10726456
805091100 837264515 396628501 165954416
838171245 631789587 452210224 590546207
287233558 348696682 109739906 788224441
971526542 248325161 303206485 302801241
125694306 10394649 127636973 408527789
146348051 654117619 260633929 553623438
371169244 897806247 430782932 495553236
560543166 389048066 329523079 193313391
1707612 874497792 790925578 198892457
919573421 584427922 84693863 321982083
369038038 271867634 840948609 37616728
922652488 371920911 696952513 503236618
915164358 129823648 323437604 909252748
199632384 320241325 126450230 742633674
277314186 850934288 100373977 611313605
189612358 826362114 678669178 425065114
61396582 65050531 522255815 22965120
617476351 22270284 174488364 818704196
317340706 229997301 897763059 375790309
802146040 706510495 830862963 282236212
649244234 45137475 313379858 385355351
517578322 290661126 138759521 110423915
50754488 281947827 754835865 632509904
157301023 699280066 870279748 719334046
313293030 59969496 260051566 748634690
524083185 477096726 747577293 892286986
582813228 377928510 185623638 591160081
561623405 999873041 108601248 769949073
916985568 533158966 553160203 508346925
153731995 605898759 56368612 948014483
45561926 88769522 541051085 662457169
915949300 460337659 992286346 916116266
829836274 339148449 473654727 699727650
223035035 942143204 877003062 244940159
453871242 904565017 9363813 198406931
600287807 232022759 266750361 792039872
448440544 772244829 619832657 189632667
945796509 320828238 704355194 251732683
257593034 724002327 43387944 661980342
141960626 969145564 386574453 775207293
751995143 70454186 501444360 895277514
661463842 856489719 408343203 477010557
6796489 791516454 637932956 443002008
502770713 860778473 330658894 742529136
287313672 257464360 88324363 311959829
271764078 823964003 264322597 95715121
347731120 984120237 582149086 55451975
809268708 305538371 845379638 470528989
165425316 63400637 327531064 683146787
952834450 732001347 689071281 687271797
321109804 693764202 342807361 119485583
823364211 755192977 680671803 316389106
431304484 718013878 536580619 593174102
81690300 9300140 792032641 638958120
426242398 251831834 193853418 874530565
517785736 796806310 453698750 907059681
666755628 756904904 89926088 757323561
381521948 814078132 863595099 456932394
486532985 537334148 614836385 17362802
989001527 324826409 261998475 77499279
309686015 417198915 700567696 596010465
565972719 465467335 12761625 748197826
744621374 495738332 2753112 525292257
165608591 140724122 530368400 198671187
238865766 367476033 585274250 361674083
452283876 162326805 650782491 342047068
391892657 696799837 791567658 156601386
66819692 569155943 530745062 240458960
222507028 44145973 824425663 359610668
371935585 493424567 148386956 234900148
453455208 484982819 431307040 563689446
533562385 441233245 949787107 689096176
261059125 782860493 701232415 427769696
284110229 273610136 104699959 602153690
737784861 597871951 243705768 611983404
902677155 326515645 399588337 422188336
44556865 941671057 673634260 340017914
697641310 149055513 609088311 394714199
216650762 70312620 707701511 415346060
944884034 253322970 868095380 640320129
643242799 725801800 969605683 553133052
268636570 756124337 971226434 887892503
488995936 770064665 847675435 971039646
273107418 32094982 702136811 760335383
92512548 939065541 107835399 563736502
147072991 864439212 468830463 893554482
763629588 990135296 448227118 109502118
623651240 425253220 158086121 19506371
930108290 163145699 492167312 615673357
286404911 374717537 223128386 419029116
564320482 907251564 83699874 430671469
721175460 502730303 210605868 460220444
547939427 562239839 313264461 297845706
186581617 929761723 922052708 711173803
386430535 952157165 325649791 887838806
336298316 80846618 287199150 498959347
994788903 954358436 126273125 982136350
203021441 543839618 628723598 508844414
494819904 68713808 732546930 867076415
912327622 357630209 272344635 400514227
266589659 854048061 524906092 657465949
531697727 546489288 522794026 31390953
377528721 780586938 884020741 648413785
783607670 254673505 827430238 948992737
929093741 673456071 670551853 567601338
104743432 441125202 31838889 557850374
102261809 856401422 429356101 632813724
855277977 378837985 853419942 196909274
821526711 521162087 338899126 393771554
689124693 206397253 282576869 931071500
635143686 716901199 940555159 123059186
179567034 404523528 836441061 129604585
269723965 987946569 30478683 505447995
753402159 584438732 231088257 918673138
785972559 171477291 458535606 690730848
723903455 574513081 24833214 140535308
263967927 886013063 535705900 655584399
862921780 394017058 249505386 858834063
750884692 597600034 487017397 318652438
539425914 150075560 399263941 910480597
639125414 490776611 316398580 195254398
571702408 443597737 297504371 202817819
510539668 591553259 234694879 558934189
447669258 812517462 165885177 412591147
182537680 265418434 847652311 664351222
616445737 399939769 103126206 142203076
376293240 663304621 455686185 970495849
550483538 478222317 381165905 227566600
195792654 951706580 762251785 850550443
19372249 763139316 607557298 210845745
245788061 471091727 422066818 873367098
444377382 781776329 831505277 858741169
214410425 705591011 648408863 711189849
112138177 564918118 744611433 324242155
566499284 472334407 265941900 490961622
33562405 267458992 308250727 188874814
468197667 575301244 708396109 743534691
974676556 897904791 269367943 511421045
897384361 246393067 16997572 944897395
893712160 891612247 315630609 970257477
922323949 166027677 996864179 274461472
826861717 944761693 500899546 195314567
604459563 599781439 802623282 970407458
122895642 400054876 476222787 760283683
377846480 26228381 764384112 949556404
962070274 34661962 372437120 364136943
332415762 739864586 384742620 759333578
151847061 563673879 100459969 426035696
799047183 993368820 656697889 383385156
499781237 246834914 349873727 431211483
340548056 146127274 21791303 538267401
759127042 979836983 363712344 121099383
115036646 142398331 845038110 484695254
385320666 104429396 710412948 816889760
215881915 487475021 126866767 224287657
236658221 758036208 350875290 937029986
634015702 430552449 31888578 371678373
676686171 182546251 690218350 563604825
854777160 400319344 714628641 433388016
930561410 178820040 327596472 846581664
65427083 284625230 217733756 870562868
381722284 971124812 992278725 95119643
27716424 93590935 993218527 864135830
135483649 632612422 581995106 943256143
503714216 131722457 41913859 666064450
902601981 413675781 493305508 631889425
605740031 447670111 596510403 976644254
995836683 667002306 735686558 897683269
357150825 315211186 808887071 686563998
536277756 600614546 710297256 209647625
170819863 239398667 776891813 300255134
296268866 400714355 5459164 328468553
374414876 814827346 383775183 511929548
171865361 686225576 404106188 791629210
106883388 343650641 844564283 873301291
766940608 872821523 726947062 915196188
549746538 518567980 730721696 952228896
914121226 916261580 200039307 852771377
73979851 902760841 406050192 429425904
330115343 180445647 625861467 775173671
102988632 96356336 825659953 250789687
215711453 355227520 440000966 386284139
363036553 67940130 740059383 297132968
561712497 818022138 658441212 138616533
471148854 355491399 927006578 844586524
819273169 612704706 446973921 853608044
467255699 583034017 798006232 187383135
975026147 395403099 483718144 136573580
926899030 112266960 564901054 753187434
854755352 780706935 56347771 849605428
686857758 782303120 969047617 272806771
263092747 145808495 691390557 3148231
41201377 581962502 677319650 138608158
864285387 578340210 545165601 528235280
217135704 763746804 224778984 977162068
45333347 523974456 492531666 796645798
522392829 391889074 760852802 551874683
259183949 650665565 789683248 918830059
502034831 534284110 384687037 767287106
344926266 338591402 478745482 453075196
287401417 317783968 268727337 89792787
652524895 17264677 213120241 178775026
894187206 2397800 387064952 872857752
572441546 834494860 459331557 58243983
705697990 889930382 299647675 844775812
550243149 484615511 290871134 547191267
325697930 970598609 808470421 600572526
198881401 613281575 338088975 114373519
97775209 912468056 633420684 993914901
395635530 885891470 274082448 277400734
682124536 518978279 500295904 846831799
562837831 815282359 754531046 717382105
87499602 778109182 527734002 868872103
848710734 589810850 681969966 627065457
125206715 652439523 36390168 261426548
399038796 106503025 483698851 189198762
489933414 749159181 788171445 948845501
852800138 998247739 269192203 868124076
639878980 132836666 760316315 451793090
49187617 477612578 164474026 838902219
665571893 895350091 396795359 903570767
912277996 310575511 810618506 65785641
499043001 614795743 373856953 675969654
616875175 130120540 371286671 827102985
920285245 398299560 519908647 526632621
7373671 951703609 121032594 358287114
694827650 304718922 279661023 755337752
916977842 189270926 439668172 372693209
545530925 360430746 123317172 160701030
996847430 538846599 845546969 509809221
462505724 632932764 455106564 192963472
747989865 839922152 415090892 707198317
59771610 334054836 824823621 143141220
736921334 724416978 340586656 509564616
967210359 675342433 672531048 411233539
913075148 363255273 627669293 676730129
194451279 889388770 910925778 156590354
896546778 82430801 646095871 355935617
842890980 596257168 927458656 468614211
365217280 93917626 650882782 320532335
591405985 235441097 83555609 446432726
634965897 499513655 998035412 737410570
962062036 658619023 24077894 9591251
312608071 224206108 386217432 790622382
954713253 665457792 585468725 995220304
258082970 167535535 116212497 418507321
874156094 299216251 611625503 381554041
436019422 164993061 464756452 464156170
524544567 466113064 9266977 283512827
988186772 362054312 682675118 991176855
217840810 117422278 297596773 363898148
66926659 463286148 766624255 127801243
444066111 374632481 80112859 51012380
228461201 870148535 859967539 86632710
677139636 185056851 137050841 479580706
620103186 795838182 939502888 551302569
302104005 777321530 952979696 797923422
641035884 737023940 258298633 115338305
192034706 785829357 168683458 612972328
329311510 59967279 892857825 27699174
365524410 441803685 761868751 160079561
910868538 912307023 594081737 831843689
298068770 371244788 793242567 399820165
663080643 568715256 864390193 457238932
915335602 644725616 586068735 320770963
236052793 331190732 531738466 294720571
216391306 151037985 847366604 182266485
114042556 700872233 2985520 854376878
769038737 659087686 745551476 371766493
439493793 153988361 368886315 493905732
530683120 594670168 785149951 324509410
655594967 253540344 176585282 5008065
321818376 652730237 748528574 857614672
575213256 434323016 306480891 695146828
995464784 986555303 709119774 821975212
181012396 466477005 221645765 770822822
119439478 435861353 754391410 555704283
212004209 77883789 853025048 104836111
107369978 626504725 934720556 613149682
299326560 917330551 901169951 989589075
699451705 800990240 823767865 7010243
293965142 237014125 671456543 385852103
565803495 229815048 175272962 5133886
251924123 253028432 480265426 367535246
673861983 816037364 883239772 257381659
563978203 761754351 319952249 667017673
797342786 508685027 119579928 62451866
22289258 380698816 816348493 219002019
884113725 200961001 357873969 601291943
369789552 313063093 621851391 194447480
146813540 588975421 433677237 199014249
413430630 230419584 91475973 93059946
28330108 600238927 486080484 829197453
869863731 765846256 721641325 844707629
636609658 290934555 996140011 139969552
942722531 984239141 88522014 355820452
594392124 493810932 454640674 560647119
248164052 920852245 205117853 948699516
216386581 162840235 530589241 395180764
620098166 380707116 259976668 472122343
347946479 233190668 210332666 763322249
590837724 116954820 691860782 352200798
433952668 614069839 406283763 133941097
715323016 345594710 121970808 992693854
567898704 509706120 409110637 964082651
942054450 482769930 385246531 372700967
38229609 210498332 83343549 363236179
523806686 117828460 698710925 7326706
341639072 307501966 231661824 392715894
592989222 710475029 582535095 875727699
340856584 491360424 936061119 407333334
762410041 217839908 259972020 363449771
289011663 551132253 233720964 139861461
303435386 703129945 105090209 573732485
509968994 293201947 690628702 207466944
450979595 733347496 158365239 76625481
72656462 120928406 706429113 139791201
927816987 162536298 43713063 733856631
990664395 88062670 471531670 405948839
243778955 782490608 97621038 720273752
892108043 490628833 193660350 103772929
631433239 577485821 993428023 593082286
855034221 164301791 809583267 606372894
760117711 311131864 843704158 334095634
611753750 980700629 490891172 582546283
884687169 768668463 764779692 233148199
495018795 30369391 940697924 754863227
218874448 221509378 455238274 374110705
338352130 30341920 7007516 139704841
420475685 199191766 297855861 340275344
227849221 568479238 688428756 561017561
648492846 156711797 57986016 692874763
609063476 736955363 888804554 433831311
742903040 22814883 113588687 923984409
535773388 31329678 728350696 401630853
379681260 746482359 503888605 42712828
24736679 338981704 889538549 787243879
217489285 777773664 549032926 993276368
255993225 781223098 283284489 433077251
619667060 202042481 918953939 837281306
8777627 417202351 438001894 412713797
801391050 615334874 403461549 727915866
432248511 641994280 188093336 32229990
416605730 6092313 265350530 241940374
935128592 903440042 158887153 636364770
38246747 610322005 959643741 82141210
61228534 435748046 386300352 108428802
47692892 237982944 2774004 454972857
743951230 18520774 942370854 939594184
661146414 472583983 666400221 795529327
373508012 798341486 911157064 463050416
520653944 613503273 473913625 204872154
587204174 101880152 921982538 384160799
488774853 329996867 34040539 339776810
57033167 307300639 898483267 16565217
756632667 510324646 99148910 284585008
426616154 532899052 424203550 654198995
318554506 973961217 77721169 258235310
642409542 191625226 764492987 131958750
705962571 901815812 282056342 867267534
793735841 917591848 745694205 35682994
420790808 38278936 44719823 96701349
393263922 758243819 769437693 228381903
482730993 26788265 615402370 547964755
528200570 607184603 742820271 792141020
626840908 661305303 238145789 10347805
678330743 296215722 175545776 287301041
683311736 753992449 584725938 310487072
299342505 564356162 909834840 850053583
938603458 996219102 770843106 458362027
117728906 313614070 171677335 101002019
570530122 720686697 512297976 244321834
473268384 856493506 997100474 747845871
914830966 400852949 161900987 7669969
95321830 831752176 961399913 749722243
699492634 104080629 321484543 559333887
668010303 773559014 865104672 472359873
455104181 362582767 236348615 34924119
549502492 726244226 323271613 925852043
840884880 380223504 189049846 887308760
213948905 950684061 203290381 801022985
846158675 772179230 920093928 549162849
385496448 413864207 500110109 984853161
748269075 545335218 158268253 101444512
532467378 801945091 38402146 333527969
412695265 49722241 259197466 417904385
796488047 269904067 389732859 703907562
34165934 976445687 239034915 320498965
128496310 536138039 258673461 391079208
59014324 504683986 233996862 808091371
367093096 666803906 689495513 637865722
272124232 279910967 562088557 860379624
37092134 342025918 391839476 47564274
708362802 363431612 836650800 384695397
761003430 665225256 521800101 662604897
755345239 86323307 73036363 704574462
801091447 781001399 637128151 491321191
663432012 155078566 697432052 124601282
253006038 913377067 368752575 232778277
126661821 528279983 930241368 207298553
302777526 664184362 900076762 555232798
238643555 55419598 681430801 287044455
248482201 791963112 790033934 437394135
244692276 927648644 538197229 478824495
886812458 945766971 65648599 381165349
2808024 727364484 451957417 553146527
628148285 262294694 667559390 905856401
985487616 572393112 916509940 946240738
298215369 962667581 284562100 218189989
669178881 331487605 230712693 388528384
727783774 934542075 413302843 383323986
345112557 324438064 683739241 506681981
248846858 776475630 316270785 632624185
373956427 289387565 943150752 123390763
16744891 672181609 895796756 491339511
683431492 709574539 105397532 265413975
550917600 915143233 745657955 956874591
709359358 343830202 605429473 243521605
80837890 598899837 547470124 521101927
744933454 614900778 334301042 921580562
102360325 962831741 683458696 905477834
444580565 830266717 839540661 75929681
287314866 390758940 185035953 127639640
676925152 301593493 952603914 650403670
739254909 753803190 180320505 761717874
907975682 109168609 562455644 357609583
919039283 589561468 903022998 597078882
831111206 19166736 28308811 215206436
605848859 66321108 457243288 551190270
868875536 411001683 202187150 247307151
454074718 873489682 92462795 303190180
988105418 705044152 642034375 375309402
488435346 12269480 856823131 489502828
346659582 958697959 634195093 688544815
323479227 258763583 827602648 665085245
481181703 198452811 475806428 362259154
291478685 19415231 575015847 763938567
889573701 847773488 81782147 857953752
462983640 198273679 160045482 923282530
317807508 519253269 585633306 312833063
158063945 636412715 21855403 782653632
704706446 203569017 804340799 774638763
149158782 727711834 60706404 59881586
468573319 951202031 18053175 730409517
545960430 299013773 443300835 76848030
339399164 793112545 568006910 997474705
375550671 848565379 268502066 615490855
911370607 718756081 819903807 764807953
801568636 566434681 21878051 389576276
412924116 338948128 119015618 639635976
336607925 596946394 96468845 31026349
918304592 951685171 82546986 773116531
148314359 814113830 574916627 721187376
548684138 419660029 22238465 857350402
482245717 774608249 927766594 714580138
633435792 431230720 292557158 390410162
157990688 337726865 701602699 141004073
969457630 595915752 732784723 530071252
73746212 415553771 559060938 359467450
395269995 327868452 302806839 882514044
993658174 102109033 871536596 668172708
452212584 180657037 819332878 941891453
251393410 484292544 214155963 174959963
170540828 749639884 124954630 638027051
594927045 89480862 572017611 94620104
621658220 836468403 105534517 325164197
294173887 444902783 881150196 853740661
83424605 817741890 56748433 174491652
861097638 878012355 79148767 636959441
212765667 646281899 872746717 243977391
169119684 815790593 361368215 94124677
982120477 956222000 611618079 136879131
861440899 281072411 169834115 630914679
352794431 325296888 907958273 431836733
742822152 417197693 256279173 489978159
633719829 480476813 582404592 554368514
652495662 678492344 95159127 359593388
399177298 759020934 843497737 893528662
324039703 185101420 68257550 761395859
19579000 643335195 966431439 87765206
50550383 459468232 444512941 991137519
416551168 9786025 148442424 670731732
1749895 136184415 110142870 119089183
146928134 325207385 174159065 479595727
689994741 982929039 42698284 510435874
885681262 757054378 898616498 484635512
133978983 795844442 512014416 513536669
846574818 993540766 574338428 535117695
830265961 181665002 314069014 821489836
108760147 377351305 29453251 256508719
357325186 571150006 56033658 803040519
295469154 261516100 969782858 693273825
708702363 613255111 839636594 383545680
696766386 331580300 563605413 820426773
108492998 880016770 903533034 658294289
772027751 326514046 132273925 769328916
156106532 842326809 507452945 86372861
203056412 112104266 292729144 76137436
86797793 795951364 722457224 34472005
12833826 659284121 570956870 536181420
43504663 177313498 80308763 811567216
210929830 282239219 623321975 957209623
945664801 446638713 577752978 151835494
50880919 668357382 64482993 381220080
875198160 257296135 399159093 348630656
851119792 195647153 456519294 670662018
523394215 408773864 934182836 966395410
384776931 168279303 943335536 973953326
46316590 194554846 416923616 512578889
765335200 757002294 459498470 76934369
383447100 220709841 841043563 919241205
179069102 369095828 636295697 401065740
413118016 262335490 786905009 205732003
341206966 915010874 156997380 690712105
792256850 414127984 234985932 144465416
879400041 120247936 852470357 973443832
896993411 539047686 802283616 194420995
655919146 992532269 978744488 837130696
490729264 329683736 358895184 821874833
429561864 849491130 227519597 363412198
783095676 315710067 652723470 39821004
329954986 344849942 505947337 437171926
864293570 542169691 458559033 148641239
458495500 786171441 748325814 991287785
656440252 238139538 255596130 400258577
158971523 321235617 377622248 197009215
801717282 55524293 94252778 884031065
46326694 665189532 348261389 946134434
8814619 355879605 918679678 758505401
894481164 192000016 84171361 87981593
830176106 143325994 462349667 136262497
862763540 98496348 65319875 338698475
239119204 295626457 366731623 116788014
684890653 114980406 857465102 828893453
818257101 479382783 430556033 596402155
980024700 635854668 645420502 461317170
120557973 251273061 796678084 164537177
28750973 966235632 808264651 443578203
232962019 147298525 95694870 71471722
440962490 27652448 701751603 566365997
107717501 103414677 466784258 225074774
13924970 962327422 128629381 404313399
746903763 811535257 256221878 789505754
848174177 287321227 79600715 140200665
783541727 879617895 903771225 211133124
600491467 66502538 303895532 918035180
799350793 392917926 347480572 892336913
226796593 372057651 469595750 251679131
88636628 877113430 9944677 773632886
110874510 852779904 795219551 88599122
262018811 513277883 978666789 614768357
275724917 830469937 146264708 988404991
203484857 780041911 402893316 414487493
536424837 532915188 368790710 725405764
211935888 530887129 477052069 623434282
293094951 889427062 756990803 513352091
348211360 633547629 466510347 62147493
913627593 375528375 915480894 172964270
313941984 405212317 450188020 191816662
974838207 132890935 283857937 208678856
504122145 365611695 260186954 714182314
317228066 429308242 383503315 389611806
135015693 251546295 763395448 867664975
513045619 262865317 890900074 6982474
156381367 674367075 393033675 270791809
546326595 760312787 877917255 354249865
509312619 641459203 458911475 345490429
876677371 956472547 979372688 913502851
240956475 475533542 842105810 587317376
912093645 307234151 560850639 571417572
487594203 831951581 488735260 308104498
917593388 692472177 121594800 919772101
756824019 280800587 899462261 205764633
756184952 447548446 30399690 774636021
835121069 436565992 869262243 593744768
114669004 262557478 639222176 727942758
590192257 75722643 4945136 485712507
629641697 765134452 910289496 31785479
973534986 4638596 150121918 603199220
868368906 620912026 716677525 636425423
837594282 924918186 352931296 863163132
928896116 168520938 765543815 650773482
343888759 160919122 389314291 400928044
774981188 251552348 289672033 842456
63069471 295335805 967900441 302826755
733170654 209547312 903724057 933252408
51554119 721875694 797528804 239687962
464611503 416393359 915023286 694862248
340760382 781528036 592862014 921642832
867859485 391706432 1181287 733205184
800445411 750677939 851598783 476793576
63502713 254531254 617987867 800471293
271250656 222436756 768184930 302492049
543294965 743420727 301970506 559032575
669393361 54212908 953422112 539126062
824320317 811110536 133833062 194599431
972140478 857098839 523753619 56801674
557486929 579499815 967923039 576935174
234799988 112712170 833664624 947762862
565200421 648531528 89077014 195452292
101160382 553535452 618981495 977679047
517717642 407569148 550249792 649862618
72486290 453580974 550023875 409633903
9996525 912999536 446515862 281071216
419302873 262074895 481379149 943711335
881387237 980633800 53289465 159376386
262707530 223989528 563175203 787906697
839669009 289636036 737381352 587812496
691291480 232287860 685235571 595952947
165832043 89019498 11512577 998308317
467071320 791561324 299422568 579704761
514546192 578267741 95259253 596364516
712926880 711195702 553819578 664295157
557830340 721488166 368962283 120046590
771143465 646166459 493269623 969464131
426731900 350095690 79297930 516946112
209303685 871129895 381145030 944756084
808593342 415492777 873696139 129075252
725572258 408349667 423125991 59932826
265053403 966535105 22558558 392402607
502352513 537545799 961502205 62153737
74926592 649348237 261989400 194775340
993537292 227002979 812036850 290488690
41279774 837057893 547323855 57602927
651104648 894537863 590451607 217841687
723960820 200714876 673428663 204690040
961800984 466274668 507178872 225071542
647843443 668877509 284429103 909422824
359070962 694056734 342374737 323642993
116030377 136911036 449462848 6804567
557290425 722876930 861645636 268200921
580197694 938039618 368914805 483735555
524839337 255841290 690456576 528424663
4606312 809364135 965255539 125110463
467942276 592228788 456334378 663517414
793189538 129890341 324687660 252793626
182584185 403812372 711899083 868917547
488143960 194578324 845413048 424716602
344015123 184129572 224119843 987299355
167772268 844832876 329450000 308352463
835083622 715132548 784163972 32209295
922033305 976722139 991667981 115450978
415660040 967705323 909271863 18574566
326334711 891055658 59894965 35715714
276446677 573604505 100863059 635694274
280767390 965094004 524792662 921584553
247840740 564691769 800901119 129839093
531496923 467834754 857183599 606482864
360611515 785223483 942150376 604271176
289124160 687606947 403030632 398833974
472350266 514905991 260851285 549696491
465653215 537994384 730443044 48549884
617699650 38524945 49689230 83552599
681073774 319996898 952587513 846683010
750458976 417535612 851857603 447136931
30711624 225813815 299092978 422959203
145950039 628858990 419206235 702484906
64629330 539744488 114750148 559069567
11291904 649564768 932331220 138541557
391313317 919955124 197450724 912077680
303105659 810084989 879717309 139213520
186073466 956428842 70073970 16140785
11860592 223090620 120985188 862667916
890508614 312043270 386935955 9366583
481938128 288809148 815930396 853921400
209795257 941294318 793512296 144301657
301698259 422114978 765600335 664083701
704005885 467644474 738805103 711496267
717147500 618426974 219642683 527397054
64779828 38387286 128774067 132154253
106208660 736088797 997484851 824431975
559362181 802046655 371607733 638941930
50467385 656952028 842786044 187468878
420095742 453924272 133887180 239842367
824901001 983990174 203144085 380878197
939952622 856600733 532144303 607275874
805059703 374208222 94694065 347957305
404213699 234832758 814815725 95351735
41697309 47684621 895580021 467018836
931252853 991034299 719169113 410190571
988134998 466667037 360292540 958896216
212515107 951706810 598842793 386679208
835451343 493438338 804179751 938803675
160080656 261067216 6087895 595951526
901429705 732584049 353278817 149507200
12474195 570534759 70690194 619713462
666211007 509659440 617536006 839853477
491571938 641035790 938451614 648253002
540856817 743366057 123893252 686309895
308872152 715733989 844973171 758539360
628271680 395450218 155680872 488248011
786765983 391735841 787381610 524119921
153528118 599872189 637567259 63261110
397471241 306563408 196111156 236603888
434289023 637926388 988866810 264630214
277843679 134212009 109043945 71576541
913949256 423197108 760642336 796944443
1637083 941101707 310936476 969576930
994093193 725485480 204168899 284961788
480436055 531659611 768241744 568794885
109238102 59704017 250380216 88745963
51512746 114020112 423406087 713293199
181945420 223939536 265261299 117913908
457761954 757212093 603906607 803193882
536262557 405663787 83635647 156233291
365035814 489596654 355539840 370327914
667361888 382158192 399535470 602094647
455565756 836890685 639278806 978608121
116415232 653780936 769906983 839368828
996125268 246983210 123121315 473180672
169001214 598991923 386157759 367505823
774851312 360580652 656598391 123832401
770790624 994080970 385957226 936773944
200895028 951398074 508913941 424339962
124560402 169612976 584586701 89184223
389357343 779547304 360366031 728559046
729040628 444516390 266385803 175809748
994549774 493964180 748403757 999705112
792402252 597151567 373026915 106186129
857701279 366017651 982912581 58450204
934601849 620280616 206617889 711315650
48644408 208325694 912894448 296427749
315457532 111786595 604537664 141322665
90381879 398093671 854516062 335324908
816561780 472334419 7031031 106684275
152787583 253572888 849343552 203969240
875030305 978749053 517873593 322834032
707118781 574126915 836172182 18980407
921010061 75823705 111510781 494010378
926391172 760950143 370275198 732530766
636392139 107378035 783732440 848895672
749085174 990240808 245407807 794491834
487505089 387461429 277077536 19807472
298632204 2206208 684307064 899713127
889954276 372947343 194401561 232095628
275386459 370974470 206589685 473960969
559413241 413294941 96518189 771067662
679767070 157661538 146128172 703412652
547933519 846973740 992380205 973631228
708503940 407047889 200827889 20408836
6274842 621504444 711116710 136153216
517839681 422191703 402789491 651672761
447570378 387987648 931264773 777992189
156439065 870481365 618696164 530897241
338054738 93120844 672705936 930740000
189686414 808988486 835757040 451492841
482303644 179922534 49376142 744079576
955978288 560663459 965984123 796941740
938038149 202557928 838424346 325650772
24896070 110240399 90437259 91314366
620000977 541240013 234507397 417382764
638633846 686066475 535090381 123513640
980016317 15924763 810962412 389447036
898789375 391551586 818830875 661559137
296209496 703007201 507027979 62183398
142667637 526523778 990364047 850897793
379116342 4551451 140453299 994255089
398449625 34178798 98757998 575701478
621589594 70515554 177730111 71629736
751382480 207886088 189048435 850252578
98106812 427973772 230271669 914091466
37206515 792605726 516675811 852393293
551181695 941484502 848857195 565976682
385991440 857293002 380933432 731781114
56343165 782554166 826281726 823071644
952027420 667377577 195707361 185804837
188139662 731455546 99329214 878112488
832603605 423074112 448573153 224573069
3949168 925001020 475009034 172135477
693249300 713965548 430528960 598218354
672273286 816180507 550334351 384911668
618928579 763137984 217989286 745725628
131692478 807275532 921538214 918442675
80200130 85000074 432308304 165888528
769004379 846115922 67218609 860460580
616392955 223679926 675582921 70550130
956838866 969012880 29925107 629690011
754764742 178657946 702180519 240158514
715375413 537035334 199361316 212526349
818202713 355939951 251991015 578227687
99428673 152433738 306811025 523376651
990145589 183625647 800883795 126802543
123114258 761991147 568341397 233833758
811503315 997119075 523829332 285111183
558169548 951615170 812062917 182047235
168377004 660634560 246980247 128908708
630888082 769456281 423308054 144468619
42292122 3268259 884035390 875928323
568054756 602868674 32779660 565376920
486864060 887594272 839000603 468415380
336041371 708619812 765830763 735228712
697450771 671272002 131443227 860954667
759210410 140088590 568729982 816962902
296053598 308666951 889857682 302787121
458750455 359729944 897876087 735852391
220095338 86219425 346029151 688517320
589099222 914662758 132247460 734794978
908099287 539660424 597179644 878878978
676225654 407090191 942034185 371734888
251548286 337654170 791197472 128146029
289597607 282359646 478160094 426718344
78615014 855833935 152094102 79549395
28878090 894549115 929010396 952841549
565538519 705273598 143874874 735888759
151134078 375000046 154706281 801361375
354134417 624343099 126134202 276787459
506472980 462189430 518667692 662176213
793730624 168234534 500511946 62088072
184155804 392344215 816718132 242452675
477810765 255812217 941956588 124448238
748263016 211345941 457154817 938061163
113529853 525296602 598009986 205981729
715492394 402254928 45470018 87416595
215193653 970270848 815235042 211563629
948199871 469898637 338858209 835340560
356168626 869571715 633550176 347756131
410777909 641787986 153235449 749846833
659195919 298642954 311391391 548469398
725250141 762404421 284793376 251672255
700736576 785739518 348536747 168455325
818482411 37521349 523384152 456521094
386358309 453270480 525010417 942541162
59728227 233871850 136936951 352628304
846104673 97374145 930510749 927996417
714950779 117782871 932186319 85786499
152994528 525352584 10753253 316390568
671281501 151740536 917091544 297701383
431992944 786608491 824435885 879449489
719076425 618889937 1468116 656271715
919118860 347135168 114995770 36720282
456780816 890820396 995782073 794414674
789821487 366437176 834431322 405717145
816728395 366893056 14466063 893602524
629281507 514070019 287421603 808740238
864517682 992998823 360224367 218539000
222324712 215005777 578753381 312885589
785032635 953328189 550483295 579297954
275279672 548334603 529071713 40077534
440862134 829562052 754270396 30509906
220871526 130831838 941948023 378518805
897873185 353033685 384578184 45397851
777849715 380842360 153066246 865886066
401598466 268015453 491254856 77282452
799254320 622739088 510808381 356255439
37650058 354294386 626125266 295239813
102371464 307055218 495669878 64666473
805783756 743007440 822700722 475150207
497651894 847903624 167357720 882578023
391489191 343715514 274862637 789842168
4355963 844408427 964575131 612832899
255453766 892706794 408209459 99551085
911295947 622071001 851582692 130793193
889603882 325164038 792595619 830537290
94429258 406053721 599923219 963410400
827629889 813618026 517475373 147268522
514316380 473315585 972713815 534650265
653036325 689022020 697015010 268482031
343258464 44319142 603858588 849386423
8072982 126234731 240541321 897199726
533611513 919757529 592356461 135226769
166310442 970567716 127102679 607111773
300099418 809469474 992096548 823911563
468710028 920356630 455274148 168889877
828612605 454512282 414222517 208036666
975943198 524252939 552549925 776885856
421757845 708345047 393919476 570922422
37662991 796226468 851286739 116879958
760418105 606799977 649393208 244275493
136233804 938763610 771624949 270304675
392628625 901584711 618777775 85619182
901434417 282493464 104200248 100405654
383699704 472778313 814853243 138994717
973020028 498889444 896673739 642782642
596842715 197908138 898690381 352427464
802052886 733189543 709221862 750058369
805829042 506775939 618495890 522233473
266139750 672316364 751409589 13110197
289959921 813304091 825520853 707384751
930325406 566455093 222894259 188644128
755858731 647103331 320122536 544243805
763383002 824638446 474236248 717499373
225962337 371012636 590585026 519098997
21070845 781613889 110152705 228269934
107950350 960053542 718175507 773993850
437243244 773559191 281406217 741806245
994612322 940320857 589570094 435233123
677630929 832003667 5217848 386980237
356423487 465652045 153373416 775989470
55356602 457667954 280285223 258396365
349617950 996784286 881417750 773192746
404510381 146600484 236168285 331226191
814908519 799504273 744844736 481894206
323654458 440899618 953467242 160699933
313857274 920319614 594240865 553205005
570712259 805079019 811379764 979237469
332812848 207426240 988406961 898628820
697495794 47309622 229409100 850974867
687242189 966297915 226226989 121216275
659919517 498011417 350930118 719793772
440414772 899827186 955046155 787655161
484842297 65108942 489858185 340274572
411573031 515248496 820340334 178638202
268942611 156808644 968692357 562375134
665076341 993834199 531907052 513374688
76478361 921633240 985076695 834825639
411495665 480896094 239962298 536146607
451903845 187982575 530089837 494154587
920865238 754667505 76532242 705712922
437201748 626395420 393798341 529145434
387456685 216415278 895555140 276983648
447291039 389735694 147334711 802822213
350070113 454820247 147050666 368992184
226177514 365560750 726877750 907875972
543861436 202437447 228735700 801518376
472104730 267191012 483257251 453369150
330930500 242823036 134296253 939895080
44778971 26798797 947705817 7877535
597932052 726753204 947384864 414230290
642281461 993121259 804139702 700431757
574186909 472371775 678096456 845821508
939521734 143579880 603814808 784433371
768548360 118557101 6466759 728981799
292361146 141021321 872856238 132928183
743121355 877412837 916391767 6562734
854412766 599638692 428792553 585128462
165890289 713933491 598491864 465698952
571365704 844809552 941398118 279269296
431646721 679139079 508907499 736080703
185861436 387676720 513073386 695659083
585714045 490478994 665893392 116320196
89662370 301400860 546343069 486722876
134580676 676474299 653581268 239204637
879917681 492214030 229559440 415741850
172006254 615834553 665797811 137270969
50688120 593849985 227648247 430550165
474489625 406577330 180922975 125179314
866866728 95789861 681130827 419335785
857248880 367463870 415902171 535997976
698327983 27417540 759854363 835103803
317987684 596365557 244046190 728176918
404702763 795758265 319377264 7508587
646647134 230292549 697740528 659791186
7407183 437718945 925561657 395463903
670722164 458814199 344178526 133926853
841017206 603171024 578974071 952794376
214788817 238426323 853004714 893280635
128758833 629315376 244284857 91565962
787585866 382840664 420355390 230367510
245354820 246123212 528523447 51488282
43451854 60057284 291854017 700377886
527286488 540247172 316811134 245617619
735934481 174591143 545688126 457267777
216458909 781662107 825101597 888731137
146819028 412881972 190861269 566799950
649967285 308232205 983358189 709407167
737336137 5176741 193081880 809635350
646208285 346814918 320307978 685416927
452542319 8849684 500566977 559741376
1332743 187277764 782533485 349573093
964843850 294829013 733242875 788842029
533477035 162631621 111997816 817136326
490699626 755729281 866625108 944846937
582031262 289338359 638523206 441511838
404228464 873641549 727749958 555288152
277675037 795829871 815191563 817050777
388132514 95155608 118898828 280671623
104225148 761928895 945758200 358906277
600021038 268029217 505526257 252120408
768906809 606865482 751423454 136199825
218582004 405182956 727191182 645142985
36682884 191337563 665970157 692925861
517951998 642782388 573159389 708842570
122584246 272195017 286169823 830211844
275136100 8326958 769657821 286827364
286610754 893494139 195653486 496077277
461835820 43785786 653794469 937231796
695603292 962270764 441320863 33492414
677803205 171506470 430970846 427134467
532799422 197858426 401799496 314629285
209721410 370716437 888812633 575203679
271561170 616176031 17227800 798767104
600787616 902419573 953064658 524272289
676901279 163677344 735869255 906992881
881997859 154861112 105930382 913477999
540642175 418254293 597887973 455727852
106520574 459747583 919493469 808207940
299003878 11084944 616467745 746504428
211205231 603164722 943033633 543723216
251584497 641572465 514746237 629910095
619131170 98809656 581896505 103780066
700858837 348187752 837955357 888991425
346100052 816552207 67222908 412371334
325561155 43208047 702136225 128970065
663330867 654933620 862371827 798522227
391185635 714464303 863906928 761325367
23757832 345114391 489637226 664471374
880652638 176299679 947401502 671556147
156045981 610379192 560256948 963324929
893415524 61927541 581773993 197046096
274628877 645167209 653584120 649142810
348295725 741393246 742485730 462598740
872372697 58432797 56719427 787769199
8737220 823449342 108549706 699837265
185534575 312483473 22127476 433226054
421468392 768573257 333250185 716963706
287072669 441183113 597789808 328982183
168108861 497126398 274611984 782093597
358515802 486292483 26359586 44085860
308662285 889146099 472341757 602541221
141235932 572573770 279360486 284736669
42870020 957001294 636893231 952549132
961596506 794314938 218009798 991055802
661760547 886655462 686035483 820447829
431484887 244211542 18062877 858519805
990606033 316721783 399418143 56605714
669092981 1349656 590208145 252065779
263388793 455389173 185682238 49986698
668903832 183932736 79471776 373490504
255413508 571194957 685643293 133858732
542085877 878813035 612415850 908135369
322110567 113429398 609532879 224010677
736332948 135658164 280655863 769322290
370831437 755099134 880751670 50674625
832341718 557593364 553075481 447994174
832532108 709973247 781696064 598828900
28524420 441251822 948997535 895482051
281155994 107733195 63180794 595694632
226895563 508243255 404618184 368328841
358125576 217735705 872347271 600504927
780050182 11191327 172175765 688623799
783311984 477949171 621660503 985773255
442606550 108970473 430397533 224204388
326115913 910166284 166842088 83688821
154926871 908932657 701990980 324885924
988797804 752169820 82062887 208564175
454103572 599323590 418049773 290232485
958912172 626355674 421429980 769843569
39599745 602781392 568675946 600967413
88990246 136650795 472748023 606782933
355706180 927384112 148736555 373662673
879635452 234356920 794525109 278474949
632769263 638060621 894400615 680683041
475271787 831090447 356528099 991023870
113456834 576268790 19896857 102348864
289611600 744126237 337287035 168510811
727301197 567378754 832736596 506178221
921645936 587650977 785415167 769004014
908193381 281425569 945138909 808532382
188126384 522413335 676530315 887994982
192987246 488249432 301619502 258287768
925722575 273755473 709084788 359784695
117607164 632059251 159735100 544309835
999853664 751740310 14273075 759408796
229263036 723924646 795668182 224293570
658437022 815299523 669488651 244160982
15129619 348176510 125623007 665812727
571190783 751444256 537942631 874016354
340164009 655326952 971320423 676210595
666663266 594775736 739607460 921234699
362653520 285057718 663303861 317169503
443525527 690471789 455632958 649661096
977022433 512871625 320412295 725259811
596689783 828922155 536152536 879813470
889707045 235951465 252951707 517388319
659484337 630486101 64960831 565423779
541985083 761000221 869618446 602430527
625787654 553987867 192143847 14688969
991919458 561751129 824953298 722990925
16942302 829982622 504302499 342155773
63035233 866838567 763114382 179608528
862134932 899707732 253306824 618801133
70412869 969699307 681501124 216809743
442392441 40978745 332374150 476030003
367007741 487363186 857448377 280830546
306473700 26472418 354437250 260494845
606953422 566136927 225020729 843775211
707371727 704906697 195517415 261014032
710853557 893019294 846463762 345332828
269464716 83809160 986178517 363791435
535681975 155227478 203779326 592853504
11569789 70059553 860672322 452494074
122152295 572317743 180986272 823298268
737563847 651058343 436524353 913566592
164866645 707400935 775790435 450233818
412015123 409163823 368401361 98351000
781168896 109525163 917005365 333907643
309184209 229139667 239411074 338558173
448866671 213582670 720776955 17635346
669764602 612206158 628371108 911222838
909508139 290415124 262298853 247705979
107777005 8568707 180566794 512637277
852901275 204684132 969095721 634107858
84142849 129343 718656535 972463884
412705062 598491187 805010309 690687915
201847467 911639449 538505525 997935318
120128537 285195866 490889999 539874405
543412291 65525241 445459844 437910605
689008002 481698962 803028711 121116085
926463933 409253064 713297189 657594524
937403237 926678878 905580475 10586390
803705199 320124692 989111125 271044326
912237473 90833615 89363389 430983580
893708494 83312707 491196576 238379476
499994618 589993990 424636233 237932026
250900158 104159997 219111183 105055057
486644627 990808039 414720383 66964952
791824046 856576549 708890143 188256447
822510309 940009613 268107286 205212392
434470046 612214237 564614397 531365086
281288034 92873276 576650959 297975592
79111302 907357153 110810762 476225801
434482174 212071806 345578663 934569043
270867122 771504953 745168396 554590961
393566201 268356617 162063642 102848388
824787733 758415419 508283944 174334999
330744769 135645926 844980151 388166090
247950918 57611405 913531903 959278565
996319531 382928346 640852684 968584392
255123447 94792130 604406841 647416501
578551799 353334044 957915521 440559256
341370223 815079412 915537267 216898486
105271814 518594039 129571913 6650166
935940293 993118897 91441392 535348474
131525543 433078058 773832668 244195269
526579942 918201455 594081465 494409993
536120427 700987282 721727713 389797773
574906578 646620996 697902826 622574861
680010385 558854371 650529695 656250479
971031388 126113343 915062244 25999318
351666426 77559752 556143102 179749861
955520278 531367782 134118150 544947751
469497654 681526052 922471261 554235866
619567852 952970532 274843422 170585840
364322734 958707499 245863418 540819520
51200679 823930937 827658332 120355411
369641403 731022628 957245896 55059643
322440264 358661344 926810760 911895286
582684260 161314315 622532039 719672184
751428186 261077291 474557881 76637489
114221033 742126286 403563848 711367472
189150131 188487055 712720300 504685067
967081242 726857060 104666275 321234344
737718404 823181691 977975988 276310768
144594356 665071962 162560806 365165259
552155165 502928661 27738906 843954515
911201990 207211239 449554995 429612385
537163035 755054305 570027654 823557020
558140879 812210803 197482809 312755815
26410557 297390017 493622534 216090331
223742568 73307801 313167222 799952973
141875325 267310231 6532576 433038395
20697984 831342388 89221135 309904795
731280169 568491970 629274678 785580237
265411551 117751645 449986516 187000730
427467856 121486234 583683661 946976537
304707274 239611959 223420329 597701226
161995149 921239651 44704893 492938641
929913957 860919447 296769492 3867816
167223338 275729083 923983995 385392227
908202388 90400831 191327633 543156460
713420368 948385529 924276293 653474309
643694237 184853931 288441597 878109568
797246208 577718997 765797457 707125958
194991016 562063817 739729127 529997804
319399951 174679209 713974972 556445953
61454686 56254201 348449720 462522634
331615708 431133314 910257384 458170798
499492660 216952933 298562145 196823666
4011981 172875067 318663477 10505764
478689601 883408516 283184562 358520883
544328949 687362585 404889893 494980116
310022222 444708168 724879231 676284122
961785651 631901004 416431360 492930508
628160951 205209763 674107720 879120743
119797527 635022948 483894189 126558181
87212899 450118996 765699451 337026531
924471209 242738136 880133574 679335490
996261611 63903914 747201323 465281528
559472844 437003967 835773897 789209322
803495988 810735777 460780206 661188432
22243938 609423567 255968776 920029496
781680625 329245445 587548597 430218151
87250611 139110057 170598654 72028343
186026005 803885574 53081630 803805932
97348592 295848178 132271205 221711045
849237000 65138797 606674029 804545994
544157341 599552911 326217337 382036524
410225025 729500969 286874659 292181112
779816575 598233085 520049971 558039051
257444225 792099646 745350944 148592810
914326651 329244488 983700710 502297716
449181387 222885520 495916378 75192991
847257692 160424452 816204584 170387897
718231293 241318567 103993269 982101907
827630775 418830553 864739158 135970961
666387937 498024185 885155971 574128940
534624842 2115805 940220852 610273558
244923837 864632250 952751107 589515775
587066381 624646643 572991725 745498087
965060008 465316981 154784022 284643264
545358183 277621853 73419294 789259510
582543881 302848537 210180489 948672308
684919649 224614595 456676592 302666508
650970565 730028428 885760084 499541351
541983217 747647429 35158146 470974236
960008908 602525618 86890677 949464630
381236695 366501393 897024034 672049257
120979017 913346686 584357154 374348657
985388198 103333834 262189666 474729682
473668354 201113137 972185685 25521535
343055429 252778371 232297566 5449556
465787307 194327255 993690850 609231531
592657942 325036116 313006690 877784870
233059188 56614107 243655756 673991043
494773446 654661351 403582545 91738108
685209060 779838439 163227633 574826481
707102956 323350735 762400199 941239550
965166948 30432945 314844084 625445762
369848909 399823983 749052509 927797066
846915565 810221880 441771472 388403492
475517940 49228537 788020735 858619087
228435915 536441679 361651275 15430598
921059390 88178156 897975441 41006267
556381479 142351700 744874205 524532561
565385077 614365697 501737020 790507445
423138797 900328902 426797956 41451059
358999137 657577787 404991694 537845179
605043561 842708370 24848700 136643095
682693398 940397971 864610048 614118630
603990166 574506586 877690507 658412651
998554362 727106713 754964552 198668314
662111113 822353301 923193814 863380102
424526867 874341968 792404348 248270622
231993705 186703142 811764082 194113837
346209488 623585200 102952629 285266653
355880509 770838994 691667305 446121129
293775712 119367014 33504787 282742004
938666861 512008556 919086392 32973672
799637802 828615000 657633824 952982067
636627267 68011014 788138293 315590719
28756545 382058963 375380762 378055788
884377550 989510532 283495491 538273468
893301581 528234188 398635378 347009399
164098404 552042780 627971216 895770650
224788141 233323129 341108573 134935065
857051690 968850699 959193894 360883559
564049930 985481717 144214947 356432343
247590936 59036142 782837093 631175769
590678654 357063052 995093518 333054890
502283633 308300748 79196034 246424754
775729440 172609200 578735104 525722247
808756274 274286441 296077497 37399970
966972129 771275107 94661250 299449005
52538852 870227462 576248086 446770941
529504106 908067146 429806320 788335820
875239789 776604094 113301187 996685133
468807454 640411074 470351847 523782020
573942983 516413873 883231901 931991140
510327371 487420983 752651536 354202225
498537057 90099474 92455926 215872488
641413418 697324121 591722733 50056067
229147878 401455755 757130085 276538942
958975182 174955646 696992620 156505566
368400381 480757818 569908119 859678191
402798895 284688169 572555018 838566409
234849775 643570283 33057306 7443191
413239883 29409463 836236167 399406176
244049956 941558088 684965480 595221021
894381511 438384666 24946078 264583531
850996076 727554466 926152171 987698225
341487600 669786150 937213103 13902086
39749819 456522411 977859442 347530134
320437989 984404494 532219413 536617463
711786066 62017770 395725698 539331204
547889128 251571830 62875559 450831367
708115231 464297909 407431004 76336485
364167286 826924481 518867820 739990581
663441179 928802243 682329872 340700720
321459792 685585604 292969788 387641622
420170877 484206059 461869978 302940556
500447014 233814814 146801922 809392368
550675972 784208120 620853029 897301372
639129790 328313999 771963850 901488558
703857886 749901121 25789279 490385219
684636156 411043686 782346041 712391533
159327854 471531955 467328196 311331496
721478298 297189009 502995960 311011146
895383449 867796916 428846743 347254429
775237922 343643646 251567173 110385641
476320890 683960309 519389009 272226142
687684336 948585159 230114865 534615921
87535268 65472794 813090678 933077311
957836283 824288929 85296705 153677126
196217526 799058617 596411140 622645831
419923930 890410028 815243498 660723150
737859401 822593700 353813096 252986048
483800535 415944593 670257268 10182097
775138226 402697977 291001450 757652647
718122334 879625162 874956542 953514162
640283798 200145599 365426294 374036869
685748965 920174028 157072492 722046762
882481644 884333378 312024818 401078416
76179515 534408970 866283659 501410632
201835483 350507256 474458978 974810953
533202252 645375878 184174637 61117690
639288663 344536338 267567986 55870888
938983028 497891835 338091158 688534761
200806147 999972516 417075593 995600011
175778959 389069143 834184483 533257235
762005126 38470199 256764344 965649093
678390249 156058810 608814241 555201166
449945580 579742515 210180335 38707123
685005551 262398947 714276092 451545099
744452835 136773080 162261993 288692607
146598292 142812480 31968466 915134937
812608900 609912788 562262137 302022646
570878675 566625593 835622791 632528446
899679628 140594459 186829762 133276396
749044057 53755023 417798492 614505776
625609379 99967587 739682717 184405090
930292021 940823187 361566307 410544029
557354709 62607072 580249557 867176822
841667771 41962358 743792409 169749651
312039025 594352668 845813744 381329923
183912558 849451366 92765666 650364274
210509695 15182617 962925738 665207302
258549632 899689211 738570209 143677723
300337390 777808566 281584343 380341813
673176474 88785688 415326645 966895387
286624105 777468683 840793014 313585473
711788480 489081448 327753515 161173028
500180767 707060968 493925001 954474608
274829573 691281476 796928675 851073209
504950416 616159386 832860129 750003216
667601004 284479156 125466356 359822437
776918528 271555931 512971803 745160357
820597203 796221262 503747306 229809393
896382240 428615998 538728664 675232069
909514816 525186644 580408849 690493127
989183090 325876062 695158398 888296603
901440605 924521118 687167052 910745144
556376290 737116524 733492502 767415007
892494171 588660917 722208308 77536787
602055091 434187257 445418637 557825975
805934157 685933398 482347586 483690934
882142544 536430772 431018647 667724531
38051701 836068526 393511013 517711452
45208558 21931624 323666218 237525299
192495648 722318899 915593783 481348022
933336097 470346040 609122391 600148925
747312854 956919859 339358891 294654584
809001496 953240980 825988876 250252257
197312529 453333371 53247525 552184252
875520436 892179298 600892269 377301743
941672655 829487580 836678825 795713490
353235153 711234473 753969713 406058254
502202491 233635756 796730077 350241854
151311638 204236529 946922140 454619116
994745069 369080849 863276925 954817004
600971986 81638966 91399860 144794176
59363394 522385734 770163081 160269744
828521327 578649080 32446611 545212123
68667206 605768613 849958862 441692145
779062870 900844473 773025210 742645824
465758670 561393613 867896267 554551703
784124147 872909717 664924583 289621938
731831283 184822717 18976159 380261252
270811133 621544143 379316781 627097124
555769981 694906754 316482190 184532226
183070788 546327337 834403877 486134092
51368564 928206522 647249101 585742836
176315371 740621974 206175752 718284041
341599991 253291544 972729601 50275517
987905125 736770920 894055720 590954718
27325974 462192188 395652519 301102694
429021116 554783553 689983842 846445250
347197476 119451522 747416906 136437343
296038284 348169262 907777067 603844829
959362738 404473687 112281456 438817243
659287271 83945893 942019130 42555279
297853434 655763996 819390704 197910312
462990065 948769482 986794721 238231305
478983284 433600320 692643062 965578926
439191146 844060595 301525010 706386062
842919997 442944783 728742239 312869802
571081480 428668207 659708026 846339976
665037859 887521879 523978962 94486269
742714226 213638428 964555444 263143322
946728123 127717593 664834018 680678552
576807310 47283841 868659495 938667398
902486976 474336722 606345969 916641433
800829756 874258413 158667876 919042124
954892988 75617981 440665775 196908014
598655650 801278029 614288062 138870194
696766288 583206493 943314584 10337972
689634192 269528419 765208232 117371768
922107052 282350425 459149116 352996748
888129134 567523066 481216094 795734656
110393567 48309145 348117605 186414532
503351869 695923567 874992727 761374534
542730730 120674977 344291305 867520522
300809649 829441489 295038866 162385922
468805971 995395334 794344340 978743933
61372421 388786104 657929624 983969333
333551578 171320995 485344833 885246618
112973866 423077704 493835776 295135572
943068270 723348452 926396921 884249804
39729916 7918326 278734458 447952559
996095032 705923957 697008720 339546552
658377055 971573227 872000540 636908418
473690579 585076326 560159391 619427142
297170613 27583899 993795234 848742797
895437066 527875393 790028324 465309782
314165845 67049645 926313766 805909744
870720543 514939546 695081070 707094794
553352533 359547790 372993986 731916951
727354306 985970524 33287419 135995248
848874795 348112754 217315507 115061096
512236840 615324553 173975271 185329298
748223120 847115638 857828198 543957707
169760360 117380946 246626811 839350538
185864458 190054795 268385533 337215997
673435077 732962949 356790690 176288255
424755723 415129696 238021292 110979672
548800351 630520016 237894271 395037730
545025731 393336242 26716423 679933322
886794500 615007886 52363806 456329080
909116289 183324739 743104926 922839974
629186161 942449621 513426922 733323323
180871109 481316713 291775349 506242537
762031846 811319522 990328758 89798747
713611283 889049509 42224108 1758608
728490757 96785414 244016716 915632721
135624526 697350581 203363914 263480948
525327422 910277724 263463413 767631044
991018110 865477421 766621890 788428195
410381193 849919101 171511720 406171711
964170343 104719360 657652935 898529323
39906475 456227980 868449100 390477736
873864 787826999 133473125 294462069
978217223 643969139 288665281 503103658
229320738 391785464 871778231 891984809
759075829 612466730 282162705 244749880
749204169 710395725 806819916 646738122
213748956 240706581 290169575 600007440
350044801 39286159 572944766 736113384
352931624 491321219 791826169 381041369
948395637 531688748 163385494 754097534
136144227 386349523 554687393 627579393
847010472 92563426 250195412 240392261
994934836 626194531 505199831 997199279
271069473 886576217 253728973 31766644
808707926 207922122 314471815 88322817
667483372 960904973 401256756 804524037
980388851 344323986 417018239 632351018
836815393 320763722 797531719 156876963
317334585 866045062 37709443 418754647
861484839 315465670 346134947 803106744
390139963 787970868 668887065 5471714
666576226 49970131 325555921 727367869
910035254 553767372 848018332 803062646
34866093 197840544 978416957 449063210
90984996 851461696 802057786 315345615
646790801 774424490 808569940 290916423
349294593 632566338 532620320 920825823
929013337 811613090 496160872 592555670
177367907 469340616 112034374 589948651
639924500 989634765 705473379 766452439
418366151 313386857 299214636 781250947
826226140 684537746 264275875 380839462
565230158 588003142 787772528 829413322
376757053 769390386 502113904 730450398
140718677 365807339 283005829 650744330
425917959 138028217 481673551 1605966
828814783 338906455 147192844 347717643
445370634 7073428 34342059 564262804
213312201 251880295 876908243 670782179
915265510 846071288 489108803 8915576
211956681 786659638 868669589 5117030
214449774 863383629 7562286 704266861
632497853 6283070 757870880 128850136
179240263 365752346 931239831 869568843
538117715 674862202 384171328 551634598
771775692 404061746 73828705 127865725
237396552 35963197 986347065 193339600
196711067 398094873 470604214 743273705
499707965 128489999 413107106 427127797
347469252 644591058 487992241 947318738
386195392 132857454 291584928 121296870
792901567 868913705 820243762 874526313
246949256 337425951 538371146 237447997
640831986 33107622 593254795 990711097
192440091 377217487 546734623 505887728
472815564 262097760 13689859 410922536
881661067 573046201 771963914 938380470
704349296 129569171 401073229 120290631
58446396 260838716 455944194 431426657
372474900 694842414 660637361 164230130
648779929 945682740 188989311 477567392
531115930 659443962 404293454 991454513
292832397 266526395 358604141 208900377
350558125 915647429 815553274 572825162
609323870 117529189 919245801 655766757
721924781 32191281 178594889 35240133
823161016 528678777 722118996 410137847
52214451 870501504 545378413 549154070
584404660 492357508 561291505 377478180
41441154 702511810 890998161 846509599
950570362 902468445 323815816 176994118
518578115 490406247 380965249 106881035
630612704 920584627 894037099 575766837
734421206 924338765 851134857 953503861
188715202 983990520 4473797 995041300
968994177 261658838 501082990 678495059
86431500 567843018 484363573 210230562
961129962 216635298 427035858 583298027
798625612 645109187 781002133 483640677
510380448 670539872 916958359 580605785
983085021 800729724 959190005 428106698
191429959 434056354 954226254 657160498
677782628 876345179 672938501 586905475
575358508 746866599 841398753 407514388
698155435 243219084 932496595 621512904
684543814 162352046 520031516 835032089
973444910 326298981 711193028 279512291
405124954 311316975 470325534 278502784
984050150 274364522 250016886 440813241
650488475 119735927 10227814 949386284
848644524 564281623 271485278 962885735
523625049 777770627 877553642 951783083
974087321 572923989 820319431 420095542
848184061 230312283 467295235 679300532
967071152 799654572 104618972 452839564
992839455 537067781 604230199 146949427
108537111 150352878 128773954 952105506
443576968 721443965 206816826 489199044
962431118 567790893 181917172 639858853
52842707 459222930 766218228 985992098
458506030 166518168 43420186 85369518
956357691 438768180 719836639 215414016
739255808 219339967 641935778 649963937
836712689 915107483 196400141 810852687
779686390 815852199 550306185 323144994
522865429 817147808 112377370 215363734
887692197 211944953 553147197 707641695
944346911 423864553 317983222 199821652
155038965 665042114 889277458 595626747
253624105 584405477 998461938 572089766
468389031 418763650 312828066 804309459
375333308 819833046 376395716 26561118
449705924 471091636 730519925 969164033
311105697 53121981 870836982 947521692
39669031 800519990 432055408 543882162
767330101 937583304 691656831 513997593
161098537 352267614 468806956 859563706
894840306 606574574 6990168 54529766
437860873 779588682 246913165 778688549
304664467 338487448 498010162 744053834
81027343 86846010 920133921 213917215
606263564 606812072 671165351 407127865
699622652 174636138 841857886 430933409
811582599 60072101 869831565 782037423
283787725 104001475 514310805 769404542
359478237 366110588 467139004 826768324
583718708 289354979 461788355 423852022
473867114 106320240 454166027 262244471
711472012 349382647 982826995 793330790
340281590 958003478 573560308 457945410
200548884 663356922 238177308 311041488
395003472 689989067 600788578 755265731
250980471 954005014 805996174 75750613
284803417 707567770 547980697 927017133
619224235 100058684 628875692 510135446
95723613 312807000 945016758 946745997
893805179 424925721 578526423 411527826
108223579 617852846 560086581 880469791
328107715 383232066 364073225 349650676
329736721 661125946 549045139 782839904
847046955 518006741 470390627 571823888
930474064 353810093 293388874 505713941
888071163 822938844 621335591 477283254
99978895 736468326 666161935 74099124
161526576 975611075 452915988 832456640
567780837 400680448 174897929 713571091
614683867 40672224 355275097 972549407
778263951 950496049 599633856 223737103
248853850 478754484 709772421 356620321
936760109 254237488 612162346 90506544
791823575 516107547 533941221 150118895
748362459 246161748 488490583 735388293
295254 324381811 993366839 474823409
874364352 631949210 586867143 169490880
863014668 297770376 565237868 683897784
762748393 502459582 326477463 962055110
434174036 637146963 407658596 341742308
345343324 732623160 814304599 40918992
936102573 584324186 868561507 179267772
478701517 879804076 252314064 462305584
262504878 697180578 291752917 418849166
447118284 421316814 44549607 353193304
836527009 751355611 915899271 191773085
644215031 527604566 354235202 907894856
164436679 612356870 837526240 192034052
427749381 553475454 499951029 777651480
573255658 564803590 400871904 964993748
230607077 400047394 423142889 547083292
181198262 205183117 638337246 28676161
552859660 440022297 24295065 823107391
922377299 566222607 32814664 529859914
240092995 799860725 631610226 832490898
849219817 133493929 240226340 630916797
3885553 157886990 732362057 4811276
114576686 502114349 803452064 357831286
208308651 275242697 704763592 390671825
239078610 789888078 264392504 666703157
123424718 898369494 547345022 327012707
983145192 410655366 660242242 986249770
372281149 556258870 774842431 584865341
981245460 790383438 966940970 269407746
651539143 374170377 24121237 294748568
603345597 337640808 87400301 686457449
151802044 114570989 728344325 966565468
179493910 190681870 66350711 332494616
175637498 603993891 104739880 841962329
243323909 905815174 416881508 856445381
674718431 353610301 710756085 323590715
324309231 835643877 529604941 681429084
754113480 353623381 970607535 196063671
538566864 64081759 258822838 235255954
911974532 791438245 402605857 84163336
484891772 227503104 354547543 492544903
199050089 646648413 801656683 557819942
37657936 89306715 136013018 439893932
663019864 128163890 599717025 261995812
53201646 180912454 55562594 147624561
156355755 138152958 101594337 549061546
324052714 635755838 835292096 521944898
626148595 264484074 391489115 53025449
205099097 505559611 556747323 939898565
246175446 86045520 9236412 926727089
205376525 171470752 464412485 521919729
846057237 444054103 722143664 519956473
83918354 54915084 583817825 683055345
608954808 386016529 50720486 44185284
33993323 634282985 708734634 277834749
160702038 208301408 186173199 659330906
485340725 653202844 185904494 982858976
103344285 659579128 169026148 936780294
98027312 164140146 20487840 903190557
620162032 92836949 436176831 249731677
496803437 420554399 689909448 800956266
175591441 41810031 842181691 666124408
20411268 112633207 742997006 580322175
234549891 302363933 581915512 971723643
220615473 46484636 671770311 700234186
471883537 227795823 131660156 75559810
721986331 394391101 299150130 800867724
847764953 61420496 620937718 487205159
569708187 256591262 15690401 216745951
306460396 994799907 497992340 828322720
326232132 836168193 524237367 762993906
440595699 608012592 160581128 825421510
928977174 164570091 126238922 364461616
721937617 900596300 811513856 288503556
531742176 719488651 423026373 884150149
922496346 933126638 89794365 483643514
493971487 4060768 444549169 280183307
23827106 106771223 157426763 978622188
291960145 757211469 920637929 787592834
378413807 893781140 361037503 387307161
56590947 611498562 152878688 316806856
692445999 878674972 308446214 761990326
916217164 128919409 979212496 696162460
300124861 191237768 359388525 147870660
366990769 61777960 359395212 508499901
154104556 690718782 939108379 719040380
649991303 342731951 935792798 898173209
561264304 666778957 449326639 200769257
421663080 938405913 746402839 877892849
255092881 79843392 781314595 307815296
270178054 824022657 6483339 221790112
501965253 928577207 184299666 529548525
278067969 464487443 533756975 708578408
754302368 128281401 250842262 810268928
814183401 404447788 19300549 744204613
149364322 74722134 20244471 675873731
805200378 115740460 426177458 559903291
163334544 627500055 267212688 606102617
356605891 10320000 747240925 425192108
474289100 716775082 927399870 849506689
575312463 223670747 999446197 485985565
662650714 112856409 751240391 622405598
99369684 852380282 616296316 143709353
621576860 295685493 694017867 549028034
182772618 457339127 571659416 957699325
632003213 571277707 896034315 458710911
743943685 717029449 81918818 506144419
