2000 811739870423
738330950 98276727 850043871 864555379
775196844 375790591 768866965 405173774
876934602 417419020 199433991 404803746
232772103 152018196 908540802 849526609
169386169 638269853 634863692 26611856
682968711 325135474 635340579 864693018
601986276 756397505 214514645 256461488
103787798 682220017 976995090 747027028
934290510 925740953 87330323 659880817
530056996 530233714 800163034 893333431
83000735 792567855 776478682 940809375
153700328 860572719 994660032 647531544
825245298 506194934 692178472 39368543
834358901 618593305 687180309 143282252
160768351 44803249 920955989 708554825
378386035 533281995 162704735 657107509
422338965 767776148 94601297 86934055
974366719 624334242 388119367 693486907
915112901 35127674 850791644 729724556
718732352 498951097 533778320 48059303
190728378 541285823 876963642 699321483
758840589 95585756 47322432 446751245
979789360 74071685 684080934 624528210
163325703 800887866 15160747 950486917
868994332 246570864 115714436 580995730
507131621 538886908 306824821 903858358
515722072 840423092 878173905 585339372
163598955 61156170 390601218 672058618
203109042 655064509 12915047 835760337
767621557 918741341 381587433 521554163
54393627 632469974 744343879 437209576
974708695 337294 615850245 410239336
733899581 888165767 170880288 598681732
884740961 873970319 571909368 570599576
220948645 206745232 714043589 682642093
118193173 139555485 480454021 522004967
945268071 273218987 836993064 573702059
500368491 506304702 485454818 36144484
517098791 132492358 715996436 322055439
970749046 956301660 568711504 942188514
323069219 547980799 685109426 639525373
852975143 106591506 619373945 228404475
8478421 944581740 186369787 603550892
35133117 861669660 610705421 395549360
877002373 814054151 129902243 508589669
756911952 443984889 839223179 776663820
925621072 63262992 951233124 160919601
764991761 659221218 625898633 902733006
296010749 974494149 559014100 330027748
709764143 21506532 756193780 836385736
383544285 552222015 436205840 797091771
878499567 473517901 158895745 538835158
429790628 643736795 568536996 26253355
831292490 818206274 267464521 643717532
869859955 196965501 488943369 128907959
46350548 239629270 151079967 532966994
301757169 551376416 502434422 909554843
207519007 978399072 807964394 197061353
132993465 135461686 810067892 195099460
674876005 624776829 289775257 121771702
465630572 611158332 700343075 966330335
167671441 442690769 724433927 980096782
894104352 898071659 659816371 824219774
787368879 394110182 341253747 977322452
381748374 760388637 644105719 655935995
418854059 902564492 830344597 997478091
102424690 704502531 404814270 84134245
761524967 803726587 198590039 250979831
858524660 922191055 524187792 952882464
548175383 364396500 599082325 308833420
479970013 275052091 201928610 83916485
294685572 490112225 20180673 54975493
333036185 116750179 5047902 841335904
800287445 660543188 712925862 8394561
573787389 297712634 630192684 712185326
930456414 143525735 928038219 994076968
62295494 195856100 252994498 118631973
1044855 974649252 731410281 440694981
998675477 336711093 571890083 439762819
215692255 176316164 225226462 223047965
80167035 221440805 786586854 547644415
618433319 212302405 786602140 705881344
615659411 774634112 824597368 360068380
776823959 884065299 414026985 134065277
578345526 362074520 60802568 852476535
754581166 595100380 270043196 942627055
725863506 803444172 813838839 644902405
304196554 504480465 248197926 820328724
704007021 941933978 406812809 290827367
186461519 984235373 720865237 284155926
153380529 312455465 825198078 854625373
409343039 464644525 867092612 926495051
983656961 408606086 551391772 227919263
696348111 795571880 588096922 533089650
580707907 835923188 2987785 237226555
767200016 600190787 186752109 320563748
142976441 441444164 675846574 123260481
343984373 662719457 324090841 401516662
804378915 253091466 762879649 366233763
930760243 18332339 881713082 890256557
908124971 732948415 888922924 968003342
501634502 200826589 338588152 696819530
704734433 952958790 804805722 119258728
585554042 569869261 564259157 229573104
324505332 617657812 933951474 726586125
61139878 743395400 769101573 991415166
295753304 513426306 788207609 426349634
726869440 396723238 775989318 325798987
444138895 693592677 49778161 685692442
626630075 311693220 441221969 966534725
795729314 254917131 531882332 880696463
696202750 63303269 977884954 34396184
798177130 524808305 932569917 976145010
56399018 478575587 624720524 534400575
56086926 482319937 242231203 704144797
870917673 666657191 77861922 492836981
872354884 674255622 943762973 898851062
759408490 158086420 521270168 599178935
118563450 573093284 322908729 267254808
300787412 71348927 151830257 118360937
606310205 176368760 917161436 497108816
170814490 148490098 280706807 961931990
190781491 456264716 863543157 669330573
540691102 565577565 198119960 683311647
882416800 856298449 212410877 966731943
629076651 520060054 685116952 934399118
90022103 964129651 369256916 319307833
142972454 67938663 800569998 680984977
147153350 591248452 598027786 564805234
113314843 482819642 294211267 458391431
394967111 868972362 425599563 585369826
5981210 73470422 820964902 337072232
749039498 328153944 949496958 607548647
710928053 817304756 880631038 275013722
329279805 473892078 308794087 225045042
820622278 584710443 574529636 42760213
142179630 633875284 31945631 971752094
367428517 653393495 941575215 756182251
443122990 1369506 637243053 559662207
352500138 483040709 717928552 976082953
773680304 927918990 261625235 63636297
579655842 256319096 921608954 460005712
738492296 864264417 126860861 414614672
524581481 619139134 248059430 3562388
947797255 494088390 227778069 251960790
495488406 367432941 939663910 31724365
685708179 779699408 212732042 864181399
17791879 176443559 598847579 926219931
946142682 678308888 812976301 558109152
116695902 496336490 199519854 157662948
194200117 644739113 462242945 772552131
152723761 502171799 244144409 779577167
84270264 623269377 258565859 132798557
226376783 480764714 906143764 53404222
39031165 156480527 372641435 944914863
656899119 261670683 207308411 853382169
982175369 189677593 875741044 401660292
403158839 650569103 170308223 727199433
3207099 940380330 991740053 205984066
516375556 534023191 967767310 31883828
910147622 461759671 323212330 571297402
847372305 456090526 502497870 829056909
412530480 157239016 296444583 977277528
244718400 791683627 938957230 326408207
983771594 310276676 723817650 726978334
31839775 423700744 456122872 44223053
596282646 825094576 381342362 229608552
238505225 236685746 70969302 839225778
198548418 962312663 831824208 964325599
940935843 724995443 445272171 859993215
997672300 798454541 558455567 569746976
966282333 40132751 218546126 531449951
116968936 610597414 131097526 2528098
770494077 551550626 766859882 262921178
597039962 1438111 748538315 283158785
16953180 66459143 376913762 223331968
855858267 187347247 395321389 808365274
484524125 615984800 179936580 790149280
299180312 932754683 164816491 419282815
401456979 263364157 225781038 7950192
676880068 740059451 984596684 326480723
833339626 363006434 541654646 515972128
525423 911616488 424847602 729374186
566781769 341578620 491977664 671826405
128124751 291620306 596647832 186383622
771308935 71486549 829036368 482280979
303335570 361689306 153652011 26668848
335301941 734203856 659241405 602850500
962989447 427349344 541809355 237907584
129849031 360603134 84381669 441348460
545080379 112169483 233690258 505268505
939157388 556908977 906838885 662114728
255013822 217776535 745110627 628667586
291027630 105878518 162856384 124233224
700854218 553596150 857731583 442239516
123337695 829634100 934075687 199158924
627778441 671799072 150501140 90303542
556737807 774356985 621772939 429502259
97424912 953962804 140039108 96614267
824037965 684645632 424674352 129690103
147947082 188785906 602853395 181849127
343916318 822542235 369477524 621851568
64460340 593550980 71428690 62314191
840114142 16080426 404560735 757868143
34363193 193102082 486262975 686316524
832616623 36509222 866371869 222851124
138355210 912103808 904445774 596909855
820784734 431948725 181142036 25843427
803102243 896431439 26452177 823454074
417785967 812486808 614861239 448092169
546001405 97751516 987929323 682988144
114323551 246296808 850584277 477058046
380755081 615133407 336477563 852833489
293084503 502427646 936018928 54383817
691761040 461734438 126139587 464311513
574910704 33446233 226469990 767482110
539229621 886081949 892756228 294609149
485075261 281573689 520644214 620862590
850215661 38837486 503434758 540616700
962232322 283986764 185544920 628161216
857662745 533213418 304338580 383506269
21547441 926541541 613813691 87584858
841925581 7009116 177715094 416373881
984044499 380216555 797192831 320017443
420335191 774872645 173494461 776297383
157596072 149027356 412489710 377267330
927214825 847424299 260560459 406190056
983586669 343222 302156366 873257897
852059010 80459886 539567220 109979823
166188402 532026208 296410771 138648422
254887269 438513052 46429370 598036635
540325521 718015427 316742453 445229397
202194469 630742156 231054960 949474776
199496583 780911717 76756292 380474369
305898766 183743346 958600550 106646493
530189631 453820920 10189745 234018238
308574639 645967520 189259109 456407512
805608169 290721294 168750019 855345065
543592659 439560779 348745199 864124870
407506281 49193960 830139526 300162497
334859412 457737729 83961816 688786757
461033618 650766462 656516132 655367519
500937763 462632624 414129539 296618096
303557449 906849835 853482505 250093399
349935480 260611642 281257488 198364928
643041966 549869634 598352343 346364489
928319083 799475280 279728289 261078060
659126775 135280131 187660835 774726949
965571614 220200499 449630827 210428758
14309832 331182904 759205233 684321071
293620146 328214753 712427154 362382007
537431520 659950209 499592815 549307998
387007030 943387863 499112504 141782664
799170471 138357842 293397512 653062436
199559317 932365228 67103974 141100881
309783087 285936084 139721788 735236614
154601792 223757620 15216688 233786243
454851875 273379664 866953695 105225908
808367509 562346878 864490263 290476695
358491129 186503616 174658861 846387328
212419995 299394289 541166720 268215559
860862593 305410740 937541029 412902559
878103800 891259875 4181926 187566785
939272746 220047230 919326091 904384112
745028844 133532003 623618045 69670638
834245851 137696022 276171488 791892385
276712341 598482725 796802256 54563309
641423365 769728012 473377965 151531762
850239002 210370799 137444921 616779726
286203477 679713289 867635038 899146067
437924747 294830151 334819364 171414470
477963195 110602739 563896241 699701779
92654293 604711636 695048680 146256559
368211400 282023975 351193505 330865846
531718895 493434276 194548543 393772311
47294303 413143768 719357224 958810025
85503986 701590204 37851760 492419862
909226265 971990880 938287463 125869755
917561786 198748533 598052779 178156357
258846106 528953212 241640887 336377698
579213939 632376161 441664714 716955778
119326942 397629204 372050823 216477404
775063122 613922382 6733887 952959356
964506953 160855488 468848185 535335251
991938477 348855539 216934794 363555998
982345247 627181719 251714862 247055482
505217675 765876733 600533204 735767112
87694353 259676158 201305133 62604646
970619714 150158240 513769482 381765988
104007410 475208188 20241191 117967458
396824094 694358144 775535135 508657854
419495614 706837050 842688460 369994192
191614957 295957635 427277153 663312341
819914144 872028044 196924767 709080949
978240311 675820138 345725665 298894372
199247874 542477032 487997592 220179366
26756839 980781691 649380486 293687694
847439394 864939117 242644638 493747104
642201927 713872880 26369397 761268395
975873924 992440496 822417606 575560699
617799024 303046217 492339173 420388566
842755121 373303244 714791871 378308047
372211616 571247607 686250573 808215374
122861682 573693266 854437149 14789379
187187922 30718432 289802813 155017832
263069428 168594370 756383431 949377762
839634050 351897858 578676686 503722185
120289726 738461793 895113898 945026083
18236089 322970912 863513393 934808177
231228124 115751746 516213751 35258062
655190252 338716995 571092599 687808223
567624567 35821162 653441740 774025587
93734704 747597593 201201801 942504914
55184078 723131951 705415326 518794028
989113262 919479636 986995955 35716459
935189640 463561460 957237161 94493356
699692003 898121760 616587929 344568954
988277770 750311494 165796901 741758308
227221209 520852837 195289644 33762165
127171241 820991334 236737182 331041745
281348579 534715018 598829175 671573275
161738272 370776930 989766694 487583353
515053914 705208848 285100717 671198561
875180329 341848239 131008031 35106073
663851457 954275837 770198936 755985569
789275001 874032188 478310119 302757675
515584590 422766727 806988204 764265696
826364151 336221163 765297154 219430822
312784126 202993063 119742368 820149668
13542991 617065428 948596556 561815458
557398390 395285995 20063536 407002882
385654888 937851477 53582525 244828172
646701632 455943931 863156221 179360927
441986251 661313385 359903828 580359223
133452264 121864014 502394474 812857096
275875865 285904856 787018318 250022763
488497282 511440339 139429658 358753128
152496227 115119014 86584252 324274663
414098603 641851549 295089384 195519762
66499825 658329235 385693988 576765290
915731495 614634862 505346162 600387211
655542020 97210891 173920422 657992580
243098653 228336609 576468816 649467937
810709944 314417281 60962894 119629181
877378706 76649082 619194840 24333592
416849055 975612331 324247324 978449568
758967219 754128396 482186262 759695766
821982169 264149451 835901797 68689080
720605867 756583298 47328988 615095759
715055543 319617541 722070220 209228676
245789533 67666464 521184073 340396020
674894297 977619611 457486233 806562897
720436556 444246960 431091273 101321794
81839142 861494349 131228833 567261034
917710242 731501466 118541421 422477678
756028601 133781848 456824083 295494478
194452558 478249546 127406367 251408136
234995180 866691073 280400925 622951823
405258431 210694925 449545230 629585527
528138677 369502401 449688304 671918127
619072774 950085181 950155598 30019615
839091055 437446645 913767324 157510571
741478750 504077195 554751386 554518855
479416513 878523616 579656454 814706400
176983899 28082833 277581661 636732505
625251589 731649434 704315836 127015736
34439016 818662920 13156896 413336104
842689275 112435408 850012521 966607865
470854236 18613747 349302064 405403156
676158586 637854550 210681435 570154622
310699146 248324430 608292183 787759984
571648824 390084910 722564678 249561599
611634515 410401823 169410737 244378288
398583256 579456459 87224644 261691925
161960683 179899697 325923752 342993576
768700816 84416799 874916957 559620354
879404461 328968755 786451222 88948698
205270584 867701129 655136975 581121858
487534657 930483672 312297900 480950388
681450105 804253110 972987280 373030047
598436838 229291289 945544942 357750559
502448972 412799865 851821080 240337046
824782707 401769927 964875711 511692069
303243504 333317156 718750356 31212745
290107430 220907896 799689571 40966953
244989576 476349261 486622110 276634023
238938446 753587910 539627655 797867333
156979662 664982280 112486838 105296920
397394305 365188493 920166823 361717950
531612738 571219223 227009204 954855579
426270798 661455794 434131897 261682120
785305519 473800879 276105210 80342004
842475881 477878385 122130713 328357789
691984600 313642315 771626516 906716014
725658851 877458243 774175717 232761980
161349018 74901569 31295339 2473588
57520023 227222409 347765142 959196556
672840584 820714808 116018052 113841433
422254325 888822364 195123598 931427367
699515049 125066840 866365753 739097232
705813194 703674963 922830371 589862718
984652744 702114896 863907493 30613901
52062521 760668852 87743212 162979235
25235712 433013099 304778257 475819385
101967273 597084201 571778266 344236812
448788221 724957431 594906396 173118474
667954032 716756330 937220284 426366814
763065025 977715950 355667413 120397508
680807084 400337454 70713789 101251326
484791454 813757473 616357834 252439326
198022673 336348322 760791794 722927422
397757748 335307178 448271527 540007320
65972768 724127865 592733706 374030033
671104801 900788439 893981997 501135
332171470 452219785 300439751 955141379
706555414 614801537 511341765 206820235
872430305 850960736 353836505 420708972
963824010 45574525 844429668 902983672
843207858 31997545 419479687 863930118
704634936 412946258 752737694 404616140
922236298 352157751 1534391 909562549
615854679 621578903 930062503 981874591
672020248 443807642 635889554 824425909
894627877 862096285 418790773 505489659
962980493 384533201 658656160 523374801
442723202 19292908 110426945 662068704
335145422 474490970 316339871 462261908
846370014 392776874 37953088 822319077
391425360 544999434 428527588 960505120
863892133 598583383 896667585 133128895
599721251 786518123 756924185 848505615
709230987 122593915 716237918 985157760
862325074 606480018 696023958 52300184
811179281 929475125 891110032 768989751
667548983 866430541 781053175 534051186
254353719 809706887 928347983 542735721
492772185 67246383 597490161 722036712
493120632 657200539 912084054 982912146
571041642 471834706 65239241 117862629
126954272 948756049 885167659 881810957
875226839 328971839 681674912 383553267
634101802 289910336 7130607 969992711
529415015 680085681 771649261 145677479
863192773 538832609 950783132 30790144
151046380 536961707 91294541 510984498
880057586 860276092 799424626 552873286
996229639 360277733 655369458 500363730
843316566 53712930 652744692 609653861
715095809 536051116 480242349 258729942
111331731 262867783 230193972 109170245
671907874 551556309 260454016 388305073
97980050 813991800 689582207 576943882
77980155 964545487 368932457 666457640
211001774 131447441 45271942 9165506
473340820 262656398 881828044 438128389
506105033 790319936 765846502 259212945
423627887 575402801 735727564 5204774
748286954 667069396 847552195 868227167
656838851 163325702 423450810 998118299
890359684 254282935 824180909 340183199
4236156 587199873 371685655 521361436
706762409 297998531 83413592 443325681
501271159 956201037 735161317 537223008
61648581 397320641 915749163 164507640
727529808 434939037 586548965 873260330
925922703 974574031 80026577 814628765
741421513 25680808 266451120 295123623
670460847 480093395 933311489 935128847
920324929 10866583 550780832 121479673
133361067 788860351 935747612 187057501
510192865 592000818 919073460 991290643
808904224 435783391 914136380 848359955
843622289 68631418 88579484 773777009
899682658 35921101 876221897 576091823
988457715 835719858 446317425 1233393
779503148 655222809 715089018 589015813
110591602 928533330 584318701 953319759
992128262 762692827 693765977 4126196
364925089 656701116 161939434 731158738
111020338 328357077 23636027 689712136
114744653 236851514 304388105 759009009
152875308 913081117 791720564 917776176
680165081 546705075 864141516 904714271
70430438 583933084 518624759 425932685
499425658 891605938 283382740 25937413
930112585 537121875 997464934 753141902
586380114 925194843 98525130 259611410
766045824 404631718 86338112 698349541
401894995 255612554 752358046 745247920
939650513 554118551 961564995 926899177
717442667 496254068 137990111 173662343
127829115 977887993 479260783 509637455
561609086 374254472 470016672 279531433
256301216 984983009 777301376 102774793
491945156 757060209 311886155 305218421
520342411 748998311 94179799 368517356
579525539 705072723 165192426 906884608
89050654 972212479 677465710 612878240
888631032 301367980 836264473 423917529
25437021 658292928 749190124 140477855
361292148 540102649 855587225 358041384
127593296 165938707 20883301 258244547
839383892 704522174 64188418 311700108
7425982 259362004 663197883 975574096
265157894 299271232 962283787 91793057
714496298 131005527 288031342 257543455
352962815 117261646 497006924 483698899
568106902 398916766 974686867 636990995
270654731 496379312 748191582 694440146
265199720 827499766 322344632 615240818
57706244 481556360 743608709 57342023
355181561 665188420 950111306 386040889
680233279 434851161 520545237 812789531
361597238 9839619 328991143 380865793
177427995 295598201 165107595 752985427
555208696 209592539 936310949 613568099
350670614 306977450 759905647 189584637
618393387 364986291 642334247 88666494
801399157 601703205 317131054 753329059
594263661 412074599 345629530 953866270
670177355 284612092 696521471 994354522
22239073 552857762 437362199 736767315
13494158 322110923 249567563 701266202
320632032 33570456 315362643 525812873
847873146 896023470 815040966 759188217
848856019 932410595 39715932 967933808
231609413 296806487 980194563 742367196
413030124 292243603 387971909 218742557
99472626 9397473 701958534 424493437
137640101 342707657 875479194 768543879
547780670 267521104 449561207 276844006
159272580 381089327 292177788 181038830
532721794 350221852 988201076 536594455
228736805 407703498 166242997 934770255
699470396 289948817 566102476 631676486
824774831 389123950 38659188 870709779
952076936 543457951 852751967 284785619
162819535 202010265 449141133 813726893
298352202 775450677 318121245 847252655
445326361 483161682 525995616 469267207
361990335 153739861 308964131 973715337
682388616 594418093 81824442 903034050
81827305 531056593 457119848 177514104
345323956 929232123 779110931 347091020
266773852 810212861 23657444 736170092
488860144 900495984 610388891 657596853
66724798 234447578 227390496 257663130
818002133 644194549 595463907 242534439
761552457 55160685 567856008 873094475
392870464 198055473 131653118 913699771
252141883 786332841 637441786 498809021
993370709 269494700 722143998 743271871
462489082 692452567 850971223 801280237
333453993 848400188 267391388 602674951
265651245 268960794 877325827 279715219
895338199 288887769 752485850 868862953
291122803 379017420 689923784 185757323
763850085 933951257 170898938 887075142
883757453 15846679 501240512 240537486
597941152 933742037 761171192 770119969
929508560 832247647 853338057 397844957
871074209 196402102 530016222 135131683
16943041 602976893 669719333 947849682
406589351 159186387 888307720 302520970
355213590 731979544 673485123 906924361
281629347 77881091 652324029 593817021
257573893 61977379 838792144 466414429
945246515 262510879 439623619 507886062
521360878 811047899 617911522 589583427
315429509 70348121 768967920 455293742
944841492 393471367 353582975 439372896
890331707 466474471 86379778 963523449
194015375 442991515 900145215 321327712
303429244 154361577 202930787 795811456
603736685 851911577 617508751 177745461
286457728 30850466 397148101 516636053
790061926 948307626 854362283 908251377
66241973 602457004 323557615 797414879
79002412 628240706 919082110 596423015
73755469 712034777 580721995 804498035
754945871 729415390 361281379 904170374
649582016 947287206 888246117 424696224
451611396 666418591 734744307 357332948
897474620 992500474 87248532 164658807
763924834 460326641 307472833 536196181
46374278 381541594 582710633 90225886
61258397 729392915 36121259 584027209
998955563 771474260 538094132 105226838
685803935 460637941 924940910 826750688
655872662 208696939 501866411 178535029
537744344 218835842 631949925 732810834
119743563 695031702 723107892 713563343
703928785 997192811 474611664 201822429
831081862 441317175 79144581 374279130
609768522 872477446 190347977 798297925
335460528 822257195 10045178 937055256
138280391 615746329 384466859 712984270
301171902 390103925 150051385 495786507
794801693 488692467 57001912 924120631
879780938 480402554 919076043 630881100
886821401 294444557 680089968 784965156
135416866 24145353 85293462 219673190
86827648 279753758 225654347 568234131
320684639 115471603 828243952 511087816
171705856 798721519 443682054 93913797
617962948 605887950 846501136 402740545
316842652 801849175 476395372 132280139
105251302 282816383 503566994 753832775
844237503 712057336 818872743 876048679
904871503 208416631 314462580 93205795
183029612 527768860 792019086 703200168
420658656 542364663 265543822 438136564
172391695 206997588 467093390 642702927
415336595 473443128 211999671 120006289
106857777 63104497 463790029 244842009
983627277 660762463 427712454 314051038
71909207 76901224 70101235 135968672
824013472 947888406 966304606 394789020
757774527 175787282 15179781 895918725
176489816 6239709 20679804 508795707
945061458 553681407 664483229 226608931
85940573 712281885 250115671 280103319
917606702 812390068 177569222 523077095
813994554 285986881 10511594 376360139
805066102 842926525 121444565 947165785
639965676 459676595 62232597 67542334
368293567 648088609 340500956 694905776
481778426 627081648 281988400 255130321
928055263 590323130 268618618 492176434
17069325 150582258 472417827 692007456
14621505 355835823 285941115 923327583
87655003 714040876 15519495 845939571
87519908 283958565 461568181 623878835
768665236 57312413 130349334 272502244
179432088 817603907 304264011 467514466
346984474 644662738 308419553 728246156
434844250 492747490 358376900 924960136
104874378 642300946 423855830 884887131
40542601 850512187 655721715 463423501
882803743 512025869 910177234 564955735
612658991 898812986 582072113 822481454
336057122 974363485 515581796 994764665
96713070 662709883 211440517 603363242
320392206 166097573 763802348 496812553
177792162 488730502 569875545 863267163
785332875 816129800 225879434 816117622
333948186 881474383 185764226 25765288
496025729 725707415 88904150 19330731
541714144 234863187 806206758 191574539
75963405 912427015 608210158 303133063
370195587 185085400 999135266 251819024
195008944 203414203 783892370 359477117
502184219 112558598 538989614 886206200
576672190 815217462 153137373 306564389
520774435 669122268 318000465 73322459
162232364 950051560 756694542 189484799
370699206 630523627 614136704 25540026
789998226 768361150 614640306 106577222
558225077 908102262 882066110 698168392
870541556 520354303 912214093 153369287
48005291 471910399 996325146 299459557
671784051 485380144 896210130 529082109
51148883 743125414 276654725 648097438
523277227 910602730 382049470 405569351
362519499 336102565 32440279 637682589
536929345 589477089 726533280 215073662
538424275 52628006 92677123 693319657
938991564 445287021 279767762 943070196
650068266 832204514 484354836 988198649
973909019 652200932 640666346 437034870
750968556 727554035 646242638 402607671
688471281 787204760 928169313 106885981
530375223 97303484 905872706 90372636
761597401 857054436 112694849 248585191
985733874 329302373 117470156 989401881
203929189 670847029 254735474 954318672
393966890 529999777 221303787 55347834
930704693 379918985 343744200 943435218
355581821 85705817 501085264 683171116
515917159 367176859 226958119 516083437
67848196 251552659 902214854 367395614
299230469 771563213 631538625 25905471
793199256 110214946 758420138 434116004
497973618 572733547 398635239 160054787
148909644 473529998 756902789 693361055
978191444 412699465 58460426 383766956
890611822 421496893 68769869 144112575
6093597 906305449 937146184 247253571
898441076 589771771 448342213 663847091
511358673 701828453 991422226 293646444
863547969 446735180 516196026 645804227
245509093 165481609 332652374 29531549
97483636 510968880 279416255 899713265
853927288 609442183 849527666 598277408
119101131 235977269 694883938 185293194
263845114 186134232 556370894 27148381
201771259 157012280 244144376 267611766
510998488 653339780 699698331 344309016
138036880 353723226 811906676 759310481
162172139 106228551 765207378 14347964
224801251 161862624 385951952 201128717
913869452 139692420 557774756 641035530
397928588 277975926 809639721 324134083
144573479 29158191 631097420 577801645
744560104 794998500 437188426 456506164
263151389 654587187 130753539 747683724
224027923 639822836 458854204 779072009
691874593 885520968 7968044 732316872
20477098 321741477 812051119 375370191
242183364 695691749 245314452 527632721
998259369 982973418 725903215 920102200
61906270 92950238 135681238 457090954
543528876 387145693 479472237 707704859
34317853 406351329 843992658 848702784
264174106 719887692 300175688 136627685
95025977 260535107 129564620 251578510
408462763 415310326 393054197 543298371
636067300 208220525 641297442 84934826
633722759 306210103 431706465 132660342
177387621 269255676 40308834 800505463
967845826 903812545 618016118 744993795
244646381 22479897 998216628 404439253
6703404 420879494 989205487 216914934
957304864 458667017 767799648 149886078
784185641 647451164 147891862 349991140
790025166 397007605 605646313 881917594
840836834 705312070 251363843 911248930
347215022 678068503 350328075 517756404
749424207 841491518 959303112 528289196
344052903 389304223 217734666 538773384
353072134 545034035 527790892 790340134
772930139 971137216 690505282 111356588
95277755 788684733 619568834 471265666
8655257 308695766 208984957 577794513
917684617 40881885 555375038 792736711
667097995 852638579 784317436 86295762
801997590 983097250 763031958 415726010
592934893 872714868 1822220 603649288
118148258 322950508 180066084 180174108
757731224 282105025 276720448 901404215
741704452 964400279 258816465 720321272
105056180 177468631 666154266 709686677
364316991 791550104 377417339 36210734
618481519 713357424 776445340 398694164
92380919 41462569 722604830 492539127
673798478 580649780 272462977 452280172
138490399 597388065 646794603 541190915
693477726 225859370 551602389 686163317
240083095 762495881 824135682 269991061
807158062 987697170 324250810 217249948
832304738 970811588 245542819 68468532
241844464 887248846 929782703 808571021
494769018 379079819 354241945 125562036
304409701 192332820 89302479 757467062
463347240 187199365 922768960 768322629
715839756 854079480 839794591 743966612
742459633 574781083 691507462 688884345
602367645 129395395 220142286 991889163
439535370 855144565 537582038 762777
274267020 725592536 856852315 944079499
570897461 429534938 360721296 398904297
152802690 654681124 966283783 365923796
724909232 606904915 528945208 256992136
716791071 536719133 727468366 743528717
255779669 195369263 881587569 101758057
839227336 639656734 864970538 148298987
650033693 842400169 694469111 926146000
948935111 960218595 18357382 963828635
473799078 537405957 34006948 438747411
250678773 77873122 464500980 19837478
520820189 375676918 708878891 203315037
573577722 191631825 821783765 608829200
79344803 738662079 645840669 915428367
594878505 835118155 975750812 739489815
789329308 607196601 285995393 241792548
126156272 88611547 506931820 849428769
222624859 234196889 959993851 892422583
584566349 394290112 729942136 839206727
247662275 388809041 817082772 739197410
568374522 218052366 877182289 559472296
501431247 563499080 611531107 474749594
887362663 657413284 256584817 118692725
618898034 543097085 340209030 444985522
879507050 351505845 767271728 377696492
153677214 962876779 20250609 745937820
477401718 681773367 633207401 855894224
412335849 586788155 72479124 713586936
416023618 615153148 198631532 605914322
42941418 227210885 144738762 795117236
425299381 60903736 618248989 452288272
116656836 607924914 308000362 514546298
479578382 279166552 930674616 518627147
891955461 314813596 203346635 47274990
232043798 349138334 941927879 161615127
870882675 455235884 605890326 599125029
633453388 50908813 357873143 939838658
896891124 570606934 951393696 58084228
39588298 102296948 30239773 21987425
647518213 992158844 992509413 813592722
55421445 285930100 96996079 867852896
330987329 234160419 383210709 5649882
528384400 481435553 655393006 448355552
180072538 373786923 218073110 590990787
628691810 916065622 350214815 868277506
448652279 980572253 811258309 33317848
603497714 478855521 698898676 110398254
761968733 830087996 539391690 381602216
28455682 167298081 624805836 218263116
209070970 141994369 808320746 7728991
518184372 924596842 207435786 13232540
525136569 607445713 821517255 333929543
352150303 190404207 851088156 928666015
740922857 44549444 345103018 968850949
872964199 870210842 31721438 597942765
171544278 652509066 677091601 973631124
466628394 228826030 505994190 114645779
350174567 326836105 279578549 656226504
567827132 119435332 621463939 619042882
433899480 538006319 151185660 664725854
813951951 330933254 493497541 221809700
642870312 15423125 878974376 181172608
778864766 600725282 460522448 796998349
920934766 528213635 831760152 231736191
844083012 273454050 825470555 114234491
275295988 498489344 169254930 589157117
156515388 659952574 640122051 323521591
785414539 458431867 559154573 486327816
637495677 195411041 24225251 813578482
823829159 522256538 213179954 523656061
73987374 31633127 190438948 97982331
141763172 675230072 258211012 901517903
597249540 779850434 990876418 874871677
697172934 304563233 62016636 185575144
894414934 664333619 991687565 774866608
232171013 266280557 289441206 837795124
188886371 232432517 335699479 675902624
470979056 531691944 376886963 188087087
106457669 899898835 933211960 530197684
200988718 438294206 360309025 673364746
990047588 962864556 674020779 654194820
521225078 533059313 291824243 419243229
83291057 292184430 445966345 352636991
615990057 587446933 337119611 396583661
413613939 613553769 954464382 667044295
689924216 639383772 800928181 771304134
128204493 207534018 87052932 94765859
632143778 54560826 35487385 379051151
493898639 551686490 303049002 813783752
921758694 488657162 607261935 795842428
133745694 846814906 383741247 577224256
326203597 313851655 566474711 347225571
219467473 780448385 824805263 16786096
845317930 744602071 486001660 749874459
489017275 370611912 821085955 793910628
296257989 930580936 616169451 407934035
819135815 243064094 765797910 758148212
118533771 12035669 498577413 609699935
999117143 333788302 897502847 389757123
260865639 734960105 985044537 804224845
205861960 272984451 327129400 728896151
351478733 563548611 979333360 905276947
534511070 473993936 428343702 141438361
597833641 184137430 244877823 555854050
572905306 588213448 239486323 188577364
940800749 397671072 93162899 418192955
637531550 272831705 628966370 575301987
744893806 987481641 559644210 350765026
958617972 407413662 69586546 862859337
589431251 901951013 62293873 72589873
761869122 20537793 559969643 573904740
330644541 797894297 739268669 787473355
5662526 518151638 225351832 16240023
541033392 658324261 350830710 474256703
952304970 597381141 955453843 637141427
700981789 15059041 762680759 6176052
746748060 318629926 755782623 267612755
316852543 124524754 53029094 566234990
917675304 932872213 206335201 599114194
117324739 309615364 102233450 822027629
77214854 490635886 674360194 437209939
550234316 656953465 858619554 584142066
232698991 419893560 137491954 623257152
331230719 398364584 294106176 854042285
618598130 18926406 600168992 629384920
308797161 701033611 148025137 728478227
238875431 120041397 690948891 362016898
493880316 469951376 108483226 291369883
107450146 48845696 858785305 822239084
691370549 419624600 93116979 525134978
748556614 662791099 682072765 393606409
655518407 49828407 345241813 166235918
239057160 841679871 893609301 466887894
697502529 126701822 342466861 326600399
252782454 291094400 226485389 365606591
163479434 147175145 841021153 353998177
128356251 480809007 103670197 377363836
43016877 622531996 568558427 653320230
502255639 296942655 321551474 522716028
686669853 101327108 891076403 839126879
160618903 568917157 82284524 830774117
429587560 188659761 31076127 235561052
676511947 339212694 97494537 845603988
214413577 757193620 908307545 20225781
133013 816836222 217961039 765932484
569562554 115800920 834363423 534941334
997997397 657986388 821619008 80756813
671583917 987333025 833764695 632660640
13349380 647948058 210612831 556668311
22770120 454518845 597228188 122090300
630257432 722654497 291951998 700406481
317980999 31727297 244985597 790661730
477886792 114277345 466620120 674704092
683440066 126856717 434965241 954599544
247351811 887438895 733307984 910180660
960380255 387077699 405727639 90759372
612246388 536503676 650152938 785957671
783532079 179969351 767071592 64160556
180876468 524109731 802325896 440513213
676414654 777015185 698814112 709721713
451490075 52653987 130893814 513699348
368013663 74830153 118083180 552795807
413266042 581393354 645079092 293813049
288403407 437643016 572941038 341990086
432064502 83380041 771968573 191598687
884975097 318003807 817021722 686528164
634178687 465097293 523030689 319094460
180434534 613054934 705533244 863547492
868244346 705984418 899998900 861460452
604440428 652287949 979131373 431409689
350521217 559585824 192644130 58176758
685661098 140165145 516925435 43365584
710918332 178707631 267567051 84953857
485022690 256092432 276729053 873929890
789521597 823439600 948979985 833371672
631108649 117070312 123658393 884613558
345680155 257513796 35542565 650795779
641183886 319617446 620237193 638659238
951061976 374094999 148658054 228965422
146832080 162408524 576437703 679536883
826779072 956917669 356178764 314269900
930717925 607316393 540699540 211800063
440468088 573703565 681334712 771912591
987767405 308810896 368648666 567371176
533666083 102525475 559086901 283022327
101093094 423350952 302425303 255095424
231634593 730256450 122917449 296537629
713617636 64282454 445568954 212470964
762004766 95975810 564501358 180973192
158699210 731211799 113842016 932692364
986390773 500573004 551753108 830691714
116755480 281707988 881188337 562587896
784498923 300823687 431707622 72346181
146263065 323972012 11623000 119464690
698163949 517572687 372835978 293051296
795692097 780038520 880517482 164212846
29200082 78169311 662312475 940227675
501800576 4221646 952267930 986905444
487797173 885029552 596606558 954561725
281280872 209122350 151985638 21330678
885050889 89079361 521148407 547062850
941155749 776075583 145831324 75691034
272719422 928422435 399553217 649131822
90035266 217830854 165388668 633503551
202667034 575258662 183396165 124994871
89554220 247076553 759807603 891520978
115619794 251519868 291122029 790756056
441246185 57833496 890655299 734975950
357579456 106351409 554829098 761404116
81118321 369378038 166497700 530849893
127803316 203464379 84767494 344977987
961619369 924505407 322200100 758941694
759972101 521728731 864276594 622820813
333390445 182649263 217201279 464129570
580531580 901970463 546459911 350241537
166722752 412744220 196571985 24413199
728492447 135998219 959885157 177690532
678472756 170549655 974662996 584164300
717793573 129079608 244287762 816546375
427076494 786377576 344666238 146807357
57495475 981675792 379749087 550741159
239789829 621370238 293189433 118414796
832633878 142551496 359462688 663826045
354027079 906009748 873210166 89721344
553379580 266305534 80914681 346308610
387143293 473677165 405171162 907233376
162732759 616826290 206582759 164466603
32992557 988398447 651900437 244987490
865045651 438047597 771755113 172190494
303533041 368419293 672874244 182987692
579338181 179465544 434706621 320412947
963540489 391714251 627172761 351473687
847974741 283899231 978482462 833776720
424612088 198253720 38272941 143355028
39435397 758329265 452747699 801429482
959536175 731262036 45525606 27076350
633568085 402723312 524919675 373137604
874911230 935738023 337138134 851861292
477660834 610833127 974572928 943441070
828758032 264570285 759200053 728845542
757327877 831308215 754817451 826599989
183612494 782285208 360262502 694620173
943302983 238181325 198019960 161715782
503348332 556876246 575358632 161093975
374976938 260756467 80965959 787730777
266500244 214232026 944045761 883718431
875386489 260521788 388956610 367631596
969088093 684877383 793340902 505896036
655170150 996796259 687608007 914148338
554827004 429426629 293019954 791458432
770628640 768565059 341702263 241577743
804878455 542687707 627935144 270541864
420205653 804425298 875235505 550962369
411157980 496775531 825666574 590651187
326973340 78703629 296990736 85400261
990351603 279961206 946065953 731394127
384759803 114178210 137725383 365298780
787575014 641248933 188503945 60792269
166269851 201605047 313334835 868829415
483786017 818711724 923958187 58820769
171760214 279027092 457599984 353443539
461310421 18354880 771758692 739200003
253801072 761405722 611893455 13108732
391546886 979567596 56771844 805403617
70704641 961736180 646776063 169475223
363064573 851253220 149137047 970757958
496225929 990069067 586605929 576910369
543750634 841366538 103280504 116597686
624705252 562200509 967679547 800345814
409045170 594278203 387443047 744859673
484489786 402074456 776359271 311927372
558739801 921803091 382713149 589856207
811191926 753560081 591235447 241871262
270938398 36158528 119263940 44108512
426281250 28593984 175482592 279495019
59411308 56059012 121791772 433224551
401464750 108298809 451757819 529049317
517236200 402074063 376118742 998804060
345936521 126185001 399809742 411928950
604927690 211226318 23713356 910995822
696587197 424401873 328077002 486472240
89684602 874526228 20798435 998057324
508738271 969797647 692161837 198790111
365525440 249974251 960056791 728122400
450261590 671441432 323519802 10425489
130028111 381514198 421079254 715365714
185966849 682938782 106835905 220141822
447748285 894088590 146494499 464937311
934544058 382385525 652434615 680681606
127972479 443658691 39526604 943239572
402859901 826255377 166463038 891320
928039940 283827244 872421371 52003256
267209713 452211135 738334726 9273163
256544104 30734693 854275576 642189131
192367174 393759946 282991938 548152721
617246284 300958717 103569099 480039031
691608638 173241689 44070901 221499408
276570045 299629786 719514205 680717686
779434736 596167480 677598745 662253766
976377895 229361510 501175254 650980628
209296503 384450376 215639602 648408985
930050135 673040348 138771754 753881266
110344446 875194026 24008199 642692660
821785889 596993327 862952095 858706759
978392975 807565718 863486561 313261660
795821599 793530858 532938421 142817681
244581111 448252110 10828548 928406796
911320291 159048759 95123784 619201013
128227454 201815667 324180101 421494484
540113244 27127812 544957773 248739346
285797985 460279755 792379856 521147232
199888845 296677901 486722869 301146758
800788877 637821506 880152463 669367012
666000907 426247302 706973436 541639569
499330949 545585408 666789643 517373412
386346787 539064697 163669498 572539938
626441353 876415588 973777419 569508653
882149857 180709161 313080990 858486150
789426441 952060190 322037950 680999425
209133135 534759236 231077633 393086666
972057320 966142087 137082095 824538838
410952531 104298251 732416889 444459004
80400986 511452101 22894373 763657425
803417034 570498545 512315759 876969043
941955425 416842953 877208561 574995279
980585899 686960201 892291894 746390748
977921053 210962589 255626665 664616235
59856013 768781984 994867603 404107416
548543608 308214626 479894982 660683137
926277955 706750328 171095664 962489540
84682281 614991562 118401433 955420623
741732876 20875511 694886607 241278424
546385917 69344835 82527461 298807602
360458167 251883262 936293882 214633801
85565975 465571148 355085996 82142904
99457817 472567389 710326558 612874581
754341894 507704703 868104686 259388340
744271341 385085367 437099882 527613631
25320994 897785404 48662224 314483612
665626613 74459816 754649032 807489296
658299924 612907440 354350342 994657445
82779249 226066127 948210817 585813610
708231407 837934903 696644098 158722655
674200206 605420029 489314276 603599929
201202384 183793758 439489411 564306816
661180774 720325224 669945802 839100231
250089291 973715675 357061923 521827106
437533113 886737644 596772536 5229765
180098482 759176556 457052963 672919777
779716186 267256078 467007777 957498365
985140959 283539690 912639564 148769563
971401084 637446935 148584731 203357094
87544122 233387766 870861208 625739457
966552317 507124106 350194763 975545485
979955132 209077231 856368983 366021279
80286333 954808243 414376765 974735958
754571143 711378671 832764194 958419959
786141317 521170910 976772638 127539449
36867299 904959429 322698023 523288592
156295074 677948884 379874069 762650365
721244318 824270805 696559706 590171909
888099482 99266284 877309225 349623095
33248934 725842249 147462348 424105068
226115491 658313658 171695395 466139885
690532690 367599981 150459329 184810928
105769023 364181966 412932108 886764446
694876808 261010578 987988761 695087036
558827841 493773627 456730083 886349151
520543935 132030727 58763419 549936811
846238283 575064918 394871504 494914135
836453655 469313425 83154075 899802050
956307978 417575216 860912067 119691856
103351596 233816664 852747910 525258478
214684733 683806092 716117340 344284522
538593232 141419595 459924915 195029043
740943774 796072384 296765603 599583990
504642330 222936849 845682580 969849333
988585174 918797629 985071484 864747578
124360645 977199050 82524119 824818033
910986456 477462859 731676966 686655162
523569411 891745848 762633767 895046040
135591487 460995008 612350267 467615297
493069007 197704573 388749083 461067692
841594594 117152521 450916825 683839202
999020172 982499185 994911250 731989692
845985359 856414397 216508272 933158963
121843215 204357340 737926223 301445478
274062751 506923807 797997153 934490284
597210459 980483217 381516969 481271004
42897022 423699597 735940804 818471774
990396626 39446303 324028713 114772091
373349810 276516961 546359054 43792151
269927999 766190929 467707340 784014785
847559622 370746642 30607117 685995714
855521179 6254787 82739597 248901504
395609944 800500296 212230598 796978286
52781894 717359411 902923438 679578534
482391933 173326266 649535531 463281210
521087881 953366376 793401051 180383697
15324301 507443688 81670315 888937924
357284286 763426703 473872799 48362451
520643300 792594619 395801103 931857125
301093188 108095889 914628307 905528224
830724102 416712917 125958630 864831842
954125225 54644441 158494228 160215010
547895930 808908060 21081376 706537860
71720299 59950020 315713765 552545879
652227493 452257678 63599938 545929901
231553899 925509805 319732332 220562023
95452789 861445128 208272499 581050431
22330455 900012901 902434859 144519367
9303655 326261206 225762173 592796636
273323270 700952521 905477835 62874331
336676379 36697264 336046444 381782622
955469146 989315312 529041855 392577218
789532382 40174231 408204413 581639831
651119713 841541249 174538045 43051173
590723025 332555419 803824055 109070324
984068713 756470990 735784093 427133188
636189658 432811462 327640596 553153050
238131536 291359538 189354465 735927132
314553315 501442193 587637609 568804504
536342624 241166611 461544544 792114634
201471147 570493373 11136068 269811475
459683571 321681881 645043571 512499779
101419309 626261804 986719333 335894808
268208937 434440378 480889652 703188728
236570445 690034033 923080509 20144443
768406561 404268249 589980274 641120645
717508717 855265589 459338038 464249081
923178208 144788229 1350923 242433520
346001295 842002786 516958316 359277232
822015322 581307960 491797448 878604032
202151398 352901365 659738524 702030471
623411131 342602279 217236164 581913746
352285129 437893133 226482246 605494655
111468102 376222888 910056834 42104110
251325041 934530159 13751387 955843422
730265848 270306187 75584126 539726973
167976841 194388429 190335178 109125287
656551378 475150009 93442595 547308822
85382062 953123994 307475834 759973152
953327712 656172253 140439367 754170884
338129673 279487679 602974541 8658475
88120409 883837972 477748695 440095001
599972679 854397813 156675145 816196854
164159812 131992399 786145749 592390307
581045202 632589101 4229897 787311028
415308512 968505448 785080364 170340295
813317872 358139349 26670223 997733657
646085557 939402317 519018843 251756409
779701909 552025165 907753180 625938398
423103309 93102453 888027593 24241316
341973474 316592365 50345837 735616026
752088211 902403789 299982562 409539972
552368447 447557942 597944437 16800179
618247460 612616680 650287311 709540539
796030752 434912536 418814399 803100786
632083700 275738901 206994452 656056811
932813144 448078148 272038187 970939173
908550712 559297923 4353777 945198801
432911263 331822806 208735458 246335895
996864022 51312563 853538951 86657367
190013508 32909406 36014443 856405053
313492115 699861794 514114036 631212727
329849601 456474508 440623455 874443267
645705513 511643389 581208078 48609323
270147444 418804416 118748022 382363831
947634919 118309027 309480863 657831876
588518375 87500862 498971695 901470708
174797086 872545463 711431910 521242450
475421409 753853079 839562926 187019788
628441412 118871112 389941082 628993915
354087050 969455631 397877830 139722973
815586457 654957393 91482454 545968381
458579728 39335354 695476366 583229902
875886567 98269239 969582121 275331032
496444348 645941963 212123770 548864418
263759543 411022175 63256912 255038588
193874782 172892088 26193965 162630625
513092256 273339360 574445046 270978731
696469887 438579482 789452490 786135716
5662113 477690733 879366066 784464478
730560931 616207354 388695604 367310796
704318254 272003259 96906970 133255779
198456111 324282635 975123683 513289490
170994529 911856096 254330413 982109460
742528877 192172901 323788903 420861071
500823184 330275927 764248445 936497665
772228423 159305556 222382412 558782196
686688026 762253070 316601500 163231077
482633516 289949206 943889357 235768358
395746979 786993257 689163024 59302311
437817871 437386862 314487959 3610333
190286859 521576365 146537909 454642069
910991926 617994312 259232952 531574082
953834878 413081988 762785958 937144187
39865717 618066755 928336752 975589961
693896884 852977067 348049910 462449795
649227154 428893936 70230744 60967696
455833963 729605753 897270793 235929128
543638509 48409561 833558213 543869409
470215991 277250216 588970120 27091121
925494540 645517357 275969022 528293335
571503105 661104275 311905046 86306595
406408336 935481762 716450258 488920767
795185466 952988148 121795024 450202594
861056066 92936534 177401065 747777336
601950415 46301323 959643140 778245155
18262241 712401594 477018607 14055253
567299834 348114756 317502487 324466950
329482340 68220749 966693363 679339888
140198041 276600095 854493058 660131615
910302141 210597295 583986331 659888050
358891043 697408987 900472084 127400249
498678935 152226018 96828336 667281883
805788814 225026178 961875030 514061643
67086085 598641652 225472738 428791062
597854926 877034795 487230736 396572276
820643046 908819249 300686439 604879557
205634921 889796601 572150610 909039903
504070964 18806685 844761577 101595443
13536245 813909634 718129387 642871093
55500093 823225775 692548787 362667487
541578317 648465485 601412645 985658296
455366880 616363525 631591961 5821292
407372213 724483043 297233327 861360335
771988021 110650631 182462679 708060027
382533710 629089251 12211003 424607797
613005202 711996346 908576346 133700912
225848156 909011023 448316700 495106092
658584885 937097500 156736852 711491517
513935800 147016060 36619729 680610168
943367740 672004242 334218541 411752447
527965523 427566737 32261761 4605386
624762841 517411435 860188794 940413675
441016124 573814324 425945623 386444186
277582898 655648423 131193926 708877118
876131337 578358855 209918839 189302939
840432318 917530217 534030281 810896097
609911669 649540865 290370280 713687839
363698995 324609770 140360747 291584036
676417563 534847138 62400511 961314862
108127238 37282928 916429710 727486583
230051237 526135930 986384142 425216675
615748667 114888378 516700666 307947163
315236815 792340678 1676799 319730347
193060467 986335525 43563643 119192829
186377370 131195658 394147607 855038879
151986363 815428479 666365845 511897946
440775608 292351620 472300688 673259208
573709427 85457839 948600803 698650300
278427849 603558545 226843525 157028336
622194725 508859763 498891755 224195276
584940401 3102423 306902143 258331083
479598642 741069485 866437582 774041987
580835132 624012279 880251017 964675228
336674662 910569751 344743245 516183088
953533000 52352640 799737915 869587270
327824719 998527278 524298196 965290535
323653621 866802772 602247214 404544896
468724504 401428766 155968599 917677056
484578736 38456578 318284277 623697024
975042776 619744169 353985496 154934160
308200728 542974410 28137752 334153845
845780094 33790485 444742484 179941584
835019992 262641540 599513608 617130131
347655723 964915071 885645382 642757119
348048873 801431813 125941584 450025282
220607591 123817477 861736769 205561879
255433688 912632831 288871756 921621438
498018604 551981664 9913424 778468830
160238097 931146206 36834703 347843912
459885810 511228875 534927427 440846006
581116044 418663353 696132836 722686346
264442392 118293915 437515321 988644412
939034946 334256024 317822284 972293728
233780929 405613950 670004059 57679485
672731973 510709524 989362981 203883128
344912500 658553848 8547637 568853147
85497388 29762503 576499904 292831995
355752338 372745116 696960893 416827713
150646746 433992778 695027019 380146792
515940988 365366346 384775092 29386369
304143677 375700879 742946980 34633696
591645817 204365429 418628077 818048388
220849961 29986929 881959379 7239447
228057321 548420684 662133347 884007904
548401896 116854885 618704130 773476771
456599861 358882245 937417052 624858287
845178467 975551741 462178104 415387734
715372585 101590849 16678480 881235610
177085980 645739465 331754793 969535895
162908673 512426484 137956896 444785844
603299258 869311010 21507894 205797750
498469766 665768425 534826277 487476692
280779798 740911057 212057104 263987603
755870584 167684048 578830653 775647547
740167290 986873877 355460799 760628870
3612635 935948939 181622878 875917641
621573764 948191722 28899068 538089724
230450087 161247036 671384319 266971978
355982964 999240283 690900551 214986431
288826373 717834190 226740409 828542266
190863204 3250589 992080193 397597852
65746809 792590709 163301996 994073014
827009230 262691938 654085320 694838919
278948864 215729624 217675035 250764582
928060064 536163986 787957745 103009840
805207281 210182231 72312660 829644559
35169289 682736373 107227863 994414403
877859181 268922041 661061785 283672346
210284956 883099780 79173436 307824815
183084674 348816795 752691220 871706836
151980997 842512250 243768658 111607638
469705036 37002638 904702105 141326361
683511750 607566912 748467022 42503958
368275396 483799417 848309458 291887798
792612862 715630914 14232578 217227068
978583432 711841808 789291621 819481512
803760339 719397784 201283933 267406438
418253369 496724754 100291781 755827257
697017434 743144139 83250716 633570610
142093274 662683012 662844489 541317022
569946616 434706887 770557015 483114625
934137336 394216478 913616938 682562304
7149514 435451769 506309910 394263628
288660658 358852893 417283940 877693995
987153063 379727647 278337167 926448210
544688054 371488639 757722535 241326234
136980730 644663494 102192795 725696368
20296625 846758423 229737092 744599280
847027476 869949579 664668080 833967893
797810571 750155636 284277861 910629488
196071117 959515094 134461353 564336433
723804392 134269432 626532629 233379778
762862468 970546147 450521447 392262217
65858404 899053912 746240244 271822533
683671127 592434295 129651432 106376461
962618507 923244450 223423723 697118450
712411122 641855161 148701939 115962768
904028802 851723384 412685094 289775379
419497318 331913409 535909756 670774151
724944645 949152583 416504712 623112831
247962250 223961761 572768489 145577376
405238371 714437304 13965798 642043483
349243965 671191905 659096440 148532729
62818636 758285881 371802265 928835
238676466 809239259 105827854 111832333
259240823 809641093 671227479 27846576
336708957 718019586 313015556 877834145
501481915 167805153 677364135 506766980
271037791 525438993 359543272 778956410
124458031 104749142 866865350 335583550
679993383 586432639 857886267 284374157
799332183 125554360 936698029 510561412
736827409 4861022 156687820 419248026
324238140 63899089 407286293 192078750
21216406 712949952 754661823 657474363
318267526 955738180 594734147 594634971
730185421 218939601 149860885 25341591
635534299 293934569 364027299 379560527
279216892 649471314 778516591 679289172
250159241 619136623 913419579 355973633
670704300 596310888 4516774 856760121
139695440 481624494 401509203 293938641
156078504 850585607 192214353 113720692
759211008 288396467 522493838 694213295
189449013 39440205 786043640 224575342
851523927 655195914 909060693 9936198
370527077 564481064 927614533 635008301
418771253 27050493 923146312 718131265
317645578 881473676 772716356 252001745
429232052 9208368 547400194 799299425
861627437 302814507 393750907 96982233
339620864 270004663 463658125 146566724
491015264 830355298 213898557 133544730
62226138 447795062 347229524 189752810
547116227 386697724 898536210 636884178
878461013 261559238 532128414 698942739
17338356 31742505 942927881 944949987
780609165 137817928 791233294 18426169
864790998 401895573 347258107 382619801
991421625 246911612 171249580 117718655
644107524 413056002 911343635 520757656
343066395 329031094 536119979 247513456
697900206 792173565 672688050 972487964
186965153 180503624 269050177 607506132
100484899 724919518 272443938 829992125
160061101 26993819 866654866 878791634
738195197 478783410 572568756 840375116
280937219 811701207 811928865 139071295
412147180 160756327 680286560 544820520
176126221 632068802 81338996 642139004
945544505 242415800 529537233 272748246
164236397 33130815 885242751 831968872
491461265 202660455 96111994 264093792
17542173 872819509 577442059 8883271
395858781 86375753 983462673 585952714
364648747 747048746 649668603 780009414
845288976 890564212 733325042 647074328
717864363 27925200 461942221 555001486
992535173 106718095 717710181 197762437
337307584 713417007 373529129 118336651
369175884 247055031 564907984 255871245
571706943 188449375 861514614 610814441
17822692 680251265 153308372 213790604
126996021 136613324 517333800 507093309
392181532 189315359 781794988 548077083
694906382 661676928 137275959 4672966
299980802 459999943 709360810 822842959
961978274 286375406 881416386 450834322
356241110 909296462 85818917 221582475
897025655 825285993 950522761 758897864
41125797 241396517 168520742 122564785
155185750 426014853 18708314 278956252
188640841 90715680 653437270 488080087
97304689 567058000 842790962 817915292
542078238 250628588 368434164 699803599
748313321 106817579 667770919 508180324
853795075 39015437 856085072 707106524
355517723 288843201 551045618 296091892
580893508 726321176 404254117 499976657
380693704 695175497 460856902 793845447
398107389 955802984 382699419 585113104
328160524 651046848 675113440 45978614
659133644 388665486 536342422 890634838
490926931 615631177 109663420 893934944
841314290 44126050 15056489 518428106
681020372 67852779 165839427 209568926
544127695 984697880 664360748 899868757
534658777 508056268 733407611 29278668
619980333 807111960 261434123 778781624
516275124 863266410 185840526 459000287
504904610 486756077 786097311 286022989
776412097 396495317 758098015 260569149
177954474 296830192 17320903 64296051
107789439 437100807 331044900 531575924
512525672 314394714 594541207 111890081
994971382 73826604 115197854 791563461
571466158 218666884 254255210 636215520
213052237 356497914 602163475 524995529
147489236 677998171 177746362 392921254
924573107 122584406 926988277 871053648
672915545 940446430 741052828 690186156
271100783 158375931 472138810 78742100
345169864 885813549 529680916 630987092
768791826 95912574 293073518 840024493
672428715 898055570 707673388 160188033
941481939 471551600 135262281 313408932
268279033 718244197 686544167 488757875
874334604 481659422 520671045 498130100
435034928 599079896 3855459 440966833
865689005 41792928 904133511 924091010
707628884 269427486 274413831 151822210
466899999 318133565 435886431 848096119
494562812 990012277 511475255 867121030
275274189 79473258 510787773 553153003
804709481 987050276 168249539 899687920
982534317 400384282 687467200 959397844
731414213 505580236 307947576 907973621
328625287 319512761 334952741 356599717
361762854 300700937 454876253 708171463
566227507 119925543 899884910 265286329
581217176 448918303 10972260 881213961
552203575 269142917 84124161 649434979
751363055 795431485 211915995 773969108
130360674 719330241 4599501 223577769
255223355 491822596 791666536 960850386
777453525 832129308 905820466 539660191
157940762 421430621 229496725 473529061
579860766 545855531 546494995 886074621
500339129 309947546 798633357 566112104
332918121 821423843 721889505 808795748
11687279 282361929 912563046 5464472
851563452 316597920 84587111 761061840
156594346 7079044 872144253 923168637
732379392 571336053 947028636 498914461
52400916 128332571 244440769 576172786
203406265 903378128 268340914 901242401
93976558 11728960 251196086 635828996
818068621 60222693 57570353 208875388
420405334 974908709 84850317 291515253
94411251 859181371 501226675 67286026
549693896 91495756 109230453 844727307
263760780 341677962 475245780 681595436
20272202 491501745 166528240 59210452
617189009 802019422 110670474 896660557
287883282 628138324 106261708 378032340
822999606 763674975 699264820 386990515
483628899 686246181 483388639 872110463
457366905 283679196 355664900 760574328
402046549 580304569 802957396 656390514
640674506 395552327 692097435 745586782
332746226 35137088 905458005 666265391
780751224 546281078 702407465 859204564
598010842 814964820 352663665 831749322
960511743 496915807 944594183 981347675
465477662 583256567 826004930 942420136
112320353 178933909 202346474 714999455
338696300 802169735 626787168 320032595
632350803 684881532 535698491 537645118
16578516 200002745 804364391 595614358
984124198 189707660 989877031 591630406
374270469 732422316 315270463 710188742
8026112 797924811 774400930 126322860
181361544 320719359 387534828 547916340
281922663 351983150 529148596 974511147
7964724 45794921 435369069 129243038
684626028 492335179 962720371 278900929
898698250 275735622 269623249 179830104
89177742 797574393 784124444 431963259
62286918 956548330 211730457 204153377
509022755 296243234 494609444 280373519
546538817 888628860 84282267 172628787
30910208 521372987 606689405 83206048
171930191 898102029 320382168 806338911
432059677 229728977 408263826 615614231
600947293 142504344 491885118 708931598
779953580 418984765 122439022 824834925
813367363 608803126 776277866 122499437
902572858 752091659 252036518 815972456
177797859 247293532 262767809 538177346
847265873 214383939 895670969 640036885
274919335 410475969 659699235 289974539
550956467 569534916 482433643 617432461
619105677 767785519 250420985 876209942
982010944 569289641 17966792 223099950
527622019 661226226 524942254 677576559
704170714 105325085 744138240 511048952
278039596 88109279 266468050 127834819
669333440 336892992 509056955 68911859
826038014 34702657 130832367 158876
938084543 219529886 740847452 258411338
234203176 470763890 566397925 674523849
610051290 237838777 548472561 694261129
426276963 578102871 257591849 479462563
136188377 487634734 585189675 394772556
518787679 508551485 305146038 703828459
130954396 635031219 125043303 564903869
125071143 502749524 318794294 245044486
829254239 215994061 2691000 22753860
971611472 53355611 96679871 454644097
458723963 214510367 409421007 934629806
690351932 163392602 786089555 234517369
487757094 106551034 141760699 325100087
113285653 73554666 691419078 830389824
273568224 381053980 194729302 595445865
721868108 797088570 634434566 678520589
292361177 299316197 887261346 387292390
804623805 269698225 431221923 287934114
62661449 342668682 216277736 620921314
124277149 711492972 701607015 891954955
473507387 604891048 315350861 780618350
892335709 410685297 256379774 149645808
21106641 968801378 425908479 857204165
614189046 691591708 445110832 416981330
842605456 951304759 7315484 243453390
185155043 390878240 498662294 163194277
795295973 9341079 368835646 768150075
49717366 396108778 443429899 565383802
166771628 905339967 524445423 355547760
88350969 278627516 325470411 210137337
918456159 744599186 619199548 987178777
976278481 740195643 313112673 891772959
221920082 130269564 181178046 845301087
61778202 950363853 711052703 526737563
17112202 175969329 618233491 798764655
678655940 640343444 244150948 429107781
517128113 267089715 911383290 720914316
957257083 113211701 961996439 484974031
74614306 483947431 886832583 448056457
604685779 384860508 710010414 11781871
713444680 184802749 738335393 487781264
309181197 707962033 910750041 850347038
188648085 159919218 490913458 548283631
854466695 284825477 793733293 727468945
101639191 821145785 547986211 178816547
447855535 619068584 69246481 479021259
414761048 402608196 78503698 431895537
936025365 344275677 931857784 143372503
658940798 794301189 436738263 457098101
502016532 483733 423410563 278915429
946463529 284677457 208455271 486480774
117596441 49523041 269728533 875645246
214070679 575366602 338635888 101573459
485261421 528170338 77951819 217992995
840631503 346329408 841686538 959702124
37830891 343816182 793909957 395532448
233671582 387309764 189079458 150001907
293245231 22767746 102896608 479514052
591044859 827593019 886214286 260307140
430233475 80876459 92862484 715673893
454957620 647864679 201625220 190233146
834789420 229882669 660859756 370357529
191880377 754248130 892114363 721623341
557518197 573331977 138965215 845695158
278037954 36821469 635656016 816595269
942310149 293371229 254713261 881414691
79630573 224273284 379388025 417429730
542533145 161762562 26983019 4435745
728195455 954197960 854775300 784969412
422932181 750197264 144644393 81074507
768363804 12544367 154145800 421427165
654324684 599952475 28884868 418178472
472943721 258241644 612106654 411976788
164994369 813668114 561232286 804402824
439124915 468530562 692523160 69981178
958821590 72491896 291551395 893777848
571921521 248582283 755663428 23051175
995023396 828273917 609567655 89861695
347133836 838938218 188803937 640670690
720743314 366351385 822126403 869800674
375859486 549544780 322357491 807260306
409949828 438192887 561432374 642777334
59068745 719408818 649175545 839081479
292071963 337992389 770717423 215684755
250134014 566783657 998605213 18345848
311217712 491803421 500282338 397025042
594900306 148276176 678841202 43949227
742406665 378019108 326220972 855165196
509948786 600410093 395414546 193485892
70744791 134468999 267689445 98993577
288323073 105555284 794952984 207021561
876618808 402927958 784293923 811422232
267575303 347777800 749642645 974060291
403499887 823253380 318913809 221184045
751191175 586531750 568785196 317008731
321022262 134426443 773603014 548493629
553914977 115234913 722287144 707714106
671061156 857387898 987587809 980893214
957321856 212826363 181494894 556455553
531603792 185536675 959653636 331620215
871300963 761090832 139465715 584873086
880507357 358152035 719644510 511730107
670664482 28396492 591446325 277936811
319655999 341536574 314912351 386546437
961956664 893730468 711199627 800017831
39598679 291624898 823371074 469622972
22612151 477854187 141830634 986324635
778130246 145683171 274192722 111901900
791911397 357993889 192997734 972172061
474621616 956997935 615440986 936705114
370151884 198046586 288336959 506795265
192437066 885607049 580815381 126116990
527259601 779779179 763350437 317089085
668680235 753111318 882907590 474011064
535082697 464284345 4224127 763651730
99839037 211613890 519154550 369009710
538843570 89945732 191564502 96943254
203027747 946593571 858082176 547361010
49038535 459980075 876578733 361402428
655491453 673766286 395822086 73992097
154790003 68188076 59624513 634670275
612353035 134245343 407475236 612196389
440418820 495114723 396621831 19383583
534792493 119793817 857106795 574450837
929422609 47323330 321909851 576373611
576334896 460374820 37522747 610081657
89431025 312231462 243091585 890762041
76625295 80344451 43165099 292553405
64721154 446457188 639075382 715214810
195980527 25693565 180285962 273522051
127570523 824253562 155148859 461266512
615401248 180468765 625184419 556134372
957109608 943727901 381066203 891440704
863501930 487511302 486919880 160810840
664601747 240809906 813382489 249308746
480276321 607802676 110736699 244304082
368062125 949463313 975209128 539316578
854805400 440940642 14069379 651049675
918131444 354914866 176529869 491084043
44834173 411197932 645011176 951031318
931023039 119345540 566002540 140943263
86625766 901830607 558451020 434698406
6379307 270559159 799183441 956536550
198509906 610522909 269855370 408766570
630358626 660757592 825319832 290512098
236916453 91289318 373186764 607790452
401770670 64431610 386071147 382994864
342178053 967578266 609051145 810602877
460743864 828905261 974485846 914590781
217864823 631450310 300865324 286390596
829610043 455987976 952016122 454998945
979011500 926933691 440622168 952072770
5496468 958075742 788486415 90107658
400828212 339937842 562963047 705833771
538820902 140953800 771328489 560729934
14991329 511017696 297053203 505410833
446506311 706888618 273874834 187588430
529537847 201249161 194635038 862338205
855946522 868903868 511366226 686679358
421256349 824578927 53425319 798319793
295963660 600923213 125267198 483659775
48389677 153237729 627893639 509195085
62873940 995886553 9133299 52416214
739121877 992315358 427892148 269777980
483981984 594447418 346380395 323609335
690085108 869849956 464594859 15590359
482314809 411860343 509586872 626021853
878065172 858158428 805446114 782113095
303098289 132910174 298042823 314782321
596544043 913647428 286535487 261992057
122121622 663899316 187506155 991631042
710363258 394085504 724482717 686325459
135492913 134831923 212234546 507065275
523386039 407955034 228329526 244446055
278181582 553346389 426534063 610330362
35751646 60332041 182736774 156935471
806074139 170243298 525182982 460223811
845989893 165968430 790404659 531333717
870373773 902053569 773333440 486152354
520709579 553890228 727899447 972017981
295614882 98968762 775625690 583378142
137073057 814906172 774480631 149064737
166017189 509925951 940322677 947907205
223153188 668931722 376163209 64917478
694843805 756678918 339823760 220788841
672574283 355274945 670563713 875849293
468291053 358261776 20708229 671699868
802083438 755913858 775520450 594411476
146381360 705886182 767144373 316912746
304413371 48068203 491685422 391073646
930825085 380619697 945221095 398564002
711869696 66615944 390068112 972555355
534131079 842544337 692642801 603354740
488542273 93141595 759571271 192548212
462694712 917225071 640267871 975478961
441499505 639539744 859310573 407300013
928816602 365643639 209728823 636011501
345502109 607372378 321613160 900258408
762118617 479779950 163204042 777941387
613588194 382996626 312690611 240184855
428563494 41411964 625551350 52550883
777872219 531232885 716868956 396198753
318557011 633956097 236186862 937552900
18469666 489415756 925495782 929291056
623758458 387694883 416398147 477064409
365215313 912036723 112351663 723077452
738219185 795035512 952430941 942755756
830951202 168531880 669483827 845797459
575780611 810056096 558251804 995632844
812901002 100605373 941107600 482388193
124258400 599812965 328509040 632255397
510884164 177581090 704977523 979257500
753642321 205225457 894365725 477403073
472661872 403983791 888938094 221659610
382950960 955108207 565627875 844686935
917710395 203289701 117913287 753194731
720523146 990252475 380070028 909031841
924353919 996843547 311038841 34512764
542027430 860848730 439448446 832969835
786581381 700338075 132657690 346882770
178844769 90596014 38189285 500939911
316355273 305463250 110319868 285703498
229184144 178191571 823003688 881319658
32920087 72915791 525745986 490648428
562789761 2942768 472092793 380408194
908386744 681170870 446908773 526447949
488122700 499029022 981340427 563379698
863482387 782244584 227706200 277040893
622017754 549245773 857633068 962313545
263468889 163887864 450581794 70529486
62366246 166499748 550978780 476655354
450854960 495203485 948430150 913399558
918881609 445888835 26685421 179078990
981153174 762841018 267377698 753489761
581776066 772948726 807371067 290773583
176100362 595014781 56348546 913683611
572890915 625869591 574072388 879184654
626105831 712039875 559224272 545858066
94795387 625662378 237716893 651133962
958496087 477850912 682224655 136551268
384315894 701967478 142858206 32189618
121559780 995235131 333958469 650794241
144420524 883218541 91493376 955866263
986228917 711017958 122095022 452453902
641963473 112361000 104313796 673589525
132731613 466019378 375162390 797616766
390741779 677329185 197140433 330854849
427918816 605396264 349688413 566886240
656552985 512855587 917456110 847210798
213596868 320730620 970103641 533220461
513143441 272889542 206234724 14786088
548473912 755339095 651960633 504153555
863709714 533196317 375957499 173687020
426931459 890526558 98378588 110263893
72573347 938167418 715578976 22538382
374480258 618966033 105613877 701247452
400840356 270962809 949795439 523464534
185585019 271355297 826531060 721631778
664190452 174434414 745666256 502281120
126030726 369990823 571936725 527826692
799623663 2097582 152175738 942559237
167447637 22587601 802533842 461603667
904530386 985261721 489385957 377099010
622533838 704034445 600142683 721316943
363337187 911616644 700047180 650937593
43095844 975614017 35243718 80255166
58764139 726351131 782367354 607036138
499503385 950145013 286951030 752130497
831021272 514783538 480797 559022829
106631757 905619900 686511427 728496214
489699834 40426084 663569377 760967855
54191774 621093169 583258732 479230293
17254053 401422232 75593642 868212660
539786507 681213468 840129071 226267770
519676700 751097594 607502060 859280478
63543727 455147830 749506460 354051951
650808140 690019430 593696847 584484839
496364959 487461148 465280918 104014757
915485925 321954023 539008063 764316325
692116569 930095147 537251059 394268971
44903504 127260535 438436180 242835369
152025318 956911094 692997533 173935942
457156264 626258462 490814791 675328915
173945767 337158238 812405160 601976107
831961131 209290283 805134471 561227064
952501000 619657616 930845591 354672302
57651940 397635001 570939866 855155009
445655528 531553969 990911923 925035545
186690221 947836056 349528171 659435900
9615342 722891484 836697696 517314018
575875616 528028250 37292335 628122787
664838863 958198677 246507949 838271322
202341691 18555277 409975645 505386944
555911581 781462497 977966475 765123422
75505259 345968882 346316393 991186047
126416494 163027391 906363741 499995183
536957978 956668504 610339240 605662806
900271511 717157825 816270523 967667478
302931780 643748253 464521887 504018584
840266485 875077478 736949744 92171853
336200743 604642338 625458139 938424073
695393263 768461165 664729894 19961574
952318750 20590536 88290366 956392108
343999640 909411279 227010252 838459032
254388459 821688989 888718459 882385714
904748700 95928588 875323488 801995331
258514782 992511023 868879593 858399906
218487240 993391663 428218227 222149241
438572364 819059554 751213020 798218324
774557552 748960738 614401594 598647212
963461718 588583431 819269758 616444161
548495710 847082591 998904750 391934714
876773938 249108386 899756627 38277368
424564655 469608811 216188942 20759926
691676837 360580550 992506402 449378736
103696351 422393928 943283338 300852602
498621687 196126498 756311144 334046827
287353452 890351373 735512580 467280400
197116241 228184957 319054426 141711976
821054788 69585446 718179685 72550387
576557172 326658780 854979089 801481817
794240375 989467310 236273300 630515407
646895476 878890188 804205195 847650925
588698725 534815715 717892678 666223624
514376961 510817266 358424671 103275239
674812470 524243367 61995904 583210016
800409915 169901282 555657704 121938462
696312024 419681460 994161915 495646337
984719811 259568878 492489439 671032617
795257979 283832394 362258188 462316664
132190116 661812031 686000349 707848381
924922318 751841695 511059352 19858184
790751098 705719597 148771160 896658513
359678822 143683847 22871865 572473460
564877994 262856580 5838702 534732248
602548068 957488645 713413199 518706395
519099785 986222862 10704657 773652283
760528262 858949813 846663696 746287446
581444311 993141760 28741455 812994443
254714952 98440668 566345473 531493951
349220979 231744586 193092619 303523163
194842961 643984290 872677355 925751848
976043097 122560863 143919140 476176265
624021925 436451232 606450544 981151938
711112899 372774662 177001640 543667477
762286710 218018782 59918859 874364871
155429821 626050671 370064215 298918981
2695789 685565309 196461640 686565906
960050369 778847651 2699887 3533362
537575337 167620536 187844086 206471222
745950623 787337406 134232669 612592354
345559080 540288765 546696785 248334490
191230471 150570143 893337150 212777057
591331228 288726343 755920248 866728564
897243661 239052820 785799663 552633083
526383395 292516154 642365500 87616561
122356195 161310184 719045744 387775465
33398936 954660958 819773240 409243366
103562967 963776089 19365455 12375896
806844693 66222909 817098817 88199837
696544829 141523515 852553334 866446779
155484401 477906479 710272842 944376376
142743697 483035189 659890521 88007673
218476216 264334296 737722818 120681087
662425693 525164504 874566472 363246297
146273772 87349675 761374561 170632875
573340939 680770802 361203953 186396555
155768529 742414091 559334891 965255683
79479912 379698443 617891615 514175122
1956318 90715354 915670288 883650886
375757236 603650656 884676171 703878001
8640557 303382198 474336695 341475310
328476610 859793901 841185806 718581911
808469795 551259785 43622973 361644611
733740728 555055210 394275569 230896194
160408355 54338350 882907494 546147476
23940667 584942381 870667664 375686000
925905122 654746696 59979726 743533869
44101580 530844900 800357720 351409690
672338528 154959635 711200034 211332932
763118446 808211553 515881272 375556239
385941465 232764012 651188716 905755994
700157052 269703859 340829028 919766030
146865892 776480886 563448789 65230843
158378429 815907648 669631205 776800794
391706763 889834933 32730014 982387373
549063766 775950717 548173686 861489484
654488203 65040439 758222501 152278859
659158586 694524898 682260439 633073906
983560706 38159170 563341058 275589752
709667457 368262427 648647908 515806767
197318590 889171425 492558274 327013159
957029038 621796765 690788437 187911185
412852986 547836917 608488238 485599427
364002648 782362359 432060886 910715900
856616672 368985055 502660270 629841347
604640734 680039301 478053250 995577542
156186075 688972544 829359043 234552221
535661949 294006622 180823166 75540786
456391554 258886117 938706463 876766637
17849968 923636009 304252580 928284638
588649629 627418055 207764838 834813187
161020854 869650102 263790934 911911673
130212572 3247792 982475321 326599960
655849639 539134812 382096033 835326401
328059023 946062050 602058878 416866126
707448863 896961162 834530347 665088926
231226205 778778424 45749171 979584471
