2000 241454110388
398574708 513982863 12524630 241344610
717970511 353786448 726081737 581776350
226858294 102895832 283215529 456120411
321622366 928916659 366704019 46658057
777508882 691272323 358178120 765216807
1192027 66053381 989373971 114428570
947123 926051977 750381822 827082400
226528709 507249200 471526144 487052809
490811956 742753542 273090662 852175612
900547746 179919429 998734486 204854835
989579674 486451367 519084940 969900180
968197393 135249750 712810085 865688501
821477463 782983532 521516400 919545994
854024552 941708418 114953799 745179086
69633022 358295679 471150475 895865626
934778101 166837025 187809834 21699641
782255774 666030409 784488959 553561542
635803702 705233591 515256807 511182051
195319290 568752667 496120610 89361801
288249068 77061368 590363669 86111274
833113931 536057250 855560610 662465847
149226416 771877830 300002816 86827889
85218979 480230165 22456752 32633588
746265275 763207238 349754702 465288470
20922628 154054442 989108555 233286896
301716747 129750484 736686377 909245747
303069298 175553934 270990534 54625949
863040698 529959733 436488149 461115320
247476057 670667835 869277227 577072190
647892231 853943285 108832256 941941907
351049705 874258694 914110051 574036829
684912918 456405505 969721098 86277640
524603083 67229607 520533056 152684410
396608289 765167582 83555789 151091952
781751581 901330214 848151611 591726617
588639086 496220347 168946896 690092967
635553605 824110148 603771674 321890708
229258180 870348119 696978377 911797175
516076621 294690899 911978562 933030612
114133270 286471470 699400111 946549605
614152502 346050453 869875245 855175521
113969986 211163248 824971584 354138415
543327327 38746857 321238203 144312526
600938193 431538102 810345760 552877221
360599991 984030520 227053591 892302697
61404945 10587952 939154382 557465271
294398172 64893895 934800379 571150805
368723973 966011513 407856885 165757441
395272004 425505151 444962174 696878096
554174082 347836313 211956033 447272711
158556334 547940676 907269489 544460511
340763465 619764371 527968587 696723711
418760844 444665424 252331712 806535226
794087119 505086801 430455907 107811889
295736447 731169495 557300740 713396526
217609681 37767455 439674586 491288046
556320694 367164564 223352157 53490043
636449044 40534012 638774235 556737072
605516343 670600869 71335073 280749784
205203288 160711350 123173127 182719216
269035399 318201720 367271403 205875856
419324221 85264895 171592414 726889969
508629297 846887291 379386442 198478306
50432186 68883839 578255266 968033808
747719410 745823779 109747376 177937567
490117839 27583046 326822921 49677448
894033867 436970701 864373588 444915139
369898032 702469892 908384318 961134994
45489936 741315356 447649715 486938178
411012250 67738327 347835166 794833435
601386044 280921696 459020279 500214710
788679681 830928623 548248979 630903036
508632629 257411777 753727893 459368482
47097805 665738431 875705634 148060999
780089603 329704883 129589444 573208908
654216105 397728109 859695005 534848575
557389868 896049607 464574411 275857606
150555136 735986646 244592538 482413954
604707127 110933219 283149006 956452259
422376135 476863215 473452542 121702951
949063502 632418609 116968662 531356592
548132365 130092160 466203133 926877453
412287619 741576218 242280697 299360071
649323615 904954250 68600645 384949812
325752109 289419770 613156704 229773394
204666822 931098428 314703407 139731476
648784677 157090927 366270805 291758183
851491866 197039191 610000261 424237232
599089081 654459549 19280394 416171096
641374522 631837598 540938192 66859114
232761631 887843618 936034383 130540185
812978828 749780341 317676174 914767053
220673 833309204 712151638 31402228
168665628 268080678 226632104 851700637
164878718 210160888 235831305 831754029
623544109 665611381 202514051 343268795
327540253 277882221 552861797 583953439
498642329 268650142 163590571 823082706
253398316 879514450 672241071 573168367
817361531 197004068 987965866 713001219
70952914 171554741 499224622 458469644
799884163 914504912 241841836 965054281
207720111 251204048 682585766 750958029
357325225 199922865 398773397 490613890
432151115 185271818 830376709 676831313
342663203 190884140 725462866 980672391
540615988 665279492 126907606 829069819
927579776 979259910 74948789 538222314
344580150 922965614 154697414 536684804
677846365 961432531 476750051 812625425
494172026 491630277 193622317 223421497
860612737 179964869 702510016 21604203
771446251 360508532 680679757 845880674
286209702 712919124 663832297 771985630
365418000 965607773 162558195 567287370
676762933 675490470 580366501 107992942
396523015 730134266 921115571 846855342
972906627 266954285 482532797 940500247
171788938 715122074 984842902 417811745
867068427 317008553 914553317 17690073
217976850 260105059 644045286 433810671
60074711 865608825 618937912 9321690
533812090 559934454 214509676 102107745
577591070 791286066 850975393 288725440
252890010 782968431 194871404 305226916
941880288 462120273 234230759 21413861
456049874 610721583 304847328 632374778
141943510 173827218 399173540 929560580
844841693 275029419 243086914 335278041
293104853 326404548 555052658 235365001
176729188 930944546 752818188 374406972
755387945 287156469 377628992 819156642
937070210 782750047 922195706 405871954
406276738 396061787 184696157 154425199
104129849 62623851 933758725 481382222
964161384 718808918 493247451 706438453
127152072 761911666 114756852 61953903
879058736 963321053 473122940 292346521
800629120 9455145 872932486 578835620
919459633 994052485 642194245 993043904
266322084 585820727 335563341 7969159
626197158 122188051 387321291 71056985
92064180 449902309 303183083 382106274
10171248 678148874 488532335 332903781
180587531 703599730 442823059 928797117
103044768 638028284 516257207 58668436
388966354 676240792 386516484 787975128
529597560 593306175 201834047 532072885
832614211 867224639 358008759 236057532
400398280 894862932 975569360 44776651
210329159 152802566 361132318 332807042
609479058 899095164 102608190 429541094
688039520 991929077 768992934 477810330
642981533 478488250 136418543 563415536
363195304 66906531 480504560 295328897
454559354 805806885 664183589 766999694
963486789 900617309 926973308 294919551
255368532 726343234 914470095 54892309
588857218 37255688 241411507 906710326
299886543 195250172 995297138 687895332
8897755 469115431 620860867 739040278
925200545 659949847 153806292 134692186
727640271 353059820 428743257 350667795
736458317 256933762 381888161 34848034
947999641 857773613 676842675 651956616
329213985 147459419 378764447 661345014
825964906 264108761 937352312 493642697
829652635 45299277 311934213 249226053
84515426 947056797 354962744 600539512
218106563 307476418 178590564 92104962
37184131 143983394 822179154 783622230
408719383 567790565 189327171 485886715
834589340 490965479 837618302 764723466
88972793 485677815 280044691 86431359
866120008 385724654 683719157 482586019
515669099 973971922 157401105 32230296
67459629 121701857 852644567 685400154
855335031 502985662 162888856 232973374
164881744 324006689 523108766 100311520
187034012 660233804 570630957 121757996
441517091 201153135 456011316 23106763
867770151 202444093 80308020 406196021
602018545 918605509 731596455 430899700
172762160 714348637 87448537 687217517
206074322 85263508 60636940 990927353
935511941 905742982 426817501 849968052
379078595 826922655 562347897 475796191
585370298 531613634 755064319 386118852
886568469 597867420 859303862 426929629
305124677 579725928 497345796 538444780
73689239 944225391 995156254 925486945
922485625 162006644 34288464 522062192
401155921 230545119 510587498 236100217
316011873 614305143 751728755 434218333
370068176 823288044 173005633 148790145
485404600 113305915 467676180 278961242
855183439 884608322 609604509 865213693
87447667 350388685 17763362 888812548
349217289 369176751 84617175 935775938
466165687 586225807 714320782 377566644
743353603 749918391 140133708 534236535
632331001 563138582 582033085 17895366
96266137 117103446 246347842 333414642
775040769 49563136 380238789 249664918
689495705 20269416 604408614 764207981
421096180 533930042 789162528 859531601
537183097 397422103 321801406 343861363
701853780 180820018 807897691 645064389
842078635 595981765 139348666 163852334
70067008 723999526 537504516 328211765
824405 574419279 530798925 965712085
47573281 458048015 453448579 942774200
486512477 710627906 211801589 30428076
231331108 484999492 238065582 526572809
625068984 411545149 629317890 471678829
147240320 308805551 713401294 948058472
20267579 353416367 683225223 128332522
929039744 614125730 67701709 91809378
40800022 248857036 555130741 71395065
338009331 138613032 172363440 142668773
148167423 937681904 579431017 637226180
569781952 224885799 213862902 964532049
638271747 62803455 109984277 479607391
337087898 65767277 914259156 96962257
612695993 678175609 955053229 868380585
834726250 995260516 927392978 726462412
361285122 406600210 139114353 509394031
930825461 691635205 488800427 998301128
558148008 223069487 148678327 885103629
519353974 189912340 582224794 400360242
791643210 768412080 294461986 404703894
374715474 966764696 83606419 779463147
74849533 53503183 101020246 111647382
668891398 251098349 577813276 700150923
472808654 671605378 755212674 792291572
432413324 924640976 686351046 535598774
387333513 23904149 766192808 350816337
664246733 614767839 952881747 17677193
877555876 454992762 408194115 598628340
173749097 931568827 97880257 977706272
514126114 714442869 331128515 26274631
145654379 797372093 718639716 955929494
121414015 343313481 194082420 899321043
188100133 743721369 240352578 561262958
225991285 62503997 389383678 42492279
667089373 926727621 356612363 38373453
49208341 841277216 394860268 573840608
419291680 340899079 387178830 660724847
808051963 52303278 152294933 975140206
608845678 378696189 871177667 186583784
855252001 679090156 287589821 899756036
884027637 386879575 91156754 477674680
949236332 355950666 765090642 793963602
970575219 933796256 880212297 612389438
108144276 700276278 550048727 628315925
780686611 409253953 553390010 860075443
641684743 564198157 539046450 490857671
79278638 341002977 238179751 404812967
55255506 662476892 445967154 624686920
387577605 953772692 130439300 905575240
400196596 193001255 101987182 311694983
274290783 829668270 482901850 693960427
818048566 22037071 936967154 966478610
68798669 606137809 512456256 476434180
366341953 439071816 840097306 67656079
252516648 54580517 448844368 959805151
327204539 813404441 415826565 653515554
165337995 618338250 424173574 914195223
288185123 126555727 945132929 366730214
30015588 756892123 829418851 960097908
869876301 712621250 545572052 927436879
664542596 155757367 280639637 838052656
195021575 492763278 635955835 421024218
784894966 818164620 620657860 191694856
611204039 906698310 623607453 247149034
164117461 946567408 809694685 336922777
337738912 576664307 319524315 74492258
500663575 4020988 537020778 954697437
518574777 225826912 301782341 65823838
321159978 566417087 666444576 826007071
680871198 971577296 271046205 247754149
490762976 512372833 9216727 435522864
867960096 301688252 962649630 23765588
667603586 534722991 911472144 834346484
957469534 414100733 683273166 446160161
92593102 498000093 619784657 218367384
836664339 694662754 962737801 459538692
488274054 752146974 462277308 833746295
906954168 659000419 925783764 618402277
899278073 405648976 602633374 322540910
279802098 456863767 977903610 913349696
789573224 2973182 761308624 949060844
102588620 101929415 398457965 448676012
27265277 921580899 849182773 882422373
271502647 120997365 38281408 543653604
742925788 868229582 328861485 296693576
384513125 731362118 891204439 870512608
105518967 987215334 167861146 806227805
970591641 980364064 62529673 528391440
110744270 370476975 412241474 503324972
57914487 347218958 343800984 68541057
619947209 931137486 571193156 559763280
801830784 820488933 338888516 118752989
349782004 572198823 533006533 473581560
392454536 937763792 301725705 805120430
330245254 934182112 167184716 816715671
9958333 389592801 538063521 336110881
453618311 743968982 857307579 47470192
903595881 175338648 902270576 644772139
592523183 540987355 508019834 499078822
758094271 977957410 772978150 452462417
959395767 918768076 963043438 550280609
97762882 697738363 643188328 21311201
964788756 52816013 82026228 560183393
139053130 768730680 830770638 979234737
671774377 440991462 504240996 729852284
51020931 671532741 227911654 783925140
324271658 170848026 920394075 553522615
722673363 143775666 792992007 372304401
214798239 458776077 571341224 781745901
294804151 416614706 120919498 154608954
51937005 362152128 769360260 580373910
513297360 421234269 28754927 435735164
505918559 856632172 398339116 747048811
531149142 72175968 147517219 933098745
570901061 923343819 296689189 603299997
584908294 157790409 290042197 706145774
695753155 523794200 536937320 614885170
956508662 641971150 60354597 75969215
956250554 109262049 598961503 243519794
931310987 922802662 582007416 941975073
466282849 174920965 100731873 933016725
987119297 889323872 861556502 846818696
364244610 294642704 446918023 110076483
892506186 983601646 581879737 593173058
866650952 478799003 708347628 651574865
734901247 87030137 8525411 16984889
234735426 212356182 867500478 421100660
414252298 213154676 590615887 690450889
776335939 670412245 659969752 673992416
800069074 567348697 614725945 682618631
667525958 843492568 397653788 590609417
398642188 470100121 138214583 170831019
639947498 62525209 203110574 705066271
148440800 133510862 224927686 297234126
812767336 58876824 693202268 395588848
463278632 443423905 462729080 980359402
850772878 65988334 222377992 90335911
484646659 537964869 782122970 271130471
398419528 547975011 408603789 872237164
315215286 540333788 912343344 123887261
560127829 998537156 978086827 768958061
306702034 163500241 452610180 954370186
358531236 901787840 949177425 703508306
553246391 990823856 794381350 859460752
28381564 484713048 690309799 73998439
989278820 931796697 864794642 738349578
24583133 679754621 343679164 756478504
222458176 479736555 287508275 261767129
843083641 721701109 472449704 122727996
441402552 587533384 12838523 545632132
920445062 633112797 713384081 716931915
654834387 933141388 352521614 730839482
695924427 959582407 608878585 918943666
551729209 450852696 830763529 1640671
734001248 2411451 35437324 985553115
626227970 756551147 106910662 246097307
252380570 712253646 758005762 732809692
304522711 684906381 380350255 695019832
604183314 636050185 577954733 397398086
473999356 449986728 504418644 263926840
167549259 975485405 213624045 662981312
298286842 452049529 235841816 220124572
795761485 994297338 770753129 387520446
456551753 719020960 748581735 723474515
541321219 120920879 608573180 729264869
962068716 746320447 618183900 453416939
197590744 535707182 934555417 440227328
209417332 755228967 866337501 725940134
26730835 486463077 42451799 286125757
827335646 463546100 551298483 6080830
231684591 549018670 614233231 691908798
647428124 220958438 997266021 864311505
966467515 120028922 162544921 23359246
815090551 277726605 937239302 61011302
205721345 517818810 769433245 832562415
77212542 843382292 813877174 748819733
782048729 659494815 706833692 548896909
39795525 568950070 731965066 908459641
306561772 283368250 4338388 27257016
319984396 97933603 182488988 694178241
696325847 866586499 161984079 867342037
700897218 728845722 879829478 357521454
755206550 320884727 509283836 20551638
894582176 21242559 451392894 500566308
636977217 660995673 487579919 480916497
810693401 410448863 678923258 978411060
483053979 656669872 759691487 471192533
283920034 772394417 561229370 548530770
42124852 50001071 295304398 292377353
745898491 899890372 916345910 373062078
259318381 98586077 53414840 307160798
181800204 356059689 716278809 532820507
151144871 662884280 518443811 427922086
256028662 653264293 626125670 949368664
683043535 419320269 792786893 788148463
782095532 143851611 927399805 810673757
153047953 686542056 851211891 964880107
535122708 756176554 238432857 299722806
458268679 64857557 711532669 107222524
740683045 584830011 833663100 670825005
897342794 194711967 501211652 12473631
563819930 732312172 430487822 864405082
830763067 388512702 717122447 22776315
260742415 71116242 864908780 916947274
175770682 632318665 959017833 799502073
876900074 945183538 67302871 199913581
774092744 393545301 564331213 41700368
321063167 253446551 749326565 77446499
592274325 347739950 71330452 27445976
725798018 626840545 919858043 373526778
3633221 989299395 165450811 853140729
661226208 190806852 667150467 785018100
557355772 391966851 772674253 851985156
579097560 356305304 777535072 736905250
829545018 466665954 52097256 334123471
278849981 496224070 863412973 871238524
3847658 773211949 513051657 116413972
545813317 854299325 145384308 81147191
730141401 767290007 24796194 453226154
293605685 307784409 603844514 767345438
545684541 525068603 524055169 381440313
350991583 765318053 409817696 927396299
821997621 561088689 890838081 12249426
674587912 390994639 321565559 914435575
463234584 682370514 857380296 999754464
418398166 523001056 754324929 254735256
727174979 637161631 219945969 320624850
357577374 491315580 640616562 681684223
532447061 48346419 695814942 380305206
177984154 556502828 526497877 48455888
899920996 445808821 462888238 173215010
513862454 629642189 23908749 517859456
187500724 804028053 944637562 360655036
802580712 896995057 2871188 92114476
192318367 221157814 794478365 719969861
887015183 424410228 290429601 906582789
764292476 487376973 931209336 797182928
180189050 745898179 907955240 153050879
909624669 539362598 33899119 61024988
430795923 109511982 823693101 503775208
847834581 363228444 22959552 409776970
789137452 600712181 844305706 340346509
326393863 588088134 816064439 179353663
581453988 456485797 837095115 651457249
597939561 622647378 645737457 308150017
929255991 709759666 673947548 368395783
479345888 481074039 261091216 683526904
994497188 515445420 544695578 442654490
91258483 47638530 602490163 840746527
610254592 728680588 429638870 887365385
283736938 449100074 725882911 45432197
607952054 55572561 570381520 994271811
659203657 239969901 954924575 132868221
380541562 171881039 591789950 203110664
804554640 285523097 276427652 343957015
956628224 921012392 509910361 41945631
240056690 287456332 855283967 360736537
504473731 242831177 285227302 807639272
814113292 932546725 22186199 518014578
209309441 460245021 589514237 31133290
840367302 917302479 371675672 703210017
558265903 914372931 638090984 733264961
338838445 568677751 338853387 736995436
443400707 537823063 575792283 743885768
40122571 522768660 427868462 120636807
809592201 629137830 54394557 598608712
560011154 489981430 740506188 687439315
238533654 872441673 267335024 576453386
162188898 723253562 681839070 746957953
109805482 98239126 12982788 333397524
758891521 405231775 590366335 616174999
613287542 374796612 608660328 561707290
584858172 473996361 885811234 761767730
894833425 472585698 762519193 408410418
450935802 267833270 236304939 858160611
290818062 358208006 431841244 665100394
167771648 532623407 38852791 522784732
435867401 923048251 475774262 507924194
245460745 139531863 88640271 771159469
999339177 106493195 991942442 153521874
967630853 526399877 14289003 696130588
997008168 769343937 125353857 907554277
666502435 301110457 51881658 744287460
27443945 352003558 203521956 265716448
406126191 92616316 811879564 466499030
194653993 784336084 726058047 476291158
547875603 532673752 553258693 20321164
544624806 144275672 866536518 80342329
21881179 747105603 327501035 60307424
157858796 770504164 102449493 350713355
71796075 874491260 84399199 534295062
912641578 142519186 945747433 315825390
226898122 895073023 851387087 402559233
150841465 527068374 472950723 889919698
676771132 833610754 567958721 132525525
556073799 328898151 3751367 710101127
458900473 587068466 46426356 576322153
76851993 411514126 464216968 96880221
137354029 880523971 319662437 824762700
345949944 470810000 736211499 337283202
346468433 265806561 807686276 485242258
820550546 435983165 965500527 992168050
866193325 777346229 285287473 890853112
465544260 876455576 556449872 637975440
133478102 339483403 116140056 671500101
32935885 700690843 229511800 248523359
87238701 466165135 529314875 355036906
80252947 789491202 246351978 598427492
482581992 735597587 843701746 461919089
821258117 506268642 344135949 955054321
38718066 220813804 965321621 479263835
562930244 975457059 119504239 533486694
640740690 268820446 679249474 768038879
371402005 315914549 584206345 898477423
31681289 443146793 945292641 656002908
265154820 34073433 510375999 297619744
689932290 10186665 978147105 248995008
517773059 490293658 342014309 122549177
355691714 4141116 78097212 397891999
605729487 456470501 310341199 830725405
624589018 690847204 988217798 220512904
207854231 478983305 60243798 121915962
905942711 604803455 57045502 614628271
221792517 22817069 678104912 821441464
282778367 332435701 402906026 178951386
881798093 475205105 157235444 223047617
910755694 961506085 876793737 352059344
802362515 656247690 273275816 268692058
321759179 739398612 822749845 14829628
666743876 352314365 631412638 732624762
655154994 21255086 958477802 944527200
602810937 429841793 346461067 723177943
858275559 627351316 695443981 716239182
46683112 373101485 970780119 956866019
582856683 993619635 82709827 137610649
465153204 232651185 226504853 29232171
422076909 638858322 969327698 854610304
139591249 28469896 567886545 113613233
402847978 216588660 537219492 760274304
350691799 348018493 7430528 639503392
311033330 858351139 714757027 505421434
654927165 702871748 785622523 680817497
331865741 59026149 220283413 361574782
879658550 185141163 864408036 515969795
21975327 103562388 999775302 20315356
819836611 788422860 566482785 715974980
52351384 728484799 358328800 846014078
303301879 989623817 292156200 120529052
329790780 47663203 766009583 235548471
203358679 261634309 363301108 669198606
239462029 317896069 874303593 699862467
276827246 144758696 359072152 801355799
277814308 68055669 577075122 416933171
70350568 618263137 600213797 479589467
924829432 366662988 917691028 886683855
981726713 304568460 369317215 241037106
762754882 384239602 387007988 695678027
681464305 585910372 848470438 518432707
387085258 83730638 200337129 551200746
454897137 3526052 765474985 59296583
953380408 233347714 117228741 377959271
494607791 982094115 159265101 624021437
176066481 708212958 416980238 226392653
263301828 826674366 208859528 823426142
66306434 12405898 920532097 963983366
713086663 580204593 50574854 215370526
685854066 265295316 721570246 925500366
738472161 322863485 600954264 371428354
533045139 239328860 716765364 734895711
37132129 641780726 976768908 109399238
815256087 828180429 68523802 353947849
609031125 455789480 700211701 744020037
771026674 89954241 862485974 226134648
385121544 649517547 733712607 516964285
497772838 35878061 113361960 127941235
905214622 50560006 942879481 633593676
302161014 670397607 370612157 618451336
831454181 478155410 416828225 394343264
328791383 163575811 38708793 237848006
124521836 925882743 882079752 903210967
775876259 177257107 509283582 446085719
255129445 386452727 555412080 251671710
786976278 97784510 476612169 105727414
971556311 878691288 731996381 714557773
408584399 400259531 274627930 10089447
391011037 490263679 567957699 116359246
469471204 758894182 628987643 943476267
684664970 85509033 580498834 125485106
931563884 279172578 791096830 801179353
394167265 795282535 180653781 775480948
859207294 634122198 991960331 429365318
753313866 212013442 121402267 13663070
850640445 841920650 94037740 464317330
422909874 858986770 534686258 248061678
959710904 935487393 64361987 692635225
481492744 402248725 425303535 315152366
590115838 824132728 439316670 424698602
442224539 761947652 833843520 401897487
428360551 347413576 413832564 427294188
90109045 190403978 982846283 338209944
693534253 163591214 131859449 806547750
544955055 509214002 123111004 959826131
806008191 62907336 118943798 444546212
910339613 384978609 787423579 744963059
33118218 321973612 983154878 10120421
763510779 775073331 930794597 365801709
37613937 183562621 935675751 557152704
53681100 520137954 870663064 941578310
882942386 273827742 282794362 292230335
186570950 424621282 190829488 79102487
169235342 889002519 736248491 426312900
966273690 541267392 749275828 696378364
339737179 471529761 49546061 685602134
396484068 676335402 130322567 39505114
944772768 27647236 612349762 726088294
280476080 794691477 218191190 598785401
466347871 55164606 455541542 203549851
489411225 168671066 400348713 651072462
401239175 424086351 186061995 91515690
82008846 536775518 153103626 550556075
496156925 768433667 431680864 49301402
249049831 805045292 109356688 879221765
248574738 283548389 257453466 704005561
971461321 942519155 592968409 407614626
298673968 181851094 544571080 534897699
851812928 928511026 656039830 585968315
18347482 643892317 439475327 233394886
127957893 264301986 293246503 180051228
973777567 55728000 129189957 98093298
823554128 1137326 587123849 440988258
745040911 52425527 165796309 326977743
422642763 628369956 946159726 988582367
115312824 502138429 543358487 332129960
593108174 497516675 933394704 517133129
816600843 683549515 748297485 693141846
499254245 33873630 187391653 643802005
16474930 386699269 162950497 128470558
623455496 643030792 866227752 916583545
662172277 566518116 341721277 876616797
560891174 805517309 268279825 106802682
57420855 209606581 723283434 310939660
306993916 799884834 340045135 752748587
567436958 783781394 726128650 898625386
152587799 116553078 155450951 940667363
811143437 263659802 282211220 800157957
862707440 512026791 588420041 875193908
916424709 507094661 241017651 754292169
133431111 623600491 48702241 31750884
541133774 420382026 24033477 5599622
288147196 954390315 676839431 833956967
103785821 789474834 383132889 167416781
664462454 920957403 453623873 511023444
63474094 14138167 162971894 157640355
406013667 467831285 164489890 111920676
306626592 915312320 844518950 86737622
426854372 951817882 214976845 780404071
221518605 928556400 777948259 818939316
618107364 740624479 386223703 947501156
19093713 119080098 635010359 868312494
623580829 513205060 721673633 246651658
58953679 199713865 246512575 731026000
730225181 57115233 936397202 181790367
532446098 841340699 105236993 216876334
787025840 235969656 223078094 657202972
578180751 205001022 664719069 980370701
447012313 61218739 72640725 707705386
466389570 90779833 229301840 869003259
718237005 696679112 860925048 747971255
949730880 503885659 271783586 69783972
736776920 239299065 186281507 761107871
71774091 798413740 607405062 54243848
3004767 850833336 825243839 497025276
256091695 794525321 603207305 17726242
721759897 46678754 219064062 753693589
660742489 297171587 362687507 668384426
988621769 670282753 198247396 117344658
269569573 145508089 451918736 996836304
61675707 473313335 440113928 305089777
798122039 412647777 621485594 877674155
170250724 589894165 913163360 775513329
487561178 599983418 535339531 460886163
911623796 701100023 605031153 294172002
635341554 827980672 822429006 239853515
902071003 343827283 478512298 651971697
2091729 416176116 313443257 513975803
178267774 165630356 964494925 437389721
888072495 253748024 465074940 778981550
282300178 418828562 465115339 643849400
465399742 650632087 699821907 342727633
717293703 138446034 381052058 186811273
300951612 946698275 169162606 632325398
675520524 129590301 136305593 469821278
223961089 54880085 685974927 893945283
204079102 732304107 416507236 691199862
187502503 768210438 68587386 673048104
376108857 529293558 467055204 917202486
294059337 884169535 699685933 576780055
539752820 31606462 420766997 345604481
375853905 336860086 531301497 338358489
717304328 758484224 212367796 814825023
401826934 203840187 89131241 485526181
785528176 803468075 288303934 571190026
703252825 314950633 34926588 551513271
311546775 168991055 751505883 445818727
523142977 339226911 892144912 763246285
837653474 569363170 215126215 416645612
64109803 700149212 851905456 577808156
163971394 222280090 184896899 821821436
446459286 206262764 319675964 113278453
614198635 481014739 594726046 373912074
541242456 686657792 423635732 219281198
475289076 367375668 11023965 357036881
274829867 711566270 138845490 376941322
859853951 453102275 6099651 760236981
721905571 497992487 836748303 35444868
743537716 601549839 757848382 160985510
433474858 763222370 309254342 54875139
163516490 246398462 529599941 695976843
31653260 578445810 815268953 685877440
400765759 228653347 91113048 466044285
298714271 368072368 243338626 301396664
957254966 77397619 339929439 421791058
386436241 854130825 729158715 882345386
891676296 475631754 923233113 301622241
613245531 782893381 887876333 932212225
677881799 175883202 911550140 14145236
440500344 229111757 966336781 282680980
949348903 955898601 737844676 902312857
341629261 846324245 479692367 109698159
34786902 733515713 503680373 397169469
490306602 124536456 99540387 69949631
226849031 50147999 153019443 561169730
169435524 767683489 45450833 767845348
169441461 582723281 151756286 151871764
537892308 90873160 230690673 377226052
226085962 790614360 506744727 167830252
681742954 988278146 409608028 501933433
700369288 432227607 907998595 514683524
511436029 417033897 864538182 954686137
790471877 541699529 455671255 635007907
378670244 48007125 704787764 640038915
170126247 504878133 348550334 871116487
802180225 256774128 541342816 709312681
470049773 999925377 735090967 502884338
444481776 231689338 522547273 663724078
254680749 993131156 589661736 953577417
835661920 474611036 572201410 872894835
466754768 62235642 511126269 621987863
507390744 975948185 318083497 968333979
546738832 23831601 904277683 961361653
578508413 319183945 797301946 281834902
198663353 234461298 64196961 589709846
479714560 490895747 339560997 223604113
464907240 229919726 274071479 848810372
99926854 188500980 578630925 126633117
54949367 177012159 464794569 809717358
990893121 929155303 441521137 81392190
280697077 2413231 729119346 12393115
703780142 59420232 729262026 914780970
317401889 624005945 235274820 642309079
750573476 702943937 521253397 690801393
604429636 678299155 10018674 874178723
685019537 903202737 868188770 709292102
473415842 149148083 372849931 468820318
441264197 696246982 911525690 908530924
603968072 888781722 899485536 877072535
973501435 158768340 947321093 7912983
53512681 137874849 319436130 431049891
324113747 61607017 542184980 37428754
229382801 58317086 567292003 656301430
539420007 829822490 584700267 123033233
830900444 109152065 215941254 960792498
511775529 744659961 109884274 581229799
273394188 301693503 145839994 788026893
624777249 771696450 981383168 219277818
349412221 950679054 574850066 65096519
589985239 377737704 138168607 925043841
686076025 652411766 870551780 650072146
234775057 752720812 308273039 448543188
381124411 516128418 260763347 714952399
138450459 946756265 630958584 664004188
695576114 942462267 760735439 771315954
571980250 403130198 854093654 53904317
899611775 583508414 149688094 592298526
397129068 298999316 650096218 294257876
478576193 486182986 996607113 763088281
989655318 329329278 845244346 514739127
556333672 668125671 875311648 995394949
884421195 280600433 593567805 163457688
976566544 382796467 904055961 613999371
569451136 128274170 591523974 626584584
195536082 309837992 343196352 623874223
454987316 153207747 516692968 776295712
328413396 817091828 567900635 65423010
756543012 10250917 861617337 636703245
538782804 609827860 917253173 464943234
847124599 513129602 597555496 48936254
908443092 387555946 247853392 821364063
67330372 709064333 930500996 416174199
505552367 334010650 333642231 952292348
618878520 585192912 650905156 280909583
853642097 779150099 896705612 558991410
920618831 591866475 854242985 344231841
635244405 849927318 90181132 333491421
950519988 118910345 654051376 471613699
728323851 895251875 970972873 308864966
140003425 811773479 717709683 4228502
432159778 489350493 297436767 686357200
407378008 766744505 109812837 374216220
237379094 538496276 792365925 330706091
536773950 390998917 81929304 95180686
704619373 300693614 771670040 849362271
836663916 482874638 848627599 979550403
803271429 933696788 606364789 261044674
42682963 114049491 102632314 79203220
847034268 266919302 243332006 372441167
172954468 299622920 919498741 475270056
921124405 246142586 349048685 398263826
326509016 287293837 943790032 872841990
169264264 966601127 465311942 817656113
567038937 147732147 547803962 129905307
748803146 536657475 638874718 36775280
314411104 594996516 651818 45471844
449153437 729953205 746870391 998128071
588393466 230086151 311473760 535052491
961347417 316477179 619012293 768061118
574639556 925030158 391332273 650837417
919609126 812193505 610567356 544262564
41537010 760244155 292884904 279780078
358511849 686426532 829368697 588657395
643590282 962321556 767313802 500269437
213322091 12466881 337957550 798333933
693460743 872262941 848747316 622598143
7887120 539423347 579724568 659870640
826442479 24974537 332457345 741886601
902385372 199558008 391088954 576479057
162124025 27966734 979380671 349373627
974181434 210255883 859975139 252146514
777043184 394601753 144373401 967374690
20991886 651911457 472581370 587167858
588506555 627517732 687585782 523415761
514444176 927507148 334756291 804999705
22606760 36413512 834595441 963415944
593981913 968280285 870726628 908837225
258394683 704728344 788882064 210907534
451541154 660077358 811672452 98767957
893167081 959967903 842856442 179253278
486329830 228445693 512214315 452957853
384307275 32216704 155708813 552958252
850612411 233498545 903361068 829997900
802741617 32923378 855154927 36223388
22560780 896543781 300740942 247489414
796178191 81809101 644471852 948129916
823021150 194287350 985130295 904463931
421494899 500037613 167974341 663629458
3486433 148519199 516880200 526294054
243838086 231883335 501070977 7988632
131518072 762560377 279554842 634429323
972976617 31284076 4780496 759423271
879976080 355023541 149867017 570931141
571994024 839373620 432625512 467400899
367692896 501215807 25556533 766071553
800950319 282678963 51606238 536629811
477407234 549411456 14265101 828284714
752289543 720451368 338678559 249304321
347199949 238772066 659375774 198368180
180517835 636936202 385210539 236815949
132872667 12900747 235800311 147499227
36585433 93050940 923472027 154524266
109783625 514874296 529678026 175112102
963926403 971087412 405268021 125265907
965933604 931440851 974321320 775139493
53041313 160532381 590789768 721637709
938025394 339524245 719473136 123846985
420744954 737495210 600593405 513504277
738532435 375401326 788522116 661056550
99999893 983366897 552021252 877917134
722236890 115927554 775624630 777629030
308108548 821083587 148091629 739525472
685466603 642616652 902043667 111010471
353966493 237561637 261686803 996936584
111019829 639943541 214746910 557978512
995840432 775215040 298392719 894478708
248256839 471797256 159737164 280557424
205672846 218185413 304244582 155297440
480168208 434633126 493913383 877116458
933114859 247103028 915583605 954297111
804678530 560624216 580469357 453188855
361346385 787279854 377078212 473882046
684521426 126334510 74028683 727617273
937250103 533524931 888714765 141586163
194600498 542947044 246110150 189102941
495939915 782574725 381872887 374965339
56307228 247239624 653224664 712336673
162491811 985876999 671676565 940069570
826067474 474768370 298362863 238064876
994377737 810291125 744306916 566518570
480095124 610128031 844359412 289716093
451817181 189771313 690307128 323128029
531273247 543318014 659039252 599864166
261298566 695200544 205070125 579387335
895845115 900588675 659939727 424087201
462519674 501928092 808545248 858615425
563468390 443185844 899733558 802087671
937297066 200548710 143454571 732634280
53447943 93500150 455613804 27479210
543131464 133796919 206381020 593652972
816416512 390735655 6700264 952399935
569098862 445852238 512323849 562221843
244960340 97776768 972867913 774481019
177226785 215094048 270979248 593485105
156642600 172210906 894090599 608433959
777361096 622742176 102993696 777626215
152317397 457833340 9359719 157501510
285552730 53536257 453196425 535478050
240731382 188238508 6089232 661874634
112090449 734043080 500109185 439607374
54366709 819211770 301900271 66183565
131693028 255989796 471418569 445161008
939274363 158507533 936880917 249586345
616554180 31556640 196779611 22170203
550433903 9593963 422346102 958457511
600333398 784421103 966292708 451494551
573429163 222648327 751289623 420683527
793385093 946311686 750487053 958100112
509067660 41797030 568074934 975343207
463670426 484232967 568464836 691501084
126754627 311642721 91315230 270441311
677974323 990374982 669915110 700806569
300241996 533176993 648845733 920679148
97905108 580897341 748430880 307985038
113903065 730889930 485193146 42846173
527920594 195466846 103275381 514181422
740210442 228135622 994925854 170363455
932210169 450669013 856704149 682518300
81448791 766170868 942585842 822989523
923889835 817575236 409880976 553310149
388888267 639690125 141967840 728448194
495089626 187449129 40925750 916925281
91823960 790448227 39870572 737911800
304553559 208685933 670489426 191376714
836141164 644205614 104523240 109751102
214050140 723151765 365452822 471326902
487945709 742337988 78013962 540696869
807836132 781755471 89510551 877008299
233944650 478970826 984978109 795865174
415796547 848744770 489328940 276144950
113875154 26457504 955130040 867598521
377026003 23863790 980080357 229480672
227796204 165394058 960164381 650116297
449514921 351229721 611182126 91090564
228692966 350513847 428410538 779386884
361965190 77414305 575575878 582188689
797613318 806115138 147852900 567520637
644701734 595228185 225142847 610083286
882381973 320709839 137699573 49813779
249913678 99693643 19616195 715382488
485155258 167565026 721980912 579018276
858212228 926291240 382307094 274063913
980048110 941071503 473628625 560601543
799847125 833726450 402649917 233020834
588673751 97357342 481447087 722343852
292045530 196583367 803183017 952243333
252570036 847556311 476525550 663641121
421009020 182746740 908558330 638215189
998529223 230158659 64436206 475253927
185617112 284230482 670754088 944306377
261579662 20486850 462066944 176325960
267595081 358535014 246178569 68223102
319203711 597622758 449680344 228851807
897095619 467697810 234343863 4528483
941974174 975667527 631316777 723268771
928062799 750617033 650998744 923804445
385693311 220706247 50421496 969995504
434345920 754160212 843069234 942063865
262198785 948914885 451758793 744631782
180062684 829578806 312178258 617263231
514141121 669956352 928529191 534304282
322154121 689751854 53163139 742860537
673112873 309303774 650779172 586764831
760749902 244585345 249268028 545221317
671217694 874919571 428961183 394616772
768175642 138345467 236447 467494913
537659798 485673547 473049143 981166743
544870484 682026451 456578966 323163899
677892778 267394723 866773752 327902699
31397424 623514215 630527740 790772953
996894643 476099199 469977276 534082797
193517580 533636952 459510345 422893590
821058531 171809360 808287081 60794118
942210378 611608528 400679336 188369740
760561812 53356948 995663423 261987390
175831181 658009733 381020394 587241227
678080492 890839490 995559041 941900844
163907635 415738810 351048174 976074420
187274805 178852876 848470760 325218988
273887597 724386203 590870108 311713048
912049557 567705648 835232164 444100488
186350456 796439686 378285911 769642879
90590484 139927145 945651280 172974169
78166726 640238566 294155454 849030482
502340848 99952425 628826026 864554106
941562709 224972412 41948070 213656234
194414380 152808921 551213258 465956662
509138045 993849252 777229797 740329307
667332989 155269398 468370587 492459793
163412705 764275671 664369647 413640679
850089096 272433442 719346710 207687087
495293116 508620597 320701413 802968396
414803743 8016096 975721489 844813522
986006171 144593606 669944737 656493343
342284032 88603818 156880308 778582601
249384836 62297740 20396875 293098061
42081286 535438465 977474116 890604514
574737430 792094488 505855159 842982892
268244490 313651502 347132117 595476757
427726643 803145168 372106428 208803447
352834887 775084859 437960234 597958263
548893500 924204557 798167000 102760408
517717531 657888689 154227417 26158721
273749925 707411221 920337235 853210981
740997537 404984610 651887610 326132599
119227406 621667108 305973428 17936190
851351861 865976150 702469856 177339824
449846120 151383863 614674893 136001499
304923772 960275660 988653153 613332903
399265791 7612874 488324990 159271958
687716001 355995826 208141424 381001727
598999224 138467638 815421346 265836879
326520563 592648958 795449562 944044088
785047845 966700599 104709201 644031481
31909486 898247616 513335753 708098995
723225712 237817573 326535596 713145121
535628770 675765931 402251617 213640331
19767898 21799729 819905980 19179956
329070732 910755529 141048646 904583290
874367164 866548340 511124895 595565849
630234139 162873972 290443794 922242341
844331648 677629020 762714634 192320296
415418030 96069761 929096732 902269645
329973589 125112550 416253091 928140659
974189142 11664255 252385350 444529829
379360549 553344233 86737707 796224454
492020910 659563078 929742447 11521968
597037375 936671560 581069555 112449751
160505690 95606293 795685330 175836761
137415817 922014666 281040772 203367442
921017877 381568575 446925608 18129697
987865177 765415304 188290871 592497637
11251875 710496616 475035059 204478156
938563159 265200174 680179920 148548352
824800638 45519378 682089811 994548797
757676161 61751387 386268357 949400487
835435581 903802130 531210765 872734947
557749983 464292730 954440703 973875967
391340723 476271727 294472731 864664998
927913342 885261406 612122801 157453710
884950829 963757586 201883885 814375789
653977446 279643753 969592564 622111981
754131834 718503738 757500765 404618905
337073979 639962054 765334367 454405698
342197872 91119554 642869979 25294425
605469354 690046884 499126565 291066347
959578638 955931085 709319028 595901971
968707819 999312645 566402289 691966286
596995520 791946108 852775158 11129757
569556328 561128977 347570890 385665240
352724465 232571214 341298930 899384659
763907440 927698112 916145424 119375550
745550249 824506636 769518067 393780462
106079901 351666177 817654135 83448682
188916 969850470 299842605 550070416
819294968 379371895 816093873 835403131
876700158 403311370 479606576 466087399
704135386 712653852 209635198 860913780
120869234 414351129 467922058 196220064
601718618 60884747 7997110 220242176
663264491 986349443 451582563 781462935
806435054 939723659 383279321 620055177
954982953 366393227 586415923 225443101
884886007 725583032 76676885 115696054
34297215 238921201 14131943 652113362
230451864 159322574 953831760 791421902
541893476 490519667 568887870 100979497
266065729 18412818 359686733 782852500
637752233 755808275 585172753 793998960
28238176 729711701 555966425 587797862
696339753 406687202 518867476 992151843
931328219 651803632 537745831 648096513
461969082 323399082 152422763 758902952
529774198 339376713 751777296 604703655
981564185 750716117 236418097 306818018
16990058 775425156 458192146 129713647
345136333 548245636 553782452 895545728
308717925 918889814 981430515 90146220
168864850 351766133 152818026 554835611
620653233 240673409 996355829 228260657
902537942 772980901 591314326 717359175
354580742 764858061 407530921 259290524
259829118 419276747 908969585 427105598
796439292 710714312 630716674 718471489
333708664 982443745 791827113 652091509
927288498 714376300 912945797 813823335
988178028 678493859 247975464 259245793
456484574 442691191 2587124 451564324
393750313 521729531 620478393 382672860
197656084 975705299 55097243 959722958
663094314 149188279 682921862 939662256
297782230 942384964 837302729 596079998
68108384 37811117 87499555 986520348
206474388 120473071 821084013 552833173
172330757 397650579 883566357 791065153
590050860 296062308 516198633 663381224
127662295 402906758 177604959 271513468
380673380 899162333 895128467 804054688
761037944 384014436 854239848 103789533
983058947 169619541 812551352 743010774
646202450 23062396 610907666 808303117
252750012 753755009 815254270 965125345
378631125 284633320 310231389 542749655
486490902 512218716 682668984 248992194
357146726 65454673 361446790 754959108
552492797 151644895 309114711 987219562
599483232 117353856 117739855 994990390
392896870 414244242 503486985 55840971
964886014 942918943 601522203 934222065
294278763 228966812 438810157 828375183
829142660 100352845 469903847 180349687
866007823 330035697 168311671 643977908
76227188 908129621 251778438 532082716
682725020 296831235 768006256 355103760
906292971 274576969 363722093 413141405
598007990 931504948 158493474 824473962
449567961 337424706 489895459 292233526
591460452 481676513 322575059 654400661
303678025 668418955 927403548 237860231
74139129 759011526 428978401 780786568
514827083 169237220 507536588 271437752
638077807 609252467 682115762 510842632
804081442 159160681 645700880 19199979
93497207 418724671 983324883 818191575
817278458 667743842 299512210 676668015
855299611 380010491 851126702 916425660
602949986 981347673 554421274 990706383
759712301 699490895 672642141 353495531
668003093 501203445 990268480 329679644
413940591 214660462 686583174 719570894
624208109 878120526 729005739 28560356
541392937 122793186 570665230 360806214
708469711 786620654 175340472 383844842
554768722 463876845 825329332 229698418
250223179 938289871 854044697 626051317
247760409 465589060 106079923 108057255
898514742 543488598 940004411 393422223
254460507 138742335 109676096 27361298
175149995 880635397 311189689 587864090
996825848 103583853 353977326 935979150
420197795 862806459 964261070 440518623
410277302 738374289 682090525 707293880
670674142 815339520 344474701 63831737
464169251 607517470 156488852 797963165
412805985 278057488 96236435 388882259
379949661 931130470 720600397 432807834
691754163 784822517 242366082 964113820
453246354 928138899 667349220 49846167
326977903 749900751 455453119 503878561
54699003 70001455 295700732 847371669
341998668 743625081 296227453 796153506
189828777 778181481 160307088 469453970
895850919 983494048 878898346 468718663
782550565 453940377 156549338 802867184
485582444 129443155 24908412 977292886
569953926 648166888 133802937 290005413
915188608 887629601 706548330 134064440
478174670 999231509 186926229 5138632
287697012 150372892 792612520 22736500
254745692 202069790 730140046 579345598
314122806 215896946 971243860 260345627
740841261 573832244 311623812 945142646
553601717 159343832 68590319 347666241
880878896 581693587 773534662 907140121
389258354 256538207 126539874 368005785
551585605 181303289 183360403 814867532
306263019 131425019 97266489 536353536
534993878 406881459 579908543 536313830
12359250 446997293 280847860 717183423
111665863 861803451 618826307 44235326
316539122 164603383 998648489 31741989
483130320 330556081 676619207 431275664
482632869 273799358 560082604 706033393
157755625 617039946 218161288 706188094
837124928 722985128 731601961 466724910
454165216 312367256 747007939 199455713
902069688 880412126 171012320 337635587
614133839 279908356 614298264 291471120
181319825 955536793 462574451 538351532
100769702 25767915 498923500 201190264
620191647 502636422 793765001 615460031
117717187 300645110 271510219 76973553
202068403 948867765 671475352 947289316
121577525 833122790 626956170 229690470
748375288 483603565 618499933 158480744
501117986 325416158 347713001 421486874
628202613 772891945 240400075 657950044
801890710 383207587 525418077 60121006
355938663 933117987 973365894 188496656
342045004 803698613 834120516 136323752
122510189 10959801 796168906 107019902
722755102 26562255 586845062 900609206
921795880 219370949 558093797 252303356
137036846 992386681 757417504 157133535
329874961 125533573 54400203 265737656
628428542 944132237 118907505 145175167
966532719 103352614 572545726 171551049
979611946 247908089 123782123 154413362
522047370 552511652 140592526 219483636
378804939 489541046 406444172 58031458
99302898 267208401 593532287 31849985
14852189 71994709 711411792 670084590
611910212 902046698 635714671 663723601
852801313 87764999 775780704 436900883
870658847 111538345 116871172 442909614
202055930 185170170 78754265 799228757
516731758 517219514 642946435 407584064
445122519 548935172 713870839 32629099
992193121 818166859 788048204 217472894
301200628 312884096 422786827 994542469
434037535 547862372 283619085 341432001
307087334 202908828 148389720 333349492
951908863 585038804 359871488 439733314
998100567 824990439 140535091 442851187
897023185 710425300 875039818 658432730
550735203 48210975 179767054 41872886
847599827 933150019 431262056 584222764
381520898 515084398 89841546 940696706
303138098 649281171 142274109 277927382
301770163 550775719 189794614 10366870
575133760 27195356 649743185 501512769
787377791 206279004 422064004 367426659
135332990 464447638 965658529 946713242
874662011 412605555 776799867 283108929
262314173 99880386 479118237 29308141
519336216 22357219 128891276 394166971
953200559 373126765 762362481 619041138
594327264 261456459 872010496 797907664
750725974 722232130 687197668 633143872
469218649 441761514 751736036 190009719
374442372 165415159 541695549 764360264
781755221 128786894 561197415 79544009
858851797 868714863 302739818 309337711
855821471 518588187 988013588 674995482
581864150 261527742 28265552 613236569
182599025 962861156 612739046 997513866
895681815 126873435 547652765 987702417
257180656 776704487 11729235 261982655
27901846 751171920 795097121 33822713
285017654 839331316 380747959 504452106
181147033 239806966 848981337 291147925
772051372 147343166 864777461 792676021
911008350 334219640 402237247 361998003
379224550 510412608 70899731 902387213
639370019 55567771 921240237 542396923
840338995 960361910 664986529 264313629
846857302 131379044 522706081 48836408
863274693 542782734 178606642 435197464
9816369 314138724 181083595 893962490
355203267 759723117 415060727 740719955
627579667 784573188 966496709 402134209
783752190 149101344 225409470 394236024
264310174 679384481 955435821 28834188
63440341 74424932 627941429 88092856
985011834 281928464 892221876 883912241
498208166 244973725 2568259 783193915
519154112 879713087 796833543 830038413
137963388 786908973 268846054 693500533
470995096 426472807 608103733 842456237
237945657 676427576 100757743 481618693
42806909 97566635 227402374 805229609
595363879 297848894 777539517 674350482
524016393 358140508 611593510 136132455
556322842 527740534 36017526 822183847
216270399 373062266 445215572 562230931
67810289 789005909 891582359 205877776
725227086 271294544 342162528 879199815
711479411 465157852 412134641 522277968
72199983 763110867 55093570 836130409
867212410 160662277 207715042 955827157
637781972 508762567 276151186 161944766
621351682 642925082 990856562 885755229
449281879 426068564 171218204 587968001
797873288 529626673 80644430 240579008
691907312 319763547 84152941 489117599
130830591 99329313 412642307 469647919
197436842 231698060 408764329 344411061
927838353 338336809 510734110 698422301
844841396 260708990 35937032 232202595
389633264 692478808 27966452 130501339
17722310 739532048 906844106 776299909
805321417 389098165 503015704 767797084
681996799 760968190 36746336 52736893
327292634 651460526 753139512 702572049
880783662 988116897 777878081 918271893
644888865 34739273 979041782 966936603
159304457 179211636 185618048 766805539
675067405 451498390 398196773 118799537
588422666 577252263 374021777 639252834
29284463 463335236 339307261 695439086
110193256 124493401 724180362 630196924
580980891 608550809 984328724 471004921
45022521 132808653 40725407 286468038
586050404 340436343 161411192 112470328
329091222 294561256 367386103 714497140
398835590 844989498 756383690 365805242
55572128 718913019 851722526 109935844
72819693 770805337 913639526 594843865
816515267 843170687 32719725 279512003
909332162 251332041 690704552 111538717
608140380 79239378 726016988 98405976
748773114 511737512 776952144 30914939
401764759 481493455 57903866 145353334
325278791 37497693 704324565 375869012
365290221 315387481 562264093 603543514
432746883 115144085 457798306 733935569
721426596 485811728 590679836 235523936
3704510 300601891 933911542 715477634
99343573 537529463 302059001 410288177
900474291 482640399 608847970 809872569
757791854 763991065 96967829 54394106
920177815 374268982 92775336 22145621
933142505 260707082 180330120 900343859
785578711 568854207 310262103 473314875
993552262 831226687 525309005 23129666
204383392 142581557 749020508 657888167
322020172 156912363 379227405 948381221
792211888 524338877 859100519 20188658
85243854 243185541 430497223 112247506
332234733 836135537 935868418 155063117
390527157 829895348 222095071 293033092
285297754 646736471 467236755 614454099
789813480 140995073 155391236 325674529
942598833 242883487 61842068 382886451
435618597 534043164 673158090 623074714
503915173 399064528 310867178 532804449
991147225 142640542 820475661 216686464
389252036 606407248 82660141 227538513
143556501 836178426 129016860 821582219
646722995 87196114 715744321 306026738
161606270 671653192 876631708 770336602
33661597 609552242 162747605 558322070
837412037 377447332 118698836 26291930
554963862 970347595 174629575 808733993
532606572 716564602 519648172 200303835
41836423 130817547 20709273 94587702
67309119 826573244 124434520 968633267
962875235 843601113 704344143 767799735
999295246 855541671 241248223 552781788
108680222 149960435 339883629 348327041
96762711 620301150 241212223 1226138
9050476 168501758 408713139 298205990
558028413 644583295 536623645 452900444
235398112 289790794 216292358 722808834
801141613 274720845 89007444 800699665
228114153 831314727 107251802 268676338
192278616 842164161 587825044 50461387
420036429 278111070 153584822 665342505
16698883 361378925 2956351 959817110
472449690 109199186 612846714 617418794
729651212 770974062 743873644 860377355
986256880 144259019 404178413 88215598
520404258 629474402 577014470 719559432
951980711 454311034 551944087 540643427
371763068 161698529 507951097 552267925
9676920 671311879 740178334 279953580
909365849 266450014 765331705 531932987
50585224 759229244 458270111 718496697
402001120 582911265 893163293 801894937
90932938 624459356 337707940 372082701
414333815 889817189 705829210 19290442
228297680 154561844 310821520 338773046
798017257 952663999 503434933 338428744
316861812 390595618 625524452 438652621
471308732 754483344 373698519 239461308
741155776 185665363 866500070 534088191
389235416 727836664 847193301 811313885
362483260 669073795 510875743 990135477
267110257 197244984 647921290 346778654
577398531 977844844 110471715 71592917
376319697 554804493 59203620 678582781
486842352 554945563 226008743 411646351
329066343 195080309 162988785 693693075
557388012 476230340 175173515 744081223
383523939 686871741 701079580 506248991
648049113 39548955 821140776 236896486
872312300 980261277 765312217 556520241
854734545 691853643 381882595 182317055
688359494 266174104 568659743 189565794
858340527 107632697 820300705 843549561
364556042 239520851 513258681 995182840
605747877 109196145 110718223 576228788
241850076 801983237 59781603 176546252
270403465 63219368 256439437 73205753
873289919 408522998 204060276 940405203
13796243 50921889 477039157 890445319
486342418 828125258 389543578 229661128
276568037 848811650 95706711 870149280
682594188 397919136 995116520 825314111
261569610 416512080 209376623 55975102
849710896 65884772 729124269 648559315
522804867 835428958 562459295 736563918
333458489 702958551 405878936 988959636
111084794 729059456 199351956 599416684
22385477 379972373 236799687 492319144
404509364 850667181 835164330 717887871
895722665 758167564 594099390 674544464
52439567 964371396 570429066 61972229
919536759 264434628 990940200 732351291
154647617 54420853 88273430 152146669
9313938 860022369 213484882 706383698
412280847 979751696 445364058 997761623
350442518 623691036 195971398 977710165
390481907 227495715 469503638 206376297
61795301 525749658 536156986 442189063
700722561 467174442 964669580 736646131
648058710 168482037 723924414 881865564
434654050 800952706 461827321 23279734
941896792 203422929 777062479 906852680
455264346 356105913 190647292 836459842
770010758 841746255 872330008 97555040
863580764 771934111 358744342 182198036
495540329 120252137 187417553 600746582
554408326 855395334 947060156 36267020
26138456 88395362 277323084 237692075
354946133 805602884 205712475 904879340
227955360 996223213 859184490 628693245
890173102 67779667 963202994 579653484
386964271 521678016 170545920 338921305
951722488 494368550 959218438 708747637
621297441 999000433 996960225 143973079
983457110 58797220 345449843 140829833
309014800 979733151 229640200 584600719
500522942 105254664 618518583 782596380
485984301 116815586 81315708 405499374
460632280 586823310 318340804 471372840
914612595 852295052 638940682 840255303
168357776 36126470 907196932 457248875
755115198 118460327 536178137 540730425
745089633 421603369 393057857 336455222
458016372 899234777 167398434 272903717
434072451 247360960 36354293 608391836
59342651 243984923 582760753 375923351
186477778 672514198 394096620 825146509
71810576 326724035 81054487 107270497
847326546 428988858 810656936 202465307
842015594 353312564 728413127 458453876
581318933 773032823 839206953 475003071
988329879 914214026 816964870 412706341
885685175 398461071 219274568 619997019
340737484 749994505 71106953 269405666
481863159 179423540 58848119 544032690
876557512 896046193 899738536 916537251
337064300 637983578 654137033 17759458
360210297 88102645 413053929 346067424
548099183 69421078 756597129 318510267
689325989 106991972 278620731 940081248
423856360 8817123 991218376 574986284
118803522 744698186 263579272 722686768
573954646 42867611 557193551 887153669
650809330 394870860 153613699 573392220
589815385 169644218 345006866 134181730
648750437 764112828 199680024 293561952
153604043 945425884 905693155 283302446
391316983 940499041 766886611 104939224
333318359 954736037 344053444 817008439
789169945 592015197 995881388 398758232
722169529 997322042 462913719 316062543
824018640 196355559 770798996 6206725
45125858 676256556 235910470 30596645
748713647 456222841 553919222 279602329
767214148 938778302 236957389 299940910
639352702 128952600 593964489 924940057
250160930 163978635 214165180 108979364
2862966 836172689 981234342 505123174
343501757 227038022 681853956 148171123
415719021 890241123 513704861 62703108
836137251 900771779 286451595 248208726
382339862 405361633 551726790 880908760
923554668 733772181 178579471 346995401
653902232 61141219 991429556 581880642
370830864 536006857 70450623 55368691
610373358 28012995 897859724 577382289
143983132 440520217 815682789 81587662
718469363 461002750 139834450 792561707
882547848 178176352 77850004 830087997
407266081 800820042 287411343 549363133
792737535 81377802 657597084 324590346
248112631 728869713 612104219 80653201
140724171 98762106 400027793 119882451
200096835 521962511 446053168 325616413
773496056 808687401 744767881 666617048
360138463 794528748 688382740 582086045
783685688 449053621 238499904 375214393
319358375 241216981 359325252 110892975
343968873 683501835 723184481 910573355
861221161 998742535 839348166 739502531
773016522 832147016 8026709 987622364
917735989 127928729 534907882 921411347
410783313 684698719 139803639 286342598
784303487 290647554 126969263 337103432
135036221 125904693 824128365 296575964
197473407 797801616 551558266 730398515
106891252 330282687 498118184 571074881
177456627 397107901 966065682 925089829
931353583 613781990 113904049 749089098
459685267 841696369 823006820 224252615
150474113 392670079 986263415 240269813
668320701 695520376 276523824 351626837
641143824 908072816 276274851 750315288
132436044 851330922 725016866 210950149
347779681 84006114 22732530 552275342
760737791 416038768 808771244 659840864
23791622 787317066 607034060 828330497
432649649 760557344 612276362 359651130
358734801 957669673 162271345 356137263
206786342 169644778 607445720 328130018
639594724 233035932 237647951 603260725
30119418 960550793 95864766 103962885
402728585 569493089 711182762 545715659
409186394 258929360 38966116 42033568
665902541 600924996 372130167 564400690
149908811 756690800 172989561 410932434
890063338 380415119 89416149 808085166
836447142 721323793 699194806 714668500
576274485 684632127 126248649 746709638
867608691 140227230 177778553 483320518
411145981 988896220 597775344 952476758
294164695 657479766 719167363 409683134
579738705 750659822 762568414 730979883
286009185 379254319 249989440 582204670
538830451 138031412 248490473 510148779
500267318 771958381 247846921 828540181
56938853 655536638 210195847 60334149
98170109 822259477 192557008 922322498
985759702 811071967 159641660 289261802
492198155 925215980 334599661 191344406
494857445 546113800 926972735 909500771
642509214 436381409 915199710 336992543
6856909 216308256 927700441 533689380
594552875 639968697 976136180 107014701
424880494 397342465 442043695 691953095
737180823 903144604 602951078 330636715
514059565 225852574 855138863 384794572
397269578 122142122 768977743 612423198
505100608 738213830 267843059 699308820
944940121 532610776 395180517 78311883
880844464 709766762 846447345 921574340
838114785 563133434 94880418 203692216
396663955 33427381 309209749 892938591
709785492 12105307 239569577 528472123
382735544 464911976 498134168 926075992
781618892 955203751 648323381 907973853
260043374 22199335 770217363 84609487
144677504 342886177 773450467 580720317
516743841 376706008 162381221 423597478
58683900 25799941 128522480 983840038
614015453 796937343 653770714 363901882
363601104 526202575 142952115 172326727
400620319 788178758 360312264 638454372
318936965 931532898 775759627 679555858
314677756 292910150 828266783 779248528
37739003 684370508 981925572 974419398
274239943 575995264 601546424 648121680
52120562 424632024 72613457 487515725
275514695 398739536 253852443 346390909
593500751 193998181 26551006 148769283
118029008 263026178 911029634 15333806
527763943 415422281 664028796 109818272
27352183 288339633 459863629 841194469
95201419 285177700 971513929 361247000
926265784 526247060 518632653 888330461
268321498 548869770 232819876 564695641
6642615 366418694 54831819 517824380
117249456 858837118 616847552 919408773
886868015 109567210 979542623 316764681
347393766 866599086 916028849 139432317
866966967 25599710 207911289 558845416
50377604 756021106 862390656 714916890
952401682 920292857 767347558 148123499
199904361 18738175 704410687 813175810
588127697 227527292 3493441 550595776
603967116 763192010 275462476 168891521
563002868 863524088 228572809 486365352
674020070 226441676 373260783 861521852
716504319 34501685 997909876 161487773
325440834 963474646 582215336 436191515
7312569 755971185 365412597 933504254
887613672 850606334 66687775 364362594
617324750 951235376 533612258 319920797
932482326 472705188 80597827 457294361
632458241 225098079 464772356 917258674
310253015 883341620 56726528 273572930
255141685 535055186 864063187 180727970
735607775 73034929 921538801 25551654
976335020 775358196 254097522 442187353
279272858 446030775 529190858 994919913
636230401 669667469 565970897 245894055
526925446 648039237 274974626 567641266
703614837 448550572 484900319 295499025
859865309 565148667 446500436 32332913
313614723 318731360 951707577 946822703
387539715 75520895 987377634 411629286
61613451 296951409 99274403 799725936
591350619 887115431 538374835 627262478
206373146 384764255 208480103 628510831
44576543 840350375 240469537 394564372
738068603 474963822 901675505 238004246
977612121 492854952 56656336 207400350
547826328 474192236 178131514 813287690
883234383 653591892 846163492 681312315
106732639 669037204 192573855 474260410
341944849 273735119 294652957 865771892
82203527 720926788 449786801 701737513
106184263 3910354 314393945 645226063
992345761 381087402 809815366 152251278
62388057 422539017 7884774 751135795
584164230 234946072 552615185 766532307
777394902 258889062 834613102 894630478
473982180 30631869 512159649 721057031
619016705 438172464 718363690 538544360
648296990 43190090 495534466 927674563
121588413 292294024 229476255 30094693
749732570 76340576 860996138 725103460
222925152 891619192 328595353 990208381
224399342 337011927 616457805 99463840
20591657 450805258 846556098 428550264
312126447 424367293 679451521 791552449
466748794 16179543 22883011 257739036
741579737 342910270 246690379 292536555
798557467 417057038 698402723 579130939
511358439 518292799 783891722 987731587
225199351 295632986 62494924 741510304
84519119 204391089 522214139 676755804
355563709 302717438 415882144 728536897
707276265 92002329 933697979 816697315
461425176 596399740 115411843 104721457
551446208 103334979 498357499 591695503
36850565 454803720 313259464 731626567
145098633 911727867 916342064 391675776
869776449 451348665 788230657 430306318
4177018 540412775 161070911 704856411
678189068 222709090 832425537 416434630
596712163 727032402 969649399 177966303
952262575 772874916 598068578 460217439
380267327 911774614 427186800 946326690
682169327 531990185 397381774 781732476
441255332 503929817 397325545 886172794
990628298 989692724 873669729 925585177
235091694 768880153 720448388 884915582
216247850 18105307 814063621 165219155
800783635 479885145 95343411 462277964
581957643 898610825 733536241 142357588
816849033 972735271 651200674 862064401
678533720 697305662 398758820 901142103
228151066 523992322 560997621 982815895
255245698 451459619 902577351 388140733
950040249 526611836 957499162 481817149
353248828 445841511 188397469 599415581
44681581 18069660 121985667 121716892
529696810 269488906 917460841 486214053
558356607 836683658 842291117 505125030
181779182 979085622 472043162 872744906
505528451 612841102 699158353 873404331
523893772 490920213 689759817 156226988
585854949 141701862 442518476 48654902
180761827 117055755 80007121 924001234
63507570 122562220 553136048 676927158
63282114 833601308 609781441 122407198
656143507 489377947 729516830 919485049
531590154 633581527 181860000 411999387
771785835 107556626 197953990 679191893
478099087 853963382 981283217 695215212
255022800 410083114 981336293 845398933
571683208 300843464 757766010 556741681
556888009 592133891 798995753 996419741
664256426 109179826 299373658 936491028
862150677 556841422 439224265 80650389
217006671 193033970 316557049 648950127
599069478 721642466 223795705 493798709
889137281 558782447 463968446 954123601
555021393 778559959 543640040 719587186
574192419 445476409 610485499 876542033
356658921 78082870 523125044 713254686
784220028 276433669 54037909 359691175
59324104 955450387 313340915 46579021
717888441 982325474 183188476 643832136
470533896 293113867 667280536 772473928
979871846 657458522 851649627 988890265
806418682 429360281 296507927 151223659
955135867 248851273 492441085 75588663
850845804 66505781 162959823 478435956
327584984 156822539 753179547 871226271
713671645 301886606 126235781 983955658
395724094 111267055 198884078 716358369
5409235 343422179 231205394 713249402
139477629 233751769 802062947 629880287
458160876 425354401 603545176 739642734
346162181 912877626 807416231 171609412
200653320 191532643 752785757 885033644
799239013 963650907 525956979 401224640
441570640 988138073 874434715 707493129
884745477 608592979 937230069 769604876
130497888 82372995 369844342 390305890
821477578 804090395 532495754 834439644
835208261 251674137 615705806 998381035
227990517 681871211 85993716 340203893
542353708 438503409 435318734 136465746
654407240 571332029 784239623 102627880
554232291 90503679 653327042 461623470
766811728 468024591 293187843 803223776
595199655 661839870 56399250 543128400
726055453 412828135 792553638 505978555
921693970 154802455 210770730 212962977
973497926 723226974 580079064 273001093
874989367 177604307 581381317 885561647
739800562 232178499 354047276 317013226
252734953 862594292 462667516 107765661
11136515 820906952 54823378 59818502
5949509 329499036 153926467 999029881
981556635 893131461 390248950 712402745
1127789 487066714 578661519 696599583
640779412 175884754 891146517 699836037
45023688 731785085 812497207 837241183
812655969 709994461 522808500 817126132
458911632 240605234 457388516 114802508
645579703 268635128 554570282 906509146
677181970 214026234 210259528 724273698
603562283 202080592 707997278 435668686
890923602 489825149 106718070 500663119
342777631 191782157 301227640 114945792
2578638 226724588 278944920 670054027
589559289 875298218 937632979 99075858
533541231 43164632 346338941 978355023
339455236 640498349 483697377 421547364
15254894 437485739 773610659 708000540
762259228 219318347 314435342 516192396
705438885 116953620 498701252 80597863
983714367 704090740 966452009 586424548
679655985 674835026 755602225 697323095
694797439 915650988 43917874 510064323
48798725 918437903 554044767 973839083
341092184 258463767 131396888 964333951
632671157 681546653 655887691 714220928
531981862 480989595 38280838 372853088
994693127 32003133 314160036 73943297
25725979 152232525 140133256 7788862
552209464 840720818 858344715 98182225
114666002 993758478 803581795 881426843
605293486 615564418 98529563 681339852
36393550 165852174 158732734 661060700
270324234 530491179 642864356 498396171
131605070 504194210 50837682 479426249
338972624 129640240 551966241 922934010
344176050 232968531 906310090 337120735
864907486 218351784 36622841 862106704
181552062 918639168 168826276 893154495
331001592 402634829 501164868 769091520
766292767 709387110 296800933 579824345
348127062 720612517 930736872 832738496
328630326 801188877 885424300 499929410
364471919 493048550 922846289 53979081
812600631 195151445 136939853 816024698
541259897 162151429 230300904 185660247
625762837 365368435 207019250 130908814
502077913 34962252 832325000 588624544
161792345 317175694 123991007 374867127
930905008 813189089 539727445 592060407
558043486 605912081 630007417 681494108
468850042 785288073 471330341 149175506
60482386 2916809 766131201 467813943
635938040 534421326 935151968 209691012
765816086 427035319 657067309 678583968
799715594 482455314 86440781 177126702
405844455 748816690 11504851 221087719
459949107 293435666 711953995 77508990
11111384 696614394 427373066 531649158
357177578 673326279 538912525 492254296
800913789 303294732 384107127 870543990
289443924 189837923 982593819 948542073
289785481 864273399 729125782 838741410
863609031 728614192 790888211 756743519
701354820 250056734 540324004 961478121
363155967 573798969 957794982 996163464
691371581 431447005 523641928 830489774
967476928 993453474 434171874 509141228
133581980 258262293 620925372 120036050
670703361 666065208 753054589 213214110
148699927 894016334 579403534 683113794
363845965 96301569 223971618 140023442
684962923 380019017 389168062 298280686
141883290 429053426 889358451 849281450
87097362 614159730 856259695 818527647
774403940 953254750 791943466 372478023
493112527 376402661 182624067 111416236
57210469 692871647 686460510 566802906
106097097 447631347 780046552 22054074
132625989 993666469 782426955 883947694
793833929 739960247 317660442 263575490
977258197 335983480 603113326 788968260
767338241 202382602 218666443 654425186
232041014 286917719 704640013 522626880
342403281 146840101 845403928 377814193
507169349 174551329 632209177 912078401
320602500 500044590 645324010 965106987
629460845 325256430 631099599 757146850
267203591 393010294 46456582 173762838
941279670 895285089 903042837 8049757
276893180 297810881 846227906 216824407
681917460 635697132 380770481 606326625
971902702 478649850 431192627 525498347
606670400 639094913 374922567 608242422
840638805 938774711 271713130 737791010
721539594 409365377 402763994 252454160
6930900 67898683 10874191 847873071
784721148 776568870 471574090 785793383
833469949 150295909 153177140 254173759
477591271 353871546 547594733 586549195
91637451 591778459 86481635 77241292
21439131 928018318 869691176 465425272
144847255 137412314 916170456 443551276
811462529 639536630 23127314 974067215
798502204 846843859 199125094 332723614
292569774 832478517 382639963 995138711
669982243 653681869 217204906 3534740
637465154 37360546 610924861 127206947
961832140 580697467 736583589 499649568
312527018 492938743 473221390 551069234
896813814 135301563 118815261 384264943
664577645 729311626 736959318 980073981
533192148 483077956 524896288 475255893
795130234 372396082 222526459 229090893
663969522 854415690 336842110 404586829
977386146 76987472 288979345 870174671
727856499 426952500 566185836 650805330
998326326 664638584 547295441 186223342
282737219 908657269 667271148 949379263
938110080 820009842 277428848 680565113
816252319 401020872 772688051 270721609
972745883 798602544 979819798 422531407
815825225 746905282 265462957 409316353
185501725 987235200 941709241 607840100
332551074 547817172 420077650 953625514
813066667 928016671 80922471 270140589
892984038 2258994 534385922 949342804
553600371 218390567 403245766 765839084
84171831 428652764 663704836 313784456
129299356 781676757 43868051 640461194
418403207 243594128 518100674 676368108
9869846 237546873 95490221 644558433
760946926 186721666 987911395 737845086
623761896 919168184 305882711 857158762
197203434 943298900 141477191 176833445
298045576 299361189 623220486 541323037
20019418 642719858 558753299 174285589
98658564 629839071 581573488 47870679
542406352 837376730 265355438 637239823
682751820 825117599 392072305 875634151
733774955 900161811 861568544 660483503
817963900 567355295 758651513 448181226
743697210 717368198 50508397 195326531
863047497 800138176 304057889 112496176
65375517 597597684 201305801 565486512
509014897 764711241 625578856 595783364
571577168 630691041 538623942 375083845
719952916 586191830 892239890 305676840
60522427 370818089 169258408 457171902
823918873 608772071 856599670 677231986
337148179 769951116 349239420 56528999
360300930 775238344 950502856 68670712
389265540 370658726 15668720 480114979
461706896 744200467 605591828 189526669
249372083 449491789 215283546 338297139
13871164 37777408 947344877 591919420
359429536 964899121 777651322 63698356
879336571 652182990 881416682 528092489
830776231 648079824 363663838 58411308
148093106 839687648 22739787 519676730
473954027 33340963 543846643 975472572
343987117 361982869 641153163 985334575
354433773 317179651 684505643 719875527
968556654 908566724 833859372 894932153
739317623 537996077 889773993 552218208
446966059 173122787 513146526 472875519
325057972 500488259 95855246 777170254
857958881 474450635 857074342 932031972
987894828 493081372 517450213 244408792
694174575 304305555 620851331 88514130
281375499 170447725 50311118 262516500
752943738 702880665 131151575 542718760
630089062 944119617 746572296 681269782
810247633 969781608 88164441 215849641
663328002 101770816 343081258 594929209
822709251 283147865 797853392 323185941
110228685 70281350 931343360 660339143
371674795 352728759 912947586 198797186
739978668 929298185 609493784 210255434
923593801 678809976 115865003 586148443
226756761 398157677 117578936 160754421
305849336 989155328 230806037 59525097
836617240 919946421 145511076 634068814
59586838 525994609 689078036 433919533
327655262 330804863 367964300 366527511
357120578 837877486 9413997 620572092
333671177 690735823 472729375 234520395
959217452 933231478 887212846 949701326
776403891 14915351 544461145 727665184
919889097 171773417 838379906 862512576
259483274 635907121 120683703 583269871
665626792 881595787 14005888 252394547
393756755 47134887 277643799 949560653
18576154 841288939 650258693 846040746
91833408 396459410 818375815 512910326
659647810 279554438 244235464 294889828
281794551 580812658 236970657 128886681
868721786 392887297 986617917 944516692
828678204 143999100 179680731 745088792
822264249 706755817 319438910 228967786
193423751 192664659 261175869 811521472
551751865 704866378 978465943 811784768
905665533 722393022 500972600 504515346
438640180 659310760 176578553 237452487
749469386 25735978 284698883 612320503
843664370 521710308 781167285 247195493
629036489 79730848 902851432 277204113
541695352 11063318 408474820 728730106
257969835 289155797 987819143 496486962
467554121 237044056 27097687 950956129
246112138 301292272 613766872 112046320
57297162 454140597 409518093 264281033
586863950 484385990 763919232 222088223
655074528 158808455 523330098 119208662
640777705 389177609 963818334 904834320
587983056 460462255 678371098 567744932
519530294 727514474 58638191 40307708
49458854 67593553 320242082 99625238
909512265 130351578 811445372 784871981
86344264 302875755 92318033 584436449
2771689 733825175 446863534 902858670
613622757 952302865 878396945 319004936
241735167 509760732 806369685 284222812
631359067 136719671 984137616 42000414
71215891 57560929 466589668 182391165
770655763 629705313 428091564 843567666
565396133 920694633 385610143 688641412
517579106 245252400 954987237 206071503
795113929 382936215 936341290 406667864
865664397 885378356 404943749 860480380
233218688 574948167 939600090 153528584
426524620 715224697 298340038 759174646
5762501 711414641 799650789 275019576
394537798 474320063 226884642 373476876
382696149 194586889 214926737 566424153
251814795 284678686 354693622 141177392
980208305 778017920 339432694 892540324
675226156 493811065 854770708 173142007
593883737 615269220 624951050 981651268
95566263 325373115 390598270 996333661
498275008 785779399 603976241 524818575
233890504 339464226 908488551 435039643
586251911 379140241 510034762 859703574
543954387 274880204 35362066 923395090
91561570 745874290 505470694 553572040
990867070 791701798 33566756 374173417
177004222 48830747 445697924 588818983
669824203 608346728 382459955 773195997
777431855 364304997 803931608 459944972
564357992 231273457 355516425 394178108
809804677 599846291 360720999 866723879
373956155 955360614 673716181 279050368
954413253 198333305 379544654 324973646
611607537 316200407 430533189 179041307
823482512 532449166 741169193 465369384
718599903 22615067 31786891 192967972
775924328 618706619 283690453 626470152
870970316 430360787 765307996 928815934
553036468 197364229 755919545 696551976
358518719 517064778 871541694 24097415
529761428 139300638 721875643 308077068
227109388 674867463 13154929 562712022
95072537 590420960 423801119 325407589
125270905 110207330 718851535 423939448
