2000 29658276895
670797196 322079903 750657457 340053290
211445796 183141985 428800676 501704145
322130444 887880101 108697876 101427689
923230706 410004897 755228598 565320615
591020246 886142870 312679130 353229873
455868402 176720615 149391700 610586280
40756259 934848894 738349165 441235121
387193326 55091682 409034932 860122668
957604409 551349751 788986220 224341902
382544919 791078043 973359839 575936303
344305165 226235760 715362267 415412274
721027384 774792868 754106639 945651799
560074373 233658754 228870504 390369732
37683037 789992172 567851707 248989359
140129027 412187221 765957133 130709432
425322196 873542071 285159916 660309651
770652757 922015815 716601612 375458715
119257449 242589923 413472869 54224
811274484 286907893 710459279 687357643
757062792 864734668 532090634 696978977
617310252 98530098 517355864 51058734
302545557 636311042 239779585 161987078
788942308 42338835 810960013 717105276
943284284 706401880 849077449 733609664
56197567 69859241 653263216 488921768
5172350 123157936 25253816 264921463
354073784 174630101 377045538 141957971
475739446 763961078 686940767 77060717
486350766 996278298 585803347 222164735
678341826 217817408 583104488 884659155
646704803 245761487 695290220 864031287
413554287 745009414 552877692 320728384
629530787 908814501 562097047 213590393
300582929 415866392 304151745 13227900
453425769 119508108 131420933 868730516
572829900 369200656 102976723 88513431
690110095 416276246 657941000 492943214
354515318 59050777 105469621 434628408
221735578 761033647 823121082 277760960
510294391 654015924 13822872 296856168
14374875 848436406 820711848 461126667
114639429 645079168 981395650 569916073
39707789 494822981 446142564 250390731
375986244 707268590 296228001 539720038
727864006 761996085 126625424 744729557
747759185 668605104 771313378 123170512
541036070 403525076 258077374 820313848
9700052 91861882 257068167 497112627
294456688 672251612 462815494 987564934
644147358 731866224 805422598 665517469
955907283 535637600 220169302 140165664
761961830 270999420 459544545 19457804
752682584 301824197 806918607 500205410
779414824 797322970 993819048 785105264
89353634 774848775 224418811 403968080
935219142 379957699 75221089 236003306
806748107 138853876 354140823 736451614
729543224 348505829 49540402 807375813
163746523 24291067 161907744 936045849
571349652 884057920 370411288 541299990
892632091 866457864 914510095 851696103
892170861 861441919 549488884 624170007
45786125 800493732 551449268 495891989
194127473 105147005 654277467 526298518
404064965 87489608 510561242 269296793
326404806 821768019 13333483 638613330
640416349 960592953 998171169 763829310
160870259 739511662 492381082 803950784
499409485 858106837 39791958 613234052
10015118 350414190 59243267 600549418
374983054 958271084 635211487 310487724
445252694 303846136 215752258 835180410
963923651 588098814 791992207 27000493
316277933 645221444 546108045 580928723
119455202 319988088 601560670 743172099
248560059 122718058 988550018 262863043
353845666 55558770 917146466 169811464
673664424 922869725 422967834 599807255
894212961 56013474 86091657 558997160
818509345 699592622 918671469 173540541
188932449 886927660 910487888 374383933
829184899 896058281 990276823 452839994
439249489 844438733 366695698 416505967
604467369 646643678 231821318 171211331
684543469 409691403 91645696 848792325
68920155 399859331 886559055 540603769
339924392 246999698 403764158 396170769
317610732 372041594 837384157 99592636
423617871 42570053 194409545 388965155
903486260 562301887 382927865 288000226
432432078 253929037 866004037 567203419
309201486 346361303 705720848 297935300
612818452 297390051 626212280 151999230
120337361 545799077 391484228 450493620
402114893 219962327 63109175 698618988
698427778 523459816 139056181 173175502
190305000 885535826 180135399 559532908
669064290 196150217 381178073 601444473
619300187 603498619 514904269 80607348
253073767 585700168 675049745 483396144
595539204 917438334 898739983 937383938
503911382 334121053 725259587 15878557
31266931 623113049 460276535 510936377
919065121 703680874 700337376 126275311
214378100 168882259 8935384 592804396
873991256 792322492 809368635 770530213
336592008 929342559 738261097 869557633
231918577 876369601 826830561 926792723
414483539 295975291 894494712 160687118
43378200 647317942 514228710 796850045
138597970 100581116 162296045 777010605
447112968 754554560 714689117 254760777
456319225 63633297 773618190 290833859
149319028 765223914 79698926 603676744
17672019 13459074 763422505 398244672
48694567 303846733 819169238 876948995
605337702 489309836 672620333 543046006
272461346 448581721 104111843 340821954
597703329 892095932 476319583 387303989
242224849 504715453 497628025 333601075
788481842 114156098 84448430 24899890
645750641 5073075 987195585 175372337
30837097 148435560 517987974 451795776
40671684 462288005 209755480 231117544
634576769 28240870 612873118 204165687
976472917 309340577 538493555 69474353
32077326 738336791 706383534 908805329
310407171 948053222 733622195 213437038
670001342 406384347 261700651 84176364
101350224 679694089 592707945 874843041
486588700 107142295 89005649 944927029
696943934 73415461 771587932 914041261
579208258 966241019 72594300 430386015
495950311 569044989 733755739 841996719
530863993 315200470 782405491 776251844
507180515 785383935 309720033 166449214
494991203 446831973 546559301 956691912
98337620 662279263 473835416 702897546
277461645 835588323 479594023 147174334
145994894 582170123 798455986 285009381
47566380 653097105 880600900 389642011
890014720 162990083 491769490 455915584
679222470 438180350 460232708 506547113
201804688 1541627 217759734 564963948
945869089 738701025 814295117 92903209
112221207 523163640 214338259 978999057
706984977 411591013 983760645 943306648
336982836 684551367 396413019 905627396
332362036 346071440 576614940 551555627
709626242 491230281 192540106 908069476
450821941 652623347 85935117 295942364
182626946 233087396 643964848 365742291
60354345 584666425 431177767 720204221
102920201 608309040 841658284 685933556
437079737 996473266 230689076 892044917
78576034 968585882 328926899 27056313
895311982 950136877 654324337 646729676
18262684 876506026 896295292 244630174
368363219 544274685 287065390 141641785
826831464 679417241 776564464 905434756
635046881 159498499 944795222 91418240
758984471 626789629 454061655 94358979
959157030 680893600 83938389 782359238
860777578 884080133 101704588 745367240
772091316 588051256 246118674 437842940
153365523 892909163 271093008 241299449
810413406 156753667 306672629 328634661
444597898 634997641 935791288 172934101
365626610 510010060 544196248 574106381
869990278 682521572 773845574 256770024
688589082 691505012 459016632 778630623
673276802 242424947 974912502 300285829
935161283 263144394 129142343 260891796
953858857 954627799 847562637 310864043
806688605 697928852 613474709 274431617
660627906 703551868 826776347 311859879
857974265 11398129 362886398 279023682
720344816 172002765 348567829 235520326
826880635 680924811 121678349 823148452
2975686 96272710 95631913 303612743
608048010 192275599 233930692 850162800
94953543 255170089 639999779 355211746
993025519 890363008 47245392 969921901
277141043 294454684 241180485 186991278
762085417 395155746 431012153 638870373
307300818 30158147 256612280 10978753
188726398 680184002 569796858 847636583
822763138 628869629 309620546 687758481
659066423 164379083 721370328 634770832
444615424 39019910 908955305 857177788
162434532 44849700 691941523 247874245
646830550 548396524 123299619 310742325
768829110 423470615 633017703 536647957
886829102 589465428 318590029 440091921
543094862 812573583 828236570 131472319
349755127 992684877 818558350 79534955
771418423 562038363 118547981 195210086
171729 455072151 704723297 536260678
990898352 161624422 743180968 644433306
460235788 371153261 453006787 956576802
329411894 964864644 105156177 564201207
72740301 510591573 187152869 822544461
947118075 412364983 471961703 913031349
894315161 769594988 103304017 746816350
328633657 403051048 660320029 435566505
570686722 632716117 883452480 170587716
593568979 47867706 281101577 480288535
645941120 892383849 672749290 767353829
236028649 367523520 735600278 263035011
8205761 633429536 223109657 591445365
18258653 731444965 1103044 596534804
37467283 840108636 213911691 78110627
958640078 64505284 699690017 498329371
62425771 707873098 237063334 95381639
166082682 643711451 995610262 273214644
330921316 411857659 426802068 514075511
402273268 88538763 779466586 739530893
254755584 240159447 750040434 416521322
974209720 418843158 179342590 282194223
434993329 665016275 900399967 936710039
495324013 719847739 548888222 187221060
682597503 395739284 931995832 686815230
827058010 173721257 82592849 477946737
884121901 164923832 585949524 207718283
873502914 220864257 128042644 399358738
914759289 38203388 729398859 97525164
159330247 352128088 343901041 254106184
840089057 546739585 810834223 813341293
542682599 677330505 234275769 39305300
597464852 614761908 34727357 336648525
691632506 619279919 26090249 393657275
702476265 150400016 800885250 608485439
715241005 936426068 748610216 270978526
933847880 858741110 633277 113527262
884536820 649123511 53226822 936264150
574292926 589880330 268626273 247860246
928295412 277720593 723639961 582936140
979774118 373097271 452370863 558739870
590930451 499559827 834076367 773737600
293769422 49590256 915070480 602221887
445644377 759453322 486015362 622798236
563771500 194555291 245520372 199538784
482530211 904941644 707000595 996954804
638099367 723602714 757853545 102913165
229874664 59825735 808681018 884239910
369500890 432777995 594000686 878613586
160247531 896925307 942825447 419628764
774908180 25112706 510906290 288150215
360477037 602272789 864348093 252837723
406962785 188684240 240225637 233736882
879410268 810768328 693429222 13557029
102538716 115839155 268380278 317465798
719707686 182270072 686893032 579902857
379250454 576067506 902212709 145744826
625703181 125211584 17681974 263974767
855571392 617853812 542722264 425450416
629455741 651230195 507361063 165266647
469685575 348572710 321485831 884583926
37712751 914157492 825209939 173246693
555955842 350758901 714649479 715706656
14549087 705526609 837973036 265067729
635524777 368335140 212175814 10816115
961700214 279984424 277209081 545601151
367068368 795760953 113147727 47432338
600949425 315778720 965090050 539433136
675325836 565989414 627908472 805324294
626443691 827733767 644693956 833847780
2272272 242338261 176146718 771029401
695857819 11024087 12530069 114202125
334963433 994301170 714147369 155080535
73825753 534224991 499169469 259829410
42536538 840860764 336306881 260412661
228232903 769891434 52423504 354613288
204294534 254109619 471087202 312800823
117000837 579358108 515330253 108645330
165355977 47196482 368810877 431322848
737930552 329205682 810518579 296234151
898553405 408995141 557443454 290545327
344967761 998330743 343762944 562143503
366902436 702795274 329939446 795715751
993816104 151039895 964835156 517373559
110250811 526996667 228048556 354201575
318063180 338459106 987674070 906915289
111921653 999195489 563333354 717261240
795409324 595109275 852814632 579743716
981712513 466292061 798233370 144833720
240425558 235666556 350291890 478179413
388610816 219040291 943353367 89079183
666532427 976649843 592511814 446814760
232212699 273699525 684365972 748507426
4138572 652001675 375739829 138052604
282986187 459056006 760990219 395359045
938450754 173140579 798612160 215958586
723616390 209920591 390991786 869996907
181689163 142600252 34201350 639851024
932880058 791610524 97818002 631157401
15224321 910148560 853274335 264558541
809635148 590495146 175711295 990814637
452000950 379708016 99125871 24270150
776024884 214483723 12497801 230810240
234008636 298217722 172537083 23213519
814225070 139282020 687708017 286021968
895552328 684172560 997117739 281590745
667100580 782276525 731046705 702287393
16044739 816940460 390769142 422544531
231783752 846370564 668692111 444031468
504737143 330391747 698172616 253449010
819725203 53052402 581532355 491478321
440256365 768855524 135627633 571513696
624993365 286714812 664483633 96935758
929044253 656204052 388859304 493568418
416479998 473238736 19111129 605645957
713316556 488794051 322803585 697224038
232556943 193444376 85353870 233533013
34097069 201074651 625987727 209315719
617364874 6496174 524583926 193071171
940762033 117790917 636534516 352593602
649618051 213651548 310031418 897763635
345845127 702442103 444155150 420994598
1432848 440119965 407934659 525769841
527875040 329156649 284994418 385237266
553140838 120037854 524880158 231531073
445050797 132837229 208731990 149236586
561224940 576984904 136428115 85073506
619509249 821849758 15029276 202589729
995208759 731465795 824826286 913341159
994489721 815536478 122034653 795669818
88054732 133290106 357848176 716192917
810518061 194168186 171321761 779578011
976793949 706880081 736794518 166828947
520504648 202513946 76294843 112870199
133866127 514509537 24694577 860391623
539430240 314937266 570001639 199818832
658555039 74478765 141455069 842241874
567670853 824866136 479733588 821668045
204402558 33010748 245408892 610822042
957611648 603312621 307952946 383602226
362603165 807283942 816258912 210563689
372372417 628131070 818185527 314193136
972305591 566141052 340963408 262460395
952174369 916205278 653225896 220126860
291108392 935150244 19536307 635919451
486808830 215893400 105275121 49257089
494899705 194609058 617258834 450343778
217499564 391722150 832162884 605875969
627044297 694102712 813459157 710180146
563804175 98901139 660859068 668843320
742440794 41598749 938411425 998776429
946425633 121324503 86839116 214386
422156709 290120408 437276010 482611516
945618205 836112464 962287460 198162659
67915653 476410682 624716535 156429634
387818283 528417467 270262362 205758465
64528742 630471716 41051657 538971619
356143128 948388792 364758356 980059848
233087580 912080239 311081198 604129998
27892074 933260155 635851941 402755531
518912083 803555154 172131772 463774257
683362270 137253124 428468970 469109878
230962662 570639830 300551317 175907814
186384775 38628185 218387577 991956003
395278324 366566639 839348496 827957940
593555359 934320857 399114665 817839118
240044012 318161101 376842806 210721578
10469898 779040976 534484278 147062797
777468716 568786177 160264501 484020453
409051320 808896370 297379249 627045149
517541430 854249998 962711667 858657887
881139977 563408301 817297953 427985289
561477734 171277517 627555070 40661310
274855521 935671933 993037073 726464705
581140009 890931713 501067979 99528574
853654289 907284359 887856375 911343253
616205375 287411351 711268616 800568722
220547309 163326766 997372810 224123513
556372551 500841249 241227866 896964867
590012599 604709991 215899688 23999978
659689317 644664128 184839721 693790902
35113314 400525110 451355645 796614540
406892925 14554706 901499868 277866218
849458132 658602714 900514090 694844484
545965045 401668193 380471306 445162366
792990323 681690860 774739375 770476470
713400396 179808223 830229838 404851544
991776762 805129125 313954209 825016562
147394147 297185671 978791580 497206557
513992664 805426110 494513688 488119073
661505487 265286907 834006199 963565253
985188699 641937150 805554217 414376497
422623378 475824425 641914294 535187235
544696788 433796248 209556826 865239526
922646096 73878581 368391619 49702224
281745312 266441520 463502341 540352036
433248620 34298310 976865221 802720591
181484418 76433568 469304386 625933834
656917757 10833348 221914110 325934350
977968923 61048846 461640810 821574769
111442380 770992945 919357268 901512333
20070502 920258120 103754796 53657590
911014841 510036085 409420633 498100584
612022147 472509781 55012762 270548180
622297239 239348509 443946582 726905085
414992402 229233763 282580249 743408029
26013232 809704316 174211528 909217010
619821044 912126816 657773481 399637931
103604463 890410515 112533271 62354078
579497634 856284908 415386411 606362933
548538751 96570408 638807491 522018934
693216253 34428514 602706326 381011497
409770540 447680078 413110661 106712617
280268743 916904345 707288195 620755478
610162492 71104784 872750335 540274391
455882523 888805616 456438625 695413122
684203964 201178638 298078367 403497813
625733474 393942826 640948696 224055505
912184464 879856791 792266357 149239107
63441780 672703623 639809808 806644302
324442545 150823027 337600863 816986631
553348498 1952202 426697597 942678487
230291670 184951950 246311412 21334307
865264694 652725388 370705422 580975699
616874314 774725978 67415032 581638781
392314104 429603203 81726656 61207375
871513345 210875261 566674735 524348887
467574489 672968348 705479286 155319329
859469845 467962526 379156135 641934450
756453558 907001270 846967957 506005734
165486474 14468256 485296079 558307955
13071967 215912435 833163412 705347522
804979172 237171725 113203282 64606301
344103855 308895532 183591291 174058795
113636139 959820687 509917885 959014403
958287299 390264982 625038323 841147429
863351562 437182891 192654081 967285846
861376581 765572043 482914902 403277059
24790305 467013931 522380192 938992324
209955173 750856830 140706247 984618012
436767339 680677400 322793092 845048463
179996025 759799048 300204526 398838712
893839483 479724594 824096227 541005727
358786049 197144741 182134233 707177713
952208668 114477053 9258318 290681678
645122060 6515201 678140364 838815416
677640968 163463181 85629362 717247372
38428263 411919649 981613739 457263501
423953207 31392122 498453773 97611848
516482558 139287193 142132875 686526663
377294306 906325937 620742324 832309215
567347843 983000208 174053484 117855806
758936420 550570126 539726890 75824676
626174365 404512692 36532104 107085136
377503666 686681275 306739013 921418357
84059427 442342403 542922463 739256325
385239044 662073013 552536980 879868886
824779832 901270225 760119846 181955989
177021414 154438365 381899577 166316063
319803667 381377475 201198166 458988278
309548012 5015197 54826996 547780340
94821483 753070775 843061664 759034037
760899936 326961866 263398085 527892787
457561411 980394806 476989231 352887147
499833568 936825828 376530345 423350144
334334169 102983461 327731220 89636952
741262866 859784769 574935878 329087267
914234085 100758205 482901364 354013791
388451642 419994008 487207043 950135826
334986116 341804360 795443085 306320987
217176738 649535884 199213344 56499524
237534048 258083687 43746706 352421276
67749173 722519232 839533155 916597020
273656064 448125069 130046285 571704759
648198298 13133359 773296715 845443805
17837277 254946723 904119073 619140844
343255236 626581723 108438108 470582645
247517656 903330958 924552770 906208981
628215117 547625260 687635982 101787070
383114408 380451535 764921114 673597118
99529044 331544087 706857539 620160049
839393786 514508442 477577990 177861409
656086998 815844829 757326018 225616826
679899046 656234894 150197546 488284693
210764320 80176898 84379828 562314128
109858657 429372218 780400031 285468553
198659505 11878308 311285733 516792539
988439816 323367780 929071567 4904362
668071424 582398126 514063070 393622875
323871503 422707863 400914235 775190086
598421684 979686799 677653332 24289288
612332033 837657467 219355873 983101517
134459567 987306517 906705408 218703257
141411949 457433192 933924075 589712477
537247059 280229710 985344996 941384254
382798355 609125634 522880479 955929186
213531297 489314815 96045050 457887791
968920460 137880117 860365020 410664754
318725595 963852903 516207672 887918373
294290054 103849235 320411171 636620892
409997288 89321591 626360571 51179630
456642015 319073690 970842015 387975561
564783695 215636970 511645121 993484689
545748618 417285799 488835201 190863990
903962171 628424713 668305385 760933669
366436171 582395715 133893744 518154823
727833262 948407161 356472517 37965993
689955421 871553903 969395497 268228267
966549223 531819809 397124015 64364369
550130412 926914938 840894677 70521969
473114773 825605958 396102886 766077633
440618656 913664735 745345374 5797759
201244444 214990170 601365376 495320050
532004892 874147984 631903792 252850426
978519065 682242564 855325006 60445868
292736298 105243408 991901067 389761962
884665477 279185465 774090564 909160097
707994805 391838510 496033362 221785166
151716159 259726099 900203234 802746549
776495000 911968496 361834123 740903081
526487373 398158331 188072167 513049885
156788291 190669755 366717100 486841280
542916001 453014476 906762631 743379742
419903528 708918526 7480976 570067895
853251292 352759238 562088619 101338297
277308558 653976389 321004721 3215427
147504322 891626037 756869850 130762696
843904239 650890617 882919235 413722523
143212354 160853208 309917730 363441301
680961376 729197821 914676505 528458355
728333774 870108489 562305215 802556948
551150410 648542095 293486244 398768724
34064314 541927925 949832995 79919100
269632498 255384314 158411205 727025865
882494568 936402894 205582601 365112085
386048356 798418907 215986519 605845631
214096286 376954943 932688461 246838138
309860997 616852102 509060549 127555107
488815786 141350784 521814702 940707565
740255383 681543874 70212799 911512771
581505384 15503975 992944166 69263064
973632597 17981323 321945097 680517124
418884955 767282933 702296022 372054565
749927437 487629528 33231923 269285435
12722907 63901154 48829296 475898749
514776120 751307 517783031 97982904
534819471 709300586 629884756 214353550
579724836 193794915 375324578 595890568
850212896 747808523 33992735 218876046
828508698 629151831 700437463 244655423
782571000 587973499 680785879 601617119
104115651 203373641 375706243 947850693
50198579 148426819 911711788 114465437
956287194 303606428 687257696 784191945
432773700 530436261 476452506 251055282
932083856 181877458 741758217 536061614
651683840 355728250 711324393 914935389
706899807 308382184 893293413 744457307
598113904 830294466 8459183 574673765
538886183 961072988 19171402 801190114
612884903 503731283 770635741 523615825
672171876 449069297 484568108 971059509
428687407 908169632 890910560 206508175
767082602 56638825 938791458 109104224
522164355 874354444 153832838 469531081
796551018 102559538 225334306 134057162
467209936 283906034 188464180 945903307
484208767 335675191 127380034 911456837
283312924 15727614 195442478 622498248
917579597 297748976 597083532 117242823
155319932 365989793 717654903 458794881
137488351 631864104 179765409 370098825
372598715 164236483 39466892 539200144
960330382 813578882 611424986 766468105
46805022 734933685 217992285 462830432
151500046 564847575 255991312 729497253
272649922 100753024 7450487 926684872
647476393 48683758 315352623 331272736
540405145 693494112 666314869 810997499
987922262 576551663 324269860 186515960
932975007 962452378 178658997 904661240
162429688 733750840 643098149 430073690
639239700 572939892 666300186 169763544
33101013 655150713 249703170 668996675
99386342 729964949 706811637 262723394
403562387 491142992 73587814 531603664
696895550 190792556 491127548 937408287
765511982 562873178 741026708 867885175
732470240 520379377 38480668 464016079
732177776 850353307 771019546 821200755
750802876 269352272 257167026 126404030
528077243 188883034 975571165 761579002
281457377 786741062 300178499 545479507
767512408 150604486 522284652 623333202
592625072 72106701 797041901 863074230
160583391 4447804 389906171 529327385
500343118 751162001 828021604 156762856
430361909 826932296 743453197 502981697
906215240 337798948 688846032 671184232
813734979 263326170 159247568 337999122
963930460 967559446 16052313 52818220
544477139 374714450 407333202 887284747
735642602 71728196 112780618 957603782
398866650 310295485 979076837 499369637
767212492 484598748 626570641 676767868
407866452 972629329 693544903 716361942
650683381 373920593 547238811 559307042
683535111 169462574 625867690 952186646
254203365 977557116 740647653 148589435
264923950 144271886 53986959 833108850
580387037 75951348 443612817 205261584
463174661 338873200 587236139 215859410
118791086 954125086 545742025 6944109
721951966 593411451 116599031 721186587
959452423 500163213 51284898 86396386
516357773 723566839 260264148 554461512
262778592 507897849 39319453 880905457
841529947 200658584 201782930 308705512
806246337 888918476 59566123 155180833
511149265 570131156 519883927 323103926
116804939 791057474 104706852 259037034
844971438 504421757 880773257 54270776
364650410 961631387 113779397 318436967
131049100 458421721 792019374 27156762
890661671 651590136 105233215 919972063
934116460 589523642 57745927 784653483
633636625 451295507 958836864 378686477
797126838 394500809 660960770 692124625
832804394 972172364 914455933 421366133
697214678 316242536 393009077 427864961
284497290 486977826 194353954 988766810
580079367 292658360 213429205 467120724
683489965 934482974 65793349 239949087
69970552 252690274 46139852 422125756
441320673 657089794 174894002 876482524
912597170 181458496 385101352 964009523
738294769 347345840 210067004 353922554
82046990 898639277 760289921 141592626
3989374 280134490 389147114 606216754
266032574 767250909 308328571 173583092
224504478 350578335 404143834 215247872
377704706 410040713 828475568 709934029
399888344 504209081 636721745 521851681
374639721 852659600 907888240 190273077
174613184 344018052 46474580 959842428
826983314 464387550 426270645 907082250
323939487 949749891 267763894 996862875
701738659 871443399 748837151 430396204
305299643 294473448 283328282 84653144
901825224 906805128 842347957 523726454
509735738 214259448 547161830 312957694
336040800 445549093 229986983 370981941
893133557 60831767 41839291 448444651
617349681 636379853 188599279 325176997
950307199 837208524 202288457 785433139
844527667 401555048 734534089 44441147
213825827 817302140 561663827 259773105
807884402 575024812 859152929 790597875
690365203 804794041 720264618 942307481
102634176 638871722 689485539 938930273
338586182 998166540 989070377 82932566
849361202 552398267 125589993 469925416
815367436 3544921 909239819 643534449
458525756 309889927 386656513 440445294
386584966 589482337 372413367 679315790
16691629 85171295 330054026 992423973
689689559 209972520 464507972 210874821
687703076 460364770 727803758 54953783
410820086 21443116 624058505 916020222
954896924 450471331 892203846 185905521
672727777 754120022 735682929 272066542
284033542 374113469 354082809 62567069
870913936 641737865 676626384 8328375
332930280 855178550 853302275 59530841
926442818 809392899 30839038 783449074
32304983 284873518 728788501 709387722
145150884 329635867 124995141 944083166
970697284 281018252 604328584 814731113
881109730 870385749 250530661 549352013
148622819 901279056 305126481 852367024
632588665 818587401 211104322 641564311
934868656 544181176 485860284 264359654
569686504 397659212 691375398 619989267
590441899 551244250 7313512 793160411
126970975 865883316 28197272 174505493
609242805 897996369 57495130 15098496
574231621 557254899 56398226 211155057
160463863 578529571 223375607 458779930
996038861 934415647 256059646 82701102
803558575 699671458 712620763 385349272
200519633 721520690 461648766 346621842
832985653 661816596 31643897 491884117
368254060 643972920 13188739 541807268
415477235 432501955 142454785 511171765
646707117 65480615 179761259 574194714
235104430 578829425 873624813 900603421
788817517 515099747 678288649 252884590
273473184 290418195 658993102 105409259
389926040 623695426 986128480 54070924
232513947 456867443 114007298 318448987
839082453 993959456 871261933 872297492
618486524 632888433 42410859 788840382
136699319 268019651 147215649 917754648
183030307 671436110 932881286 636936471
713164571 357867502 320981392 416132696
589276245 182170186 461992615 718783753
431902198 169230884 36382123 967085168
86923719 942763026 468455210 834267668
325503253 71456991 150036503 36042204
482567170 341823682 578919613 831587317
427648628 359207264 403730756 104771228
21993147 331701682 235958785 31392354
772236375 777544057 788326881 546938917
190091188 21133139 98051346 706957922
156682973 885897670 551731687 895772504
267089626 138958481 53023644 193296000
851642577 360396147 187081992 977103228
35419006 932041343 785324115 579859975
81715156 420459944 90637277 128033134
385921213 185264863 562949127 546274222
860066022 713667658 720705406 319264480
479595046 230777126 169186857 658375670
519709300 292004854 395534713 729805661
823060649 302900560 148797151 781280942
576624310 55218680 202736681 476361318
625283746 800382439 743378286 605088458
824300623 606941756 976121579 371872713
90303484 677213851 852781377 300422577
489793007 700032303 141101388 937450967
500714396 893761501 827536369 452641120
61923461 949247671 158877162 580303867
281825426 288379433 338216366 968485748
758924943 236799900 823851760 718729685
289737451 575166367 777894569 673129958
995092753 541487811 427056772 662910582
577464775 633510074 420369830 966381679
561455009 919115977 885006651 835917972
520273242 122998550 876961175 214423609
784271847 647971225 460429134 86696757
33970254 905985941 694811291 596691299
388837757 855386454 475393722 168378880
496816758 579394231 433732269 55302760
686405539 176001777 499001232 390563786
688924096 143083028 654664059 30085590
582287418 169774647 486715034 681399652
770380392 254367483 753316791 93202162
156626488 264907243 933631062 138530780
501703448 481133041 921385289 462556892
775364980 941263418 960130676 403415899
640881254 954497525 932520408 56575244
942840051 919653409 291788300 908385769
647704759 763251376 686445817 757460928
43807001 328289624 36646511 160896251
272082684 196789389 210204144 397188276
176647074 790036585 213174655 215194623
683559726 799290850 229285709 446761014
149283434 965676814 190325242 490408046
479226380 315287968 322319578 769688070
666883359 79308800 798204143 341941617
347116157 615110946 335671183 642996084
571347487 862853051 343374115 747102433
413323216 121463808 979470483 204943729
188676234 959985740 357709936 729496297
969685978 571720767 359604830 160909633
790277154 367274001 8392369 914673961
216329868 77109871 910967601 1298276
61765977 707778995 905842298 555910037
678968440 361745176 860906766 314761670
27874808 205040134 247707761 229767414
807113297 900148317 694319363 96795865
220225464 138488896 522485109 182571631
887663991 940009853 281574028 38536250
357606257 463525695 354758460 729905247
578004277 318312518 320323103 553010888
528881253 395516910 196557980 768147189
236567762 831757153 291314494 303739323
242355938 855641390 689225937 86797955
268916726 636798593 393213161 157330498
690591974 553646381 470197198 618125119
167725891 588737685 128461544 33633270
870679131 543401827 361525213 205158000
193035183 701425034 785272414 699891587
528856580 566558525 325111976 890999444
382908576 564253024 571880527 45510180
558125599 994494504 389092856 281503693
587862562 537439863 143145229 786147996
689545302 640678487 403214602 929309364
73734437 946694890 768217795 33960989
404681274 965912548 867851498 768099535
746060039 115184469 340042557 838839690
632165032 597559002 707271954 74536544
304151779 727954564 330197932 639789576
302046414 86603286 539617856 790001242
297805190 138581416 204691416 843413431
309513953 641093991 637848672 699791032
230882067 775949177 906333064 700293058
865864381 905153139 383642128 160967366
105569501 424193980 65979799 833510063
44618038 498877917 398525781 680046344
4514071 901400034 733357540 929719545
478485074 367083966 997041043 684362660
912694137 16194272 870946778 875629276
768113285 887757864 782581063 310614800
622845185 493868850 310477072 243163770
909794850 238151039 668597119 678574130
73291078 757742058 337679271 731771837
883011559 522756961 809243375 419371333
955137539 342384091 828913803 519871315
868704054 751199448 130225460 235906202
109155341 488469662 845684572 16409275
416820930 893990425 836436109 585931494
260395824 529072841 361312751 107456927
378098256 917230369 488658067 557018569
18947940 957470697 288522556 505098970
992906941 751421337 139671674 708047376
116390265 308562082 403254517 110213007
292223465 205753108 346113206 293360752
377236270 121609903 867959434 449771353
195101194 832671930 741136115 458598121
748474215 821623272 769545754 543811158
948701434 998652592 664754837 356723258
671451296 153914535 275911670 777730178
710032172 755171874 426786847 894998482
231248000 760147366 47969816 575773143
978910633 19629270 690247362 119143755
565803334 483379344 74136974 361647370
500872873 161706717 910301718 284061629
105087350 445901303 68129077 110322242
976465775 345949967 622854540 91730025
205264893 833941436 366149875 394568976
491918884 440071348 439358142 290610550
617101331 718758920 860622493 913811677
336144209 165623403 427978684 463298732
943705761 80278830 179482230 872565427
821077384 15445119 562669391 287353742
554522516 473814666 850493052 86266065
538115834 746613217 899783682 346457203
109476452 305537724 630633863 752623206
530211988 224292047 557009767 734321795
947989290 529997358 659312123 109089638
662950653 615468411 585708064 7883561
629701525 617864406 850441294 994439736
84907341 985618309 667885695 194452651
361828516 314383946 959047233 125320652
335927647 242092025 222237604 60605620
359736604 926470145 138437057 539286580
675982763 524850453 848013151 920383154
694997686 808530105 623494704 22568940
904355385 480563800 165130090 634239653
510033256 906487892 453275769 772675427
818797967 995374824 650565304 728625779
176207745 878719427 137273446 806972027
924477597 763039991 818890263 348576817
88279900 771534662 163788372 816110157
21111401 532161259 932445518 208003991
612100377 812152640 753819516 289163903
881327187 260890276 774158623 169925719
195625372 204303597 165133659 661286006
645729115 911134532 776075454 334162985
925590081 549577570 11843528 965479115
559445415 36068679 777088185 689040908
613198107 95660351 415562840 470164905
639987951 941555262 977366313 746719817
758072916 934455395 374275900 454726688
77400267 706138333 162292583 438376117
649676499 793823421 547196309 187469502
413187444 370508650 910352393 27584310
455896098 830738139 499152086 547662074
603837493 248205877 882883667 519050067
336530308 838487418 337500337 580886049
199573118 193330457 561900013 666214223
33459793 944988680 538646848 956221162
657344793 118432294 517939022 543930799
973364937 862676534 305211730 15856674
694320656 995664833 192317081 668259930
621176983 581911162 440896539 564573978
697410715 434428919 813965566 914314936
853468941 77631650 658900478 242524162
21552959 195976308 413807738 221460084
548604810 526860574 362511097 663909928
33296742 266120347 873552856 601831618
813554000 153157161 538573217 750273420
298419072 45700014 864678195 837273692
671177484 631588696 848992618 907547045
369382205 105182184 486727201 541848082
176926856 670509340 847302263 746044605
126306879 203080661 737485723 841187163
580007689 672683696 399317994 212191901
601576629 394963045 669986474 967728885
334478645 286863840 106750880 958007126
575460240 303139905 825067987 145464206
166766877 921787079 556335508 79980939
873909065 463930787 550809409 895114110
713565207 855241956 614463407 954456188
925085844 75074166 707589235 517271419
79495617 168638151 699817117 948068142
417484373 807104817 919022 274160578
346024036 300871031 658622514 70544931
487686596 358095982 749777662 793778434
469065978 855626862 743742713 306548090
531956327 900451725 918222710 68348922
457810948 102710817 2117425 35917092
824124770 256507183 803172526 446357649
182057310 744625246 581875557 634967324
170296030 915105996 27734900 351103473
619962038 961440802 62687778 745708047
854216166 99985598 137607573 532231084
450293959 84388230 935214256 57253497
266116671 896760449 818296548 521250118
785519611 159054125 201747313 269411408
739917956 947863182 336894448 701468030
669220377 641732169 541318953 649451889
403029023 135166582 831409464 333530836
619619967 510022305 126835949 34175372
10646802 761461512 68950929 510089895
89700406 781346104 85178571 917442287
737270665 810409044 108546171 396858717
686767675 319224466 658547729 760753125
569742133 963425886 79778477 274070384
693036413 219318121 644554379 472809495
168282748 732684898 175719895 618938012
574048076 430314055 966666351 201089758
388571973 997125290 897773253 198303213
510848278 523072476 217968831 982124808
171858230 126399257 45190395 275135275
894896585 675899157 786466496 533546913
806125039 742367371 673175452 791289740
514018481 906803850 416066381 102276619
653152594 73650804 59538189 757325499
543346626 917157489 500507396 259182330
133768810 884595252 496299526 933955706
242043062 91566747 127957708 990318808
105218237 229427731 642005718 706271668
467686535 553802241 595277420 332053015
123328086 177755730 25832895 480121678
563009606 14801569 505993142 716735583
624106655 919259523 30662558 883229249
306457045 10659261 865904703 914327391
628123686 701620324 717523078 866750084
948992824 203403718 182112952 995676739
192893628 728588794 319406532 606729034
622678048 93848397 503963730 602741190
458317495 877648737 539253724 161961847
985287646 620900143 440273460 868663379
333955582 393766053 333136383 18089754
202316864 790213115 656539207 737484982
882776622 408201340 972498167 156798658
295664147 386705893 337001983 864160940
823125000 705213419 9641702 630538120
28525771 585153896 679645074 400286762
260289621 131688775 967223639 605213566
44642694 777656832 655019865 794471003
239317714 877413791 861378851 824787553
198742200 723945971 281470478 624002908
99906087 957777177 818247170 277767069
255337684 877866409 663532564 852566102
284205318 379813598 111229027 734081012
111147301 85564147 258621381 226390162
862397367 480005989 81495385 49256607
66232 868537506 752107448 265805604
350687723 94288183 921259550 8856996
290414508 45742612 533350410 874199328
370364386 696921851 800768193 48857279
961084444 143186976 230117484 573723584
91687918 904093140 647953884 799277791
739180496 992897269 836955689 377258040
439905233 380057897 177918182 550865019
884230354 536366800 555566074 241594814
439597269 681600379 103996814 531571787
987774205 367647662 78406546 216625349
826929954 40455410 902880602 751296589
958825461 291009607 62608993 203437621
762617676 439585904 685767584 89445934
198124913 720947667 525719247 520526840
814290673 774488378 909660579 383216092
690948005 480409056 978750176 761895857
860973364 583508662 411162546 310589220
68939619 255200030 1089904 267424912
919978838 503373598 20743133 62865638
256609940 355063930 447068051 90225311
567367012 152762065 898343941 615578051
951932534 477630500 209769293 98088967
562777420 625909655 643599033 433021930
793829888 520374461 241795564 589497600
272590567 616412276 487838422 612888817
394951022 691190062 585514316 265032496
300837560 821365388 880758520 58026894
650386043 551833748 996528308 603715549
769098657 852886320 4670855 2694574
400622850 923075878 383352413 599336049
980090978 407546779 818124710 230662753
753563090 625577699 951250022 964570922
173025487 249142271 969890307 227044712
736999337 881005652 600806049 702694773
9788468 607035343 996490228 139406554
515266349 926096143 349901381 286064270
269241386 319950803 709271273 737437201
792061640 83941999 775817388 918138455
434183925 169808007 648591304 325450472
474435930 532669954 594046552 922939942
519117128 758641212 294787673 752155371
61107918 717546112 874151254 722738894
909450527 179014273 527259345 704615458
747550888 344621286 710323564 184456158
809358976 819539648 237513752 304371282
831573911 417442868 366060697 150919231
13715102 208042619 656136906 171153876
432046279 245353898 975498885 851497574
319366000 314235325 268914891 319371485
408974206 347165438 259837950 321922764
52608060 7514358 499857488 123452386
43499432 789920703 404320680 868836092
978395272 443990030 214846325 853769487
408076683 478888065 484516916 871672244
859399102 382580206 751887775 333019772
369664592 354225193 4107879 527274618
758194735 356659285 315918159 632972779
15487679 918167532 9496019 322751319
158456182 664305178 308752596 512571460
90395091 832406243 781987246 853937966
466383314 903498629 193756686 983980286
637084213 194998183 380108598 669731009
546287381 462252031 161991752 979167886
124692595 214827955 881364487 890340033
689193623 411943629 187264458 289885832
218619088 138339956 466837839 558132922
261125432 634931230 185440696 889846492
29193566 217005506 801485854 428532233
420447996 442864921 327143286 69682854
121025940 29782504 476988798 210608785
912259937 289736067 225552486 614171776
169102615 236683982 327860561 796369417
850674768 797740539 458003774 396569819
120605143 931328065 325146221 6514112
4239285 371488625 514490642 568214448
64608269 332720038 126660829 223554732
298833951 46281092 278426239 479714533
586161099 478523765 221625287 279194701
69672705 605776294 853026671 344827166
26904468 639913965 862151823 179305532
472074411 7838231 51327316 435418640
881459000 975346028 589404177 530060041
184697488 41718687 921877745 311124062
724120434 626956923 697108354 862151129
926672622 330362160 35914356 725290092
522224875 781490341 423769815 161797439
497848745 736991008 825843210 625296214
952088775 182684987 152712373 47514107
176101032 934327143 845085442 868429648
262118928 470134432 963065626 874231725
824816902 210999778 388493174 96117989
170215299 717143403 206842165 904901511
818037132 770260501 325317027 65764967
807775733 591987007 195030875 721646773
681799893 867175380 555174301 478432242
1946294 524520096 137424795 434445615
172966421 243098707 687818545 929612146
894351411 784704001 764460537 658712012
71928560 686091691 702473931 728393947
411895966 521985476 741557231 854941548
178428283 367873514 396964141 53576505
901520082 128325753 765988464 423706504
426056389 955135679 362335982 786956649
878626380 243710183 557577623 520354471
204603050 192965767 195889794 699845063
178543347 603170851 512704541 168759219
528943512 354627361 367021062 320461616
425776141 648841562 966644100 552512607
632122089 965838005 705310858 259941200
876621421 981403259 38205336 396157908
229388668 409122488 546911730 843263097
924427644 439778716 782324889 772484168
121593852 475312913 529625796 811308656
278617505 327609431 299047757 850647523
165236027 509959097 438427061 516026998
689487655 999935686 614429035 742491824
48494236 616752770 581365430 638947004
942876101 360462782 973242370 879184692
801476949 110127951 41159561 781239360
264824009 268769297 137322382 599562317
401052950 357622725 352058972 220919141
107207436 258426586 989370187 887609735
203951026 746855393 769503269 233645479
169747819 215873336 916005232 103149119
13087170 814834434 939903335 801048142
440913877 43698300 916918189 98289348
810707609 1022175 21875734 440624325
302077783 459128980 560406294 129264562
527301730 843547947 54155314 137951182
159843604 188259342 670546061 892687973
757477887 260459214 617636493 365178392
732369084 426917591 934746574 968552350
781954223 701360052 298346619 686206082
382455539 405572349 416183539 638704648
223185647 478921267 115097655 802095706
289194425 899040702 104205585 527831488
603011801 385229122 453700891 378051214
179986664 546420822 605232587 972277867
676016810 279345430 947887990 94032112
203189733 175986727 339118884 566909897
431058716 705917534 816529858 544002309
684015231 11942807 670393242 335777963
584347953 323105500 703218267 613854686
348821513 288943788 425960888 757734249
305442486 619990404 872650389 440809824
749776036 900641803 32835655 949810674
607070714 828097185 275020310 527114963
500669199 590859985 773424354 392072780
958556476 880252122 958568349 800720086
319766464 388178034 369235610 762747595
248400558 768233436 647034829 389729257
787121773 950156469 721980261 849582866
147757368 860701500 427584618 574854288
55938413 954188575 96759700 307860611
747561828 507743569 594980370 524081528
825034089 916730467 355041292 570233929
747279213 266685720 997658789 973187178
722531586 794097311 678874625 287596088
328337571 902307363 681119874 920494700
51391397 878545513 827924123 790374057
119305925 162814203 211406268 848724442
460822675 84597284 830923758 881816779
985199486 624475760 696318598 408077544
696668030 943421874 575516816 811605126
827706793 838922135 585085094 754347519
297407007 25103424 182336747 514796343
860512770 753647822 811148666 117673221
828490605 72117987 346865586 650863033
322215067 669563501 752133310 781203670
331003705 497994355 516655951 124240999
65245464 75113489 693517769 154749768
36892320 234672474 5153340 552126324
157083508 624480243 724164847 250791472
767501760 426538283 268483303 222673957
559921503 530613606 298228557 584840550
335758437 904684342 286455185 811464558
437415633 583842862 232984974 11347565
589419391 587476007 922090158 365769166
413525016 143015121 832915492 317582829
806773625 346420592 920738905 851588219
2066970 717915854 610496542 402884073
502561160 437489295 227298522 355511839
594142727 165720799 899461338 394953657
361283545 567546346 536778940 244415971
465768303 298711973 644017472 871722395
73025722 903052678 90189807 151372527
1626018 382144536 114602064 973187517
438368996 722628643 636348981 887251766
941189967 976350449 292345591 903402619
601117954 385793348 272843650 385644309
938669747 642019640 607977463 460065564
600535148 492342776 281286666 630781134
948541637 393528940 536430476 838220769
170635875 966876081 52160730 938494777
12505418 75714938 121181219 826537932
690753211 463944428 586501802 443740859
29678413 131112154 966165475 185701381
172211807 276606081 131903974 969031566
447922270 901181958 917078485 882971391
887490363 937800167 303185710 829875105
356775532 199766676 277867917 471196590
298649462 312247592 973936676 457802933
995833425 516713727 198905906 677956565
439517739 34526723 223122153 212165641
420680292 67819654 755490166 793400866
348281165 527405163 399812718 966204030
746294907 460800905 564339007 698078986
763179901 257218417 263636163 334153977
380011704 201200914 949244600 528141285
105818289 833527451 248369100 926497594
698283583 44785881 339805973 111987667
480299917 519836719 55404907 738499073
575378538 438973638 400691716 622594770
998110511 429599044 134627002 969478299
275673203 508650461 992094853 794352330
936892513 386952369 427173013 545030954
888618852 285530887 377303250 694926927
730963610 697487740 495631006 992344941
177560553 865656176 431137343 874368846
226325605 84780055 109106248 622704999
720246951 560461728 981270607 59031787
602856133 751288403 199956532 549203231
505693947 415313898 406857326 989687292
225473937 767126181 403078809 486724183
299211198 301160221 538034898 163854027
403570258 171763506 787737717 318118208
959789924 203276650 290189950 481765093
95288706 217069053 286458250 341491489
74882852 481706985 65263226 955735755
862050012 789308850 547321633 651470532
21660496 830497849 155263671 622680850
263184599 591064690 641610836 841623811
908579071 16737863 598914940 46867322
676068902 759822355 228437792 21134045
252321840 355459723 714845218 22167053
354791984 728995494 171922282 178963787
46797801 584974979 102322336 744921128
517616540 158338801 901557614 94404978
917052403 262503706 207627179 733467813
980881281 729760810 137514624 367588177
155782650 229832133 45122794 286494891
711663729 862624519 477850101 581832006
266776915 686624028 393873939 921799687
160841288 417982443 254491032 665417037
936300372 615899335 825453296 222405434
251761918 309146133 833569983 980150088
385381450 315556274 241571236 36053278
176328123 799760269 500199832 322588439
333077451 40440458 810281024 539109100
162104358 859510732 943668784 762783104
328506397 353728245 131545272 941785521
831928515 55544918 851570900 484317285
296538557 124494547 85246873 768279511
143093041 332736514 723146232 121904048
173533039 737543691 371360365 646329075
465939312 864869824 116835835 218975284
710495274 27890435 875905645 37694781
643699035 503527854 186370100 696242907
964429028 444157137 208427236 890393619
639023176 916170388 203669063 453198964
626095048 598111294 102900210 828588502
988752389 2103905 870826400 63991093
756835089 889207340 384647487 140225054
96484134 770112681 752759591 367646009
333268424 939091031 274275670 232127295
241179926 249895224 98369405 828770998
944533709 535522096 90454454 505113622
615523498 841191850 302850858 901434579
295887225 312528276 209382291 715443108
740118011 194415414 826354678 303079877
415009371 8160089 708575074 791193093
289663107 149420910 835047519 700905413
893621684 956114225 822256143 614790331
482229510 856276716 243046769 87030611
809697875 588534332 398091469 496228884
517047820 769017452 260026631 676102781
681876322 160107582 451450124 121029710
973833012 961977820 578903943 946658532
570690118 549378393 227278496 541351620
340680832 798818085 324794469 483312905
275888319 763239385 91141473 149978252
789643936 409846985 484772180 998285552
107651104 222176755 314524391 223509322
430831135 805571101 768357715 510590895
849835308 95531802 447314700 547156113
663355847 227605019 235731545 259292395
648535047 173504430 183480563 986626244
410872111 150241435 414020656 521652216
528350577 406909909 88944999 652402487
474694531 398553538 215203158 436597054
449001015 390272367 62463829 471546381
471335016 160671015 797855110 942296051
712103571 770778203 198050377 300529733
353946898 964230478 287797238 472549426
324913215 327061918 271236717 44261944
798438943 794505050 336030442 735929962
430019812 500338105 256145488 316768481
365560641 767304243 755949036 922147322
8403914 279601303 191926068 862661602
847557541 279854126 897905208 206657407
595342108 915686784 543611524 594486397
854395628 325001169 696701680 275362776
261408989 764316227 547317537 88740616
378812952 805336461 678745702 628730821
66360894 20532409 74579007 103943374
304369579 155852260 554800212 101813409
85537270 309849693 520929779 65345257
775955935 535553725 182653130 236378526
609156546 213695432 401042630 879798218
692127726 908272067 167804680 651847616
559788697 565891266 233559181 263537036
918392428 759573288 596313211 499705736
977427162 663932966 95879269 768064433
338599038 117859816 530014521 789389686
212160038 929015339 698297983 123416789
805449281 295192729 752550601 17105389
375157678 956943202 653019035 279016406
408716751 632805239 501461673 753652307
889255335 69838275 81309422 292151938
549382539 675899652 965504144 589998363
348350652 737022431 171115989 168842719
42754469 945321866 707321337 878025534
364953630 306737415 542231473 601830404
608743835 745811228 418787725 144136713
174390435 475167229 164850008 208487237
559433431 844830759 751608420 276500046
355672303 311431857 557673839 393447526
199702517 153087080 566585061 436897889
617291755 393337933 244395450 24607532
436442864 210625860 868655950 980211386
146770641 800909845 433815246 744369016
413147118 424818592 732963963 462941159
163018013 826706072 386967293 542029524
827451759 768123505 851536105 571123617
986474200 593298639 119351218 346670219
718336738 393679449 838598145 943678537
833920865 402200170 24732843 31266097
236276370 795598985 138989349 638666197
902868718 414152936 668255171 963190559
274723931 924736393 177826783 631173253
478170084 715137388 446766885 142966456
862008770 999516733 271474149 544672011
630000505 263116447 861178009 449612638
286940106 373761466 732429063 623878508
296313855 296535515 347605072 923270541
306699349 945490395 906756528 866408920
455512099 42981362 36293953 1431607
808172200 480866247 553652592 274383178
563745698 568488971 874748487 945983168
820886984 261062592 163892143 478458747
807849367 438558215 933988160 870496146
79620898 141490481 315406030 954800987
709051730 140276995 840863235 358644277
742682503 745615779 671487743 585894525
745609708 178689028 646216669 390705687
459097865 179274060 85916593 27681697
350365603 554885408 714315152 813912191
116418374 353667514 114058936 615783708
914995179 276668982 659946552 367318311
180343170 108470554 8014229 856425741
86782886 44478660 891825782 196803818
479022674 566945352 74973596 629346428
800299711 637838266 458527210 518078899
278044350 950530618 976306926 333949684
633764658 442095856 216074143 435488240
624561037 244300897 93810648 174992651
819769183 808045507 707471900 430338684
669906509 278449330 255789853 716841771
52101486 137044735 187863157 960080933
871761895 311283902 485121451 70808020
232757061 793310629 346744263 219739541
758639546 404392154 777193379 265180186
642937532 336517721 727073893 228621341
414616777 443557842 248748727 503489978
496725196 181852811 115027207 889149913
226215180 625011035 286240895 350668312
703003793 554782627 660425665 975864367
446489033 966255080 148980949 129125298
811366353 774882571 715353423 919896308
351660025 799588902 433736771 910586504
928374435 903691014 67426224 573540017
951249334 842645574 555528472 847851497
79816124 493857504 660417053 102236392
627345370 227456608 214934585 794438039
404068451 801358365 807970713 567235011
446926190 736485815 382343889 271309018
683753476 505644045 763215535 509950725
528751073 377464555 324049916 236364860
365020471 538646770 985474156 816617315
447163633 623080169 378002707 248712076
438701018 940299673 504368583 11649912
843482106 694223882 392627650 682815306
833505312 858497003 747394055 140840324
625144395 438148854 4348510 986399836
645690839 337790431 233184189 874165151
251438206 567176511 280855899 308749304
25458045 92580489 903585061 524271068
969062008 942022206 274191765 749388734
554376405 959912600 399746 670820361
650580970 551032684 70807978 935996335
149258392 706106779 10523222 484193185
589716716 184277382 10524247 503212387
541295111 687085866 773743793 467751353
874762262 567158271 957858353 3123005
602499371 571971029 933674242 230256901
505181897 338371545 486437192 429393426
326095300 700363832 366530136 716431491
772508460 379552004 916638018 12890928
135715586 923740056 628275751 56324369
824613590 670741567 624214047 588949447
13195006 828742873 648510486 828488740
636515359 380806705 85410652 654125944
448334818 820261352 844187899 305323576
601158970 450550504 386240170 432644306
536524098 333361246 232053770 879688396
570869941 320730503 23634654 664202584
11957003 148046555 761157224 840522996
961365729 30458987 126801783 708593259
324800591 836830627 346301354 845032806
265251541 242769114 575548080 87066963
764120187 260078709 830621099 278608968
816758 347816042 848573647 788944492
101259814 866761546 929144302 540431301
941022097 842045016 881672560 684940679
239366303 923438962 938993268 459159859
663440436 319190924 625698970 264919156
486292621 264599177 990080400 673010584
895514131 303223423 204777923 829751307
820492075 472689194 547889467 578335446
452982196 243700545 186627856 148468473
33409003 392006868 634050378 602210084
156709045 35477188 5636248 994819066
179299847 580594558 183902690 842303008
206602107 820018777 678272246 132055511
261626212 733109759 756983148 571318395
252367810 733429291 164508366 177845960
25155573 505161558 231861954 785473793
482528218 563743279 192900266 208174907
142059216 282973243 767409129 599204907
324670074 319795656 735170458 424070328
119868972 754582352 869211766 853239959
381551612 794570680 702974347 932236770
969405642 229746647 776067168 615966460
679601259 666831953 794630014 249580301
800271209 650745398 845367181 803039104
33373673 979621062 59587845 899927161
113353873 837020747 363616636 652094762
452558362 563278519 389070877 729846120
476600374 695689168 540642401 437700818
399476676 422227327 603800610 427190072
426659972 21270710 609107942 678467492
838156252 349356379 202649823 658673029
666537991 852537922 103201734 897903736
503060213 40287351 609558330 913762662
143675193 942325971 924694937 357403328
227122946 247363585 151105510 753132482
462470603 72392919 793006264 995030442
453753827 156285315 799724709 513408959
839076141 57465028 77632218 638559237
587157189 910176524 862120206 267066443
898491209 829614166 674782327 110406863
213733319 640281175 607921247 655018677
639869578 492696504 416370512 513914011
698396361 247662682 256174583 426685796
847166086 887101670 305696925 904621255
181549301 80267837 402529865 254405966
234864646 778826458 364871768 558537313
934347235 885723639 71791518 992398703
800157116 522019824 434239035 548651739
95922393 722887425 640426353 45134083
655601331 659240585 816543223 650592380
761192788 493295938 970728999 308264626
778956486 370220986 131086216 499127487
265034272 152154791 872059575 987762588
769766764 4726033 158651437 177392750
853536747 248471529 367658739 745935961
321011589 959194052 875612667 406203264
608986015 657365763 83557409 759149873
689981354 671817582 485456167 532669860
683176463 841343728 640369753 239293824
457030358 510030212 148367952 28614226
140876762 653511543 777620616 346264974
101596678 833125484 25250070 818894231
248906079 132622404 889839654 104856247
265257180 435617636 997083954 764750494
325301241 464209438 55168283 456855846
314462906 439234607 918328333 946881292
93827443 153660704 505806460 774932453
634711080 825467070 617246649 459215297
263192684 391192453 624927487 221175310
188146866 807165245 589230374 382417627
715323552 185203598 785193119 825396832
847922430 734194129 535483251 948218754
889977573 920987720 380097688 43433328
450571090 309844566 961620614 958211047
371028015 49074867 328700837 306330526
639046669 130308468 929148261 835656301
38750187 352826699 288669743 242002898
17742449 128061239 983202383 979018399
867445441 849212117 99102441 640693930
842626978 324895558 435329657 834936485
2116172 87625204 952652400 713049639
533488574 822483142 942131391 168393128
565723947 107513769 856333182 37265671
563377445 554580294 247062027 487241012
678448785 793456356 650133274 843068116
937528921 63704754 719473245 629353019
875116101 887548641 257025711 609211394
433121910 410836729 72932981 527774507
196634587 959627111 759528083 543610607
501592791 335124630 876452155 186386873
130475114 81246954 157386614 379394115
387052173 690447149 770191881 904699617
75645011 792055595 370596040 605763256
425708745 555892717 996185658 571811859
593505543 634753911 221933687 505409174
415830385 217543135 888445844 732905992
54306984 74385576 583149019 264575171
124686018 611434644 10425453 469115845
289078179 611787882 695982530 231952418
410546321 685137824 127761924 268745171
495516494 643458032 424381114 433372610
551993761 997814511 443570370 842047102
58639331 234322790 683099548 362757769
704652721 57535630 366840883 338522285
460373010 65845762 745753263 131616788
533025221 873573384 159010405 214291844
957921545 422233609 728766057 411538817
575135834 982150675 526644796 265157826
137519505 848139400 480871084 26242479
659063717 73802710 161753270 233440195
824382330 767146532 367806428 583367658
840498046 488918982 20626026 261108241
227266389 382895899 429174225 234457036
711154023 993790546 984221473 428411811
736344388 376333869 114975199 167136369
776667658 6489149 515809974 217559913
23999838 739972227 68737458 41135855
747790013 55973378 497605664 37505301
225421503 655734585 224828955 763062236
788603404 45611797 331479070 780391316
629693092 61557472 795239075 262233889
885043601 163874716 630364122 916863087
200258088 542909164 686901319 268135311
278754909 603803156 948536145 987920375
187798110 598501307 986112467 719387029
531949031 863978014 606302832 39080738
20117941 929095197 802189239 671247863
418389899 362459502 741152721 753066651
437786007 777450918 645929274 528340652
804823215 944071278 711005054 852008312
451967297 511875229 873590430 399296062
943765766 604789034 954357278 209129334
96619132 448113379 111374625 861251674
498958978 36589736 84157019 261192019
738192808 555767008 156253235 640714738
34516273 817691270 342756709 576431670
71953513 267578226 460300536 828097399
663251348 262132753 108396901 577668744
549277098 665438409 225321486 92268911
851596436 686407095 677414425 186515558
568658103 186482712 27554865 248138045
185132423 225200819 772938835 279371825
739478930 772715222 995455672 496173837
571213063 809083530 30933749 403902917
422803046 723727880 561133704 835832806
349036120 320340962 443215513 862428200
680136164 269632498 349974646 534037582
721541410 759457516 138496697 216347827
281869290 270192933 309646252 190624740
551854641 947765745 803272028 199288686
148318039 996314375 286883046 732648459
872437082 810178987 115307772 45591421
978490530 807538468 114388729 874889950
862316759 994026563 446551130 26418344
51181963 405199173 185287713 518189008
368258461 917078146 363123259 37887478
388557716 526382501 770886426 579320423
669156872 494531041 768077837 583738044
322031862 55146885 133763479 515603498
390994157 280244500 472976237 52186777
699146586 79616398 106607622 322123293
792187933 226647805 399422579 843741225
51267520 880208174 607169870 587315372
613807753 932007111 450635466 178818842
826884289 282318096 2355571 582242042
616897313 752443963 728008709 252505861
399393263 556713517 666462364 348464618
151485890 352539697 206638028 587676850
315043511 838981940 480276561 458391476
974679976 527266764 590707325 886708287
672748643 705709815 242315641 145743822
567288911 480148361 322414448 290348512
145199487 698752262 30703456 200331764
179376899 964051796 32003035 888066500
2383194 434839993 771418447 109333462
669157125 810010673 792355330 388499761
919594621 14185526 928710965 144181127
179869852 545046936 162852366 317562452
486093250 824847324 745019964 23436784
724612073 97634107 953106524 83158825
269921358 696035777 774603020 508296624
549785982 282666847 499006749 199163406
572777001 592151728 977944161 843135596
118081010 394749822 70622824 452642755
940271197 471015248 4655745 256719265
42779155 647024279 804213741 351440733
516114607 552784379 849421192 432058736
539847162 772281589 121939315 44131797
545873364 146139832 409512911 826278568
531169346 116888094 754245282 455945581
459097176 166057817 809855389 94221503
47569619 237423436 570992857 804104164
72782683 553069516 608680007 108872394
931455666 782435441 948927831 674583969
23946639 438341412 830649313 25635877
149099669 198449519 435479675 660711628
846496585 893367558 85379102 853234910
270537025 547164589 855981129 467829744
410769494 968072811 862576934 434864427
537926747 37428080 691086811 596168144
694523425 254791365 90655030 422773707
186575308 410822450 52540763 578091176
142160614 842053101 401291284 509223259
712482416 171929905 143951255 833949058
800211101 794887021 234935971 56594012
639073412 886740305 49855965 509240630
532135003 277383439 911172920 235488629
784308193 697805889 369812330 733739952
439366759 421045647 271853919 190988238
557069400 439215053 715458943 879162414
263463310 234756579 522103858 506170460
215766977 717652480 84319269 893691293
727557530 772113293 119377556 43008934
616017256 533625895 56779906 21248439
836524263 369839868 205548614 332184604
785568210 6840424 358788594 275210508
203800861 607122520 989121570 762240962
190060098 48712528 864362338 57029375
883926298 527222117 566632699 190880711
462420140 269654437 690546346 327838097
229511285 825657284 330545136 728652021
517102273 995479216 704280585 563477058
232830715 917873635 34532881 956697330
796336819 286108594 228425720 437315356
646938953 4728914 336691787 110048253
945836003 231932994 376046757 539131917
425365464 984984723 116118821 670849410
98331352 53693068 703779565 103205004
451626501 339463032 515299091 579970005
834417126 211777536 691422766 41566588
184316190 152815441 393909537 195269131
657179859 592187631 551161139 135723728
446396570 563923135 692119973 185486931
994220265 336097005 582581679 549843097
163568124 137524178 966992345 323373585
120995072 883990304 640531972 292887852
794608720 189612382 919477220 984698423
10735293 531985923 825889876 946959331
178970691 706345246 251338201 344586708
734085174 951907815 66305282 838818307
169989181 91429830 920298613 231417057
93831416 718365325 918204996 270811100
945130097 937781151 441357047 623561759
542583240 771518203 814336018 783806561
789204351 790911292 673799128 399318749
797536744 417672242 742171762 741082688
400667830 873734769 350022052 354623323
316035153 869740892 41545483 320517734
481451118 286216394 701147547 85216358
377102859 127966617 899021281 62002338
691339225 638241857 851448316 132487864
445654816 418222266 120836195 706826236
54295283 457900760 500374268 278171513
1498600 954094550 211235896 753981428
640558953 643883385 393071504 81087457
430460716 883260222 206514556 707463042
326235894 439468743 166486916 854598479
72501950 111382314 208662784 664374146
295302417 915996765 886873269 923184889
951065777 530233842 370984310 361047615
286189269 17547529 267354377 687165688
182496694 995667111 598974484 779969238
763796119 366631160 644035866 896225440
28058027 602751768 133134711 580441796
169087243 428015861 684756920 150378133
397013594 89463661 182520978 629318137
886577182 649336541 735090033 793560794
605968670 602486947 185078488 801173742
534091893 950676542 774759930 929549641
925218317 645740463 93894916 892545968
348378776 801624148 467144568 753529473
54269152 351422190 5929001 822828274
332228337 623173123 485181767 485266301
542186928 308523879 824596934 871812477
894611624 523056157 154381901 436020665
725552957 599516819 226339641 162152977
793702070 80472208 16220305 361414609
775953641 730230544 663394350 973199610
965469696 994557756 171986779 605966575
110224894 237893702 893558497 383322947
413553047 299717313 996390253 942549881
997776544 811554615 201149113 882122640
834871584 828922442 808525733 4797881
472926003 349215127 47992255 826054470
342908448 483499198 989924127 770058231
795597715 976462357 428848482 36566905
142479129 575294778 152511022 772382568
902634488 736609982 783282577 983319199
942655570 416655143 422301483 798742841
922481873 951651966 900637901 537898524
623621507 7796393 741461422 537321522
204328754 807822959 153541814 400147573
980157401 4702078 593380389 712482024
915139239 663823281 176287813 399545506
818621566 404222447 683629418 36269763
801847822 466165188 3169997 870448647
555707467 748605860 372170241 504838024
144845495 364472605 744766715 728992441
772953253 555838692 819930502 741160814
755864946 811273191 967022424 625124709
280465619 517602434 571967833 903978367
194526933 823730437 648512511 416659012
273332516 486240535 293115109 994136138
137953792 25208570 148946103 669950475
903081052 85810554 405688798 533882429
716882921 472584089 361617857 891003753
691726657 347990738 533993267 635254440
721977039 227309552 125045379 59881681
258839812 165267027 485607309 18357103
251245647 485569013 598865851 931144107
826090504 381534891 376715681 134217738
163248098 666649138 15277665 676075083
229037453 790303854 611842172 943461190
623636388 82093081 907942185 835994028
914731460 67273576 853215792 320649427
256144514 224089195 846667016 935701517
87559300 888701536 450793748 965043736
346401662 304399058 171514637 840105383
630986945 445395898 795201700 269730093
168759842 635724900 231658771 399367395
639413051 23586728 51716594 810486353
30578811 822743962 960022882 154714825
922608570 874469497 592267995 923043962
199149225 28963328 531373250 770945659
90197313 152801035 695026019 320000598
963306844 257100750 65039744 242457396
628356673 765488982 654208427 498737441
35737647 870701540 550133275 817693928
48611355 334734950 553242797 549444292
728559889 11558613 894836790 800588623
20744316 888587085 22790213 557892038
996351624 554894808 131559443 414760836
667688319 717307023 434970673 42180335
349179978 829395095 697923263 389910128
993512785 12326108 549394800 653482269
108732147 149795630 67977879 857631269
110360515 664814319 696190545 197460801
387943891 799600301 849834197 674489072
453564775 922787095 938913338 676882455
750653800 596019967 252655382 851851698
385634248 454352406 82860208 484545860
958873816 105764955 28776128 244909136
191218752 910263154 476337098 963668315
854625554 211694754 664245130 964052120
768273306 115792061 1362561 703972939
555413295 649239684 904992728 277152439
190748888 173286150 946559500 107762712
543077295 218681303 19327230 588818987
691360020 66495209 976324118 196119290
553869359 490639618 239803938 477017684
895749957 706908550 280837487 82692079
694486718 169850959 812503157 767268767
444346386 784399768 714269269 789724143
652922860 12670732 364792921 408957055
714163233 783783005 540902549 301992512
651681319 376468132 904152793 426406427
384242539 670028958 119490015 936003865
793698683 565341702 873725651 758562172
707460464 934664532 907174267 810115153
418240568 293757425 627306815 590850861
672050538 715056264 2056848 744339170
66544201 120651222 70301593 33771840
689078421 515441374 315067323 3225365
57197417 785052660 608124018 715482828
140985918 467113551 948765454 892258387
55700909 85847952 368889789 822675658
919197922 474063183 484884414 900413591
77195142 504396999 602060121 641093267
186924641 995093400 419440742 774956731
31831224 481306025 971055810 186275846
603716380 566747376 672880295 511664281
751099569 889518060 544156973 314632406
568441852 459710331 252507108 473937392
883531516 107232283 81566954 751511256
66372046 797911593 823833340 477470135
284385622 756246511 787019001 774935013
63065463 463895416 327228107 197831924
610209051 175700139 617120288 52870433
265514457 540622380 907309467 89458353
127140298 885818966 929749856 295657840
907070618 387823640 33148075 130805665
445458940 598914713 591175799 915508925
32073777 369222342 893483360 95850709
282498708 991436100 121580586 676694394
138964626 961173068 901181323 132330439
169951079 39803084 691776854 730908237
324005456 33069446 91692138 822209409
926484351 784192337 926520307 79756426
287896801 696628069 354130679 4905206
295479892 941913271 988988267 112475754
441804608 678875925 857758936 373783329
305581527 441953604 436111806 384342932
945471306 724671299 511621641 290343904
420927979 547381105 34802695 147571329
462757213 24112933 251709153 174683746
312356141 363599755 705688136 234854842
306254208 569631506 778878151 136490823
411209717 903593295 114920337 76479614
768252242 909519143 390236824 963152323
730602353 158537022 93254584 590358514
821801136 532370009 202665162 754178555
784310145 229865860 725717967 666062569
46051016 982304927 479606149 534980679
905339939 246110746 853376452 785046789
427807695 975542929 369091687 178526835
147605370 465393513 806583097 900617735
640603880 146452651 377205471 704806099
861500422 810817986 207587516 678093719
196172639 255140248 314182942 50366558
357250353 957237108 23445027 416048440
138829974 241604617 826022833 158082195
458252731 811328132 393370904 581441204
104392210 984335905 405886725 120071644
111474024 566406436 718169945 258118075
342854298 46381985 539653572 528215230
120812429 666629665 799393640 868140680
573080308 819753094 220517303 798381648
556391693 639433741 385009992 974193382
198704248 905710761 800946276 901280806
31216793 914240781 8701571 902853738
433260855 65288725 389919766 795026900
576665493 150722232 532858187 947126403
270237886 97136147 804780261 703790808
4687952 115401631 903167577 46902900
16744839 948886392 748595775 47718303
573404864 705361753 878157071 394911446
676995644 206024642 172303180 266221072
785877414 9922412 560698016 685271069
524291080 752622174 163304386 758800521
246954688 745104610 265494685 241406287
417261679 545839311 268491039 46273599
557048720 84189363 518453684 464613255
427754677 623407623 92032641 679149973
250782408 67764504 642004925 135088370
54224592 211156437 923779399 391633467
977596180 780875461 955824183 471035180
444344815 919761730 943919274 280097778
762745141 307899524 280700463 510900343
180601399 554552592 250391934 947043582
582011830 857070064 258814940 452565965
766808691 467884686 900265258 71188466
311219974 756898937 430428736 964386370
622845392 237792783 977358976 237123369
231444541 44890617 197568922 112870143
688977099 595284123 256393543 682175049
611553410 323026090 940039555 466068287
12397173 63571963 210844051 215510072
179149267 413489322 616649941 125727455
241458672 839175481 248192038 71289920
958296773 847648253 227881621 310991076
350710345 221415364 770903062 387386457
500211615 906752902 754871196 362496259
821506692 214867237 651942548 918930980
681096262 562360677 657262850 428311200
361110730 107338335 74747893 49738505
368977156 675150229 458235754 478976415
249669171 6744934 810193178 677083567
5437386 625407162 431090840 242752525
425762535 626781775 871570897 715968995
670489485 620706370 275468811 344751505
177525748 929641883 597994555 220935745
531715018 758507891 611862094 1422587
239624053 34272484 68772477 745514163
262393887 158871241 697868617 185811228
565080132 380371518 300856903 48877585
36517514 379350507 385597576 122139599
767940610 504339854 47896121 310419671
808702437 945391706 222246749 594815361
569225671 622581413 625809516 490167196
461748096 988365386 13058069 480530658
964381256 636159360 222892896 871269931
609081678 605231916 988959550 137752534
892370068 28229323 657641767 584534323
460606866 592002192 602781042 436250186
432257986 6196317 801237185 41462165
566983733 361122660 344143538 188291876
170899374 376460258 567552383 633746457
518631327 597100025 346850083 922367142
432828752 196331791 972183127 708651434
302416428 312624071 961085635 930495380
214009116 911183342 557011904 494748104
545226061 847505922 533707387 242710566
991037280 281464654 880250185 876796253
723127067 940388597 322013692 738725986
231285271 643371745 986300278 190015976
948681549 4689984 53905866 392906282
555296879 154768803 340255778 934809966
750547826 570548917 692825592 187504520
440886845 254280058 244851732 590823534
247377321 709136688 550343266 447507089
33664401 373564558 902814486 677350680
247880610 68657495 397779374 647166947
187961273 622409355 308860177 979632867
623248105 344286710 448567390 363098074
682288913 593809214 50356278 2266000
239218074 403385610 227580689 199834175
798374874 496064454 404722908 153735247
123956505 43363416 107363378 524503854
960724008 822935243 444083078 703073113
622574167 449547285 891770923 879346092
265674716 148452078 890324183 262348044
217339927 708781945 160721320 931393013
835988073 523442329 357115281 353575589
752652583 908549062 755868165 751723971
343888542 256236183 601026563 114252419
993558738 706397783 353037337 594139596
457618503 536296943 232969579 416376884
785487350 59044256 999327139 831697881
511884081 891301600 179924086 158186429
593597467 576863086 306670411 244765722
342996932 5162570 766500843 330580950
620215023 486919830 333609737 371877941
58286820 329348345 209986946 650284660
769782037 993176912 406332967 956793215
735276835 305274230 27941938 997400082
677019562 94545182 766826311 940680659
547241850 304194320 877800382 59943920
296732964 251082258 770768892 617022481
46778652 108631002 118783585 670780629
497156130 527713600 152489474 169806916
491156230 711184435 826577856 414427965
902567733 369590958 101123308 419948410
424566 680707771 943061606 833784316
415640453 148527536 755855553 465324513
210794416 413874591 832501551 409008537
335636883 518075707 557863784 248088244
205558853 974960337 266763620 183127508
147192292 953360922 459162291 960892394
321408931 920383199 510968295 632705393
637609709 449838599 195476508 143897146
764718944 83201947 360900762 426750632
770849883 488259080 880971469 732326512
873279967 781774253 849542477 570506036
920880439 526618255 398589526 942070553
215076019 708523962 538499777 468054844
550422040 26643411 112875067 871211138
641694648 499908977 306603904 133740140
667419628 23928092 825446279 987687677
231591711 727894129 716923299 558937811
631132339 639153875 973433600 397575332
953171293 607205510 81853109 256241026
72976908 234076527 528635073 472339581
582676260 882979342 706345600 977531087
810716075 678639649 364312013 827625471
409088371 585298547 388985517 523246392
116617469 329689153 335355611 60805981
389211953 775866150 798142805 234910160
819000518 461019619 963474872 623813259
331453446 143869193 984953239 768563305
245024077 218040421 326834799 776309099
477809864 823160146 976999094 251432623
529300545 463458671 564746106 720977981
991731885 390161871 521332996 205931781
504855379 10172401 226493036 520100398
30324985 373794117 22440651 724062797
3512510 410082567 608596952 677647257
320664077 488772380 810045674 897986092
527112598 236607941 650183914 162908024
351648662 67296832 95601734 238523854
308919821 53327472 531884341 548634843
992383857 210155260 765725518 93165451
161223562 971350736 159162190 885439057
260088301 229543646 943851517 326771507
897029821 980345085 879453308 785630179
155281152 414003081 309913501 66375012
900694660 956003788 159063268 107036191
750226226 439579828 29118304 779322179
563089107 941935498 456758649 765013941
324121134 368567480 284622787 407901175
744205283 431984064 978056626 418455682
56259261 750256852 831195431 896221043
191606811 640917370 637901728 564985744
349328740 918658850 579445382 749959920
514869754 800954246 569635128 462936376
258932626 468740666 741466964 362929287
960502318 820776263 654189246 72989214
328134942 282253570 707938383 863596912
400928952 991412943 102946589 295440524
505799994 180282984 959902297 310936740
775155226 907963637 480244377 583277528
567862509 360212592 430534306 873234043
174667113 185397420 538476283 826841000
877933142 489509621 281487290 943179146
438113069 362806260 241129884 102569729
453757901 601820252 914830025 781932906
104399246 778617627 610031910 590209811
793383424 773653575 966269905 207552858
438213020 426218483 805100651 166460600
606940826 964457177 878940850 867693353
871500248 774128354 665293695 411738901
923657951 576681470 702060699 938053240
425478265 187544257 408587479 397709366
283325523 706382101 709547923 307254590
169165319 858177771 83358866 884841155
380731804 209492031 371068813 287991684
57105181 363242398 749387507 980626722
765386415 364025607 769955322 923968185
726815002 399942766 834599846 391483449
797887536 399341945 976243552 878037467
458638038 736449381 817942850 154955834
202225650 462914876 329772005 883531508
661413342 983621056 880217199 34118082
778122157 808167449 572640983 463451522
185041450 697582922 46364586 385675894
184656385 434692956 547984247 162318463
460901593 538452581 698357076 183183673
193383622 614296564 140985031 742885753
298092443 129463211 62499984 944080978
174029480 639929253 203291296 154949119
734046183 943195635 472441167 349635402
771002998 83373137 135582575 621083006
654206321 269919492 853150907 263453791
539497926 623899273 978844230 719548789
719787996 407510056 199545717 668330894
165850436 968684971 685847029 58477323
570953274 565276692 471860281 270713439
325073323 795547608 892504726 632097113
183408082 906594755 634823140 453110137
341243889 125702235 841600945 450118676
222908509 854793867 957217312 844117044
747808267 765221820 436617523 505823257
880807159 382001544 611659332 433461020
