2000 39977157376
420013317 156616179 109152105 828391322
494621915 322523360 496133709 350791699
455137984 399745534 656334525 281183070
614916603 856237277 68566572 121411367
525482512 421419936 161959647 579608731
930849586 973878377 799019401 60952896
616807671 573661809 69312436 354939675
435001458 776832206 616355531 703213056
46738921 259532026 466671346 798420910
24276616 367184456 13881817 465281317
718738603 705664359 54655092 873947422
366120443 441387628 461973350 251743004
68804082 857934017 322557796 848680859
658895222 404185286 269904935 395957730
772717568 405809672 143965376 425607215
584755480 952539926 183090948 278561471
201165575 886938963 892929588 357534578
538583047 158343586 302307947 907457737
15598703 860457800 216871701 751339815
5668794 740677034 264644939 31613608
872776862 565280270 888632498 383732699
448680011 204880097 871137586 873581422
273497356 420622105 655843897 702586223
279379217 541148823 2715884 969464090
778552473 693720002 601756586 581684077
66014015 12579501 509428387 337038951
18623358 630489220 635262388 728967260
765117044 718977000 402711425 674819510
923225060 777043631 339828932 485537322
84842780 401757889 745451406 508398068
883620500 203841856 940893369 317298435
238266147 603479811 408375491 922932855
676944398 641536726 498090321 527423379
141337900 326925222 518695163 365497758
183553863 683508368 714695142 764347887
769543692 5173842 518014112 549175921
460123981 542606834 959635622 435967055
851985895 955675007 391700577 81143327
421363618 270473754 68753461 280209029
928818025 438580207 36826874 521045903
186098849 560051220 202149970 117158881
123058038 83400708 998101331 912561319
613693660 631934480 484590504 758113997
805053595 442980422 627247370 208122576
474015280 913032406 156825561 56111920
641663504 599149360 278072299 47820811
248497365 140036594 228822120 615658046
337995997 9290322 207395594 553393483
960730944 334280831 986321008 170367961
100236973 338385805 647426178 914521964
122703664 851345923 327567174 161262204
332634481 625512347 805604797 885286774
407416633 308454395 624974417 416082391
123930441 852641818 2414564 89808080
235955203 490214035 796744019 669035068
647388623 620142065 991628318 424381530
224101725 187485261 826693313 586485595
973081207 339960914 685153319 16907393
424229020 673077941 76162740 860760146
447173906 164503301 244241516 914150501
905888908 211306898 607173115 118821268
308518709 635506925 241713508 975046780
306853157 687109004 20310761 287395939
867073651 921397726 290234977 761913873
805894002 751283917 992839714 408693952
332712563 228675255 847731295 365615594
446154163 107402808 246754199 884624883
745393254 261092646 150868581 877796670
892049653 940695084 944114356 836794266
512489681 260977081 364250613 796777590
886091690 69836690 617804722 49565158
507801446 402320139 460624687 716869078
187616091 724339728 42048504 146722825
569109049 610011764 328268873 333502949
332597278 442121248 978598489 560610643
401862799 769387401 790440664 883314682
927562989 839060798 239111635 497747123
62887161 51014128 143684728 401082359
272199196 239146858 815991144 635383150
601590107 750795135 158860837 15543963
222957877 997876915 622071945 145711889
293394791 110046762 3249949 814914249
84886858 326873588 949056263 625102646
419571808 261813143 413666882 738022624
240991988 941856016 346305913 416544770
901712561 241166825 436327783 427701616
588963496 335396097 800476286 852875880
125848323 673027754 129510491 190402757
595573068 187552977 667995788 375480261
285868412 621755129 61218259 967354780
918152802 759331894 380928148 319395203
85188315 937164957 601011657 403610012
774710760 24256167 291067067 625982040
85661018 787800155 188506238 46881705
6256774 341286529 86010956 384229352
119253700 968458966 800804984 9990313
519839887 48729598 461316772 688517986
600343272 823739192 186849102 228863743
711846267 484032484 269614823 278927768
637162658 363589710 337569570 109687087
870158148 210045710 753412705 945936265
357402113 834456450 682199858 943931364
20656955 171925313 144791693 556415515
186828726 455796527 901543741 759533050
531779993 871707968 174784147 137118070
78147255 142525403 87383186 636186136
639088098 864066007 684488648 468626911
33078742 27184037 973787943 183941689
996338759 103354093 258730037 227575729
22275840 146921731 134173302 129714996
826023545 815388648 836450650 801053883
781383522 85993622 704133713 563711035
207119068 502726517 122493633 198839813
71593142 93222438 711874224 421124894
430290426 156310493 826599670 126427330
45674241 167570678 961185110 133909829
526666120 295716633 480473315 20371614
435388033 865106084 229652031 280804582
266521407 798310092 837797021 37173305
44184562 481612700 991592733 368167345
634768873 986858601 402361042 276843694
621884429 802482220 727601117 264704760
393901586 600408848 899714597 870079302
950306814 745729620 754588299 991063371
48610929 610525677 120319814 152035711
314416641 480423921 634647101 335351686
574468677 491599706 826436175 632317662
645290308 930229591 791156137 62958998
126257066 200837999 393916548 538977139
172755274 977809306 313091179 887653175
268102145 282339209 560578259 98638039
952720685 680052118 672235698 624682917
87899555 20777508 312895882 639264157
27326848 726936110 524762822 640084782
873388344 983405761 435149038 115390613
824347719 152281406 913881088 755489846
99033860 551977146 732629028 767772033
396371884 936687311 323092244 989551444
359226888 564294555 36881424 996912099
890966842 326884377 119510072 696125683
299703072 985777851 81019043 176230048
986121920 40597760 472520871 352143832
712425806 117221298 586328878 618362689
453587440 385325226 18506280 785107037
927456310 511958017 791878572 267877340
473158513 539213646 118927514 495665542
987133160 985272934 713518605 584514639
111162364 590868529 258952849 706486513
681595668 598510810 359100110 555857709
118011854 879276307 70796769 302462803
397923315 46040582 101404113 966167
683756814 883892329 220436277 461301409
80799510 264014133 116750189 575663598
747052251 264963439 915427655 290510347
164177557 302780252 290440200 683530386
421927865 772502395 831068744 724207666
220909664 52051207 78241859 30268027
207309531 160976668 501957608 925789176
446437533 40437477 886368176 447281622
923127881 143872910 115044524 878208309
283493660 813715187 441101548 686465176
41321546 300653202 708951331 96668399
962813611 745363465 454898757 427537496
37779500 420005345 361947183 814214313
559706052 41570928 914978536 47494353
752878785 924489099 6695363 201494679
373554768 503391413 596639883 797945146
648802829 848114002 706355957 281450703
802720643 734349213 862378266 591992702
906198499 992814811 779588418 685392333
926198708 734856501 266867711 528558573
834735232 340178649 543616635 967725651
566179265 892463825 460575427 904811012
276769666 336550041 975145613 200346196
146454688 57631518 744130405 181197763
190523494 232214317 393465901 43988962
819901230 545112505 921837892 313874724
938258092 769021470 120411008 74862607
595711163 211559751 234658299 540751053
343159099 627982948 418752380 559848532
552526955 739839760 491982581 316603877
297127350 236261739 436007055 297160310
365009815 734744851 933418171 425857522
442570987 737102984 21810218 924892241
653766136 39017535 276793285 553657478
762460355 318465340 795795825 591115451
481177122 66211398 738591917 640167830
473282180 540925242 553730309 43777098
807814178 449647364 929533482 146501812
637321750 652368779 182303296 326439953
622027761 706604583 938772121 979371374
269845779 779214448 797391511 970212964
618975681 988122963 396832125 563190818
698147268 602992835 711284267 998774257
569520534 738881470 493193621 473751986
499925826 602438657 566053744 402413169
985032623 58445867 183004810 232240553
325554580 470006572 961121991 606151558
119782396 999794381 562270157 171668026
725850908 687229890 958612612 245486110
533431547 942351883 869223028 279744228
89796682 550137037 644964307 28259995
741565499 393920740 569626580 9968073
920259251 339322939 741646509 560562565
289827343 207448384 162954520 521823063
670409201 922155264 297617504 198117594
427587959 911936470 816788869 5682165
221596193 457677359 564289842 692220151
153790047 914709095 386967501 3213807
368764315 603974050 56350276 345419486
408824754 759883519 81115930 226857564
612435291 933828233 195843616 915567617
636267526 114027228 103357142 720996945
771962997 669717056 812071406 358674623
117817182 555244246 534622549 921778690
876367788 96832752 390105440 883093461
656961348 232591559 356826059 458239051
779556324 988511502 555895069 245562227
232072545 854652411 610489093 31642537
17002422 157855499 457221271 764673558
38707634 78943077 677667758 970060830
745234596 912640760 537194792 938214972
528817713 604488009 215822689 173028197
313492448 37799072 269611117 51369677
864795718 671010574 976423766 792475081
491014195 87068018 335614355 91453777
342903935 698384019 478416141 155742357
953330667 404988237 779278993 115321058
170835875 294754375 202000460 72616284
900094524 291499378 331257046 483103731
841963115 388753801 787571555 391868889
203874582 130479170 932645577 652693420
880876188 498827711 182672 397511233
260035793 689756377 847669905 985000394
497627909 895139249 190855495 28555533
6463102 279683915 611159313 56794907
620922903 326898337 502529005 109007579
718358548 238490704 638253415 571842491
985805720 129429042 960503932 491765276
816552728 90559894 710656897 716749517
321669214 916597801 718731048 956764228
579104078 314351539 241616713 385268520
404185848 333779641 23738910 178560260
59944427 132448999 980842145 416824136
78793627 377822535 240241337 768537029
163770664 898504156 192362538 738120270
575741157 771961828 533344503 883482225
326330235 79421341 36758860 167816949
878843876 511193854 855940586 985441329
661621481 600428609 706630591 846178035
86349263 692512676 569418925 568580821
922958060 711960132 419165866 672800551
717977524 355329533 155548913 722538939
325876968 916191740 647572624 702664448
221340598 829115022 631158070 406967203
529205226 558913747 287698940 830017923
300460943 247398403 218961180 311924688
49330549 898937703 481070295 566866054
832327740 838061982 35016640 603605853
137600111 118074194 733253814 903280127
506651175 438555732 864429585 596492109
707425334 672691133 23675059 925014289
820650325 389212258 833416483 515510420
230224132 970935896 886066831 862752471
554851461 346158254 687565677 296912182
852200874 351289871 748838954 914671407
647133845 220349054 534684270 569121464
896357436 772599692 813843020 678634086
526937226 705724291 301188951 932185536
668562264 204811404 165117779 268468791
957579997 74226788 476587196 240714555
630173130 569456775 188765932 110727195
972015215 485689582 371666106 702179638
418409079 357921954 927639611 396210915
69888484 299777764 668503171 182396229
832565187 693201272 196066525 298447927
321481311 347271503 979418579 814579246
46673189 465684716 686623746 429565870
616527405 22966318 839224544 561479823
184773210 75524471 941433672 650805881
392931273 209398075 861580129 149621133
672112438 475185187 155488035 758399013
358167724 197478937 55482568 646691735
349111114 323273379 884257120 707021493
811850748 649744 170992101 557857949
330751657 65406812 709098287 129439717
886578340 32555866 605893451 339891034
326875146 346507981 146383472 584789497
912994961 791722474 358292647 651403903
452170665 160777226 99104032 567980958
99102084 987499812 684274311 233434491
545289670 769037943 985288651 410378654
438100933 650008356 462491970 865445586
13301922 84524778 925694606 737865224
495650976 245119568 436469992 89870857
561256772 910382438 165717521 976706547
273098931 505647586 226268627 723244280
106510352 140798412 276635879 258176056
578173111 501964306 405897420 800970821
609976459 184395051 77143963 758151555
189582371 855736879 844725280 116144310
556487749 934982138 977687 725043631
136187529 294758076 622099223 530004737
887078426 944703867 532796324 493181588
930697265 648479031 656568803 608595453
535320861 785654535 73675268 110205989
840625715 940550422 159151574 811819314
245971922 920739587 388861007 586608896
422567443 25128198 954906446 183243828
370344605 298348382 132729344 475992358
452167153 929943726 257642224 305210662
34527896 152781441 885337222 255787401
223548715 679139079 417098005 258842660
703043086 723025848 923320494 905784009
71787678 761077501 625979554 256624709
886601142 775345066 531149575 939034370
572522590 478276881 987954981 981791323
274480880 938841611 923141708 830752231
420227516 573306860 870989568 445290476
821243623 696786201 618160369 815788933
900615184 935515357 874713469 626241992
388008028 815697445 47426624 483628272
532999146 953964198 204998899 663743840
159127112 712990887 409945440 541913340
706260716 670230912 645256335 694769374
109248999 652184711 850406550 959932490
207973352 173089997 203553746 67721343
748211641 212873981 805609013 83820317
398247593 319870277 263670650 658267933
868326397 514856508 480255140 113474622
391205442 580138991 581615106 599658511
218710037 102662044 974158493 132259149
116261377 109636210 771428336 467581881
581383557 263101130 167134334 55304673
161444638 341352490 23461851 595834765
456086811 349211621 671859092 81269565
852049881 618671505 258018680 370377114
241123990 616804239 379176299 982085018
158189154 935597418 936196661 506835902
839747274 371306139 995886983 105654720
829343226 464336336 387879404 804994628
851322822 340603732 212059352 724487157
88439646 305682075 937874492 628010411
71488530 178007947 783648728 18848190
302631692 923781815 815281486 73869635
555064927 901533575 986380942 122724305
329129166 810131272 708130840 709095804
643156024 410157869 79618743 228708228
358238374 381025219 580650330 876975547
521354257 427894075 693354114 826826546
116633314 4966059 260100734 243921855
602617110 141926264 300562436 33553170
536455357 784628362 668459092 26519238
748775817 792010163 431907500 358061363
153747847 745720095 173317978 842851107
892251055 389447284 128260436 820269295
913653633 708480056 436051694 666788981
170515697 741741709 473903627 914680846
437559148 912069527 558254890 716067846
883480399 621317305 616309353 795473021
182780892 607369246 381111498 417265955
920508540 339562554 329690266 36753245
338419006 446490122 274701657 205759043
273119478 611620494 677769820 49122534
693439442 95673157 381417740 689110998
83507945 31235170 488848240 839862229
411525163 556552384 840167755 113836859
525218176 242297924 628763260 710268682
979573511 645182722 920068180 340133840
609726198 73821742 195325010 41497369
232911979 534721008 130674650 839787246
950145302 947056061 378363750 741758662
600121126 543276226 749644778 588674204
833902908 911191313 317800087 973500722
775581901 464869202 927500060 871319998
242195254 372634401 982400285 764524095
167134173 717881103 20788487 621761111
997261848 727743239 583340223 925540212
943438431 719195889 563985877 566238634
36657101 887476311 122100943 480825007
873775560 209442322 56761687 800335123
866048568 982841408 599372431 584090133
858627199 586376946 841064815 182970252
17523777 158881505 617632835 483748298
170729687 377770796 657695357 524929066
185167061 181192898 419002672 875637228
777636600 427336133 189666418 970818219
997596471 214674925 125168142 295565820
703966118 799483295 706239921 59857760
930877432 35241880 650682917 968711256
807033396 507260885 552359062 843223828
873236510 890926442 117552931 241328433
557097914 803484965 383023569 22915701
577176966 882631055 717312741 912951038
642384968 33321780 495875578 579459346
655194418 371380599 674826316 200438460
648514492 953002910 395714535 193142686
104295330 602419192 529614977 469086572
299128357 9667361 15110166 967637480
193599318 312421208 94135703 629043401
646054978 202097092 671254744 377875960
70866980 768661008 757071029 870318526
742605721 511433164 545784529 983785604
284741064 817669126 266510019 598264727
786603209 447310539 178984419 733915292
411681823 603406781 431667464 579051819
600320451 47421589 813314769 750100377
892232884 106630564 438400371 59853175
646559664 963798989 531915840 766275873
866156019 260128967 593889207 275999258
192823595 424856089 570440510 94211120
156374069 573014016 511194830 234769959
68956539 66720493 65102065 163377844
185379082 311289112 844808512 792138976
882892184 601531872 703843103 786755746
513253605 960470539 284663284 287985845
546621262 800308410 173765050 996510157
208607648 532415446 520577507 566180597
718857922 477750670 65593211 444125773
223629179 215724564 630995685 720673869
248748490 382065108 829257715 402987720
85970458 689587117 961336009 536164639
310054181 186600529 875754651 181383090
699337374 686900978 972943280 977276418
687320869 648733606 569764552 545376168
591861184 330333227 288878280 366246841
701890248 928683990 75153112 527741922
435676991 316325709 652004747 396485312
824083293 55638395 783653430 544612957
977543812 213489554 841941952 241526810
923082187 480530805 813167719 519317231
737314355 398742549 141589435 90025435
145108811 802473214 181674396 350290203
334087922 467984798 60732928 114287614
121617831 232538577 864964132 316653268
110742848 486529343 926153913 629167468
113535952 302943990 199854101 115965380
563272347 625789436 888917809 830797387
686509419 285383617 925268973 686873098
232129337 868200113 293455178 785809361
245659587 23417415 175851652 692915075
128762487 418292283 615957396 412576824
98190701 735431252 945358841 837352675
31165727 413155478 291307739 273995096
193153759 587046701 844893458 411767650
503592177 93948603 762353184 54508632
812931570 452271887 60115406 941463298
257824643 122999519 489920310 426315162
383168649 392419331 280634371 867602366
704956433 70510401 462635084 358665945
223395090 658802857 656698287 693061524
594056078 166479338 916463319 100582996
104775347 988826630 742857641 92371667
403505550 623481155 882906146 623298622
532674917 642943446 413905029 52767860
551199998 667936960 43315955 872340965
838470259 135315666 841359279 596172456
927325298 243929252 704109264 713891712
795277980 456216109 352547869 806109675
991385757 647597168 514305730 332169673
187421085 836935624 293270066 537747388
663495584 880561576 176852990 170549860
598464350 829114244 495006952 810304430
700938180 896416579 864445792 717434108
698028361 260095380 651830071 677446773
957763996 187377166 517250235 283715217
926665863 391231277 877254173 669302980
467025013 150044609 467073064 248932524
889546564 412383371 719312111 477374522
667492945 957701135 320365269 380194263
778146212 203156772 132127673 119309186
612721751 171910726 899527937 824880752
281851589 80407517 351872924 993871840
275324981 866389650 567732807 92759310
858194423 451069231 469580637 951159295
319791494 922168745 166836774 716629787
362527780 858882160 275126577 532380819
940362372 824888816 206868373 357721215
365738288 397761784 583403204 279382360
717659008 62372806 805045308 863573059
847938678 815911240 283859625 976380751
31281239 354105184 548855759 392555346
791189361 45166926 708942551 329562251
386936525 78147494 294180277 6917355
523808743 250082199 666799265 726042654
553957338 963839553 576787790 243209896
669355336 198605674 259840917 456680533
663004911 943558442 329413936 162295104
450349957 6280164 203360242 902820203
929092701 121191477 839070316 400392954
338557843 57550031 315012569 596646463
950887253 946142983 772985321 721526893
26799871 652040684 466932784 39886599
175473720 437912792 972332106 69652011
33339207 394371441 457040500 595046217
481497693 305979801 891558880 6841830
364055661 389562530 104403686 67193930
328269778 969919521 650700043 505322712
273409371 745211217 204016906 721558962
511242043 280430303 898918161 715136463
521163120 263948753 811593076 848639397
969859412 346065333 63534858 901725246
748767923 116919439 405242641 76288862
404879462 353340081 659371509 249826374
535937022 735474861 339732392 373856360
353415101 897633495 807019454 283253115
404531229 613731706 157389069 709985028
643447458 502882165 844863839 459161431
928483852 863215325 889717123 441735608
578475736 87167778 855131523 88075128
254578358 162709451 266316743 480717990
343124062 26476981 60759121 134914324
638898617 644231681 427969945 842413878
491188688 54673162 700955719 52017243
771447421 160653074 549974461 17766949
487455526 946811550 533469499 74513576
474161264 385607949 377993046 591340622
153675864 710104092 502734932 446517993
83863574 525606266 392022119 752643737
841275106 315105907 3392075 254396621
194222476 709864283 260583326 907039904
148901337 273826274 577211796 436911904
722293683 377165649 78556887 760093363
445506282 991379736 262531341 138887289
320577723 341433490 979893215 228170082
464992529 873168617 667896617 74199451
283415063 259054010 273950944 862734554
172651033 274095258 148270719 444315890
783477231 665629143 859576002 105158639
63335784 90897806 102147466 997879237
243925299 788163527 631467932 698946928
571844710 204985363 138098111 481367150
325293035 843087718 730996214 520218729
384220566 449090052 715235863 603689730
428537790 277417557 802906039 423105505
802393356 691888788 197193618 642995653
513852215 505003703 224166062 774194430
772753825 806075743 12347900 753777757
844703049 333364720 791660442 950475576
525433149 516011702 277696841 378272852
520420467 292254760 839497776 939079831
152006052 280310884 847971440 669275682
978102232 477599645 276318272 962306381
859254336 153620045 730667736 404263906
695454574 253342859 892729076 986978334
326573166 983800446 917880978 908526476
48366189 856043350 507459940 645685787
49078033 19772843 433509958 23579582
386606649 438114475 241501901 215244745
150574870 960744850 887188549 745883273
672006786 988464353 833123181 881877006
255769121 687849560 860210521 54807898
494251090 615297914 988630119 137186736
947795870 788985431 310725362 464434395
623099696 382352629 935135512 67634288
148099208 399940839 592044356 480189884
996359951 674019716 695782972 167088319
664293539 534144697 630636668 325132969
991607240 426648498 892626601 874164091
219503715 9597628 94840635 143001296
706970557 579461190 446629054 137715408
764973132 804741826 560668268 773788700
794131993 124302202 728454928 575591049
861328518 128483128 632445617 495344679
760366938 875963637 685941174 970903463
148310554 122291623 108944944 668479467
681064399 435369977 738816114 35847399
820795131 49318585 570738411 742447869
333478982 418627574 688125555 877535248
195607204 532986995 924016386 362660063
107018673 473223893 937659207 588535951
600885450 233056051 915905166 15164885
862027362 422712836 557896099 27192571
784313649 970052371 938519351 270894878
700860745 213406931 740554368 662878920
830682974 130819099 71260813 961920458
799166392 650887841 65872560 218553407
940108960 175293406 772566084 577966267
487153630 502068718 363336494 827829122
52256503 389138694 58588558 592348783
433916838 631065165 539143840 74513239
474724100 170944150 483381020 437921991
141580416 853012650 244285093 594410226
550716959 371582929 961720653 918148132
313195121 881252338 794496632 158064518
738735343 47252228 771136250 928875643
293695806 879932035 456623324 122910050
566570923 993991028 346160747 822573245
769571610 619786710 877758476 477100999
35568953 304647047 142520355 834747814
50521418 224078972 796811924 756427697
194969412 29873623 268799373 995975098
226596571 107507256 615218502 736286155
570344923 153656055 105617502 33750996
620735691 165035404 656304425 15752238
124743660 569174980 145455324 15956945
308168249 937489379 432689041 773056550
789227201 274346405 676736357 254980582
612299279 723366514 805199986 711633204
890134177 891065176 161753504 683945283
226525786 452651912 225384960 791705616
98475386 286890509 745396358 361803330
8737968 573131741 134242666 725436115
13550229 827723929 221041929 952456160
820164427 501389882 941557757 929877646
660999988 535998713 333359273 214201728
465777307 86369390 263899339 196350790
8746889 822069679 34381007 574515129
675671215 415073290 772890203 349541481
305211223 506870593 278867317 965669234
130100052 707573637 386417407 759172340
692965017 726192977 428346464 506375997
586291802 123336987 539372086 271196324
458071584 829212159 537287421 582971969
555458772 579850204 727179012 787679460
541964891 312954760 977631837 69561438
704369771 582477075 788612957 801464423
589165385 285502729 867486229 928988434
461640059 425230701 808728954 122108734
393586752 814393222 718499582 249914772
768249034 917174395 551032854 963584555
415690942 38598047 727309387 449910122
163014373 524857922 216951628 714782640
671705720 826884755 218818866 245379460
98347723 68789780 527246528 180340192
525751862 729232452 662009515 147999824
614756335 819800780 596411920 761907404
463369595 565446202 479570225 680464019
508338900 955353080 554438353 365725403
382872084 269091171 809911531 810076953
369565547 559552073 821737327 935792524
28361872 514762370 169642446 249010037
218913644 518410322 907495032 141257052
113123518 255532342 85944283 514625546
11497589 873817027 571534420 383612048
265974838 404974416 290249121 884926956
576317653 772126686 716009491 391933577
683538652 141720588 229338757 672657610
534113618 415680909 152255809 325067429
690858239 56666573 726112176 211864475
283934366 277068599 749044058 289547084
220444169 572318509 796072674 898714307
884272612 71879874 349393841 73482166
665601457 650289993 327220246 574740791
807031260 377071615 403680911 541095477
700312156 679877752 890513331 697528602
20330721 436280288 388479290 579794339
33780213 185345019 546939368 379886800
174807650 409815595 99780473 225173319
528067614 847019140 343058999 369180438
47230352 835320495 420850414 332701289
264180354 819073892 917606412 550070176
617826257 127106723 256067757 120748706
14035168 410537562 346773313 936445249
180160494 429663021 670638411 222583339
711821895 821362021 418006624 301776178
986137899 203158022 868028339 355524195
89166660 763935655 772838844 873648851
211321190 452285326 153786311 209528195
720320512 963388206 910572971 972074788
625386914 182464605 477117935 466969825
697352652 249004170 440266342 541792408
777687929 584388095 941993165 650885217
682342392 446912873 589874902 183095073
680615624 216753589 562516423 251838506
983658477 477178308 150293927 541862926
75739257 557911418 121941818 841116668
569983609 760575921 199121599 416601151
646940039 399471329 278452592 320169600
366761133 522084250 137010258 998784697
94895282 363756370 427258763 109895808
178382580 980252695 637985464 93233051
35316921 671296811 233969843 33193349
957749330 888813905 483444388 493968863
434172583 126771083 773941800 200272142
290543277 391690773 521784602 674235072
551668495 552828923 232151279 617652023
175336907 495512144 204628977 295665966
274922458 834439781 521371093 413352888
780967873 135494479 230012472 502855209
192106621 827938786 76272879 522129175
79972569 115649984 772235272 833113453
637044350 862528190 960429364 850502536
804237913 997616105 839716575 598681381
130444013 823877446 787214398 301977883
66542931 409080208 186064094 318445923
838748458 411408495 974174272 338889549
53192628 353642269 856925385 453928408
627577034 801622650 735967445 996054087
509651064 328451742 925113285 262967994
19100641 515055590 381922647 902865067
598138484 897898863 826912573 121714498
752440071 30492831 315788377 511861469
879962993 841611817 29530255 86382001
928035048 797964177 936243137 680458758
689916476 815807865 649130123 796866495
688854537 91191353 497462137 771895197
516942841 812849142 959356002 872397722
699331341 443604010 153933584 861733631
462779297 722444645 919809178 4625692
344028672 568150022 903393212 836767694
665145239 540242202 920789318 864281033
266365638 921145275 470433103 353767509
442318194 653127808 715729898 36325828
435454104 542572732 289332535 45024497
718130009 873855935 65928229 597743701
931259615 202375743 360241148 960564517
188788151 155831538 398460705 380877525
768151203 325917523 941078873 481198399
63704179 236711298 974991696 493358926
460148173 989538070 371654674 527461342
928296674 107475551 169517914 302531828
538177889 930998379 583884898 98471623
562497081 26032094 3190902 79922536
442546931 546556891 405009942 786992050
761068903 20398307 572554380 949805307
868392048 10335382 259836155 259003360
498604080 537273856 911299704 103915546
629651164 454319825 740492497 25456589
479345489 771183590 191184785 467339319
216034364 87196106 561916871 378064728
403580231 789418607 939512874 37669899
510706588 311352497 611170208 43039533
137905549 713228839 808452985 858820123
248497963 87029523 486755107 135177722
909019681 430598845 438392190 291855210
784416397 157579776 272329913 455727518
277972532 323930118 366237583 821673889
953007244 726022854 54716132 542986382
219356871 381650689 621221990 445880097
923842746 621412762 852030254 795545528
773444229 344233220 585862326 396454014
4251941 221761461 423230945 452399288
72847686 977244493 830077923 636329516
629987819 522282302 293903070 698017944
355445451 205424509 533106391 801781794
481194702 309796941 286566692 918375205
698588080 37693112 827790266 923272252
266860185 532143490 896811459 531364384
883997052 889379042 843799367 576163523
426583721 477812952 148192354 655006426
224808097 297294493 772604026 27207627
59440249 240826359 474907679 219646712
639972571 395689907 190029151 270155005
957663675 622004575 24597663 997937513
405372805 548760810 890973671 763172120
778443116 562372637 667873784 477472364
891722245 690299058 594091140 191958840
140350095 380573754 807918970 279773263
696184908 194491388 11590237 703170193
953529103 789481664 720155706 143388807
70674735 241704985 539024040 618821777
129579437 258419000 92852764 274355322
751139062 433884412 194441062 278221901
846025590 989540717 75088382 537155623
37229828 11436348 259172881 1098058
498757171 814581044 23947458 63369578
867023593 174404948 523247385 231889919
445831831 728830968 265225047 494245286
366300329 650862707 51050020 768642847
679304048 131457474 143529112 306832643
680617471 749752441 32893741 713159727
40376129 320381584 369772124 518116698
536346125 244317412 105016264 262065284
477813725 652649379 692811889 272230457
503585691 703264350 380855505 900046598
584769680 377397846 925263298 3306211
984503275 645010226 411550154 632914130
220117410 212888596 815151088 829153999
99230200 317776240 88168952 554713880
945490614 931085252 278042805 50341597
232429016 311674772 93585668 358771820
165766097 558192868 403281984 661580817
132069050 312290011 871358424 449198133
825073965 717623448 973042685 250088561
646052693 191245934 583656496 924277742
156384028 272145385 632769769 608673684
236616884 475952615 850884658 243529175
562800745 111142127 350635697 170877534
251437051 560028264 231454584 702833310
379107949 751847011 680468360 780216448
703016735 920876795 10800699 981222823
586619675 789716458 54867123 953692043
19035864 438267329 409935093 903176620
369202534 128466390 338531516 909272351
927943011 466910126 532236850 551063588
223426899 797036649 129429464 209564033
83054668 58116207 905234716 527675358
779138214 806284217 889402379 419696612
495322385 444402501 495275240 397996497
151746401 431457097 782253903 478786774
644954060 271160758 84699407 807856699
316285617 972925961 505545772 691040730
544082192 997820810 535043621 906399469
406267185 297111193 199566662 439731823
866276274 630852315 34846623 892115430
208387188 451733376 740626957 666117298
766217124 537737810 417174082 716132331
610160378 968867875 726849358 311127383
287778905 964774617 564051189 687073092
575079985 151090757 4266900 14803752
557018888 973582677 947195924 807504373
214325186 865228284 319945323 419691153
797237542 268605367 669985918 407902919
844174828 863845991 558396904 186580893
193685230 715595971 335191738 491040155
335504702 289970872 985096942 841101733
339916251 716231550 883973974 255452765
88901321 994564274 369750243 736861957
619626709 660920856 230920866 951027694
791876426 321122652 863146212 923691563
143478848 818448904 599993762 605703443
87646743 986470808 940327184 222507036
4680475 941133422 764630474 623238028
567907739 40775785 818465856 902685515
109467639 454531196 800162734 365771242
394999483 657569439 89976375 674577785
160197077 205877697 426706407 61923154
24679555 435153198 908037562 94164548
211489176 606800974 406815126 201714878
884923524 530841453 437829019 556257920
946170987 102455032 701484581 602948435
347291447 667762241 580229287 306159041
602903714 781543276 763106987 866578112
2143220 757715517 355884765 389108993
287963999 544240111 343602057 425466459
261982137 58615333 638898016 603229395
579454402 433537550 768919332 604339305
357784345 158244951 534818369 897465530
224342805 126598810 44892843 138295595
998707644 408249317 356881499 981517104
413780916 558795278 693457799 373263437
3098919 113284997 400459317 383213742
402816175 200918353 450523987 741374831
911938693 408622175 39653063 219299848
834473632 608285164 144156280 630961426
760693834 586490649 334769461 888979093
112662302 96913057 773637967 440362955
361048929 654065506 879184303 858915558
599310337 986239777 708349160 497734360
894032691 598731014 864234555 220624101
556302586 202457340 342058597 690815282
413185039 925891449 384458477 586917796
999769261 287781628 699058399 24259924
612323566 677484984 983822074 344139717
329793490 242619303 217747999 942183446
867182241 751802134 372947251 825162918
520001544 781156092 10509740 963384410
918332301 287912388 560980224 613299424
301274809 902819429 885582706 503869472
969058375 265454175 428678038 585720859
391611173 107001520 719932887 134330944
123944073 441015688 256276585 907978549
45485133 615773038 508630389 590544425
570257604 482841872 179309733 433538733
42438123 392228801 829991627 186931260
374606953 543658658 393056348 315116561
190112534 722126616 779670414 658426252
760927209 233907628 333156053 7150069
764782140 394180914 776700910 810772944
420458064 839657531 21052216 267360295
993648463 954546360 608855487 513518472
959902347 666475627 497149341 763396367
115079944 669626724 78778459 411933605
630123249 268151950 162116841 399343441
820554960 312243258 811884264 136397389
846457784 90487362 140323909 454713099
530008476 320301299 81010389 339098322
345381402 490404362 681790323 719931946
702786085 903894951 410606255 251906035
621894892 146010197 666118426 133611250
487562249 895924975 523570732 732130278
880822937 68770311 311576059 393956830
854113854 978014520 181732669 822733202
134400622 5729151 294579308 946038803
331465418 21238838 530138736 494613227
771756900 677867264 72368120 520116169
392431369 599985423 186448158 478109487
538126066 112888593 825231674 339410778
815934848 335825569 802041803 224655968
42055490 626523374 17077088 499361565
903528784 197228103 636406641 550876585
380379211 88789142 968470457 758971
675343053 319049044 788531921 34962310
279708171 287665471 158534670 45613723
337277358 878633365 833697307 315209289
806511134 486287324 220754733 587932531
502639176 321682735 188189016 1737124
840890778 862672792 161061371 483629866
761915927 510843773 562802146 964934018
491030894 354597631 488991104 337993951
469343091 26157511 448792053 437062936
404274756 141732484 100515110 2976944
988709570 337957838 868656913 163624954
450741077 186837854 735247655 519569406
846672780 317524515 831160492 720787052
331226852 667833055 509732561 740101180
617441362 272815233 487080214 733799058
624696447 559848512 759424383 479717342
500407099 353554063 520011575 608507453
624089852 421714608 191477289 582156460
672227599 178291617 330834621 914962221
784479973 872000928 260730218 17270694
813002441 829722351 388819898 493160535
959845158 838060148 575779466 170122877
760370480 526092252 533664805 572452092
522876956 312766500 457613535 393938272
183628553 20876485 622319884 977030213
190073915 161567611 264892084 914416569
497714597 322438444 34251796 278669781
759616979 731277455 5325105 459565546
718214121 360191406 552916251 976838413
490440901 555156653 487789667 496843603
980821930 750207694 669378655 544679618
766506067 340438756 986083933 236362377
186492980 830794921 802348073 828346336
468650523 592980975 485271186 610440678
343768210 403960965 143765661 207054961
533115983 563272157 628420030 583271075
89771912 850302842 341848344 789803323
599464834 663553270 637296841 126956828
570128208 145063905 692096308 852921010
105761904 56096742 877906772 982651822
749684947 792034327 95292654 460918381
813247296 197143764 417285469 932045391
777636583 612460338 926742955 675694180
731134495 909393309 772561641 881484321
472656815 120820529 684335300 126112812
294102716 403421492 391975012 944599845
38566929 824157290 874968818 696954454
338173074 428924485 132447967 302227594
628505516 920183005 486018597 8119399
524612606 674284509 664514960 8979643
894810163 188408344 655076720 273564928
466530110 460710186 555563004 245935684
818505589 171890154 28140243 560972026
678627814 87789522 69853199 641232501
660835239 281932620 914635591 313844154
908885163 958400867 606544134 760782677
797455158 37670180 257912688 910007823
428634905 612432151 774580344 997312031
547943063 543140845 66521058 219435707
936643604 549799670 291920290 717646444
972050774 433309134 651067972 378517068
146739635 589317901 77887875 383053195
768565099 603000993 815436036 293998167
419179681 815302690 436297875 936789911
319199545 440822078 389756858 254137460
516070771 898256841 504502384 995823109
152488712 288146089 793149023 660074679
55130763 105378330 140186538 848969814
277229704 533610916 260393312 670272256
895731294 185767580 709866900 279554269
180336726 301984531 488500368 279553166
871755384 686135596 457090817 354514584
36717640 836697565 660526241 168491749
730058087 769551851 495981040 795437466
774842886 604532249 235502676 234788435
711273854 617167595 71347103 187130073
136623595 389218820 124336253 840613339
762847390 622171979 725102569 260655762
751169163 106473531 188224748 860442841
104715666 375098988 512495476 391280302
331785630 364883039 542979686 973706857
847545531 870310028 387451152 23120337
64031203 375433550 520473772 414273729
957945649 466552794 622790810 504246527
938655009 880118108 850486080 114473598
762565104 940751717 666445414 391935791
888905568 91598170 232378376 542081904
26214657 467082667 147982593 945453155
894934864 136106406 465384027 139203519
544029976 622234680 975754279 543078978
238920748 480695555 851942354 532561077
94886962 804709892 328235249 128135866
805805335 443162550 28386057 737339709
575955076 398301194 205279909 71784241
873589862 217872299 909459443 498330692
832425342 370638466 884654529 611599822
495667503 860922667 752958190 362413735
542056435 526335625 342774305 862613026
444865809 618116321 62228558 115191502
121214140 697365749 584127985 219287146
234854020 373155734 260530363 991274446
595971681 159647484 595705416 834151309
706644433 488614334 110587663 618443584
966455774 212343424 523497687 378366375
307792216 577867649 594247466 491566554
568702729 562495113 132315172 208310012
400584005 628956963 147075223 187107909
665990738 374087670 275042511 590819145
549930467 134855892 869074110 176529723
641948089 230572699 755587033 638499230
399832758 145831607 523098196 986884650
785465713 253487203 434923353 934230787
59186532 803878814 754310749 826209904
202417803 901112606 255841127 308559262
778668838 799770064 343674697 161464598
163486306 354974740 527760292 485781595
314401389 760320694 836969225 310511012
90645995 149228326 554343635 971958855
672686033 150831695 502646306 92340407
343860756 621910452 635396706 951164249
720500614 94502702 733490782 541484944
901704719 464993277 540865501 625756794
972073269 116851686 931802639 746599896
983153444 457725491 905461162 594499698
637396368 5654351 387508252 371561955
576347847 507878234 34346778 113866859
702443661 938061737 699038644 554688509
854351696 996832607 963285504 51662858
501682355 344594568 409856612 145087788
579412223 501668360 915111884 181381797
846751398 124775121 661392910 104639752
274038077 437671926 593429233 723473351
892776194 502666390 644801157 787005156
425786104 964790202 919260794 15392799
661800082 593258455 560724393 900041209
867842749 709577407 721262629 256449531
201484435 691721428 249635466 936038113
889032577 796108191 585021243 568088031
942131617 738139901 30533485 518837794
920205213 882080825 747679993 333355269
532497963 233744237 898972029 343724532
413633529 78080547 683682936 153700268
106838397 86217317 541948318 234721102
752881718 700977854 13927434 591793712
579294340 349576365 858050959 560707619
833423185 218744807 194041931 838250827
692932540 159415124 612830179 919658400
65595626 740207572 283169063 375088524
543591119 260253375 77251675 413514646
940054097 741827957 765337454 126523265
538140313 26039529 673062212 874301696
892216460 313289633 649181203 788371309
599120574 147159718 506527546 836362234
402390236 71541335 65266161 395683877
978831141 807565409 265669074 887709911
372181836 822559711 852118914 200283580
631939404 820558494 276755469 92709758
432273654 863397835 453549625 944734253
568903479 527488198 68487608 637036249
473798943 919189146 396473883 235464052
578696187 232484287 862643825 310524674
268717773 650698695 718280367 258310668
575224960 748843777 665020307 720030823
942345880 345581779 65061114 956270830
560276938 22993693 396205006 625067678
974638307 470532224 374877007 448022137
986845152 238655346 56997892 211085366
805959932 516395947 111929039 184907232
399548627 696051496 558708595 719314172
361913601 309184441 831308335 964644315
509799671 418249312 832124848 445980079
180223041 478131897 990822437 67204
32504029 461398526 250819563 492850531
406380520 588118603 425854542 578637406
244806920 837698226 648506668 285663959
427251506 130453377 738906239 780508470
74574305 487912343 705354372 609379320
504886236 485548436 831881856 377716477
688533759 698923497 830396524 480815574
911903700 370246014 144249440 530185920
625932466 972349426 444868653 54247438
489122537 584261253 771875295 525696271
365536717 616594624 56923866 481503684
178957163 733645917 804174146 575014052
736451698 744244828 496622581 870067302
253881076 409414140 40717154 283028313
317571705 790664264 607796338 345065876
583366607 14219135 60814099 558042690
560068745 233524524 804552646 270767186
42149311 174453079 154115659 205896249
913494609 34548644 260024657 598122378
344808880 265739685 866330557 994129218
582503292 508404815 171392123 320355342
871786040 963051879 641219458 633006361
828878388 106816354 988327586 844442801
124728530 69589904 428356709 183369176
321558499 853355381 230208186 176945998
7194236 946902018 880876825 829130138
880223578 947802773 866669033 948296944
61797501 29918616 996480626 941370369
555414250 526517575 681745579 654586061
256098726 289662447 440787510 471576304
612671821 92972004 797808850 673967889
279645516 803160164 686333261 623390127
65269386 857972894 851988346 882120821
288606651 958901247 512904558 591203706
714071968 723924538 554799169 998211388
267325679 314929037 114385255 224286914
193890854 600908299 534909478 675032970
614232904 567163640 182144798 110372080
731389906 242461373 567902520 527511082
286346569 352266939 789132967 498869794
265566894 639574087 349179543 412122080
316304030 670873680 371558545 155210291
553765012 399597626 392851914 492992396
961899000 360637971 305222861 441323079
824435557 272678409 359800354 954135376
260954801 408962844 89343544 274512271
999004331 781543085 87337142 910335734
478250927 92412167 745825629 594046552
576604486 791812586 919710187 354264510
672286151 212484318 312613146 446143506
178144891 608410423 845979392 674759139
203745895 691466604 219287789 836338483
716274013 391763765 687211194 196159765
258079939 854958914 450125637 143787006
222322287 359361111 455334924 769078212
891247040 556003878 952829816 234279529
566348320 889200862 30111600 977597258
149747550 996516335 721116593 120675833
821293452 952558352 126141727 945274344
983948713 757299827 508317922 723300610
333963055 207112569 803127300 431620055
733238750 562491203 626475560 768771619
883021153 752387286 126698526 808375686
420113718 81169304 848616135 866846869
919419781 909120813 320715377 859001235
501522130 227475288 476856588 121370256
654175737 458660085 757754600 559872293
832051593 720105724 28516311 87552809
457332734 542617385 114738742 483157061
590599489 910638783 71609022 921988059
215258465 673455828 428837283 913362754
569854354 796379941 743129933 959092223
71111001 51749591 671235442 100042921
419478569 194756823 489820461 651840963
603283333 959334040 433780824 816430907
490150781 59131393 448199982 438868466
759170623 437673105 776439672 812731490
562145338 67173775 673808402 95997457
26779301 420213921 375841850 974257318
841948746 769330276 243464490 635090178
232958380 585841782 818166488 167966000
469206688 531628853 567801563 232293444
948572340 306235937 196939382 129149575
223148775 500948915 440655701 209559345
541706064 245112635 881391796 954168566
21739916 651282432 582714868 783630698
413665665 647488541 860629959 691677431
413881861 113164423 749836552 348265196
512584782 461954524 390270445 789708711
560219547 614052567 684919714 181638376
864829387 181489456 533506352 350571119
622937082 478761536 349215060 59758654
348831309 198878238 683335770 190867681
820918110 651541494 170490425 670341421
400827664 381934535 753056368 164934
463700597 417371305 473962839 901510654
482698484 913594890 860717322 197596274
798499338 201549669 977952407 530947288
712517077 8019312 969261390 419039749
596868076 299369835 673458332 75094246
291363207 34641771 542194086 65776221
214490165 842402019 392960094 389911749
732655129 776884238 612219891 873774528
240401078 532123522 39007536 332680421
151177858 21233758 927162624 425893398
969660216 826607403 235102684 298364379
758878463 182532633 901284115 397603912
553076164 649039347 331444325 685924339
866572826 941112891 400923110 838962384
763064512 11888657 836969953 139570871
735905199 253128837 376601729 601494092
628067042 559714792 580806462 124030233
615216160 721245124 102201995 651694309
576345315 416084630 417935500 579398767
861452418 866118493 492465829 180042916
422109068 660496491 720227397 257955229
57772339 837833098 550943533 353533417
972566664 264083980 743072789 167162265
517690378 344629330 845281440 198292295
123903679 679616908 107074967 594860935
241711470 947929893 87913977 639858279
455932463 617863560 291919105 812594953
490354791 687602960 895160856 25576393
579969547 73383366 171958161 964855138
449740961 886293097 455624282 575997156
848899281 294302164 557507310 216891836
393097086 432530401 498415882 996690875
225081184 960322020 956062 251974681
693109254 358624457 785529104 233690988
519018207 503508343 899425935 674972205
11730263 986109445 113133193 750628995
203784763 175731208 603997083 130085844
823331225 125365658 356168031 397671495
979223823 394274439 760730998 991810037
565650857 450619821 305575 72826499
595650097 161634716 283286295 285296485
675308436 467229486 5368860 998480780
82863718 62720070 919948230 558734882
310490404 684966301 156380302 853708894
736737521 69528029 215660038 487588911
986049974 93423952 989017514 312652741
217881272 327572018 709025755 97414231
894520822 752746629 890256666 101757442
322902230 365492387 721784691 433296502
120763844 799948883 39483535 862016292
467561844 920797009 128450506 779729919
336180323 98238977 949446350 617194245
345769223 268944041 487600241 853017285
647813134 320999048 213664074 758935583
670191183 636088862 712686810 399000383
499220362 612738630 814281213 264347990
289609066 527086306 560866115 292365973
338610693 405477576 139433074 611930934
852985704 950493238 944812187 542964435
909884275 139722012 590981068 717501476
716889707 720567450 965094266 401671051
204108442 762527093 455044838 538770619
525721583 519779921 77919196 682780675
889044092 547629394 558605706 682462590
361434506 201111180 204327960 41269548
983275766 639267015 529453868 96534404
219826291 662887027 922084587 97773694
822641240 535077420 231517612 960069179
120489010 312382500 688828879 487081496
530564924 374001530 722537736 398337847
46339965 213109438 548412828 641302740
800491714 774555748 359704747 236172014
391817593 455407155 891626762 889615622
784598988 521053520 909085661 574366989
941592647 734201643 662997429 383284209
501544663 263592936 265012090 828772631
858743228 501397781 199278878 74466550
464437576 330015928 912035436 32253979
286853672 404487375 417417190 537518529
226691881 242656556 664747221 991148712
44907746 707463104 413001624 643099216
323614885 477336141 930090316 694987396
116192530 403104294 904082404 330822447
462742136 471605737 715794609 261284642
26867749 787415973 204420221 8324652
37735699 358098981 315343640 700216670
938889424 310039044 254045405 302986787
423026075 359762474 205832727 641550617
842198383 929052067 478560483 12122442
565812395 194063116 947673124 566484962
634384247 690403335 629003473 40973491
488041830 609790103 563700490 271404895
945464388 178517414 959526782 640719104
60433003 577159799 493462745 304476947
677458175 211240556 277301807 363185517
624471895 44209849 521343869 67822679
184479551 498983785 330761746 638324639
967571379 616255353 170067897 94197323
93900965 332176281 412359470 285975641
884286985 963923790 872103291 794817275
441561455 528647951 654061950 113229567
93690524 205895207 344631200 11850803
505466835 319678114 516193715 850808062
238283371 699565542 408825394 364502977
603136339 700313681 549517176 780364268
853109089 649320664 730373447 971395315
176127835 21190652 841429875 399780854
549460811 602095654 184625916 933490998
367750865 841503563 645582091 586476522
667022508 463427556 505056071 640409669
929571026 362349474 882038080 677755168
702272366 424104663 427683786 10817299
476464883 792986577 876789674 874464221
211452597 753128908 627923291 994688109
189074505 696225961 413462700 569067278
654445315 10366901 144320918 625811774
989032393 594439317 144848127 751714558
589529146 675963596 876098900 296624779
921462076 984397568 990327216 427296476
626078064 850375118 21628534 600517234
925484638 655635281 860531475 452679804
298713976 412538229 841461949 443259520
828266605 452070742 916205578 510289645
938210406 997620700 88726118 215361885
448877373 554713967 973414241 795418669
122477259 861910427 269627382 703421206
897981268 44570840 450391690 470919408
400522060 712720148 881759078 707049286
273928813 675788801 388245399 985678072
730377974 259773700 225712297 969328636
345935245 911507013 975862547 490715391
346435142 630360706 971037302 495816488
353202244 468862943 927164787 176687617
852752308 246661491 37988473 15319443
860579484 326226617 627546480 836754482
613711783 423189057 385219977 762822156
234974690 186821781 972237769 492504077
411964122 519430649 556496951 750643740
311021691 303450942 558544342 334286736
542253251 810607348 991070071 529789606
667722010 68351860 832921797 79464950
139675082 840185937 489718266 40851137
323570515 224268778 444138700 818762336
836127586 850513301 185146601 716902408
52359847 47933051 931447361 400082131
557915061 842926975 941266075 325818232
357303968 52557042 596136910 829142895
889227613 310528420 490243319 128723018
583244383 60107545 766442840 572466987
634290631 598251320 535095322 179298007
732834793 495053468 833656568 505026617
216555646 769597092 472619426 447276615
981822268 943541911 248253495 344985134
681218089 441357621 814751940 37128640
765599948 689274820 718396452 401940335
21088920 585982782 443123182 399916822
943204044 643830741 405911891 602809985
92002658 884941577 772302260 770943209
807756820 33748823 940724925 903926797
611333988 598938507 867018238 361476577
699520224 250871367 146046164 279004598
979904853 839222716 120555195 601330199
647347272 25265749 262205995 253037317
114126131 398602643 139362982 632787807
996974204 964426839 1483432 837412320
708900315 458627798 862115732 482812790
946045946 106475988 364790189 230021498
656745247 161791145 979009181 202340187
841464098 656099006 788937158 686688270
371293371 550431037 50445345 93671450
488153818 256343070 362990206 215057206
178164536 975650685 392561639 711927021
158769944 343919013 454820714 279947718
379223607 332192440 475386723 126635928
620743346 705729456 45668744 274883204
648058631 489935571 674916647 350789013
625087752 85575454 120812238 122212991
845348872 8829652 658642286 989396862
675162685 147471627 817790979 315818576
625688255 809075855 955224268 955243631
565944697 478346796 283303954 359410868
108909551 632526162 751642520 195415992
160409909 133438019 605614320 176720718
583403943 841806029 44360564 290395851
505476320 129762141 673202788 507674480
196098248 135747225 596848631 909231755
844394534 627264698 128644128 691880080
435300374 381183093 677010517 426602342
228831225 916236500 545551306 195586678
947864201 596595660 273486330 869492603
681648134 509982503 616764555 446887328
909808323 554119807 882849866 632961962
664732266 548493259 437135445 50638107
255872486 449528899 311536329 973199088
60750738 780713158 314805899 523183103
317011085 26376491 320636251 656158844
909028828 562984606 148281120 249423425
582089416 600298717 659694622 796636942
167487687 283074142 701219707 339053976
962188408 624340085 173139862 4159545
358908246 595570812 647254803 434359131
560368734 767066075 91185080 753658753
311973229 655205991 760584956 72496100
917788445 594445840 885156920 102810862
699394316 729635430 125733122 361268093
459033401 816923789 451320046 703121960
596355082 295177109 516244974 314097013
14869259 801200184 770973825 281016800
942422252 395732698 644406473 65233317
917695510 446579860 164143754 35643154
399752518 348054423 178378245 921758631
959759350 450818945 957973528 866412775
705932060 846709560 293605336 947860869
222213487 584971454 593536242 667787029
452658040 264158043 908054963 908875808
402138112 929378133 249532279 289797120
38525344 144156072 876972378 827713287
283317299 600098781 641271844 168638820
770173846 385735341 408692593 748209762
544992854 421861484 233748962 784437831
42490499 774109344 126199725 146601515
596524859 717025271 422009642 248378892
67310421 547177789 405311940 250182014
540690763 355191750 719694344 534864642
31398521 95074093 90270052 217176037
326911525 339169695 799764680 974091289
538424243 882330749 151126632 616902013
839584836 158802160 270457605 172366420
349868290 32112471 947050142 521960313
569548620 793739083 379575194 496205845
704895647 213814702 567339471 719533143
241817657 393682711 353382883 827463782
864689303 566552577 338324662 198690764
178505708 714923421 791617622 260933158
462495554 243733848 935736924 336302250
936058273 156271578 396835660 54610213
226408789 1807062 659844887 507301065
573975698 879875234 946954288 33800083
32058310 718318075 3035590 574705399
965910698 661205106 578447921 479328824
569049415 883363184 630039472 655766341
473134198 288331120 925127518 85611718
572110034 89168174 263979223 334081279
800202175 594128656 315712668 93992671
262864463 550144009 652506804 166874097
309390130 33688311 36503597 587616675
238076808 216246619 57631301 952870054
217960375 752702900 928200675 554233486
927919859 306565444 846773484 291800736
766567715 74264414 365852529 136527706
103576471 371380857 680756703 823620966
602262813 24081809 514320790 660162060
425966550 610861032 205701433 371955900
992919110 509830746 554970627 736061942
282720039 528390399 325123205 905836790
296941694 348982923 477592267 700581452
278731343 240355426 690297170 886502895
352645683 127535865 612020405 164166537
531535647 207648376 177087210 315999897
67448243 220664478 889743622 544795899
130388519 891275617 507916878 113046200
863494439 131341403 249816121 168096435
684160476 559312863 820145435 530249363
352333050 311045993 604434247 253061693
679970572 700154990 306617355 747179476
255352446 805067078 834523620 620733991
423579462 766516240 406104487 390050737
904762911 13659021 804532372 218483510
860183803 805579787 443435928 962030032
524144759 185704259 497226855 685363828
299157331 195986809 983636948 699462833
987806085 784095572 999266945 705851511
780818265 697514783 51055043 48327738
672451246 870514636 951639668 194725424
955988369 177517229 259696429 200791043
135929248 328069008 670057559 609534050
38575466 862873224 448280674 665606731
679427108 526580797 135193662 608574447
599065626 112393898 444823756 707831028
988289695 756106703 546348343 950133465
826145729 965183620 715875834 666890524
66459570 588920404 745263739 340506856
674518565 543462798 151458588 699561018
312586750 447488127 590752586 178657228
400007818 89484567 996731545 209330622
760507169 168841367 313627387 523678591
763551120 322575615 653235262 432825679
413739514 374490846 359245597 842621270
531034093 614611684 304539834 379565323
861202293 350946074 695126579 630860958
225433713 889899570 136645976 515596418
413665119 955967977 822517168 829366124
424512895 297901816 51222289 934196497
609088530 135834533 830901901 991948961
60055823 738534252 913827 57731764
404435615 205350719 468269782 533610346
23365680 970392612 19120363 38224231
585216517 935094101 666232702 336415131
491436522 843623359 913262471 86691647
165284987 569189003 59414241 718597938
51113113 654121387 291246187 337074050
740021301 284093723 280209539 451605599
566456329 198215097 2701959 737346451
537121085 458479391 424795461 564475092
743254030 436097993 754490537 267260476
807297026 807034188 45816040 553703967
334568478 181631418 514582915 451576922
331421019 543918651 575986625 255202971
723295768 330444296 969734996 449525063
494051645 946244774 696133333 495602882
168745460 428718336 460698678 981335397
939924951 350608566 655647184 793031417
684601285 965609281 353409650 116085420
577232305 330062582 489288961 329011814
884776124 901685973 261982631 620975553
46148463 125642832 914947410 833581475
307180084 711666701 132821142 612588970
732354602 367533589 655193522 699111744
695791448 766713328 292731295 733394388
420409009 267058993 991430155 45964227
152685166 176028181 262716659 749841205
536728129 309591359 226726768 128049425
773925204 346538713 599694484 749653728
380712532 399941699 64217633 665129198
283566044 711829620 942460742 421856312
262060699 31625459 268354504 177852221
576056517 430394600 830616182 210687387
256488739 983640516 932798425 932588182
631517285 654379082 672960038 401935492
472204625 873297137 562166451 788033491
948346603 707701119 495765406 387156610
189372757 362357429 989095404 755414619
405569700 853427905 536546865 193324287
329757990 638670000 943981638 848967465
935804972 154579638 351396987 298424155
838535279 151963312 806171252 432748478
432832605 529902988 499189471 481769378
651936241 187807376 599038673 100807574
760652404 79585784 175803403 491929120
298478586 984896697 712029784 972729628
306970896 901620861 153182261 821463849
288937533 660195019 517247755 706310027
287964005 806349721 322774267 197744980
120174559 644730604 144878513 869994966
42482699 743068823 946720546 999246730
354208909 876389850 146093127 720714605
772434130 575109742 253057577 65177581
615265815 490467110 494056734 884190989
262166161 737899988 899261850 722385477
132921424 773719219 670455481 893060932
101607819 588780616 950077873 710865667
120649707 846830942 573334956 816829157
926903657 361370030 480063131 767005535
958960292 408343695 466750804 374417528
281236600 890463481 849307246 606666569
841902639 700975221 543566122 241663899
693540753 252201703 871262270 860865480
787798896 745636560 837371801 325215893
585276084 194446237 385738146 735904533
288151668 507902735 232623425 27651262
984332882 831359381 711123449 826215680
743702198 882221792 482085454 755986115
201553063 879592820 896776773 212819767
473940564 270439513 774724691 304166789
931409704 81798693 735923242 592070088
750655392 684809341 117390822 256603190
107004626 12479864 304372353 405792597
994326159 174935383 678487601 38347264
341425231 49271320 929644407 487826325
368992482 902459520 495331277 150007087
88292605 664603493 716617722 472683733
50124022 716655466 600315084 752954452
235480153 167861059 849618188 452625401
554910385 535259875 547055172 519812829
571129592 122117460 724868017 383574176
110986898 238529054 351504443 947849156
943334314 248884191 531267152 884260023
679203735 845875649 791723791 213643234
282672288 866016849 26717112 880023357
294491921 339558618 894991893 948617841
786722660 245568092 569779601 674233687
947332068 149393759 327161057 255251087
19510204 136883726 704817830 946126895
59573552 710433256 494395016 916172232
106332607 468093068 850979206 429011596
949973171 978641778 507828765 432766282
77797177 644197081 277642522 961995158
619876577 633812074 700260766 457337456
446869362 502910812 643303043 729496648
62502731 596445136 159373462 980313978
977356941 691989134 907085862 699314852
107926492 36980052 226683143 152617139
938107262 632244567 501699476 679251211
491968049 741828359 795435097 259968873
408479357 572768751 407510332 399970592
614612205 578046168 414567400 281346955
89858412 521373903 829537150 856405447
30586978 983042991 542359591 928975573
271371526 980246656 187640657 418168695
319662750 899117622 930846782 614675626
911902790 486550174 583757656 755590044
350265755 877118940 862542740 832588219
723513881 733823753 460216472 28490616
768822203 297204309 693368478 512308644
486891775 503439054 360277268 626722015
47475452 37522843 975993528 805916381
792482213 997679176 283888873 405222014
781738108 551861905 254103905 261187232
982884010 328191369 713131860 343634752
70413149 605859078 320124899 286824432
326403899 991744603 26993866 677350798
658151310 678453368 745948599 278648325
710927171 253422508 584370189 156786726
464636606 983036495 906141553 816501855
900651366 369344343 605956554 353720950
972612506 752888378 58976858 173986068
696369609 313942739 789411303 975340491
715732471 777708397 216652819 989302093
635872896 389686642 207961894 982301742
695670916 882435207 437141614 935382424
645336711 972267554 303750245 185184348
754017372 622231143 430072729 466644516
797857348 879428421 343070004 232632078
210662069 315098901 744340275 844829903
217856109 110742091 149215390 935267169
826037168 701575058 95020734 544244383
967196836 363546893 985289187 534792452
80861987 310972052 451869716 187516671
105174502 525956888 738792854 779541998
526817015 220405986 445264489 989336658
130604989 474562402 655826956 663348819
762002032 858801348 542354556 41312874
853503999 102111404 694005540 697083188
750578261 43552349 200729258 787631775
121381465 418342732 312240516 107230546
623018673 765225889 888039897 836707325
603807206 937756508 840439847 862938047
857290496 54393971 71058888 625261723
600625435 846861956 33585720 818071385
153376042 571789400 293464697 663713278
493343476 714098207 242993739 403634461
400693992 569451463 359371856 722510753
321072400 62777096 524661575 236021737
397765652 858037193 750724348 478127920
523844437 801199565 593294449 168050512
191581024 23675474 123454366 851643377
619590476 861142857 772411064 253386444
302657325 318068119 526273457 785174496
23253023 847816519 489568341 223964486
551879475 980983564 887496898 390230592
645935588 457284330 797048034 157453264
271216828 656879863 479066793 280575688
802333705 285093252 853767987 772084872
634355614 999828035 183123893 216478373
645668761 172822584 109962981 704734092
367186025 473769867 805873220 959601883
659258335 821540919 304533166 877893334
920710243 952830681 281472524 778637105
842270638 526917220 26027474 344512501
924624182 998681294 666204625 417475535
155020178 546516959 529360185 151816109
668855077 871917431 646485562 979896354
52365722 784896508 164609342 313468411
813395532 288295030 50438959 481708728
279072759 987330508 532269755 786749384
995541019 496675399 857358509 276895901
360561850 913280760 788056270 955566580
173587195 777229984 214739627 549212161
601785942 499420294 62047963 304899978
394778936 281227463 944407018 68866981
756048995 975793970 648275119 469060380
162135743 677740266 935621051 956322870
651529906 140210732 590785857 433883403
327541520 164659723 701327410 968455272
699785629 182728146 934096172 65922450
887567041 11209151 436135053 299762751
206263834 562961332 650903415 576134072
843980755 393787437 181506466 134848844
947589112 1251605 674737478 409999977
707097055 744845401 604549966 433881915
921866445 15090976 366586907 161417183
782259987 329007906 805388248 626246385
806885898 131852883 578462204 36465816
310359513 221668781 307649082 954498482
935145571 213548803 603045636 652755267
193563764 575173931 969978636 33743107
311038310 113683563 741204666 618885298
553916223 443162929 95845387 375922111
258670040 372705987 226697699 26074530
661079281 318309715 578577504 722788674
687945375 800850479 417741140 225244075
528027619 943163109 289410775 906079244
25841983 148786293 791871139 729266158
334927433 387771078 667665613 556197543
597709325 991255348 724758876 428085876
594398788 30546711 476937375 503049579
421307566 134874640 704861796 623439852
614714530 401670022 586601159 382092613
499340018 836181010 119077453 847234383
686247087 934204154 53105196 135139297
687821553 267467218 831049586 856967205
330425811 340328892 276375777 153429524
455834727 591831874 13318789 42307272
516625669 307136132 730866234 750954325
441139821 666243633 966889517 7416717
948966042 829341873 772001207 981986595
915591960 698370334 378891998 469199074
156948974 133510879 596916746 404642347
558994772 739325510 38424475 362613615
77080969 543343233 419186732 469876728
842227292 266982958 397936328 449053657
596762759 748205679 977237851 943660689
939133655 923923465 876263279 139952007
106123477 95123293 750529555 367683167
147907982 51005221 901814887 971753547
448459677 907855831 866243185 602559968
954738668 833547656 669170953 832825157
690479219 743627593 92490016 764096500
396867721 976543634 962975231 30753832
136114829 528551870 529132270 290624758
21777944 589867335 159976477 258039400
389556750 621412109 276780902 368792123
453170796 230218630 163406588 532349244
271197927 628193552 521275156 515181722
257946952 960550684 105372205 16812966
113858224 650297295 271788740 972840903
507071161 57986362 723083156 743575022
173759464 68206576 851097258 862279707
956490761 119801369 249951745 771546209
958914724 847036828 856853761 233380212
913672368 735222377 823418499 275750524
551323380 627755744 986693821 908421548
476149480 837498687 331414049 635819036
822307864 648639285 345444172 5881154
423649447 775743800 650580412 28444573
704338547 742732723 317068208 98017977
735893097 399407503 387981196 158779842
462117815 485648630 232878571 774171923
148457171 4589494 580236041 664175009
621305794 822003300 950128380 880760057
236372810 783127468 735408748 794933433
452301289 544087914 937499934 575940581
644621877 307047892 225698988 41476885
489825469 957016750 578659999 593947957
551546351 297546674 754521079 697959599
484644117 39920717 597588962 977812875
370474684 754308604 592697912 97856172
475307656 313170525 144592901 276253200
484548688 374348087 73833474 117721011
552831659 807554621 949016980 13453625
115007993 803988642 242930570 821537930
723710576 974272449 866195691 540068101
615788229 263632303 494930547 422731436
87665413 824037747 619354101 416938941
779894799 398730879 618975643 9064966
640248110 18475906 918632270 942106993
785025416 509846679 489296442 167132477
317906724 917441618 218265634 483411366
796083098 742844557 845552114 339411909
343637913 669541046 187262900 892266304
523144690 567818549 226499109 959506490
192638848 917338560 298181275 676021741
591013434 746271577 459466927 651737891
715635403 785965142 370905690 874584665
80533560 501305753 524413620 601476383
163102360 322146256 689547623 628769602
154316289 503183451 606570785 808553143
553445638 299591033 905311089 62094932
432597888 376246752 63499030 828558077
66491553 446488168 527401866 672393338
714494302 34122896 212114142 166745607
691596707 568130924 667912417 702862538
718124526 160650190 313421112 551881369
281088423 396164302 766292415 284734627
859446704 34559406 761319510 153196489
471544919 862660971 790977281 66000518
219183814 46356098 491071808 614190917
174730550 853419791 174762901 109130877
81173301 606003008 959202614 568895475
980755158 219138809 319862030 541791238
14848784 391150852 632416424 527352567
78890690 939199757 91769091 450885378
253214034 364700279 364214708 818703923
583007335 641589010 151357085 214731379
238292549 830365554 961906239 483223612
288994413 479046201 94389422 329416291
563292760 436147973 371822000 416779663
778949823 139261111 744522019 682924151
982613971 346787515 491404213 110087780
397578223 69141481 501489649 378826743
753038963 631024896 429884529 984555045
950739356 557498862 853716102 956307033
897981481 361399287 328096933 848015560
696755970 728254035 716959445 259193039
642107271 948169245 519867963 453244113
574709322 439623375 635356752 986719666
477149327 474613842 3510603 775206308
7732999 88552369 36930035 57824295
600629729 765665915 24619242 912408869
16397706 446974222 551354305 535619356
739815494 684606513 981703634 113115990
580139260 824892176 417117951 643784397
556317103 801991080 234172354 55643730
230539073 16175718 375528819 403225347
969787090 753568148 149306627 606689246
116635291 222514963 190005485 44668472
576553735 788638615 520889440 531242117
887571302 333334630 574242025 577770211
547268935 101980129 486142175 28757228
169704931 215582083 505072119 464470886
290244558 573554762 100567725 767763190
463806144 559491156 394494040 76014409
415740630 327388659 996841804 469849590
269174148 423610625 680553679 923935225
19177594 406580068 618134949 532944238
516951186 813049483 154345209 894332782
58916594 838723018 819270092 648150200
700864383 463307167 489579492 662701987
232072767 749192269 797068520 267817241
208585797 774008662 624172826 268522388
349395269 280538851 970006559 716617483
249927005 856151971 589798033 458224201
674376568 56313246 354470350 619471274
768282039 738678491 245639947 893102375
514946840 721363610 127160219 488455827
169814720 258469665 58641282 154355916
254984717 280079687 269327500 693689192
860546348 8496255 135952236 555182590
437492462 44875300 359351940 689209771
952849874 500701207 327674575 662140205
454047498 303660604 332406319 790165118
629712502 346039038 695307789 284043873
366859651 886673412 317310355 671038781
577277315 648844485 30534312 283968665
769252064 935697333 906991492 450048835
612646888 220143802 14364113 21179712
861725475 280466666 115151469 735592221
616979467 334735896 67897080 494692167
156340618 994693520 335355410 79751000
457458099 700726208 342463080 602014735
105890320 122272927 802129314 674644827
575336511 65406698 230368361 775914231
567021196 166754219 622621021 628659123
607475671 873859627 173347585 147027681
217445377 825369285 867485610 364053729
697888674 335692031 877602392 662366794
645069337 933209697 851070800 807025249
282556502 101949115 634521319 767917302
93026176 147367176 339143298 810239378
889157642 840679501 385687976 552007042
337701298 69349150 455273803 806138202
464731165 828770114 88449133 920909961
150473071 996403 400389826 511962625
262616085 161934308 809333911 562665795
161102535 897278654 294265272 903942467
889325064 900976371 562057564 335814031
915362766 977746348 356280743 810084264
171864240 514143514 855959833 873095701
167469004 299625556 876374479 779678840
490078928 701069891 767239431 921627291
286118997 594307892 334753837 770410324
835408286 809483336 174665911 173436124
694913751 672474374 236445112 193035881
349001192 558574312 108446629 667191433
947319537 596365833 260221614 387333820
923472522 91175620 278103266 208342504
306756912 24962894 671477510 838771387
692010820 564707596 827960448 393723643
738540928 839768544 894111652 99074843
479802891 873609489 354444026 643073232
11919420 99427108 408405608 40212309
485491269 485719627 992089217 270643366
739495382 630952333 124405029 509177377
243732133 138586540 425818147 968284304
692598541 798112225 268603621 248423387
580213104 589681219 458199688 778426176
272700154 923888172 62977578 565554556
133667505 900114231 477500449 21365948
821535372 527578995 12535583 238289750
160471543 270649011 500833452 756206259
66310136 844356142 24787686 549219268
295007227 428259641 976598315 692218633
599978105 702248040 497597214 10926682
351477743 486325042 796600956 563461361
474712481 572721253 404272766 307340389
849429325 116172413 901131404 26188077
627932041 345873414 16684527 67119148
653912621 290662064 314125715 382546185
54261457 433387580 15506744 256092340
996420882 730121635 576451625 607144495
390730143 824698425 30562921 36763300
682662829 660733062 951359827 21562570
36676295 775715413 710406963 10494509
915234494 48296932 404384432 807425056
839986748 201233860 343652563 191541270
586547363 710651052 485717969 960079650
686715986 587062016 837285615 857585517
839798760 85703914 36233400 150436145
156868576 750643639 15672557 294288034
887840909 742755983 56438274 439250718
931657683 574005197 586956126 279694760
39823775 365305897 646338700 522344794
116889129 478447554 607832740 822453650
176706328 855967285 93087590 482372119
776619169 355867131 880274916 127487424
60546847 803172824 624562087 336347584
522526205 645032545 740496274 47189189
201461605 811079919 98813792 271879562
481304371 221329320 928770307 218821040
110867956 475091884 577375898 899310083
292345607 936367331 453517585 690937935
19960812 835404439 589130161 107140666
234683999 314890308 874921069 764312707
959591877 992576797 95910623 985038843
651917531 827767605 524540395 163900549
696893150 659982951 860436659 129695418
297188486 352746232 81589676 434037281
936516884 516996600 556058598 517868115
898689682 712439089 908608397 12977182
204664662 358875418 837749214 258484339
93522376 419119548 573917724 175514287
844720274 939681967 766937813 94020930
424862361 381404265 452305986 29712519
856541379 69703088 958772748 154324490
750894931 533782076 887007182 325039195
218373833 591379997 293237177 156369240
200375826 216236586 358412548 383812661
866470967 802759882 147998791 836095847
598958669 432775748 492312157 404035211
278285062 426572770 881907242 110083038
722845774 544024423 834784600 379840346
329290168 450790176 840418675 95772816
327991286 84456730 511169285 792670604
97555859 937046836 893480838 300738084
636764436 857211458 777662092 329000498
161263883 967552350 77108034 406106614
338544030 180493944 198252341 274769675
917289799 506358636 969927317 994821563
62706609 842687203 156351233 525438786
731554812 449724457 580902063 839321078
236286645 358273776 289344830 425978586
337840487 547930995 696924925 567357213
43164378 964897966 125891890 834024961
240096054 796490330 246529748 320868150
505871973 602178246 484692183 799993894
276194760 940371327 881369927 606520532
894923314 550947747 479187009 103828556
573837073 335246761 222020669 381671460
199207760 175794476 302790100 82631439
690613577 221806385 722773353 593920750
907724774 836148810 859056157 891130175
110621722 437141843 40960259 441810147
25588949 837812115 421332015 611914420
617430136 270247095 625941406 642696225
741357812 434131868 704506414 889077674
451675375 629384908 826123991 390412302
905715076 309550586 585180526 435680986
817274164 467720811 802204748 51385107
250241515 666486156 735803862 728210841
25672893 438175356 794986727 766659713
536062231 558776127 657798058 916071574
318920613 947694916 977610649 347591999
375728684 866264656 213163873 729392536
767925371 216014932 769487022 308677892
888764838 510222215 868619895 396080361
40950539 102297158 221577328 799911198
584650830 628367252 430690013 613094977
123217836 902629752 998339798 371452753
421129806 419537272 283690831 163614262
244018558 203696367 135107459 287442394
280422629 914340382 445889766 994373394
75582253 912458639 834411513 427822285
645530813 726916500 421327991 790330193
731300034 41492929 630343091 7387816
818494685 793039041 21715090 292543478
293648569 369287665 34019264 532577319
138881001 675293679 666354216 133805150
301199553 874432369 530238006 649176844
311002336 173250798 913711148 496161223
401726021 550904894 534004172 497886995
395294992 971389523 173634841 729704920
564202524 525919743 801808678 491251020
755644415 27872108 257731216 183473648
429163727 417127382 207959701 329275086
851425854 552147024 297288785 423119260
870552095 196866692 666712865 408770359
845138758 772919853 582331693 64906843
45934276 282205630 898777336 882224513
531621550 19513260 656977385 402300225
201184182 944325140 984008248 954217485
795028123 473618261 978125802 948725752
7338400 518395869 182763366 282083534
123886204 383274259 717567664 660833244
393893863 34088236 646941429 632163558
955822722 964086177 623585884 108899619
69882381 748804231 704733779 845249842
539558063 841308091 620002720 611759676
63871637 220067180 693706181 611294318
464889822 885955698 149655927 519617368
528713816 399078879 398330333 137687619
429211040 476339428 708094764 568107310
275453944 35001939 796363526 48277628
887653652 642778319 571495226 119171479
859704422 853108054 608122869 537184238
141593630 495353862 956582903 738372572
916528015 523567149 188912701 856546065
83395097 391072307 609357434 979939048
332985041 61291188 41751055 702725870
517523951 371486525 752548179 73229435
286996504 966806274 39371015 192445989
782461223 191036102 849511954 706482574
706342126 674966553 661641642 666085201
890029989 901498069 741647129 947895401
948349299 471396436 346589397 890581482
993472914 1179340 14572870 636862960
829466214 797791538 511472527 68883719
700298111 338988635 412920725 571437039
362380998 722209862 508635518 326522426
940920786 242425658 934284248 726853380
395509616 945612760 84686186 844790838
253003902 751220171 522392387 976058167
290816444 404912010 513977561 890827794
805096736 674744985 769169187 422753850
786539079 47162389 422211030 125673935
355896259 109427008 744091568 871598046
514791686 920686805 662724283 698881894
355330532 735310606 363108818 903572705
953796850 937760753 7526660 729860590
701076059 437422221 712744583 190644823
448341259 169798946 84464610 903680162
751569727 366849446 192051477 711538524
163878037 538982871 539695951 383342984
705540099 926251413 744658477 819718399
848020904 453866950 753998415 212681037
139925284 949592489 901164866 605087440
483227965 184829406 50197765 689824029
838883858 955283921 929660275 158148329
519688354 765424899 498957855 512381298
117619037 697523676 152665552 872477136
37002689 527485751 192179751 277086489
791862620 244175876 278321275 679644219
942397178 437365918 372747779 548857716
550101571 890927386 554909030 966724513
187407163 949373929 642799891 943590006
770285378 11655688 270171890 951865510
710589652 474096767 614252203 395905076
334455934 772129370 822466172 43571510
713234592 640814238 97128809 542848350
436816493 687076409 256209626 88626219
650241663 61274134 713402238 33350016
