2000 680911620864
944554452 797760208 355236201 724350328
295690610 986779844 596153930 494345125
261213900 957442091 60659345 830278161
197181144 696502526 190694700 103681286
148903999 27424003 195536639 197307721
420880328 303699155 825795051 149928832
450809729 647316093 134306875 306782585
742129042 515535425 510370070 20792662
880413732 853293078 451689527 248712384
486162785 224717756 58077992 171943189
578901775 598970278 367640272 686175145
126010730 147781320 452504034 123667530
599013095 443624977 829351870 353146051
916330663 766678647 327196641 550431815
102465016 596248885 418227223 606099497
977410032 660920579 427008414 667858269
440515129 739859488 691682256 278460084
413080480 536796003 538052543 65991225
292861144 831792650 763384112 291841268
919856204 32566173 550374012 948580793
460083771 740145450 934713819 698310988
967337360 945429744 236702922 887438444
196565022 2044601 559243766 729224244
259079694 896378396 333153225 269982252
601317648 995416385 749984684 338239286
710620904 461854255 209254872 593330067
141873487 664939365 779768985 848242333
702427473 728226858 815267534 886517238
792844099 418381733 982015604 266333450
90891827 659732313 676785288 913441781
372175193 119521078 720790390 619443710
371774028 820159644 416011598 422713551
856755380 85169093 182572922 700251659
714136051 896129570 397819601 755340628
200563557 172076297 674648312 736986330
6134171 78103537 970019984 228713179
259300226 525158094 398636595 781006611
923737712 743866624 189705793 215543033
248701694 899806304 557397617 754397689
958283028 464500480 166746718 398659398
259328542 197802222 933565004 346071133
811524457 103732398 808203745 562803709
303027533 613334471 876855396 421305121
513491956 185744672 423838009 380683316
764502917 212149826 451458459 778643346
570861006 975238191 862050657 669656912
452963384 793185065 916251818 528586210
928554524 393797539 925601577 523186600
954590536 541407442 306778562 310750540
162506577 469618557 893256814 663167595
561837763 239189060 867825505 233938917
113855462 972264467 184324411 199916313
734197120 837382473 269532427 687781404
284099476 458709230 822358056 401963291
150269472 923216418 128804655 342965771
557460792 632361358 152119078 782136262
970421593 676130935 899555109 999050808
859578992 865786687 55856831 463790488
71257026 900496621 57547337 264998498
715685938 313419539 219531610 574445001
823453722 237368596 453457280 537575835
736718503 675505757 324691007 288447705
704879683 801626077 957637013 694854660
603080976 897665539 669120428 240400859
710085831 324795559 741140705 960200196
333759611 211669182 904772863 572443025
252747081 348961840 241390518 635344167
928771939 759911334 215981400 420256457
447527598 220649871 455898885 79328862
901980341 807093368 797266355 728570739
883545891 201217844 410889693 431348463
990638005 642683227 499083678 159845392
794820497 389026395 513264198 491952854
12904983 14891086 840669359 186249757
569194525 148545926 313004202 134533808
692433427 373874010 599398361 636717975
281069376 227592515 27135005 538873821
614308363 403000939 275177196 822531562
562869896 243259935 619166186 661760959
453939824 298124580 865640982 967859102
203926216 623224212 741203858 707634019
33675512 760029678 149285119 856475130
218179821 860615975 695458652 456793747
581706656 724999190 14763767 198164784
51645648 950807467 878997488 353133540
934427864 297476792 640026864 153347189
763940773 496689879 191100159 495827877
341867774 324531339 886033319 214135523
124168282 911320573 607504057 501976183
539148934 433558344 586869166 100991853
409669587 346897615 258503406 631797139
393195755 813986657 243954442 611289743
846912773 188545969 393203935 335320538
607376455 260645637 703598525 383771258
361629470 168346968 214800127 706334797
681665842 903184964 938888030 213936248
580789637 469151027 207022476 967405598
807636069 232777732 593342908 628697318
939377009 241288836 279409977 362509776
528048946 100569936 115774142 778218246
419250734 134938450 814107897 405046388
750570925 563908030 184332900 706200938
630831961 6054905 11280315 723798314
379924406 559393077 585364993 394116022
98143878 506265530 211629844 393552356
133300746 410660777 871165807 607241688
393415011 177361530 613847388 594532200
263446760 628310127 916392501 632529747
70445685 36177831 708309154 326782327
292934246 946490944 636684905 685268484
221435168 489498781 303134321 70561731
550696192 584700140 896821787 944181315
641438226 692477942 835200668 153796687
737257672 10335261 987903227 299204245
89822576 414752894 89205062 233905422
787060622 323898666 594292752 67018034
828639052 151634790 21386950 31308030
341718076 623414194 976942835 962657674
382209878 301874458 598197059 126942410
706027104 795369513 212834082 66323135
206415032 250621827 941599052 848082767
711610281 776488994 187990506 432647200
121354379 503467486 624726293 413096148
33750388 123617727 580963068 708931706
777188587 963525993 154727029 157056836
466302630 474856952 634967132 731999392
512902427 666342645 917001504 166208236
200431906 334468100 271041933 2428704
86092495 491921346 250969721 801428398
906930105 233132911 279201996 708702127
706855177 913088530 535290696 62476927
310661685 473819469 534786819 806933920
451636960 839273761 217281337 385864163
284277339 467315753 329893104 201971540
559707201 567024091 712846686 727517658
184461035 334455644 776105037 825003032
621373776 272805853 832162073 182066850
304443102 158275420 456822816 521032549
7032481 530075730 769441775 974596615
127181001 555304034 957856349 661721969
933515454 106636022 108714760 900344735
413811959 509549183 717029503 766727343
870306128 419359733 427740098 538832053
731568622 293354281 487515014 186175371
910462241 156367873 409597331 805986154
608964568 687568947 536878100 604924975
880013504 767394680 679408571 370639961
57036545 498657074 99361717 827751625
75503770 636690229 767732964 27185581
997404335 884843058 568920765 838872326
758358748 570790010 144992059 273655150
188879595 323249644 810326136 587453685
584547852 247547799 150874525 974164503
704766677 460029210 530373367 134647262
648396696 588753353 235447720 175478067
402167749 808320493 930497176 356531006
341963362 92520982 611523416 954054878
288830509 396640293 858783056 385940471
119282953 49036487 464387849 698094431
258869450 953198664 761080330 485077023
455447456 865560251 520421422 56708367
605844374 709373155 603701404 491632684
377127085 694872286 592636058 538698956
403059029 76748199 436752412 906606342
278955603 423913038 280678810 536640020
271213898 611194104 223628793 710504736
483586718 822356549 601267847 340279682
479139998 724004608 883173937 865734033
177673999 662867466 480008306 997272120
711498236 658819302 436460289 426988493
824420342 530458720 995755 825424986
798709315 786360500 709920370 372645153
31897075 46958795 312829227 167398955
616085866 709233364 961898152 525857067
797926373 718708040 671972393 548424789
307270618 239796197 818548412 380694462
457553393 394177750 462360334 444403318
855036923 173111496 297684694 235053221
451963197 874955254 181798263 912315829
259443668 72997975 347454299 163837144
689822497 569399292 597126181 316272452
733540951 699572465 364519753 427139473
74943230 14976972 717793564 334103837
558135867 841333037 328445049 369535142
155093457 560889611 783125002 367790965
157495726 107415475 738300850 529310327
885907883 228050986 745989158 336844421
571809943 849942608 388281547 120369443
911200661 780824777 182225386 158637814
975343179 439510170 422207637 382963295
327550779 799657423 40736032 411941921
857795159 905116419 824815535 161720192
495967428 863111128 658599610 69520040
551235601 785797518 825390719 272591927
691727 711409000 642660338 491768648
505131922 322323896 513686475 486667871
786638441 957216163 917477259 227544661
683746760 153635309 41912136 619891617
93772058 732128897 430686211 583860385
933560138 132486033 733366240 509951182
934645269 674100100 135735583 946952078
524130255 380636437 726255225 344724463
219227522 71636479 513495780 962710561
213347898 574113104 287136500 729416115
66905349 735748810 460694787 434030019
242304357 710230841 532582893 378414047
678228155 757156068 279161697 388495467
984531265 67845729 304274994 118115472
49865395 984690188 581693771 539298595
594354434 114660359 719279851 922571340
231690648 376443905 51619846 243591885
729683620 28732194 646285595 436004488
588160917 750226624 347513870 57865002
437983380 549320393 439489627 977138939
533889990 710506209 210032607 165643659
112320494 960523062 87581113 829733996
919896898 132409015 145084931 484306309
451969836 570965620 381724280 489279851
804787585 292947950 779840588 757698465
859969412 843284989 620696510 699917798
887192142 917971931 90160243 727042933
837081750 600966551 968818495 228660131
495247125 303071578 920440203 604719773
739693273 254230140 715101303 858600830
829279249 936201599 771642068 150167078
597820345 837229411 323981014 172424102
616896605 330427035 492717485 35004808
109474159 109075353 495175747 833847589
7086074 19571278 89170447 640735425
1548978 440479601 494652066 45159518
446245047 664609045 985142542 544726757
414161963 343355979 613293892 97822024
525638368 446395324 626812415 78257388
14372029 420945172 668129737 625826323
369791258 439285095 212996638 209843970
675007826 42613122 689833904 991068993
190169552 663054664 345462778 126742847
136668252 541350104 658833856 746868605
709840064 551421537 177878473 655105337
680696126 494784016 778524812 865833299
401930023 213854785 455447862 999148633
585619131 688440039 541667729 676494765
200312348 600487599 61954028 271780845
710693495 665013450 513234344 101081032
2374342 592679463 331780279 352249208
65156629 184699721 905577855 663138008
243434470 100514092 229432465 926099035
563287299 789710097 73808508 619116657
925394008 642094669 363865162 659380671
379525843 940584333 388418094 375770888
753997698 267522318 601917911 986970023
685031101 922589814 709796472 667859229
783366690 594688132 51492871 902943432
188702499 602992265 198034846 13068379
581392583 356332097 361855877 343677704
357856985 832359658 511853501 159487946
203732355 63473726 442718040 721727460
285791808 618729027 673416629 157970516
22776925 577247260 568251460 250529941
924758920 730904358 296545571 145617537
187258381 142394473 886863270 411905500
2267701 258450284 508391365 498818022
343369694 350386100 463674485 44955529
13820285 182648583 814740910 11416659
125697688 545833629 741655730 772045442
737951939 260602761 552614452 906336242
557521296 487385551 26426293 931578109
589148891 377088192 850307263 79316672
491610298 990555274 153376951 840812676
416115607 751265802 675542276 886320593
767423957 96008616 859920390 527499325
430753524 538334471 120497188 577617586
713844216 444632215 690593969 52451093
747017793 749135748 528559300 730413623
775161847 156276617 307515176 964137079
831227518 95887432 369538539 253823443
777445930 62211046 4519502 301071667
810513079 993049314 124479630 233608616
727336605 30399329 429563081 669622650
183934424 830923380 746355877 629092940
352224578 787314967 208249143 879488676
959931652 913509929 408677321 956612448
700227720 577399856 109966182 822714980
255704630 477866927 161473874 790117255
472845929 637536586 904552732 380338903
866739664 775809256 854460691 262360741
995368326 157707443 132088334 610827718
366846079 491156539 829673923 162858851
259496585 944565233 95562703 603336763
602618214 213159527 71181965 799597343
54151685 824882783 215823671 722258786
537554240 355428114 500252089 801861737
225011195 124060660 261956316 339489151
133170050 14572029 344531115 568653432
816313913 690932310 417423104 202252848
351278977 533653275 368963290 657999989
529823754 431675510 117502572 868323429
321877268 544343489 45205451 594009012
921175660 229963811 150377383 261005136
970443313 999484785 357076456 890236431
762273855 631893395 119657790 975579798
422102699 382844612 691646439 584780217
199086768 654474922 498892909 145224068
933518576 476923376 861063416 910043783
9823600 958014995 929404295 838827851
639624870 117620691 220684677 351081901
275544141 109165018 905094530 771638665
750972132 664148411 61568634 104243431
289399869 653372422 21991562 227606034
444205908 841784223 795366401 322050971
612812478 30676494 291894259 908839947
368977214 966195915 326102325 944242943
312996459 598890351 149638122 268098488
900922984 224386060 436632213 413749080
946385277 997250294 572758878 392766798
404723468 187130768 879241954 88029238
867793925 478848049 283529984 442684043
423737443 256207727 336687063 157868545
275504559 707777693 189455780 738544896
400110084 279756684 326760573 413286621
426953306 652841261 211706386 985017597
849281095 877246303 427986510 430379197
871439053 85865080 272108980 67746082
503378476 299471781 762269920 540378219
205054839 621424593 141528218 293745645
894500743 106814501 587714333 530471553
985494993 516007443 951627952 578357163
256247537 976617612 775029041 118602829
871805636 455348258 30829982 340651455
960412862 34756573 772602231 796506943
152347848 569463265 701925954 92629252
218229784 6026941 177421419 840155033
363028630 444367701 148172152 983520281
889642778 492095155 335334459 112105206
873248541 21575399 449467330 138837664
412787647 252004489 747071849 719622035
442011920 834382798 305425347 736028493
720569820 937246893 912927360 803921189
114272446 141158453 267805880 909469110
362487421 511955511 509543847 388592491
157358479 332156320 73417613 356171280
657015921 853419965 237625226 256042239
742867643 839456211 883278981 182617420
172461957 215143550 571796162 184787961
189547965 956182111 533784256 358197094
890051932 167661127 885788548 530373139
985337718 775879884 483742217 563618301
175239890 447881944 526815017 869123858
938683945 400812962 423653257 969199516
282530409 820077801 983173046 695627601
639091703 326023678 339050397 526355939
321214941 651774254 500823760 933261339
890553661 785684243 947405208 456822560
205050445 555109383 985798318 177996825
520135205 401679579 516994934 639140322
244274524 52088355 993258762 144577977
513229930 501262594 825096777 833794666
925496370 141149478 708032178 455572553
387542751 872167498 760573417 422150068
208295479 285732299 418558970 771112257
752434204 735980258 311985877 934628623
135766166 141155742 670206813 176617247
832171742 610987452 730734928 314080151
423538348 333801594 398431371 837575710
912479180 915506144 553675128 777117373
800977603 535064216 245971040 534092515
763108732 639198558 728309894 371553712
164639546 145371219 538706145 759845759
316475340 869227472 957776791 209940175
307053179 596900582 172037030 352837111
961816850 151594686 634136555 558576535
754600432 678951309 98059615 422616091
406035773 189848970 345131653 349913064
656699028 501839686 157407874 875077236
899723234 121608139 435518898 744890374
738685389 594679119 295464403 651489079
254367250 190747418 534398029 811520664
956622013 554737033 418097754 802130108
586487716 903729075 130344786 239145317
308715580 70587392 412164045 600903238
757324806 973536415 80526686 207981113
442057166 635011816 537408800 477003203
227042571 994805594 119156160 784149237
631084191 42143411 543586923 134480504
172242212 152548636 551308522 279277996
98878380 98867062 885283094 468766989
50875275 913718950 926568865 863242038
656571845 748522633 867097956 680305547
437333362 463343235 733144674 844042044
699380232 800792700 434601611 21916653
219472485 80430799 654216736 158621210
210079691 406928595 89173533 30612811
200851454 337409255 155889880 613281182
954642936 548982881 305261900 795463567
117319694 468211814 296469943 823519296
530578102 754782830 282382072 246959308
978244288 2558810 568671448 373094031
990068326 820663591 192076537 128835035
572732389 964257799 920784110 181011144
175787326 728443653 123147308 405945718
498017416 595716452 732187429 926574326
859748940 981453963 335753775 784092744
60408638 701526295 198710020 647761541
509087263 86851314 939746125 430616688
882453096 183726094 624133212 221808287
746126758 39002852 653636291 62636958
528478383 475439775 261861795 41564664
59305984 386744000 124986728 965440735
594984201 455124811 837979137 827990035
156795716 802643967 83081652 31025160
653286262 982481677 323388866 965515268
416536654 948214678 304235988 327132242
716772645 258363124 23448378 736534158
531366715 286620112 766962995 944714719
925994909 883648067 587081395 985502995
355796756 169518654 8267622 555624862
991710805 908261303 159661704 89676053
637769362 241081694 84704884 403777709
980121781 55124179 367718378 768276507
773591236 645954234 939685257 204837841
18020619 146657045 329449226 723225405
620841459 767363492 797973518 288893295
239463378 887524650 661448125 623710793
4585291 296080095 167120947 357047878
323310021 613211027 468394844 245917661
987039778 692334587 95922227 669686919
563283372 53402364 141104282 142458654
203089710 512711350 487512913 166251867
448742148 208156764 841163294 552132155
562824034 710735240 118987060 136387817
668762387 281968264 670534380 911409656
664940867 357464858 116705207 43553655
354605544 363638440 876729124 941883851
241523220 369667190 177236707 850854478
501723961 259524798 665849209 516409443
468792472 265287169 271774836 997788058
328372538 151464083 375643375 27681114
820147421 908193151 323623808 844617570
349461067 697503500 13639540 85748514
793422394 707222192 884972960 706544362
830056858 214912087 115770540 479529470
135549478 863018171 336321150 401112068
911055432 476785717 994733343 25944845
374256212 975008362 375067277 983053871
101106844 632517620 303650776 370608122
945655204 946863141 90102597 566107648
493706730 953144282 584855558 284181609
562505818 253782511 555539519 297097906
224872802 862522517 270548976 91320171
690378952 497720819 645212057 806346451
436834691 227432946 116046256 314235748
653138201 818737774 81211659 927695496
15476091 629087015 694553403 966660637
499374833 241619978 407448826 336876134
718194719 626872316 777322011 535000236
67635674 185925918 794292628 514188865
37235238 587663306 285658422 699036558
855842600 955975561 317157568 340058582
595993130 435038541 380160700 28862068
997801417 133210608 228358348 356813387
848468747 756736978 603821475 570500744
483241653 795366595 914295627 639792498
918585135 260072737 798442482 584461598
272978737 955728986 744449160 802283992
47376836 599086539 849893567 648548434
842655557 638988436 28040460 629348060
71118892 563590887 92608166 942798227
381031131 295790422 21862862 891517126
527718586 284120713 916700161 882422366
526412649 353550579 527493058 531516886
539782516 164289725 428685834 299919033
557482417 348315141 99440400 751362543
28007163 566916402 785476777 507038789
642278151 44633634 446018177 823849512
566949612 815109879 885423405 412205209
726374809 430126531 921495071 897633169
924402490 348105878 375717881 412557028
705612087 477112611 472718264 935556273
200021115 797953503 264995730 175628666
401700751 345478268 581614179 677883891
352396701 747953112 727816404 26785907
943062426 40499735 769893601 755754748
726476731 718522731 721127862 528631234
160894512 773736974 554392111 645274513
59329157 789718619 322753813 544230460
193729338 354322022 771590963 619450151
656877751 502365190 626474620 694009874
336846318 931012051 999495941 640385250
982420664 615370419 838576346 872395635
718093916 164741720 39823751 517026112
231475778 385527651 994249450 899392382
167948207 697839120 694378105 904721005
561680529 488092447 113725675 989801247
324635689 417084035 748773775 946150755
255569272 256840322 483087892 815458428
421576986 130025296 118816800 215846324
803006684 608918100 923826121 75708098
148754603 570695230 499035232 719925910
268563106 73736782 762056349 321614141
828787071 733880580 554999156 637182123
889930412 3376311 755399863 771444104
443296411 595092459 805072404 862447279
439553446 312467597 794087936 579563804
351901521 65733042 810122988 713930726
896191217 636475577 140065958 640442707
33646049 335462217 947365321 450319039
407408817 373044474 401738254 500623346
125136400 659367762 840843233 402179742
394214531 610303835 493796784 315347700
82178179 22699539 415077800 866825237
997799409 161006566 124431024 799344784
168323683 90534709 195990377 386838669
68555653 819435049 707150167 700557345
579823262 421566412 204752099 326374331
972062673 809118935 493536385 188308042
796888170 671437162 18916202 834989323
503855678 827461529 8462498 625918244
623803043 171569717 16274984 274684547
979020576 221946221 328455112 863255937
449599313 313427996 255471957 23757439
474423088 4144968 668112486 244453454
945314456 363421179 896342079 808368105
394417795 597775008 521356662 379230115
276096422 338974435 50804729 318949668
306671188 796057631 552998261 199907396
666584851 750590431 435473472 73229456
651292535 246735871 260930344 715266117
672710875 680829288 551641448 592083550
110377150 684432945 239616683 254714952
540356032 73675077 962288557 842019146
124897929 738277685 472985318 459495386
466036841 528452838 444896296 206172794
550806397 134113235 311182517 660529640
468756116 177528128 14842192 852972309
888956694 248524690 906423998 842918768
501760043 860545787 197933357 395017970
249269322 338707734 775306525 42014639
807828039 99405610 26303744 906840351
658839350 895310445 203872634 505530125
523733252 555343356 98598972 284848818
975866127 537748915 702631715 979032822
205487787 29124879 932294720 989153691
125588251 494212315 626861036 23228394
946502262 447033182 393061581 658505571
420417217 579292241 992729009 551485380
873701311 800030702 332017709 657548569
993790842 150657931 730087343 147922584
117655080 90392427 237922283 798399223
579060178 706332643 232050917 333022304
959394484 361467823 233405699 416221764
328154520 135396999 715656306 716771822
720202868 519766248 480727969 881454530
440485993 38746151 665648898 948964054
704222164 578229568 625059826 618116843
522884442 620701788 434815616 699512126
616688509 989215993 739747811 556292039
451239557 760375710 489807809 23392883
312891949 808230314 510616206 834377363
691211073 45845092 665401731 673080167
234872803 495532871 459004607 246516020
8215435 9171981 594687676 766314625
475386087 579645100 915726511 88414220
437336784 593323904 925905187 789002472
463081640 718742393 535939855 583237320
84279690 356487731 931675601 611670256
213530309 922310680 121844338 296613177
972778127 963492299 676300982 149476536
999001081 51103421 548419594 346591367
986816191 77033615 684283886 687770057
355510366 773650646 161111077 818363961
448730736 749348398 81277391 499065189
994798242 194751148 407915566 854881065
17803105 431993599 526038310 719733535
636373265 491008855 263662582 504420881
641881652 845406673 457145677 918525308
203697614 699016165 511248636 641364852
766869906 551495514 558859656 993008391
372783693 163548662 235185500 669980510
980148628 143147360 900156451 804108751
634088744 795641831 246269302 349621109
662831458 343184887 420049875 504425326
301399445 6375697 986443703 83934311
149009420 925114946 630009745 180316635
484686666 528794697 980894290 372869914
79503498 281405938 884374125 962284741
827626346 954786176 595729180 972498702
639646523 41830774 566130811 609449002
241612165 496421974 116167103 552154315
949603990 632991331 749795183 178750986
612961358 741933983 424663810 500036228
784511409 734653849 305922518 269667300
247306084 440841135 481866850 565682906
521733139 728927030 968091685 681841356
187482283 529887813 944398890 920901550
77395593 433351950 291686815 691751382
552471507 449593373 272125042 607910547
341830726 977176489 483673507 765959994
475872261 465532148 560782126 616324801
278532424 464475774 518326457 992466627
950477881 478986695 549310057 397073785
151962260 427598949 318379223 331000200
877639697 398772573 353617274 783214782
247650476 407456634 749730207 996230409
981276096 473754977 504327870 112413391
905140598 708861804 760619427 345931621
946387153 247776541 413364497 907052806
34981487 666249311 198169924 437075635
528098029 560229651 413114242 490860164
328681034 403339618 913269027 739385385
117761238 508016078 86430570 101076965
624290307 476618502 443941879 897130193
534253650 592238972 964433267 690455330
652611673 987202708 690686013 861818414
393732167 72037764 238623708 188126203
58417590 448193321 948671966 263952825
742244184 48778501 298831109 162334178
249618251 301828509 712987695 639946367
524388929 888870307 299457000 122052579
996199197 432503689 170932018 666824488
466381716 431735461 680971842 990671513
944316510 766525626 226368198 263057604
17629651 474711120 722953849 415956225
688293666 812740836 617764002 41332729
47768673 196045239 967338030 654973781
821243808 7009828 286366795 919308098
15909141 958923760 574506629 673491723
641167510 850507829 325412922 758122170
302424961 859712308 861856158 636711159
516785796 268360135 576787574 445691392
617118343 319839507 746193275 934723141
649767972 496365772 477547810 799364176
443636802 827774485 471968338 578210560
966970100 985223988 328069722 763010827
316684439 522014387 883023176 898044929
503518981 251060515 651085124 785507089
529788467 19602373 658884832 636240516
804486414 83126433 164858841 90347867
30884919 579318015 51720046 11437029
920002634 521382400 695183955 86753573
326288071 438008997 506048294 688922978
725749159 428689987 48030976 676481189
484135408 839937193 761388412 564131633
312750337 417666677 300896995 660635849
436612245 436536731 315286867 965551614
557525904 136830617 104533808 879680503
131542378 680230834 646862944 992949799
501029888 702517454 379425032 22463772
461675346 741608538 207604847 442656638
417082314 35108411 346837615 414453547
215626245 810233025 560841673 674805006
526787502 755099252 500457178 650646952
261826593 198021795 592571608 872212980
818450256 770137802 647855963 363948768
91922302 194854687 862594471 791062655
733657811 313643227 249810947 972365582
803701954 260694070 939256898 333620112
953757065 34648770 826635028 728936019
927845184 763826790 488386827 55227528
842534622 403155258 139632718 681727789
700333946 936987007 526578379 836428920
862084204 824948924 780818000 521400272
3408112 678062440 924977516 7773739
71331032 53629473 801008964 542404434
624784331 37827592 877205266 511253159
716187578 154733612 920076639 110079270
764178134 117605601 162094375 750723105
678786313 271228756 2989106 944808676
620510186 157223636 417082018 591813520
375163166 863650395 992719688 842862391
232661023 397837136 997028189 80381870
100551240 879563538 523084485 216938891
578991303 972806084 464160147 994367498
491382907 748022751 902278757 803245244
856825167 149865466 226023301 464381887
364211759 185464764 445563766 700255975
110497059 430891801 172173727 714873725
388577868 719183618 240566793 651986081
86725208 53312712 940341295 759519655
27698924 582381859 383709631 501239509
582750816 877146755 818739263 532710631
740984686 357941882 395321203 172511733
616781220 616633607 709154006 244813552
745515219 990077251 462861537 739343729
861491674 643214119 304582405 922589764
79440537 671289319 412343365 584469846
738173723 923042289 516435936 737696541
737523470 448326792 830341163 14783541
325626702 189102370 543114658 155191136
384711310 370584074 883346409 295413815
734145748 420431752 326621645 256449702
592087175 429973286 143664637 298248999
37165770 993322696 310385896 433205154
604033900 153546476 127757796 377611269
631669290 794955421 909797198 847194721
547806978 29310890 311818995 103183588
489216314 312084564 120993257 632964033
572522259 908090730 757370532 115146600
477666086 339829427 866154170 423162850
884498197 759173869 305334782 75571886
375361341 161284234 355891330 126821911
533867289 389343993 760030017 646734327
798013092 383167665 583839594 211736937
3297495 611516269 803420358 3253444
601808886 928468495 373915035 276854290
411522408 269201532 545502767 873371928
980396156 951804067 472083730 649569861
783540358 812189985 321650726 30809326
418595048 3186146 903477455 336039484
57090868 918732781 936603550 754782994
159476142 595925683 718828802 89539952
865377116 969909204 984061597 675719677
838097611 833826373 641167194 703321604
420675054 34186949 313775099 359921051
77535698 296633215 305201455 523690505
768010496 330272793 458830401 808298375
1316547 228344274 333546998 999512623
387946354 132022761 832666239 747098070
893459156 104320390 78740689 981599809
36033388 643939547 305476946 190882291
141118923 143133315 890187719 354650716
635496628 769368890 422041201 453417280
756841086 46246410 398701052 990776426
376719778 341051547 28032012 818894983
561043226 900074231 175030777 509659942
37509539 830755298 883063122 348313836
137544883 381517524 469483943 577578500
689723722 246837550 978241757 104137757
717468496 332196401 795663713 185054862
648055052 139701731 739800087 11562575
318513864 857775202 161132732 916916209
82660289 749023074 749928318 527882587
363416254 888043606 773655169 705329569
548546308 922778597 961987967 480828153
934488977 307119021 635161712 365698967
907536763 174101091 407276285 132921321
96665762 624493976 186825854 719126980
422514130 41140021 453985622 885170907
897762736 470514264 686440706 285435932
314517516 9201287 568964301 579543155
972424306 258495834 60953840 775257813
371462294 900369304 309048897 212189114
99697940 404752067 315993279 886762221
71506959 442694519 203093369 873810172
193170470 603275464 705578757 312306585
58078951 895146777 581583816 435788368
232896847 938141959 938823745 65399427
53553365 948238533 343620831 649324040
938687770 897303617 249572545 292874797
236852389 785327223 386272085 814991754
66841362 535858698 219010867 90556985
79860062 443715094 490357714 468888953
340903109 410152626 380997721 958769024
694869380 24298721 197750631 5643050
458264788 296505829 601952791 305372850
241785053 135222891 523685583 281416090
198734014 590764006 143130736 432286652
496198488 322290098 467232513 621868224
241069284 401380373 456232271 402063208
261433380 64778519 405102902 411848683
896257861 359271262 221625420 414240234
544529483 778619914 993127441 375592758
402448542 1997819 969024420 66430031
999032837 171655860 803916959 710659013
318580672 261256030 360582767 671579595
208992984 660510551 447503523 323812129
619766574 386523005 848232121 942921294
41583396 916657877 989336166 902104930
934621917 21178556 315083943 300181296
216067407 694733101 129824081 996863509
687416702 863424408 206370938 721768815
635706898 531412460 238258462 487025374
115752813 290485027 842120560 414224831
995394204 790385460 331768295 982774841
524944594 868745678 574875074 514273004
823578525 427567569 303088263 404032512
69538763 355508223 534452988 475482069
506802453 315392993 872234686 916661730
926670077 590085907 774830271 943494103
82739617 664972885 634972676 809582197
272840991 164554611 763368439 723417247
160307231 859197096 23006516 518494109
795969370 11816825 44506653 811558847
597318927 544488354 359920129 291887533
574545517 71475384 42719214 536671390
683808674 591211870 471227340 761463682
337457451 709891237 122963522 686741856
648706738 580512626 39457319 21068109
614080467 529132085 788021544 790094790
764760625 464464919 988162163 116307718
610523865 839254423 292280943 961264488
440834357 45991865 716632481 678507116
240463099 139877247 672695509 272470078
130465235 298619041 528378448 142732808
145010460 14450372 171947455 555298979
337351132 522172037 9703264 117119237
603939471 978311045 351145149 67184662
248007093 151850558 186194436 195267368
977026845 123495784 719113109 649551346
268223732 117797618 895079677 591741638
275819264 837976643 957437056 268972636
569197588 88956070 855612973 523451761
57307295 429619674 748080640 776643156
310425902 365803545 454845771 680174663
304212842 718294434 546251810 341186779
187280973 910738376 234134322 951982567
623235140 299841912 293180917 936872252
553616158 512622832 753675775 247030983
456560400 173563676 871059470 121455353
816704834 46819209 959396645 921510526
699128530 53601696 464118272 129359590
111797191 27969927 695979476 180778279
861811052 251797486 735364311 39867187
693463539 389294447 686435249 468925877
887124438 143802661 72817165 484806661
516702072 282342076 531123346 370378884
539546462 817884530 761801778 129545698
534233522 204761390 709277423 382556037
109878627 444426655 40256747 666742914
178620122 132394759 653612702 307168433
370378113 974061155 961898237 211644188
197053048 48950351 189133409 790730028
136570167 868731595 490761642 18561611
311621448 906535025 160835643 558423941
332752200 775365777 322550409 933395874
429228850 536762942 487868974 95035101
326716429 210642941 357360263 341403316
989340557 120061532 383006355 186820641
519724502 715728007 669698157 37765088
28797539 951369906 429213201 195258068
351734373 229206829 623147385 77186812
654138211 22837088 687649861 134680242
951527363 147256068 177063013 71191981
194946881 461588911 839079140 580123874
186671036 520826834 686625620 430806800
883586556 752885357 692497121 511185914
157138266 811618393 105269926 223424849
909873270 682619296 540303027 167365688
463504965 417639538 713856478 949208823
955143146 609796393 778505718 319062029
371532775 47827469 448856174 107850332
96010194 860783197 23614172 924034903
910595173 203242745 9378441 235992628
808216100 283169348 437048031 842914639
29760277 181009885 755147057 280724536
554397081 431106219 670858675 609711532
628423605 951472642 385889248 546199387
500956953 701820331 519071957 686342324
600259783 374100401 378320271 563939373
780520658 146130736 817634466 475674207
523359653 381634723 948841944 719638758
612269430 380500014 132524291 764121449
347155348 976078110 418599668 766290545
268100372 274739830 799817485 71646513
711710943 51607204 530828868 947522566
585702921 70636130 537738141 120860323
199690850 615846136 436761203 228806804
315218682 672340965 543404505 817247427
582867193 528328566 506738923 559087828
26896040 159485512 553318670 659137165
503094901 442080839 29233687 414875505
164751433 416703388 887560942 488588792
66070187 481018114 722826907 148963275
590384438 777173553 532652058 206830970
129945080 209859331 536867821 767273711
906557946 132936647 998283768 571822591
298650791 829063529 358541300 315028255
37318773 134990834 675724313 134101623
850202003 186321467 18836525 347436577
79735316 865184452 140251522 627260159
539270527 204471051 244942859 886456038
730696047 78761884 984048277 124634945
271070181 971550123 868018787 814512994
312893208 685101438 263275262 437760860
722149564 722819586 214499362 447359048
225310850 150474347 136901277 44214765
843621342 792089090 748640211 318419263
276377676 359813015 278183316 391213912
870465184 786820119 189369701 683158917
133373992 16941689 97346521 86638724
72617801 292263029 946064351 228394915
722654955 888547198 859130857 885083939
866665679 817120098 236778929 421453802
406440583 170552590 75215564 51146032
526247849 346784593 149099263 301882010
840708903 981738000 91471130 786517937
414994727 394986169 393921510 474662167
133576118 56692594 369843605 317618844
706135161 812519813 744620721 719551511
471409205 987762057 135409795 484966588
237150724 648485283 346105706 637573604
752066804 367528158 90810146 547711310
722473266 241973567 161432186 625251739
584142883 287716517 533338895 181067548
639508834 765806559 608956258 807342493
197084307 520064717 655522708 444870382
923775034 429180916 988847368 130772488
30102119 685024990 684812537 852274634
359888826 675589370 970976406 210711965
144896062 853194421 276406235 258243614
551622324 495933504 998532999 193252212
815441348 41588066 535510066 509715802
672464485 854813280 213146212 340340890
169699486 179164299 321152268 739590661
592274050 417948454 316454309 648373486
689286319 528547912 538465617 602133580
238091878 600423067 88468919 775139390
551138304 872212881 788416748 849860135
968782331 733319831 368625482 840209408
298131285 701429806 836415602 650596127
90082697 977905753 626444233 574901603
377289153 967329109 161232408 229315444
440488357 208102049 192420088 108748409
145900477 282546272 747170772 995372759
1900930 656882835 800658922 351494135
546607074 754788555 596282580 332615713
465870481 213170841 675638434 499378392
496304973 860962066 837265580 81474404
191468571 436174882 53253566 704419703
466213347 267415254 811793921 274944986
453086851 154948362 285501785 971356227
766266393 653373226 128974143 24084031
817482182 245805036 498941136 842059929
74203327 113155961 397902189 722069554
168586470 996314074 246015269 188758744
539377569 68972779 696414764 871551668
866533303 639681199 610006488 824578485
598745665 404521308 17671384 192700943
192654576 228165243 955501949 162984226
685825721 147498254 709780063 322787249
855727152 776986757 884487653 289268838
171686062 15277529 511833161 581883018
869163211 339816471 268496895 300882453
772721701 942042729 434994633 945045446
529959044 602287283 804897217 289018235
415156581 285063049 86753575 960501712
60516423 546471976 204339395 109661142
632944064 338011718 616391176 531262428
475598450 468969940 653364104 419141316
859066877 734609925 333846593 996914286
705550468 47960014 655368685 251317082
225698067 433495940 895435561 230475012
274851019 613390381 87997067 177105132
246859391 303861828 788355483 978630423
397006415 235574172 319761389 503525158
809458449 698845018 516338432 757878396
45313265 856670889 28052706 296223549
7700546 583994517 205418042 107832885
883824376 192923250 395808624 399041985
804898977 370598191 862692301 635444564
456950477 429245469 687426919 719948783
478003318 614493796 373934462 747971010
791258966 532426635 292371063 14046353
806896791 550990041 678164957 868235995
932516536 825791280 21104344 908004171
400384904 558548582 522223384 72469478
566730643 831778995 243100035 478286525
453843461 947245226 620669260 56297431
547594047 428190470 76690713 33334081
591017070 36589392 725715909 41112583
72464663 287360569 790412618 772899282
925264988 97466359 656393284 987501380
574459476 236003324 558395555 43448515
866053622 494277683 583482705 568555707
890162318 734499658 168094192 113542046
291464572 377898220 510097447 445871858
270333805 525599917 617755285 820073420
154135143 320820656 348421738 947288671
764063359 383905279 102676771 700596129
801275039 946417175 474795039 702375985
894733030 887064486 482274858 900963209
635856390 947645868 20853197 226972385
497131021 83677136 263254996 202618258
507257007 923565559 233969959 231612698
270201696 340894113 257621178 117226868
486975053 334396350 175790024 754437671
543900461 480024958 738204493 787991023
606210392 846722384 155206359 772552199
671011214 502204766 347534832 820555260
660267296 55660123 60734288 423759189
389593465 295946169 449618087 15083992
846776983 904100724 805914685 447740014
63089623 769406428 972946330 819322393
688969785 223437822 293013485 111393243
395096153 639454614 170448389 169693725
700298962 691685653 849341037 259328786
834132092 795062640 161196349 197122946
77257521 388347044 507350641 945614362
836894885 859045972 612797601 191540356
364099103 647016240 41797607 558174581
453332056 42099560 412766361 87787140
344744081 186005372 550233842 989194217
853224202 795423796 88517607 655707121
103086901 657680687 201715058 10505097
548199959 108934799 541231691 287385344
928894803 79639902 759192491 227859438
623435601 924503304 320291851 444567518
13932113 674269530 55307536 532849968
92389719 827307718 634924455 675934747
385721274 774209170 599590653 928841748
959757358 647352283 408004552 883122233
6357831 780388307 874076384 900353618
772055185 985547546 788215943 771554495
319265366 128641620 273530477 270507416
686195587 871808473 881895915 436203605
496009493 107519494 875844476 308684305
352000173 585122400 798247885 495757716
445027829 450833756 293456355 634816753
473706793 204176693 326604274 869562423
908461194 729071678 73697766 389828951
136249531 386326839 581489903 497398070
413930916 635356352 953296639 561512674
225670433 255309972 341371644 285162756
358020583 34039582 982643178 70904877
280380771 646969799 477126195 335896539
339557146 305230084 482412082 761540512
360070321 555832760 670264746 536520674
474829684 143696911 767285138 929949312
692729021 803969214 228832995 361317500
949716213 728819093 754735944 589322764
319723972 446631824 97864415 427078427
591117844 547068115 517554186 652265072
256140358 314121705 503524972 737924431
181085168 355409539 884938524 701803072
447032382 275917931 876431311 524015232
136037469 640725401 76426284 409994690
38829798 72171932 612875613 721753216
835760147 228120702 769411394 46134715
578441550 317908034 284437253 315233441
107837001 143097362 913064163 90603693
166675951 391769829 648332783 386577874
346548343 971967192 903026780 851663218
355529553 121807840 484141173 525606262
863011393 112127506 551495454 110342781
651828295 707248912 822777734 371822575
889642027 286901896 580490204 941019245
720540661 769150821 174176184 838007739
289906031 8191426 692581878 192229831
556954736 415360018 328837420 120384780
677323878 641449579 173034214 134150121
113019175 418497337 167514970 13241464
611095903 955419920 609557325 974206144
625871672 827487740 190479937 863296822
485521853 395249478 574486381 869248773
170909983 47464119 125142845 705644194
778810533 182017463 662574899 436576441
663336139 530486104 439725545 57965540
302258282 938811180 495547849 779566230
674501900 708849489 620264341 857491981
181739873 936892211 331577107 288510781
727307809 802047616 596004630 371887725
751572615 108477670 883028998 481789873
533927289 762414865 566549572 577009370
483972721 24188504 201515441 883444206
384361737 686595121 298675146 84806513
694472358 257762062 796327932 901109867
31803181 483360921 222387423 568411431
2563963 557029431 760939816 487721494
488135407 683318912 954557002 287827266
13578791 967838173 133195262 181995894
566178577 694226972 977629230 709511473
246684203 242730060 456879337 278336610
587801377 126851238 344485572 202869807
429009640 601429281 551519553 793005756
369067257 602613711 338734971 517014014
924843790 269956936 574526966 231251403
481850862 985265906 606411982 91896759
829750916 539991470 844824243 492166790
816431815 167690815 901526634 966601747
782149698 513724489 315951205 721187199
872655339 95508647 335721448 971660989
551876809 965552335 927461520 106888165
8191655 632946471 219018573 948560249
365806856 411789218 494347073 811777400
273868129 474896201 359226604 15813043
598019809 312903596 645112795 30749168
352116566 902026213 589698475 380711621
143541911 16106963 364033163 695329591
597678337 439162795 36000997 549930683
273151676 594365612 373374180 714699514
829901508 8490187 319868473 211774257
973765746 86961782 404999477 433940748
286748321 927334204 634994146 954687468
64154689 821086379 305672532 893409811
38886194 428900680 333029987 938365539
363106783 518978672 643109617 65109765
537743049 594450548 732747843 58503248
639990650 356409553 605171877 19856029
382380439 637564322 844606495 913836455
265895850 710568704 397543813 59396162
370140944 557068488 370691133 275570664
799658519 658980175 108804213 702990183
244789239 838519532 897112588 172611216
113204611 235548667 846917725 635790660
406958420 920053445 786406683 122361053
611123509 601083686 997698438 902176113
632684547 178457222 954228084 125901454
562413205 222451193 919384041 307752274
611593662 823194456 959834916 379336319
944634836 80155465 110602169 252039813
472038665 348962219 84023182 566215102
869104720 822875311 456155285 993528418
583059416 287266771 42151580 493024329
508544262 299085349 323636648 380337110
926357626 828619477 362726508 548003974
359550105 384886876 474512158 868829026
596896270 585170836 721093568 627831386
592385120 774194284 322404471 772508289
172602076 530517323 552594538 117246222
79135395 977717975 478317451 47422727
235498672 919267709 803570420 616225970
691141428 734091368 934904966 84835743
182102693 23610600 545646991 519237596
806212533 834047516 903605913 584811696
167171069 375930352 729880779 100380726
183198464 151660566 252123999 14108052
220168609 657804092 690108076 386885674
252705437 154893437 327037658 340938108
89547272 543648683 541585244 53017643
396989829 976318281 523599681 901448424
142715372 252354692 63846586 614783286
72419742 931203848 651483699 868389702
3539244 89457476 366504054 415371752
995912120 895330590 46330712 707961297
254948211 816942382 932862835 819855929
567990818 266140298 673763927 442815698
242151227 952259926 644234082 11773100
600805444 330707614 537049472 903993599
965103041 407063836 790003795 821862884
874364427 323828827 432137534 259929058
43685973 421158144 470985328 770264106
848846347 692300203 548968443 732831790
267879394 72277757 551786365 200031814
873550585 616393341 333482643 569947805
122372231 546622014 486507623 211157176
774872838 586266433 817556246 809134485
584155211 477541635 240246485 569937264
709476019 714552657 72302525 120652649
72365307 495799946 115664960 340783975
197582637 794870349 74248473 383424346
633120559 898676156 139312523 853620033
472242257 467493647 467862736 57999315
841104790 375259037 759927761 99028279
41289531 485126092 80460691 850667894
400662023 215185247 309493279 220025227
782629215 232513613 402432058 899835453
179497590 456393947 633049545 843894558
233587536 949221861 162526695 611138557
845653797 665272728 791224388 144969265
19288660 583517370 142988544 373809844
719430678 578299784 179832847 606620596
29907424 219579307 141591485 273360631
148495042 521404755 366773728 159114850
914075024 998207430 322506866 276297469
20176513 175540355 160201037 999393147
78894806 218363987 214180036 429030038
89557021 359625158 248531213 794130524
111056799 213336110 586460313 928528567
80124911 693327216 790488208 932422165
941801747 416386636 508193 860058413
713613185 773795932 891297943 220952919
644666396 478010228 567035091 421004393
959512621 752418847 736559110 497948115
779002996 295727409 883366170 834799342
12446550 211309290 82085977 484677094
711723366 63476096 108980245 698124172
10425007 264964560 288724501 575866747
14464073 705987838 989673516 567221640
284204937 579177999 677285263 350909173
864995359 665248849 462440912 20361348
566731131 626634393 677265360 481485477
188969953 998908363 813101853 77422029
682132017 596756788 140732477 953159658
615786587 19060502 81993949 906868177
820555602 837516040 24042250 72685010
324576213 364580561 145583388 43433067
448047865 162302287 659973706 529101918
394886096 127220233 217261585 42192851
838963493 658883938 202302776 404523633
259443756 696835243 493087620 330476589
516369168 491058697 966184252 424546066
638556538 326576980 507537125 432034467
944763999 72306505 245743370 244619342
48763693 723051201 261603935 873212808
737509860 824040402 152248310 393342074
712825123 987377033 888543260 36528549
491270201 995942386 664080649 990871756
327544848 166736566 513857507 683439679
740309384 239534894 253815937 533876208
709510069 529689275 574560397 357264930
837828743 756936697 387848717 850849304
376396100 492230238 901642244 558753048
620213349 84509664 777660239 609346941
406977176 81576514 39181932 58265880
682473328 469480556 136118702 132522254
345096827 86009365 193772737 292155465
93215638 833670635 591222075 729885084
823111710 404153137 681548736 481754898
738437022 980566468 569003691 312469384
346785487 731399191 698426895 706813441
291832043 355490732 9863778 499756580
811113159 215045715 862920495 320113552
457378422 714200858 624582793 2161721
958255353 412823083 551857518 295161276
962625375 938761316 330485791 377054794
460581891 598306180 124304727 215400843
441933142 454779132 391138041 463150667
914875893 868481556 824504857 747805286
725615322 121559523 827055008 966535783
618148561 170623223 741222078 390593372
354482456 453585888 502170487 686117131
787100761 214081131 687136640 949301221
917425029 269879673 650846509 466769343
830975416 891611478 392864139 239420918
351424186 934102040 33172953 596441051
642332510 52654756 353708055 537870144
996735586 768186111 309870347 929865493
227443661 719566628 882216931 370859444
355099162 872686324 447352468 110111014
122726329 773823869 886442583 146057160
297355847 951729604 313271850 284721463
996269772 184282290 380409788 216019362
663210246 255488708 96163960 578165250
140712083 638251688 949600923 279587384
39619083 636901075 881323940 111526187
478340143 179514437 610093120 15334262
627765180 287846401 620345479 517534885
926114385 571414306 970940754 696243409
379838967 885073683 102251755 240809
870328164 626412604 748127490 451465622
799968216 89222245 360694678 805966230
208874898 229013142 787854143 96361415
341233973 451364155 333081372 999102781
806521291 833092648 837733970 944034770
304536040 171478411 849140308 907343199
565551117 780714604 876590819 928791815
110484152 806870304 767413202 691006448
841847418 814605637 609830745 871813945
921510630 527969175 711035207 753439933
270291234 621928048 753062773 816776416
32233627 842299209 531366469 805677241
504769955 169371459 726307818 366559184
23445223 310143321 46094618 664025965
141120664 635284507 842980063 109844429
521407554 394739142 704240529 906093245
717328930 26934409 269953293 170457441
17435006 282887502 835489164 219048715
858119432 310194485 200106972 750817244
382945973 774758528 925445877 505826665
240484626 397931024 534293991 357101473
744055286 806395882 838702094 271580203
548260551 742594169 913863540 347567661
881529563 223736875 443751315 881382520
685889678 964860416 984979229 551631895
62007800 48200818 847276002 725694658
431012365 517219158 327920764 280113999
492826903 791823976 967446027 922188170
496748405 559403480 654738844 870297025
73409078 990996642 372540037 5873623
466363729 506716040 301900265 14607584
882952268 455026378 207433541 210019156
905977452 497206889 390753949 340555324
47050864 463665990 319364254 846832446
706048944 46498136 744862452 919398399
916093098 255825376 531796195 991454051
242230647 929349445 784271608 599543680
856356864 701744700 923334184 140030956
798875447 787138680 10047401 608092993
849696099 923178454 27943765 197243414
169954312 617454764 170283629 768716008
618466379 264456929 740114490 453771297
709521125 436464161 654468969 229862832
615728905 929916552 775994291 243062714
237291345 398491872 441196761 812503173
536194900 278942106 425004560 336268054
295703103 13852441 75721984 139093362
457683650 864474382 896581041 57428290
994578970 894534467 99861013 411833549
151974822 436064783 900398219 441202825
50440844 893934105 126957030 168860879
786679119 478322606 609080100 245581635
501472620 61672636 882150007 396895291
457656475 832452523 103870520 590084717
932499972 368485218 803224866 867059748
845872599 217632814 634633042 469519171
977436866 619877754 962616602 961826506
786834950 36746399 367804963 119348502
734078465 991241070 710730535 533875786
705830789 187598568 185118586 55084307
538220741 865826151 237277641 64241989
426418330 948833684 167405612 701128537
81420803 655562253 170824627 400776726
842666944 526323778 519204282 591136972
292778983 374004496 905534596 46333319
122577991 265927477 870510526 128144334
36248660 843388068 795234157 434768675
531772438 320345539 272393435 825874460
866623470 677854473 862273739 238599100
245767468 212947356 343016978 859118474
635281297 244598689 326204507 907672648
831361352 370346940 599481564 19829161
830544460 520328615 524852527 985374029
420519161 649004374 99168888 23050460
196904106 742930001 503978790 895893931
542279353 357378321 706334868 60538223
407951449 544149608 393449496 779732640
747443647 371711874 277814677 489728418
631267838 250101314 481202322 726903906
745079037 312888841 140648173 165394522
606640669 950701455 412883396 67883607
692556563 885059705 594640521 480012730
496032318 939767646 721235150 108246742
222181276 888467001 166204530 338634870
390895396 587421 308212987 208409498
116218695 294560408 175667923 66421051
481966932 363966656 615138687 27353170
438373604 651900198 396803214 43194412
746998070 575622554 284274687 616864060
398262624 688127384 472578521 841599937
766792527 151548226 46122237 943200193
719464230 180999169 114344665 715436311
291407163 757498332 91574977 698398369
690889677 952388376 94705465 225004010
904379042 113829632 755132971 95761079
68184715 808619054 583498681 605834351
875686616 299344861 214173270 557595990
990757214 747472295 496564806 290033275
374100790 697642225 156495867 482201330
568570574 302882753 798741954 756841768
460375519 240294642 884909451 698345050
489267556 320631987 766028193 159003842
165992469 945237554 108191171 890862536
453420798 56600970 167398233 734809744
550707656 654354189 411310787 389111714
26913200 289015775 575402599 191833689
828730324 192923224 962126121 975328917
762060039 704261204 259930721 867216742
154527336 555518387 416698709 686390187
798344978 652525135 689719413 218276018
329155754 225687974 356913898 905677122
795825091 385577513 555543074 670300340
348019906 490029336 671702688 663602703
564249320 387255257 216673110 271917192
275333921 412735766 684008689 671491275
560323015 546438326 332054262 426038927
186908288 272177923 276737428 456339739
501397730 618246717 319988720 853325308
595237553 25775334 572692195 184713315
947977643 344616867 152273824 923099516
581718139 732521558 920304318 383951277
358584151 465542257 449196340 763680896
490840454 862150242 274664006 974021109
185294550 306066811 831720332 565566869
323586590 82413363 142907562 153914475
310328857 241593820 665484426 286378425
847881652 399554827 826899535 120700928
49125702 39285280 815397713 718596763
762597905 874867831 655717182 459658635
938518127 358190959 803174187 313020366
751189940 110875337 9783061 182043931
70628769 562000040 803994568 468645098
222728810 127708020 562577861 163546647
235133098 631469480 683603338 279670102
345638810 51272103 310385032 42390
93846280 166135655 909804344 45465519
557018051 396926328 401658527 728704171
489638114 476018611 488959594 476876081
890542425 817839600 677976878 931914702
962088326 811843108 505407254 910446209
238027615 554471501 286139799 445237145
276182181 6733955 203000564 898065485
294729924 829963415 960444946 269603300
644704282 912856787 41763058 624846718
479844541 610336348 741277802 809362219
821399166 435856330 288408080 525875197
247367236 934439561 152993735 872441321
138134726 340094428 365721294 883296444
452171540 439281584 469733532 772707264
746961642 587338066 455147774 238298357
112475064 622493571 181765834 558331288
122578351 396927663 747134086 347594280
180561868 855574697 260181097 169068413
949918502 361037299 783073720 860422581
238488405 327086107 959789327 330913619
440378156 30606736 673560875 983822462
294750394 887205902 360644176 424956748
599768734 456422280 889616522 187643690
260978559 629177957 159907323 588964398
647960462 870929745 792521253 439802734
328680228 600533990 642009836 279699810
157213258 537209927 298470359 124917993
810447820 581506252 434240622 765830174
492752563 423489244 833792043 629793739
644073219 918029979 543790806 314850358
526924273 166827072 491328238 732395525
587047927 587000485 657414213 760826622
815408389 904063102 698420123 417289868
196672742 70675080 166570586 705965554
611872720 654302666 987144261 487275108
381951384 815590685 264090743 276228106
537058399 929385263 193924742 508366513
773051215 780071113 117402919 621686658
734510650 118716105 587862663 490225314
232276768 776822388 62573616 638354814
892369671 851925493 873233872 858067935
993521852 103833655 631696268 986845483
952280784 922089398 112712794 820896697
101738220 871815719 438562170 681022316
315867678 341415813 827852119 14433634
623669897 551443059 207970992 692685151
346953812 940553773 622033493 989341343
368961001 60605764 583919463 107568970
66269348 985099260 503708167 585569969
422512884 878360111 174235285 371253662
773940318 175268957 690735046 533501409
784127158 202344174 442840874 258504356
651546332 728979754 173302985 311550473
402304358 532508465 477077704 536395979
627119957 611591820 504154615 342272298
919140872 917563664 806352273 64565075
877209865 962347000 73344453 924163280
859226427 811289149 617683903 632593119
784688222 840613482 823722261 922636763
421937271 806277589 588816236 687383525
360291775 883675013 667056351 255373661
190027117 438255740 429668778 880977157
127031474 247037563 242191068 379048483
88956639 970181364 661047621 29990661
936440257 983666538 342389924 144310650
824992352 812228838 475738330 276012190
726206871 525347600 77961268 241393529
474231207 689163731 70115506 777056972
332517993 918949726 699127330 873589152
925017534 572179193 906655391 368862007
688646329 269907246 205321731 895272620
362068235 393312257 41272717 427153294
381188902 387554699 613438581 441415125
89111740 603415683 118881663 685116033
613003087 55598871 352986640 210816312
438904531 911517032 274679910 845697775
591469190 866112921 473054135 116568200
414026491 147548329 601678919 542678225
698027365 18393635 100847623 199645890
225281628 457897703 545969862 627908058
226430426 803786717 547078356 385183907
259336096 490534912 932485087 847902627
688372659 845639133 425000305 231495371
84196663 578236206 211602942 818212346
353867096 249075800 51761186 697788058
963035851 519907629 261398715 505799652
189741772 354325570 899223858 622921729
203795996 202068470 351511348 117609021
655643925 756046349 30130124 489859095
644188568 508948877 106277981 869324145
593004348 70268829 35599090 718057282
58145501 152838619 621869146 754994505
981184473 699357804 37806283 828413595
996157265 206028388 333025328 862210970
357592208 967896053 626239017 886356491
715680018 147388381 971237607 270017605
58173947 619063727 285519384 652576337
301425526 699671780 455747141 28228485
646284215 149444259 723773644 730025724
235622307 559624545 834407652 848639409
598802349 982402400 779742352 387654305
378578757 724896747 529206197 591353342
355523388 852807893 543385267 534980351
232326587 258535491 760587501 372726735
688482232 449042174 307107489 37233296
59671154 239797748 209910953 384908536
206233645 369779982 957799022 978930709
40934767 286474214 74964203 916632870
832135356 77794627 574204773 378681221
91949864 839161378 257983865 130407280
904732893 168968436 984674655 46171859
833464531 974888197 120590462 558873767
190230078 116165464 683181304 250990366
650684304 213520722 589214118 252770883
232770287 2868691 212331225 538118733
247856817 780415663 704947541 137608856
916137703 448681911 127811721 721387140
911611775 319672286 462578252 495314098
721346130 2456044 230108404 918521965
810568986 488308440 696550373 599049846
206546827 912774860 500264593 317966674
920375461 768184 40008593 427913996
765320811 291430679 394661834 349259534
909352917 947532685 448890055 358698206
121080428 963885998 484474715 634566439
600447670 21486103 952854267 713111359
833556781 970546451 893095064 718719598
3191241 694485069 382018917 781119268
551566633 536593601 153622152 409895700
824415496 173364085 968004287 293199256
651892074 603531217 699424440 292937607
785479319 913373096 374388161 926452733
401759916 375986964 887543494 392534558
958890588 455361810 56533941 827882701
454549976 825093509 215343140 525629462
856145980 172460441 810216030 571641888
439043719 609154857 874197472 424634825
142378958 569584178 210698489 359028878
958555626 539160208 644410982 60614384
124767913 75533221 727199379 494180299
949953179 69814203 255923037 472067992
766217709 524151702 314200300 501541053
415671287 426130011 674474509 321722297
962568687 912134211 728971525 401082917
422450079 818959542 868182951 479516582
34034781 601229777 418168785 336888059
266366085 908156894 263300499 955391433
116292443 901855282 795305011 375034393
748868539 798674364 365846944 213280174
68741346 835739443 693539077 567331619
198691302 464139286 587643605 42265328
736753364 820566433 872038221 391242820
850874033 56063927 221580060 888906975
642590078 326920283 841398750 857126646
113036132 68780515 345917313 149547162
953254008 315825604 888254600 925478983
120757268 721667512 602362727 678281999
849772303 37102683 380548374 991955692
915335419 718103918 687459794 537881160
854967921 967611273 109030348 939623179
832058444 146014550 148138001 113964377
695663754 193918023 554896105 768296769
913068881 770919451 837913319 625621500
692674287 281899815 371512507 680403900
410739650 996337296 185795218 263751769
672367998 81856443 431197679 273862042
754030387 658818983 268287462 604394984
131035561 250531624 176710091 883813880
283823697 206452501 616060095 443812491
335936570 625561959 80324335 652000423
616854318 646279674 996055829 713336855
934969820 653114001 610599618 622655999
232943228 705941798 395128986 650700670
161993808 318612550 829382076 893145229
825969783 57910011 493170616 449212048
374631756 807369659 499216034 770725135
475616053 433831504 948641740 549973088
152475654 846933714 116790625 947651348
643485318 999180270 973043902 533677092
578063188 680507077 601701408 749300179
280141185 894542511 261377019 346506607
809673886 790325961 599497399 878179392
643845337 915783000 88415098 882220091
803460773 840053598 396589254 370930289
727327526 203645941 446616896 100513492
296609420 983724025 569803880 850247433
283013114 33905604 329627083 636303871
858664631 490829537 652700339 976273902
800198853 603934764 982055750 706571667
60162323 849316011 130565323 825806706
159787586 71154467 962980772 854192818
695829094 775912683 683883920 234338432
143455480 684445847 919833583 810841716
121288050 350038378 994841897 157747211
170930947 865306736 575356126 617229557
473676243 545451604 334000347 413358978
538132015 315546510 150860766 589040703
95693817 421459150 228609429 648356383
991759346 696756169 367498904 177668373
569168910 540526492 573349294 839520854
72528989 92031206 664572238 626893834
452330057 848641280 288943404 725157122
296904621 729366116 766568304 10811589
201335903 35869997 177535566 634401455
248696338 953141662 358092166 651635515
236056856 192317037 561681312 781093746
533152428 496458322 208391270 968531678
261675072 327789209 66377289 76309643
135742825 38855446 634426350 254634176
222969866 312809562 314605091 690804197
397992447 596479832 174264705 896728769
176475893 464467370 45719614 282746984
967485642 565310108 401526913 299120220
641347818 246484922 655937918 803201852
204552736 647351733 956678266 296699894
121878010 38230830 556995511 104802798
169854969 540627805 453329773 660884625
85998269 209771218 334491090 649187142
444865853 131056115 632535739 222087791
796326749 375091752 507097752 319819750
724319461 430522690 550342870 811540963
817549565 890629412 123427516 791711812
22721088 863755948 326069378 18325210
217497660 527731291 738876482 85253849
140997934 180432891 418255541 877295940
298071327 694489098 703181902 414489939
572902072 525916864 307658368 122484169
656760295 776877206 11049338 179386160
647448388 97645862 8630017 230025772
336109363 227327202 674523309 180713225
578990276 851158179 335554070 907791137
283532593 865286960 783952429 275531910
959398155 329340069 163457443 386691075
294846377 603425051 711509900 640001490
547592391 684147931 188141342 13517864
396413368 865432263 554410993 627913272
370752484 952114707 224384393 476460323
268867352 421539084 259620342 918932237
327300735 279697547 618987067 729420460
366018027 485750889 935554656 851711023
518370094 233900036 322767495 419909205
49249922 776804427 789769780 85625929
656972167 524585099 863225563 428631686
671225289 680699565 882513694 487957037
832498230 890840537 31972423 225378952
835205778 428912642 172669131 183651436
38810879 660980232 768303110 296301851
572428376 778496856 418288375 480524761
851879428 738461519 944049097 595380154
662451205 513035303 964630837 297604649
880963766 179589062 133810448 413010483
572344857 858027613 936204861 153816866
822998679 810436692 579124625 702121510
484717902 775793231 9145689 412318125
424777792 742466655 635894216 58448718
384118477 548529143 617962370 585687002
797608833 922183014 230462760 814316179
315650324 648997990 966910177 419526686
83037624 875215188 841591272 515158125
391468502 135344114 239859721 806636001
384637784 735251545 189652107 309801338
711946681 922069035 835565892 50255030
424955065 516179243 353161262 812229357
540360203 290237945 778573675 641167222
611215297 288202922 823824516 924483185
459085082 645417008 430201138 869253112
723243004 119095301 227993486 741394343
214563521 870840473 974358432 339925378
452822820 650492193 38824445 859279024
819901662 7735744 222289463 294544591
278967914 316762254 603849791 138437270
612221769 127595822 656755379 630991539
863855618 143816969 854112899 969300629
430349292 151258666 593284713 849601689
550240066 637460834 648039824 721795993
283101358 894708547 770763407 445145715
988385255 534449218 77664303 142357339
840725112 264924249 167144583 159055654
272317603 337692899 821265505 764186359
185878609 454106837 858394291 500295579
112670323 624420181 474232297 871824794
665154909 681131178 931773991 224379502
468896617 344083252 22106146 525719889
371547686 132195245 872152495 296490202
362712388 302422523 4643612 850708099
688998074 868590630 589953632 786786363
172936221 421564564 167418488 63990952
985623593 472020680 482986270 568799415
233808313 917143001 809683812 427684644
107322955 373932208 272472794 758973027
893035925 125587378 116357223 32609063
584509562 719273732 108997798 413637674
927665449 991241437 556709187 810619086
740372692 34638486 290133295 398319753
366675982 898323231 65113642 387900611
839238950 944833426 843136593 252769935
475181514 926426037 969899714 302555902
233109164 153905399 374717353 625586485
609101091 497485436 64900626 427831894
321895616 507244035 100385157 372815788
271137577 122465323 679005799 216855701
31105129 96799215 737130904 389114971
999741262 989397987 959418521 4057048
780735373 67192147 442199827 701124895
860416197 340029865 891054452 914024250
277449503 349119953 292498134 893340701
366955975 836275682 597742807 615180188
889967695 623185794 336960143 862130454
597180423 717970482 669045255 186276016
496478059 120438998 455316747 709929886
632026411 376999229 332778595 264601670
464081616 809086630 288935411 715457676
364480180 916807909 368625383 151886008
686357242 304793209 664447308 411171458
742376577 545884558 881721759 677165596
480815789 281936291 251336300 835832716
560081596 173359081 46709485 711848182
444720041 170339785 917017903 835198011
411425683 370408694 285968254 77414448
818571028 650188914 864457261 345045634
464442471 324825435 497774330 277323516
827621504 937791297 552327094 643545691
232105413 861015182 449567003 931846294
425668810 38524599 769736893 901613694
130647929 177848714 848362607 963679074
633267295 520863228 618630966 839167874
66935740 32820502 491890867 817308959
765557542 418042953 563981849 733359321
856462838 445801055 837757832 208371207
774201867 709443495 896180110 328520186
220893747 102477184 179860047 356189927
630977279 815577879 225818140 870292539
332689369 245481062 467396321 624275104
742514047 248298756 805212389 919307007
615672466 887787162 158737881 420559388
766287166 621858485 637669717 329345211
157459722 717994436 594989016 655932773
743464544 381838145 153991973 5664099
687463236 406420784 102285055 429679656
202158464 658093062 981174359 360204291
909439489 442554866 882187578 5855329
808524194 782157919 78759376 488479604
379723612 98240109 482775813 152839564
467416722 832212212 948944318 775750822
626256430 854233296 678362206 331481871
359900276 833997769 518410665 872286583
6011500 92899238 648016687 366088601
51331111 240971091 841398474 77447744
534559145 572133010 13813087 908391928
715092149 77804227 709649997 21144241
360793400 253938897 869055150 639181532
662510050 584713341 407395867 588867171
290033078 833556549 767273658 661078309
700206177 529582591 106723876 285431361
436189069 649984626 828572951 610844069
829759799 994861350 872131421 857737212
905418795 555430514 754302190 915111655
136400408 929291155 751268955 947026181
39904621 216571159 367784793 303437424
726614971 674753550 265096688 489624154
863942718 514064810 223660022 157920855
502503903 334741781 780500398 972158194
624726255 855396281 772313416 617523837
930202244 394556541 767621907 265547151
399744779 796603007 30979849 834692232
511598484 619736002 412838400 202487089
580583501 84615788 235908428 563016090
571226229 955325502 155499229 319272043
473374558 908335056 717635232 239101106
307556881 481442296 576568319 102907685
42417913 873959423 721352175 537374766
932692065 966123358 274168145 992387111
304745685 654513103 813899756 274287353
883540674 139672125 639398488 365755862
103245237 882663937 53203850 734939454
396096198 949706455 486795195 876015353
346737086 553077568 84335894 266284381
196112565 216474915 592050411 988827483
57829146 342082250 217864768 838012768
385668973 671635914 972765448 60598619
781308571 292980468 82551179 404230186
213986510 788707250 294691701 987360684
31016302 75689619 393627553 517059261
118587133 212852724 883439484 118118611
799334213 807091427 803408084 842463070
94710408 314884146 379457613 413858325
672478122 699664144 904236204 469855050
277728903 405336188 618263531 709776658
674161967 327480773 16137324 303024596
652216662 122743991 758182390 867384938
669797514 648363156 835955977 918812023
275035729 56572546 402179115 436796653
635354286 600672227 365366348 678063127
840186904 934580001 39137572 419642568
749534704 670518670 223631644 747891136
837318602 645801927 196195395 7291257
469913562 605383608 750613276 553687374
104828240 258208782 987127151 830667206
21874018 617784955 54427229 800233361
332517601 466744801 257120148 945865112
433386412 984324665 100618163 47274834
789638483 602352302 168406101 515950093
152149487 560253385 657829944 612478093
607793679 495924999 477007106 840328667
160915770 185791892 368329761 507875487
886056849 942745655 298722142 598635322
789398365 542866083 535526584 530967404
312714718 690053957 687604249 856451154
754246229 465978506 351246452 159198148
846791529 735752235 275364609 220945163
167473481 984313028 88996101 932836054
896221960 377258940 571347319 289210678
339434903 656629543 472800033 8540451
673205842 991312686 959709161 140420790
931092627 383488231 640157492 844948853
994777656 351388748 668785433 426346299
745500679 55920477 478460991 751663304
168140258 851180300 467531173 485823431
604914380 957010740 167216252 270505134
891698183 390618406 680414059 642196644
164401907 613954541 176520672 285013043
542059014 475702577 843634992 25958189
857414238 745594287 708714977 368503590
367104571 568129839 283934149 355680104
273222854 748376733 702966978 151288576
251386388 538806718 724407560 303563351
971639812 463832442 528751666 504774966
720053121 152885035 887013151 76203249
99522221 625292702 422072342 743084385
752373980 324990749 343136496 940654646
88884926 543596773 444507870 23768508
65949473 391927405 623156157 565792533
791794952 743573697 153027056 853385098
44375327 620477672 755399593 891527767
659906457 840383476 531915282 685392032
905134584 585854575 684176626 569392410
251983789 684860951 593671940 284361461
281545368 971993861 80230972 734436670
767275671 941028154 595346977 563939550
111959799 242067852 82498293 387436328
374167296 354777108 549334266 919859733
947721885 300996992 114788961 262032686
381915779 416270759 387057437 119993478
505573882 259943682 122257174 211349528
74209224 606587194 160714747 624898055
638880474 817451784 305597744 846070485
328314105 565630400 773129343 773578639
221363805 487990754 845033990 46468178
972341710 304457208 53542988 723383895
917128425 544858342 361431419 965451894
908122031 428093846 158251620 348721571
101548602 174993330 90857198 51451769
335360935 379673676 806406869 103016137
216087426 191430110 284631608 229062566
566624409 768028410 81586274 73825529
992045750 67436227 86797491 768550115
466509579 486050496 134703452 449287
529063074 29778102 427959903 559813837
193264172 15314359 282426760 763027503
158015553 61054958 502905896 230874208
907301230 558732892 684062825 710977599
207116526 389483256 238975362 452533106
76590635 705774534 115414071 536977605
284827261 422913989 700181046 96905642
171359322 753672961 587993509 28844279
515577297 188006804 604567328 906416216
858947002 397116187 342883236 553219434
85900502 453352726 473069591 25645221
906127643 306712970 168943549 391296298
559000778 609854383 196238596 778369064
652115909 955662637 212981189 755119596
991869185 600476348 681881996 8299486
30933274 586043310 496029609 221693977
647980577 252795891 757282338 569835680
924398581 506677824 834586628 539786903
274089130 64708932 39208511 596950085
733254129 664805986 419403740 923244662
326582504 161908160 548285795 2830726
825323593 55080617 233284799 410973173
384931096 691722570 617925011 847445247
350532210 160364705 554538805 971655164
612454640 42633174 174931798 185934835
250014095 993000364 968816945 165596708
75423336 207772918 233511542 498533313
504400381 936304467 678094338 314479123
672727021 302541122 482552164 116519699
792590868 266960343 566064662 804794221
524674296 938575315 408651124 95233872
960413195 891823438 938150300 150423976
856318891 986353439 706675090 650831450
448114246 972483399 48019299 210372163
77745075 194352815 465865891 29940747
232123283 265212197 712637379 77206714
870495332 177615990 508440036 910754519
380443832 432197484 453849441 831885193
768481185 976144244 684128085 11078776
691868745 941851586 423457346 115046292
275699813 465571828 723950373 709577927
505932347 870466205 823497313 337753012
572525136 931823284 472530027 333818123
375004560 835739929 195158443 8110092
201870459 263568713 41369845 727146912
198734221 574064090 720146770 791636469
725828676 608584462 21414650 509398117
285252986 63552203 496267415 436004648
545645538 205464604 106243474 601016640
266939032 923099356 605755615 48671067
580374845 967511046 735078845 876818315
322581369 840125064 540815660 702828251
445541860 155139943 451281769 876195048
60592331 844537913 578763692 289844935
4458758 372065486 983597757 123026150
546689465 1430153 77274340 497760153
723532825 514897295 120589051 684566606
398342757 777121151 423341098 357432559
866592827 25369288 954723149 304993646
480949477 103914772 906883198 353629977
424589021 638101820 19794215 225912004
482922446 668875610 996567545 253526151
402832178 575128885 175105805 774909716
815903960 160128250 782311496 655306132
675725110 132177839 334859732 816860608
674972213 84188245 723181033 238233304
923730618 69674101 510358782 549107502
828083552 297172361 350974641 552487790
87615040 421071311 36160014 212329111
948874613 382163773 474205240 810952994
733575810 733880971 76592348 420740659
994331712 985215523 533057748 45199312
642295584 848443983 730880099 20006349
118349188 144596796 731020936 556005697
572551000 392323755 245505863 49396171
803847203 377907075 190765832 301117631
936012428 595794633 366853157 678079664
572773598 624892322 574628260 53695380
982707263 64543849 348688830 178403946
125047861 573514427 857830320 951216858
336569576 939526677 395749548 313765348
385029365 968300687 46309738 363647256
257177060 725994226 170913505 611314879
404538123 433591692 525540059 343409739
994521263 989113615 211531942 577711208
630336191 718563091 180726393 577242713
447857427 577476867 362261479 212159087
802568259 338594046 274845 87639494
592395304 874131250 505469943 271161548
385021977 12641712 717015912 798656115
129600417 107575526 189192989 807550923
744482950 148902482 555501674 124338593
690773972 533024241 739510533 805685450
907016839 461573770 191471949 227297164
130926656 899938049 75411051 20661546
129246990 920708415 315206933 694909535
326866096 864586264 407332767 464844378
38969100 424651414 215141845 73134671
929047189 408784323 800350068 978434918
992363060 264912087 410013328 776424962
452829097 969111163 495915793 252292685
358565085 632852921 491541255 382657220
61571315 960404690 72152370 682748510
58384451 211590279 843213043 125352375
445044590 405022845 126900183 113977357
75145956 398885520 818564218 514437412
84619832 79758648 473219217 287141643
768256356 251730868 888094408 655720141
8274159 890579827 593583812 909528458
971615294 764247484 151185774 669485198
384512205 967242242 357046093 546715369
253017652 893174935 631557303 65603143
909924180 680719877 73351088 871711085
750451528 308536617 711526250 209479052
150828657 577866572 81575124 259655133
807599905 254431604 447309000 481527634
63546760 567663436 926251431 421609174
867388160 564059412 462996423 636953429
547245287 17348351 630669302 850957404
712539238 664093451 146089087 1689107
508217397 969446970 841312132 589370907
165074946 560042779 419641923 408953714
825771200 507567490 476404569 354125200
971227304 503136618 475976384 784027614
806265580 650434857 608039000 642456804
534280622 302442096 481119133 328809914
895311723 129471204 510827057 76359680
216438322 906174356 968562536 127560887
275365018 359327228 903554169 155914955
120818558 612324145 156333300 558234412
407482474 998340521 209514046 423195617
377454903 760452929 325200525 970187086
929788301 736814624 684945258 588565632
897656930 264173070 578765306 541926377
872584747 538608148 90129838 272356474
483893567 187991461 702166254 407288894
769118652 439855516 34263887 774852766
48441128 252731231 243254444 523044202
256193659 645214013 206488595 583900370
28313223 472078376 873242744 497180459
540752507 850382351 465567912 613985866
682110242 499538154 884785894 476588886
596354955 379563870 29524600 162083161
419373037 767527195 293117147 29977907
633156252 120382743 193682069 704849760
886394908 226050371 82624352 898097252
729751133 178197729 605745696 281309388
10881964 197401268 219508359 729107746
435990057 19322553 393188216 205656055
594946584 759901778 62132858 672236799
455426543 800210391 930650945 147555691
653428631 352793831 562626528 135312479
859634050 628616930 873207153 68545172
653431516 948244896 660072808 751975430
826526719 282779005 318402513 490438849
572558455 688769032 734742398 606539899
58957838 547481754 917100789 50123732
97096749 660594467 672827559 223554757
295764501 868709816 317766124 587402169
828347953 252018936 53040522 850517371
384897550 134662220 244652119 294253963
512883401 8247450 156219376 769529824
87693638 654105920 625197501 917826979
719810431 281403663 659082894 12295983
147277501 181729464 738983364 116663111
380055218 510544081 991203716 628681735
469723452 138014628 211878635 560340351
579517945 161403383 394357648 835111726
587697672 444848368 590600472 124524074
333075429 60060291 64515578 259599487
96925481 555564523 544913997 123485844
447721027 316077420 15047643 582520814
762577738 190575569 833025240 553190838
353871848 991125713 807246893 789957508
453109976 877852607 20028049 821129866
574771053 967108306 194223341 982950583
672085341 433335691 686748710 633197009
337116307 603237232 140948023 866791356
433032350 628881659 968559213 100597575
926461433 114029275 520798908 24096074
