2000 23932712682
478126397 816405611 393008228 85848142
834961576 570614792 558779621 278772170
826811160 507973054 809394788 983449239
439011772 127738103 707107082 546114487
937895319 94320165 391925475 403017346
432300884 508696619 424274667 854021924
619510212 583335077 826214148 71538815
859388713 538991428 266165301 807476812
441874516 369589508 453118523 747787639
941753728 280495501 771545881 560734171
227419477 49319154 505375709 814830249
138207439 683845745 837335442 215121586
168229848 599432742 218330629 500938312
546625294 236299789 835259102 248082508
426665984 897755073 942225301 186333461
942431514 544662865 590865317 927452639
545547538 995850710 797970045 568985015
60555722 978942300 974721505 529438691
348577883 198394253 669041248 746778705
935522512 710295138 167029182 457128376
133059318 842056246 937427569 593570761
864733789 922583093 177758729 335618601
95871322 4896461 750543056 466147292
268650297 966081606 684557183 960341623
756947869 477007791 857145715 454375457
763975847 787043770 60132277 754755185
513560926 64283560 998663461 872485903
499005861 238814757 678467529 42881182
99729100 699542507 328078571 397337111
143560557 872497535 462179991 920482250
436127799 816597139 828233183 449418997
912015353 316513471 984632639 827191353
630861266 995744510 223800073 962554876
907899102 388838514 874397215 148573389
399352621 137056756 535851060 303818019
835593346 821000364 448048501 565569466
968402752 353373659 94382701 191524834
603521070 123674311 437623914 622099543
274909259 315650975 568118849 325903726
833834125 860119091 245623882 297982402
258583785 303947007 316473255 350637691
112468607 213925754 574168834 165708046
134172359 521622136 610992443 343118303
569197822 723941689 342603732 894426215
79159390 325733671 356878871 71391286
515556708 737851639 518234834 725955046
565704122 343437704 951395126 135367291
678221143 456864745 812391258 779663542
964616739 625263590 937585361 863939443
477214939 552251216 373124419 244258404
842903549 571947391 991028682 187848229
912341611 972360517 267416926 252605007
842122334 633342365 478038114 62083535
648644144 873867721 634981494 11400871
761918896 723686309 107482573 171573148
220299446 940567294 654998005 757889234
146213306 949439838 471050213 748609795
157857306 831449821 196126131 48549503
51954290 650143987 666377138 49533886
590692746 546220335 210868463 663938862
845395074 859589073 707136533 448841056
794495141 781504376 448261320 136078041
326965562 248129815 588776335 62090947
627205934 870397385 993796313 170426486
406875942 127416715 150072281 296723138
907778896 496330349 584469679 982748719
340394320 63525127 567903423 756448259
59320978 160072700 497119431 495469348
406001917 861979351 252573196 595923313
246336558 147857342 74123737 125409033
444195500 833795558 866786108 424817862
677674670 870078775 48379059 432624727
236685972 36332527 375125350 469618688
349720466 978800739 945850484 920390550
221397474 349351858 254630078 869939041
727966196 669115800 167682203 131492394
622575896 584885994 181684741 960068482
517864623 184440925 678429013 313148779
653209868 334298290 488259562 848636515
544351192 421102375 244158315 973869112
950392717 944538535 934545948 279167389
77489556 822032701 436709335 177945463
267217277 822703483 728498310 92882612
802498380 2650943 709336815 533730201
230602572 738845051 213631868 634791763
410797163 998335390 270452427 322953248
239639486 620507144 662909608 286407371
600287445 371904820 129703082 582175245
256955251 66196871 214059252 679214492
633435835 36419113 631935087 781492608
905171129 697496873 85620239 112363349
507862072 673538268 549139314 601345379
910515457 612305723 819100049 624271902
783377961 425092552 794856274 544628961
76470414 782327413 538659925 334700980
652821328 171070360 733566841 243206069
851614194 702390518 386184926 73108806
977884877 387268784 697539933 283537934
79946087 609972134 157433609 584392833
303176771 998394176 658258602 995543113
967665795 543694085 24604090 103926661
237983936 780625880 188041469 765857298
459230626 801817124 256291243 515456100
645883509 512472420 190120271 184033715
304428968 871751786 184587187 230741894
528880550 376971182 705804665 168955419
839048564 541568056 806518444 768913843
268169086 105353069 17300457 580330686
34558137 883567901 969249480 442958522
355517163 189344985 81719284 277682664
934373031 174927622 147315347 912689121
536904801 365290791 234947855 760667197
722772202 39479111 653384575 352421262
74850101 519960762 823847083 17324360
808355197 590928970 809728440 962764538
383604151 730934363 774549640 328905034
965867650 564560911 82147766 471994711
497992387 66856128 913498158 816771035
853768645 245924058 228909296 357466535
443001943 313556925 215749711 362835005
35963276 681981380 978476443 479144954
403540633 990240846 5521895 430757430
340831800 838633924 245853474 540679029
432527349 111255761 911710240 783343698
924788513 531764831 950204095 651841050
165752808 690664137 562428949 426496614
816240433 697143608 91493108 335961106
574957614 911818318 863793458 906059901
994353512 978743158 404258689 103566956
843687378 320989796 374889232 639901744
603853759 683766536 526154545 802490756
525073196 875700990 979287944 740445748
411494045 219784098 956013623 242214376
245908150 105578709 436982830 180346211
964625810 601488195 492790606 300207304
291690677 524837338 296608106 269441463
115445879 39782408 628994164 824886543
771226544 969408710 832376099 697710073
877740594 881705861 650448831 604920996
753048857 607866722 926886884 854433744
290396123 815580001 566679034 955777217
656957203 215166207 413970048 642127830
533556093 551135917 190289462 131414500
621865132 80090792 530020852 317170123
652422572 416906388 465518241 135527693
25434381 959229785 912334312 724993948
487456051 342124268 87286737 197318104
301909857 435817357 178639854 9427028
408858213 950567868 744329517 343332321
580015564 257003011 475040008 613370696
141227102 954274714 764414887 570907426
365217255 681934755 689871304 241741428
53653337 60795094 438722623 38972842
492361550 224214151 64530823 233261989
991542128 659570756 457076679 97394039
49004268 715950035 721610848 501586281
880543777 657981948 498674236 174872808
608505765 56574801 350223766 916851096
572375301 979203140 608606103 56055300
379568138 313999143 370515588 457329146
185150669 654148831 933840642 482666672
974271067 292965659 316610021 861398149
369463101 995871980 209109391 852572503
731380606 83806790 801783984 288016667
703051159 368078998 514842424 470281515
200324542 469556047 712248147 540145784
252662776 702064743 465113093 828571232
27774782 202685441 687375759 876581032
812871222 819410090 388098617 551983433
803830427 680581726 345892839 858001925
418521943 690826833 141203326 451078611
521069506 6091354 847018208 247623015
744527234 709030268 387325557 369474894
289771085 660277507 279378623 993466704
935773655 227870931 851414286 125111803
832829599 961069542 648347737 909796741
858067089 953256718 475140141 506791126
625642571 676432145 749711358 670864742
509624169 123673716 330709532 719149836
265908086 923483942 457388805 262849962
579894402 445322430 887377451 12259708
757242670 715732698 681366237 626774365
970779603 523963333 183632036 493883480
484618250 951354105 974965071 310569437
243542128 410051640 367549507 666693133
152036927 504429041 405231061 115175193
789432059 507673394 635221028 851037311
49963032 800354284 731280150 442218604
730945259 83643494 72945555 285386558
512937233 382969135 992322174 627059262
587784665 746184389 282128307 17454744
777764794 547111818 834771787 139168040
776545260 403125278 830483575 293098170
22089390 543455278 633250662 186364558
603055948 298471076 519729459 395408439
78882430 880502472 408456842 218269337
843243502 7488050 93531385 791731838
18954762 301537391 99705141 870770159
476996804 663346498 67624815 652772276
5359307 744239866 974679769 953353348
800203202 886847688 949490855 899462101
257720704 116141573 624761494 914425424
27790452 1852978 893027199 716840636
502664561 201812366 588417672 251324901
435541243 941173359 389731910 489368116
272585366 212012395 328760351 402983534
745038997 682189616 474366083 971268131
438561384 183097782 742924796 37513165
773390752 691243757 450459076 242486335
682469924 568066992 763966521 648060368
447898080 994014608 58182933 488478689
567718765 770126092 252115381 232661716
661858169 127541667 631888585 198893389
907280176 143612723 275590576 979294179
962006953 469901601 87747199 610130953
759248342 23036573 207135997 373075255
700552545 596881172 835510890 560347513
537403226 173088708 996676668 235129570
561186219 288307702 50767574 486045155
241547284 761978299 854214983 861187034
388311693 983373824 748108492 167453193
708789860 327472183 954735330 117648608
72200543 750535844 69309152 989948523
906851379 616008437 18863791 658684614
113982338 996661181 417656435 22416073
52995840 463504609 397713154 788489833
656475240 264296689 191938 709968492
159082838 661106734 567899432 148998519
774959884 14854364 524526792 604201070
118685193 250146207 7945793 57052943
282075209 62107503 405344171 61796735
932482713 874677855 12954019 692926555
110996323 82562824 260922229 978578885
704591584 598546385 14240127 725308104
719014687 16826643 8555291 498106103
6254203 197158686 814299626 413774047
831478830 98144425 55164276 386033044
77123808 469571570 939619308 473159100
727372985 831206562 336231112 303141451
635641214 55103547 547796174 688894416
866331019 376286795 373443591 345998716
43316922 503427480 235798687 181337660
125728800 79162325 385130062 927326514
403737235 658111010 561457570 429669146
489322562 352956981 81663155 331357888
12206046 181155608 713354303 982900590
770047025 793645630 707296411 970537677
61869457 533586938 577063361 817221439
338087708 187975739 979243945 270330497
636418267 81733109 700461077 914861289
51342739 419856458 593876454 597462418
23898454 319572093 407574935 766495534
574617689 892843652 181001470 920592191
117124975 2783243 378885468 785419109
207654449 230913685 59839627 401330081
475954227 285190607 619663733 217202703
792908424 977756393 279159636 518265223
344479081 747851532 200631603 869717021
768912893 279049160 350937022 861870234
319367398 626554555 681843665 124707601
667312445 764347742 911508076 530741923
259372883 147300395 986630271 886161753
651494942 948986129 241198616 88312769
85534794 278755812 597107384 24900739
320708791 907985012 575737596 721958015
373205827 173432380 31832135 509910350
112523795 114573475 784097895 120210274
813397129 229392890 912188231 765081881
831099845 46270998 406919145 167076163
549353345 355870814 524927297 337503658
662276588 179392599 598133406 108237938
378910539 687267089 456257249 808632577
617102672 762000434 864872247 925981791
661604761 964410063 836440488 584819498
651766824 749928187 746385376 30348077
574750989 110850904 784174285 220477589
29840424 595500144 750512147 243339771
23696758 428244319 169267988 849171563
366952225 972370689 503652785 465273042
340631789 263613020 140956786 614115101
769922704 48854064 961708865 768579128
735512982 487952580 905320715 34199095
457652470 768512669 706135363 334984757
836617740 596036099 635992296 398432113
269220267 56439866 405056872 277118940
419342673 857265301 110677544 928424156
661885988 555890115 105252757 966133178
375229520 561035647 740280340 861559325
770121534 129270722 973919714 948235367
104409584 447411254 189062140 688094006
779853043 329322865 627948999 637120635
138900819 133284096 541785113 764890387
431619222 307386992 487451778 94585435
956181783 558949526 693029102 444540411
113037280 320778222 365836212 122418413
510495538 738155895 672903746 145582928
860977678 29812119 190256230 809056495
907562287 837479697 75904740 416688395
46910099 777913492 403615569 253024847
77359540 432813381 72570471 932916253
796583477 508108885 45030320 21809253
932640647 186715063 1978450 761697243
106534091 89419828 792194680 820394240
858146040 971882234 262496703 831881655
582245716 242010055 269776963 532157439
385473234 953801241 923380289 526736422
106080713 733365747 366181167 107420441
927233361 690664097 316987874 511553274
559023542 543372617 158212372 507898022
681278953 555523014 187511966 370190016
247271112 72429832 635379507 748595995
124231922 877327652 224595953 285509351
134862222 984643223 210524384 839207010
32277119 21964250 269992487 871621439
797347101 813110481 109556200 564053940
123316710 782160343 325261921 449993511
892952100 989093428 554189173 678740515
920417371 855799434 689207980 785604148
57244475 344211721 377580226 618554510
675833920 986467364 641656253 712070735
930718151 222742233 621013738 181557994
195689163 712434195 125597411 332876541
762381916 15108481 765580115 724519820
236809804 566202192 601240753 615898356
294812149 936034729 567897675 218291807
427886897 869661276 59969298 737251624
147046434 920478719 756034824 359784373
119231732 517900750 251786952 951059114
443205340 617981179 864270204 50625460
439081900 837742198 755276891 8079238
496073988 426461516 963196359 395810986
142400634 953548162 712094884 901933308
652486264 34020020 919114623 402476210
226368794 464502283 499207033 46954120
96942678 620096024 20990380 866530967
367164480 114549159 159411763 241275881
826112357 59435600 221876920 404652378
588487397 891427773 372444395 140325305
518849691 269188658 156037191 456084256
922264299 538168471 962900027 116741083
188648672 927326048 625262971 30080823
627850666 609078614 370519895 923219069
986994892 394867144 335785828 926769304
967140241 32520956 132909104 625052433
5195226 435945759 949703725 563411762
854390027 569503051 150929202 933547280
302895064 294755702 682088655 247273871
860595727 502868484 842947504 778553466
462592418 391466810 794911272 177460929
950970349 749504169 796156579 253599044
362698517 605421843 553447411 191942577
344522101 209261210 50784296 948511340
661982628 493810638 700450152 440270017
844455794 818614524 192602861 891882766
589963438 700214688 606193026 122257939
148794229 822116086 591877144 74598828
800030471 850648959 963592835 290965081
30447377 580668220 505231243 488236979
929462090 665249507 247405710 183383252
352263268 751868822 529982128 84601452
912338426 909123095 238669268 906940967
113098296 19103361 39200087 379524015
297385812 101114925 552369713 964580958
63329884 474974362 541166422 587803681
456348779 220004830 701186138 318691666
724384772 151177985 684576037 103731451
565997010 411107403 566344608 624095855
791451713 118101347 583937695 159133760
176151845 564788253 943757253 619570783
675351528 399962402 251588038 590570226
636611952 607302359 996443449 812272015
10453386 637633394 810990158 200900653
395890162 771370632 770066482 47044743
431486712 623055779 923683174 440106536
551908602 747560487 808151732 315929743
60448811 241771574 257873652 495849923
603943291 591194696 577217043 647169250
113479197 951546664 507782128 575493853
397949150 226704969 938474803 824061995
565226492 758534372 728066785 309559110
418724619 802457920 284911667 42887265
211644929 674673818 868437435 737647982
834350409 666183651 952663964 590597159
508396513 712552076 472682136 706231391
243674553 268540885 973463025 137078644
856186065 730317450 571255047 388136656
582702181 26377874 876863185 635304061
964125527 645721487 980076853 804083067
923588329 724441961 400494299 190520578
269711024 85409434 623880940 818039640
604434696 626812863 879188908 103980996
462886518 611853697 818882828 822027842
649611241 598102305 779407416 611364762
938789056 145538225 394060235 960942974
650482738 137805731 933690496 592694786
800357514 416382849 829332049 413992848
963956296 310208408 937178548 595442999
997654574 228016534 307054029 404677993
862526670 970629467 141202746 969092431
901603671 461652057 26983303 836029047
294131660 182899292 441235772 491079431
317570521 588571485 238943603 192361836
796271031 440979019 760277253 909009919
304138725 553712274 61036779 722240766
936268897 546524200 630181091 739223064
786633217 277167145 949358282 78281081
996402452 577979104 448266712 591489763
326195198 858808348 698203675 812947797
346907603 608539075 306093940 859265774
201586446 178523657 339725440 540903355
555795737 145413533 865345203 196404695
166607519 120924088 919376932 58502152
244328319 268198652 913397076 957413301
575039235 887499972 68701824 242858157
585838287 495800843 266626663 955013065
240434665 128023637 326289126 986544068
43299988 793362680 763416961 389991516
617733886 332593817 202608347 844404564
66725893 545155427 106174183 864377764
452347188 625269098 819299040 119465822
124713327 461352487 440142178 134655959
149067811 691308577 563644429 863119233
98239125 814243156 363211021 664410064
225818647 461683061 618591828 473477222
71557343 636375688 475333733 90292023
747029873 286553692 83426150 140625152
675111868 982161475 714869671 824555462
696620166 528348929 531080787 543549166
729830114 929355507 46006333 39624339
514512600 202831634 642021083 787862081
466803500 990128954 55184332 24315373
831897071 129150514 627985911 455280703
814533407 739109353 994312758 431921141
6013898 409058994 965887447 374750664
33563959 112482221 960781256 829045183
871000489 20308484 54842548 346374962
190699373 158799568 633214792 434367279
947700825 560946798 998777011 73260483
237122254 653575658 322916946 677296798
243698864 824680943 105593870 525486944
226051219 290545974 112088019 796764402
148799766 325563991 889756051 206089630
131369351 136760698 739609509 520861409
735690576 203808930 668851293 944369846
119294528 977130443 17959504 727516572
565040389 679542422 628917747 847109004
720345081 998981543 252788599 591424067
486970172 356021142 260533385 409188279
235233778 282345276 611034492 698355388
677008777 625221410 153512939 528137813
670019183 232575476 671171015 550660229
748661696 592679536 286141803 816220950
25211449 983707089 370342395 443092815
789985555 397437358 296811136 836680912
130989174 242106082 670545182 888280228
163842118 409676139 329327517 526545600
404104849 766429020 234617236 346887412
553427802 73239391 794286494 522930129
212940485 725867057 351068088 467359450
87161805 581726156 504273311 144457257
40570756 463220795 227828929 131942048
490183345 809032533 274256991 293267026
197549823 414199809 945477969 343733468
855369077 62184654 688238499 223524765
599620611 328322217 818856016 448371035
153404349 791712410 710364302 333776264
942357177 895080227 508259789 195009463
6734129 268006001 334134251 85862740
251727084 674861504 601124056 874692716
224392745 61020316 796293343 30229698
922507778 177964322 620272457 197461786
773519993 328333733 614589063 756952765
293257694 832224776 234610110 733682907
893317346 548276959 766753090 318698529
180496775 249691178 575611780 814931375
623388671 678272680 546693784 943162814
814798449 870175767 722293121 928957978
659163770 86112811 860349187 373787401
649199984 212831755 859237928 246643656
28557092 677871728 741202198 114186043
522251808 41611407 255735342 218159409
83709952 860789338 268983062 345485926
236195577 602175319 740036172 143287431
491899163 797144067 646397788 419942912
37053323 937326640 119842479 902097930
561444545 260416893 634270455 680146359
595049628 824804272 477340736 164040018
143676874 617559371 137890711 301636842
731573406 869896959 375775484 442154027
967018282 569216224 126203986 550352133
595779084 389941818 487430904 967345112
333651276 651570357 556327943 595474810
584951060 141539200 147215154 750284013
29623832 695882644 163368077 961859706
747640787 967654759 842272046 953722380
29920173 294339125 621735985 10822363
524853876 758834703 116112468 373012637
252385327 987197629 55755050 317844675
303262855 987884091 321925110 305574769
33050867 750392504 615760431 678659100
492158280 777384646 615657833 66877765
803159444 137618703 577644765 95734688
164993056 265134940 7795220 636460935
935474052 937545680 187662558 763245224
93840490 988492370 230721141 226174556
266373334 383892508 62016576 286334256
885439933 84362913 820919226 553930775
402582400 677158669 670815077 357332748
225651818 754231045 802018326 38708258
244618216 898479723 802636729 769773162
701923226 374872853 410178127 222887092
800670111 531039436 576812528 83682062
636996372 151229303 662942680 86048476
150432810 752835462 940678920 598711479
826676277 651352797 744380746 227314540
849676009 997485926 594419383 364785112
447553445 934206020 690256182 615183976
386551397 917830192 199587566 856207389
148647172 770184610 488284413 18556866
826407703 305963094 445606017 111187663
247634653 176988901 171588956 817824075
835658375 782004437 873405547 182764055
975853803 187984465 81946868 347553861
917866439 395677491 74554715 753519541
150831147 868309661 851112984 653696185
595918090 923977115 707875253 120285161
199491112 792592983 534752688 391182948
510298244 683982533 437497562 939037382
782953407 232515912 435769538 44929739
680333978 741263837 542474369 926444867
277246551 186368649 897610659 887826450
197516712 91830417 861757869 967673530
835358444 827329544 450934550 689445938
918594699 244375869 168038991 319260150
577609216 13824257 807345732 611939462
543129256 901904418 664626633 745106866
124695551 327164681 742633848 598541566
526674493 100792017 747421919 168744285
793983973 745314562 679141886 174580546
692331097 442865090 765452156 858450809
202195664 81833042 351514280 528693898
26423621 774968092 670847415 209878795
988392505 710325867 110756386 571683002
66182899 91915189 193072204 898016386
955619493 252801482 334913863 443910623
64826136 308387967 977120918 785590272
853072304 775171300 487943789 709779119
750508788 954264721 85879328 817322546
729300050 143676065 146168581 13880898
699450783 333285975 238910062 573496954
747065503 200310368 80454800 205806310
350869750 680482792 793353130 298142517
331990234 455710394 753720225 93302382
172153857 458075545 485350898 564640796
877483573 612497313 934789786 113851276
297209527 407127873 645318437 149447658
687640347 966971715 425298940 405943878
904576236 502450920 555255190 838442079
831024959 577889246 160362606 5790348
602661362 909255458 548650675 486254328
451423250 357848793 870674630 636109737
974965975 459560720 724204155 259962781
967323320 344146709 71691968 655330273
38699548 908146622 239695963 308560212
171606137 78328537 534856030 187671609
138550559 80534308 518757411 318613770
202537762 178296712 699768033 294147100
881711914 768953295 86536169 341990961
794643187 86055023 7554700 154871326
540914613 415038554 770826737 562776881
64988572 241239541 370741667 772859896
331609947 762222912 695790246 324709471
355187977 109739119 319272898 624375192
540112323 746555588 341198101 695005714
165112530 904541486 525691274 500679553
403995219 84825801 228368560 912914996
707122324 10846920 791830485 490775249
594644310 441623049 522204068 469009510
581744965 799123424 520795272 523293137
427030999 480202 765703827 358930780
423776455 936390451 269346237 683011597
470112108 764638216 665263778 614812894
903153625 917335127 124894684 46740188
566262587 693176658 927204283 271376546
141305643 582126094 899547129 645562847
332029614 471018767 390283277 175052367
702274171 610957720 308952649 191213264
161749639 779222863 835789930 890813688
733421597 577010641 325604592 798122069
642933543 731787286 654434303 890910441
628799069 498896714 389177973 801623392
654608497 405819057 829136714 203790511
346796076 412799790 691069909 681092359
750272496 571496337 398506036 91069903
18625016 747893233 670474597 407601051
739433864 150161031 244036597 648253730
8480066 47713420 723778003 281815506
354876878 132332499 899799051 266478604
491104589 201490210 638664120 386059928
54381465 522046767 254148469 60341469
117025393 55352938 867356270 331275539
940677943 916931162 32941527 331339422
861932729 740563275 592463132 861035468
102420347 654919060 733457029 543561493
752388938 297379097 725907270 806394807
842301752 330153016 875318452 657900157
949883282 805977185 607494705 548362968
214731435 654060447 905098434 202715856
390600247 294695238 691070915 478846242
372769687 85044852 639511121 183683428
598584928 222015285 829972332 96897778
555712088 687760617 629124150 675754567
654576578 575239726 394817146 725709632
209185073 65908587 450068768 380724123
803909232 238373053 139366791 571812314
664991024 407807748 787388753 388840855
277263634 395847276 146925168 557565202
306230891 92357596 54527902 442054879
621053177 817454766 199585671 731889770
365840040 72321124 169827267 642651126
493790342 583171334 315331600 726788643
121798811 130459219 95844656 185708365
861132113 35190328 364754937 831247899
397008720 899444092 672154387 794553312
24728400 896470876 747414189 520819821
330472949 848627160 784881414 775802694
710898037 464265750 138960613 149664654
638507735 432085350 12082934 367811067
272962886 127681820 92324914 670967703
568929777 665483649 714487977 845315148
562713580 649911945 190923875 771469681
707876312 91356766 55630099 111969643
201901880 686061044 907827041 450697308
557383152 214380668 109596035 216932350
926562435 668768806 266249643 881415503
656117046 593484446 874524422 168793977
666999871 346901954 389394890 202498378
774134365 516675378 530525779 518757990
985797374 107525629 21499175 19786276
775907464 270012150 393759561 671815738
708153088 800358641 938505643 25179703
574702479 168673868 88914652 141577932
672524163 83517670 534872070 868226159
828391895 736368150 768127908 317813267
508915360 225699536 105707419 693529469
910576246 367524654 773299475 365478867
394937569 679462370 917399152 806781270
769596536 13747420 183207545 897073959
862413667 491999376 363067517 935955684
943533828 77550232 741098060 751048508
99583174 613045853 167916664 290085867
900826241 114956310 307158428 443289995
903057883 135502640 773711399 733244947
793759609 303168478 858026985 177716928
464519687 840741986 352947914 547951226
96034117 574416414 531638730 131003745
751076773 530582837 198896860 789050837
267122949 678891205 222111594 305191018
536655551 51449723 488862071 565638141
684463993 820026817 400993668 927273128
492544952 936990771 921921010 422544085
246848242 44591690 749658927 858588897
81448977 320311384 250052020 344067673
387749734 896931771 930400763 726264534
422622099 126822315 776632590 89222881
987154306 693400875 586096145 806398080
143483748 503936881 434858325 37842146
606426794 593602286 663561980 912278885
625421975 683204200 602344185 950899101
745873763 194872312 75295162 390565841
858920180 825458924 133788959 326955469
79233793 711862098 441828033 846976331
972963053 448684651 739775080 552352771
912411367 454832110 779746229 49242394
919761225 143461520 980741232 626416152
771685618 419396891 185681341 497290793
89878895 844988751 983227805 554700406
206069665 916813478 153485960 577296343
382235535 623804217 434810305 235869266
477748659 212304939 627388788 320584602
626478864 527887295 570586430 641275567
347205533 252474899 653734068 569943241
103289265 172956907 202482309 266976433
117325160 606045622 25844049 294703397
397193668 786094527 202050110 384937250
589265091 803032246 503090639 454394026
272863011 194157208 709818595 937480663
282929231 724592370 288844771 389258833
792081157 909067170 693102185 317866054
414856166 963229523 981767819 865536490
886062819 369409049 64116314 789421333
436624999 860285929 118418252 721693596
436213172 452347112 593061074 18448889
937392331 31897049 381168227 214928413
772260656 35938205 376883205 678559715
183747251 438451443 675458413 481549662
625519654 365252795 358215602 926167846
708436201 399017135 597796841 848109099
405043094 752996052 456842837 564918394
85955288 143789386 391778584 202362614
616730540 393883301 507701128 11154881
685501884 852717993 579371586 328113750
764254882 591159307 791574745 123633330
234429646 751695271 77420542 967118342
791677754 972549647 781072197 435425925
750080955 997492065 554201696 430833751
216970833 136238724 980855422 422376115
147169839 310504978 728915151 139656321
422495439 512798327 622029589 182076571
472960921 780197053 865052787 393378879
361530037 362111382 358717336 635912282
981116565 757663783 447351231 355797752
902868920 416337788 479201582 200150252
308908422 562072032 959448913 815237672
491145164 156692958 851898002 841687920
715085700 88631119 895776882 24316723
558252738 992265119 891358994 781185447
767902526 885149421 135872597 455460316
668310212 409908584 680327351 422323880
224174256 619567129 48201099 712463821
681015262 321072976 557413882 177097976
106707353 165674206 380370208 433811742
380828775 472578302 524516682 511482772
84862689 904662670 824526912 677448667
85113077 568008469 491247492 66407838
225443152 925545169 111130078 561078917
203602082 260775743 535220626 255755035
305729743 988117785 51506609 240976815
523742901 929549149 899047986 567308657
601282322 550404504 747117430 590000010
762409966 461103956 336154294 373672820
913890383 682928935 543294723 546438959
877628475 196752378 951471627 240697890
555566435 222894890 302126173 683650978
625614111 224908357 941732838 481805206
24945143 627693706 381405718 952999996
579634723 267288965 592720006 956869039
379854192 499386904 925294148 232000747
300179384 20270297 942051384 769731734
441014702 213679051 568521440 256212756
947925033 263396262 823898467 623476219
810415714 99179155 348399879 533563425
169082501 682224504 862014817 224489231
756744 986653980 169562359 924710378
46615719 831758022 875647804 353234535
818464219 355281512 426514500 429827261
333203986 398035896 7248893 278484708
336470256 109408936 151761485 852301219
523553520 247805666 352135224 448862232
104032577 182161878 200091638 290035743
2350147 977709346 297929433 825228544
150305697 533254392 257232980 685617914
696301043 398989570 108751593 712814785
821233241 682270306 152345186 377238234
613613857 276054249 708981501 116447243
740479051 334396855 832065480 883100161
835309996 607720881 528914831 981385480
55014487 420517417 81053296 106035915
960323775 977051275 53118481 817314844
922833476 522105516 915656861 912881374
888766979 219987295 356368457 19581171
853250716 805664630 628831012 432211170
598861296 404762823 832852000 767613451
228366938 476839157 478457807 548363163
186298633 608775011 180383894 926103887
882238973 161137329 112823639 35974815
249302103 205563340 641864740 215188967
329126590 193831562 169357673 83971603
97607304 923187894 548285183 529005872
175026271 680438429 10745348 984670991
596694708 256114269 175200536 402589965
747415395 593860590 724250474 816611085
488412319 446136982 655702197 206971145
493343903 692666670 60918777 809114381
474686431 251095652 26154945 282346676
794994068 516347196 172041775 511839082
257397158 548005023 671175841 940942009
95957794 254982942 305663883 871595645
468225952 168481200 10245725 353397486
431907776 6198332 721598598 955715327
817580281 34311226 310048884 888826719
145501530 421201000 734992158 975600840
945152626 726974195 859169817 800409312
351427089 633132457 778183146 2922334
772091511 513365099 967071349 694528944
75490156 638682341 24007273 695158639
130363901 179245256 706725967 293217115
566223441 351239235 944656278 794896432
597245448 362066920 879982426 23750593
537013434 974584154 878436848 667586146
430978408 922439483 326731510 11551106
663484366 691942070 465783449 749389393
395168334 702314243 580650741 32406184
302033412 27654390 624987998 869322221
34475450 488773908 457536917 136790426
971298811 307018357 523114827 945057464
455138503 430065655 207211973 176072721
476662928 292974209 333623564 187745718
2379103 25565928 900691337 201148707
660479695 352084113 316007869 845926609
722852316 542685758 611864938 176875030
831854497 229676382 622650018 543943368
582945430 973184998 811324024 123390260
135632097 58713317 746108015 667361788
447510329 783651630 608226560 976084032
324796872 979037345 934225789 12054055
622387155 746139213 909522705 632765656
723229783 654426118 993971340 116578979
190816656 520668852 731630230 970468478
875501584 235411980 379491013 173795115
471512365 291844000 673306911 261466538
417249493 760988551 617572417 755397799
596867510 981237573 953748204 437741713
375879037 28892948 261722698 33690989
91057989 97177080 916781795 430329225
166058404 418942942 750610084 203140912
500199313 261637654 939644063 511833666
159051261 375268833 623869868 896435844
384505958 700977403 910656264 34086329
114288310 134873381 284986779 533832335
753240622 968962537 497700916 619954045
493800654 974694097 822592292 167624104
190484772 29557376 153249682 608456347
948674174 465508700 347685726 331411218
181545407 920541200 627457430 413913584
472191038 556937933 224575297 209627026
892367679 376217819 825123560 965513787
71519093 236453357 906219316 861894922
845909869 932449514 414167606 917991120
758763714 111774402 141417527 270227715
713168835 42429042 502591172 883990273
446718803 354883243 832269840 80929218
746738783 429088414 759435858 342743591
164919973 773855600 327166975 210886290
430296049 706857100 502252244 305217644
679427183 285820694 338863049 188332986
206311114 701027975 833812020 532935523
964699006 443040655 862816645 796902977
295859836 332241184 237187999 133062476
20560644 314578346 549525392 907303165
494165607 332387035 699522468 514872235
127288041 241401352 636223903 97758676
505715543 906256678 915978331 247495085
514705077 332709874 960966416 351939460
728935706 771120999 962947805 992407200
634444660 109248891 88127777 308328305
845036579 767788473 586777711 388948930
762616695 325323486 106115708 834478402
313984795 282454292 527968762 517286860
674879671 665395194 903094149 676742119
1106380 397505663 204115156 210311428
774225685 156887508 975628614 216409832
838017924 986070743 167887540 469242693
124906459 922161344 352971057 760447582
780588362 491137607 2771915 103969855
750588106 69401497 400339998 762820779
264048396 363656040 400614219 225985039
260478375 227863582 529580999 979368233
41268231 289488536 484564265 988069544
176904698 986852458 554353668 527628714
72422399 291029141 903270970 356947807
858625899 736130742 768601279 276399114
510506827 484335326 351158970 92433161
298029385 864021185 276022250 511334872
999227534 108057814 52461868 548998435
562530430 126297530 843449585 697950970
545373849 443250499 127920017 833763910
438940920 108191817 91098364 689428421
791415781 42678077 870039635 12600044
590703844 110212791 210519075 527513909
129804578 861263862 784369048 4080856
694834546 207497164 75967135 536921990
711858801 645636275 256967474 450260520
689940464 515856181 44933172 211736352
45872913 48387837 445418698 774801859
669101023 562685547 45731290 108584987
437787283 222625155 81418914 225497959
730157572 230067768 952323117 474343488
208587740 215661902 92460966 580432890
111819518 898299977 971257047 49240231
831337592 634086371 356557558 394321704
5435121 911562480 499390187 345248412
604997833 58729281 941889028 378300418
739416337 317450914 402811550 190618898
191037945 149544920 261364552 186484837
773495822 48458914 521401351 807434723
874475803 488283307 349311488 334318171
499088528 562024742 800779120 844191523
545908093 807608396 339484387 894245059
396394481 789140151 20211845 805506438
776507117 248672733 404503945 325168845
861156836 295963500 732638811 475056320
464362581 482477114 803266462 501485318
556296193 256886129 437205877 31507256
113541259 578236620 189433873 541366723
979504270 278381108 743510239 656208284
564257113 549859471 774261234 963071905
769678853 227755356 733518479 469682153
264287613 166007620 202222630 207407364
310598538 716655597 514782472 176326710
819702539 786440243 501961138 519046104
980725161 324250355 601004026 620193507
795147303 547214161 76553810 817436159
35899799 874315460 398489317 630678990
314894678 193443356 564975641 457543058
790603997 267989016 550224118 23929342
424250802 4994511 838024798 278441457
323407024 775062917 407679171 890359062
358692734 252050836 501062989 569308130
448908 359161136 2590516 185482779
550268382 313243316 292066434 936635458
933071223 507104148 531180503 283002121
850281782 635246536 156528589 955929656
760157116 551381238 376762593 329758936
903003196 360411588 498115522 302113932
94234781 218882891 261857519 34528439
479822711 680707974 299612114 610107329
426570629 396220375 469819836 396340664
205203241 124979699 675831940 312825836
5537669 641728337 224150978 609428852
784139237 919885087 931655759 818376156
559616878 701294739 319850531 854686435
492856108 243579243 697836952 39966477
636594545 270996306 907560080 150543239
376160986 600610585 269291143 301479417
187413098 92583627 100760297 896935662
239481860 119325335 768482860 128680286
679937471 946332154 369239318 892404001
710847187 456186674 647611053 566499296
580234491 399770864 768682003 766426776
374746961 698173336 441987637 324469365
602296429 473261351 895240106 532009982
20592532 180572985 339633605 153013402
288294347 996550553 33831886 381275208
804235166 185326194 431836445 472247352
373583681 449191988 170145549 392245953
115801041 309211700 231248662 22645739
341938580 462066608 659249333 179302358
562842194 478981086 8798621 46006771
907317318 395811193 50519488 693502823
310119609 2260250 366244668 268442223
858171066 38281518 690169737 398558208
72083409 848796456 346962327 361319404
157118807 862593120 312632774 806974142
753377350 48473994 456679839 603228511
900501450 95860435 165114951 319977616
540431326 957064183 498846092 736778859
564877877 130582913 335787543 655580299
710028863 288308296 440018550 753942849
637436080 144496124 141887238 450601985
84276604 64609220 683914607 600804402
336421379 418860483 376138197 233539969
183985357 454786986 511686779 309153179
255288675 418607501 402029977 681876274
841296791 288707444 489473647 406886229
470298 733407460 170360779 343659868
273104937 974418437 157604243 547663251
251476753 921541349 813745233 172484028
372043094 147959622 319803202 248491701
123353363 206630340 425442556 228020353
195824288 133288102 200332326 292985444
759230489 538978677 32796052 454407398
26783288 542953434 32515151 448085316
679708233 331993625 679898313 606893415
229523484 919900927 315299731 246448199
905808698 389797809 853182680 190537914
313968001 279833164 243826693 363398800
436663032 14325033 864047104 512638029
982649747 741866852 533796824 646065154
808196885 706368617 572440409 590332232
466537647 349932429 379929124 956231019
33603421 724051596 646983570 501666641
802764376 431311401 874601586 724170719
141178300 868905348 704594135 303015708
99460900 280349630 361401779 86071577
481221418 345128563 98975580 507295580
48326455 469714651 184148614 7573109
565305643 395632730 443342153 234938111
662046369 981689649 570553360 355005289
6048696 165884529 465192018 623948360
637915656 953377377 528227645 821209777
39969350 805813171 64307862 768342325
648192734 447686375 110623538 129900564
134110673 839174804 311488427 15540845
837675916 313233057 79464295 689544543
460690288 706025918 491470767 295793654
370593134 132938685 237144489 544395275
853688692 896059185 597937325 986511748
457530179 941590973 517615371 952598211
769863060 468142781 692565851 740123895
531887869 873550371 439823539 400183112
413736895 273057401 720144709 296244676
825882124 702528457 185312147 929965255
188235304 441156940 647707711 628176376
829248999 976254869 412844084 108184724
656622403 155797079 797508033 141121530
699635122 556818203 211400224 677368649
384469946 56848951 541289133 690796783
815578841 618914918 737479765 664153903
268008308 753129272 945673079 326187862
657552150 206033412 266879377 802359874
950696100 261428708 388536604 212457177
456169362 387981073 71311645 55675203
547474757 864408910 376599837 316662909
643171996 762328577 982396189 384283071
142731793 441693963 223432018 73123623
467688423 627909685 34848870 702669866
595656494 732635715 835289883 83842283
189991862 943435039 766576885 75544119
900135297 600544632 787992735 905303215
771075856 32653783 370932087 812501433
678303448 53342947 8129136 961346701
810850984 361702144 413937720 386752129
394575696 978069040 632631073 479214229
137744845 626734157 394892046 400636659
305801823 394990811 854711971 806144957
158390002 505180709 28256953 133835975
742421923 838686412 756953308 583166756
245328823 259611662 84407144 309677467
220843133 954314958 225389562 572950217
981402268 438127516 229145236 9782362
606601142 786270200 46070577 32045547
497908196 228787230 929529116 839783795
559492385 67849765 633520386 995451800
395125693 245044595 201827339 739311117
149659249 650093757 398183565 379686907
953714000 57283918 852734634 119598417
367465186 377018266 152440787 774820812
349808296 693730614 717580566 259886084
294366657 637855821 591080319 366864738
604077910 170381467 667809475 605419192
890611670 797795272 189293296 711055990
35856973 355717430 179328713 204000321
554954933 303854934 110402884 238032521
927654480 900416308 561434122 299907402
700328356 526858253 39979762 356272954
807544176 893782080 688707864 529393348
263503740 264233148 103774806 394951451
322620588 248189350 561022754 709063401
199144504 945380659 551942610 233935847
804688513 177368624 253819902 98670855
490889275 408146040 441651711 531364032
86778214 215240693 563163918 332627676
626092936 95244878 890321381 949616513
248815786 410842356 39397437 591752208
439814420 371002652 135928287 42953793
235526091 995856220 936785325 288253822
288170045 511334982 466982515 202855365
387055803 419071381 320448339 649331532
568703562 684770929 958777733 651721009
127762967 55881628 478083011 697089631
662123233 85129125 201857578 982734078
219163120 665901222 630335512 349376461
928090198 493787817 778315704 453076573
563148519 892783377 361549650 261436821
82415723 926005293 799948072 126772533
216000233 19137584 632669591 719270025
889881221 447450078 888360286 364221000
736397573 418404598 355978282 436220634
648764286 96985635 954749771 222616062
807211531 981517601 788975512 684397010
939562976 341054182 381612532 134404940
629637437 96828409 670521166 438403093
460292417 449530141 716070749 118224344
148258232 662335762 346743420 247957160
281920747 686890059 470268629 667976396
18168667 123907957 120395225 137405998
204782465 157994775 735496473 916132112
825294443 568523586 897050903 475917176
288884196 875654963 67231424 942648727
825355774 153403953 254591279 177183263
504729382 371609721 339329615 130718862
214234173 626263539 922553710 78279074
712360072 72611799 209394392 685717558
992931215 833174992 25944368 912883571
328509036 968604752 767013893 243621817
278579861 970239677 563633509 695508155
669523919 391906785 40577621 827324660
621032031 610902013 74489818 882713298
787031792 210832535 248866889 358764559
139921245 926050974 170576951 750602546
792807631 613399272 879513622 557765803
741089100 233916608 820079537 783721704
16685617 663500645 26526676 837873024
645640533 240676113 378917461 554621870
519054005 921337166 196241108 969120693
682978137 27518047 187035749 899770043
904677145 609854089 22724897 334759430
127291391 157332946 443371026 425361684
958559834 645736363 478564818 57619078
853912093 230071074 267207246 625060593
950313 76949700 816049268 517227636
551595958 5072289 105716935 798841596
499416114 420694469 268068961 328516079
492760916 532044852 962867256 347707481
850660207 610648118 803713100 976931311
166439189 455254824 379167731 834341872
71416063 331826167 768101183 173571371
129942955 950819741 6197543 19587382
877574518 532670273 213920325 522868945
74713168 668547826 863539708 272824145
421567655 591253797 868219274 897543023
359940957 699661888 868256686 811910416
949274556 940372613 277881752 364398185
672122924 679342947 278799853 974389227
423640585 596772127 261445477 362731916
861890463 561376746 55290902 844307825
936211285 234659739 742355147 997434474
105645468 496264649 56935307 466505265
543381926 714750414 399797924 314052845
754461467 760080656 962393836 67992509
679636540 124014764 284842016 15922197
619959283 855305610 478703694 381659279
528643615 439516918 601832130 168692189
414175494 101797595 918224846 257045950
311112978 360815256 468549292 687433836
670734116 863036294 885475439 620471560
211556540 935012224 733741100 801738166
70701786 882118322 690332379 208841074
947807527 225943962 345000056 638940930
327005255 61456122 109948084 250102059
272027083 774054739 461964105 502121541
703869122 169720447 164280963 335717297
845567346 272339124 707612472 220910242
985355603 58199037 449670874 337410504
742623622 241905946 171476821 484472942
425190874 919599940 689779585 669004644
418763115 342332131 677030154 889937529
909683484 853331715 487100153 830620136
432156394 382533460 435280066 753252937
680009747 554693215 904886762 175349354
59845649 726224873 299139643 70875608
192912382 446955129 768146539 201208866
895941769 442978156 406939522 932884209
935511813 242341455 774359065 427077661
280805712 514841560 798796008 882569603
364979722 27074941 17913647 341454881
689074735 705163245 730818754 687017288
837039655 424386184 342931990 513365332
775718408 648628473 403266343 413050056
983343778 835554465 383272072 581499523
480198079 289055069 479857207 206334898
383970149 650536804 768080173 679641551
68620259 469157949 309889614 72098959
453837683 391212748 590545490 172536851
118405046 39158550 271825829 557188288
395905335 963467491 668100197 260942523
508153268 712992290 255975213 594709767
578845672 589144736 762980245 155278234
933789956 286287240 5066169 779570388
508460891 45074184 884444476 632529386
646366469 964958341 600270323 445005018
98596284 202870980 445997655 882389912
546626296 267773119 698006838 142694612
700037402 325485098 150987164 564143605
834793364 529428597 357580488 562209478
362706198 597893764 344959534 271560718
225055625 320559463 58422475 195049534
588790311 911118334 471077347 280696815
12871733 348966943 295428460 376866636
400228410 207346286 133298649 533483257
522765379 16923155 784743440 528974745
157958403 159089916 977085134 342294553
906547935 859532067 675116427 11065181
205857059 6016436 394773342 365828367
362776357 746131425 498835893 400815934
924738933 51828480 471848768 484806854
203640815 155523158 875031751 567620129
137474144 466080726 61075340 535235921
700061425 126575503 542555734 460190394
168879939 903351973 68377594 829283003
531594365 444314580 295096535 373926860
353356871 342192313 314300327 833664929
120676636 880981465 289127910 193691954
279643387 700771374 185711123 330931701
76874484 740229311 400655922 326303428
638431659 490306192 911376233 967492094
752246990 849446233 146150140 399073088
187161143 114342449 817010656 837332298
504322720 943376744 596360832 879918797
22241567 21248064 210646218 982156623
515347770 580882140 211724737 823939744
831125933 187344342 477450523 59108379
675891692 350643263 504476854 238151092
926474358 548911843 660755742 145098216
279716108 47022498 883469577 431666648
990836995 171483342 710339521 338050
277531764 783714513 606801693 125640234
606929630 966416099 915155331 702601935
527669126 760130363 437370621 53509694
694488790 152378974 901970056 818333517
109182198 806085229 788237946 201298351
850809388 872175164 414103523 459601836
773578485 87897101 953414434 625030228
447637070 277792003 383478358 22620462
772048224 773303489 478023330 764407580
532263492 446471645 459270094 752172950
445744022 890199313 454338120 299713622
590201192 177772362 82821760 855655817
539169242 160229188 384125740 134193807
128479096 622501015 36409644 379445868
565085146 347149941 225191815 972316182
211180974 764378862 723299110 591012327
431336443 543545025 782640112 609368355
888773914 616641433 333696288 183036934
985353684 259874213 22141108 230192760
566297284 710621101 640550602 417597154
329811397 526758426 626006050 358787281
82875997 701920987 951913573 228615030
776398488 95214402 117758546 608564433
421021852 887175761 246832905 848995365
560357652 130846163 621575815 36762357
998509823 457428809 664721487 705822243
56331754 783336453 185705098 819730260
889676621 922648757 822407568 893434545
855979883 61145242 102077347 168745742
15387914 490968645 912784423 719261993
645279628 228898755 895524735 751878979
369699054 320267487 236409404 423728321
74990382 33788131 177253915 27049183
934474066 643014658 147464174 817263814
433382787 276902424 772998057 326519435
663624235 72106034 458355901 796835745
992604317 915300356 306334648 507656885
224684810 233041108 794334171 674324230
564643185 135128335 735343200 761273567
980776857 406237030 512040414 326992302
730246942 707788900 334852790 326322233
859725702 534560725 826495841 542333378
713110811 201314771 397058885 652254442
178194596 253041172 346389298 826034961
536195048 711246230 927292258 730882450
887392270 55713838 167004488 437169571
468837734 498836175 426089310 161964016
323716440 606051152 983883834 972005459
194190870 61123546 213571716 855889649
861893049 799195772 668443394 659097062
93039944 380945756 72785974 899499888
886263917 574709008 974783862 415999000
703844755 526670077 789924046 574794864
652787739 9089045 101372460 242714775
77589286 398835608 277337121 139334304
764390415 55465654 816818267 957923171
861652079 901195357 775034152 376020206
5467756 424793129 999997118 181831552
696817821 109898518 26190412 760851107
274443224 150600008 79937079 448606702
791618602 615662169 171541659 621632836
458479877 339150681 682065268 594180419
330547734 991861649 456537283 187378172
519550478 353518846 740041094 283454655
583937661 890221333 106157868 996374805
130263182 92876146 226653376 764073085
780891881 872344309 741446766 597022630
519232646 282886363 671675249 246645256
34744041 882624048 949373892 888840353
203159766 609618549 580948598 960147369
432044980 807981796 53521451 65616465
470133648 352822492 120109082 449313695
360146654 154519328 619235497 456329113
635546493 791143875 73718591 211075934
2432211 548179269 314162331 902113326
946837221 366908962 916740745 687141641
201961940 348942396 265127256 913712067
536507329 236046232 84253252 436876040
215807514 771614432 56892626 608519120
459038194 599362923 635896802 39876444
23897283 821515147 624137951 125719167
813278123 353853095 282352260 82024329
781940742 663640629 473873589 801166553
363196212 548182226 296750777 753795138
318909886 336907475 155451221 781943274
301659166 598169259 382407188 790439355
131979708 668901923 276580919 525155267
145786245 720243224 278794914 413480359
855588191 823415014 977304457 385739128
545664111 96835808 324118707 33545149
284132390 803058986 58513032 87629125
380405501 295415210 704973962 17481190
92664844 504944855 641080473 901832504
32042884 107114736 127283962 586133988
455104192 55031865 912971185 90204306
42829750 758866132 417117118 583196294
493677 972399088 415295182 4628022
237442104 974101684 826732967 503481201
924120202 255868657 606597144 656994917
667951211 111542275 239870283 652317478
443239566 866592238 768621416 335077246
54484450 161400692 771863809 828519234
593926606 430155217 837918404 203573520
386108145 86440163 990632713 774439412
832682200 128224735 968670984 835936122
549066435 713536520 782209144 749874269
296313868 787021632 796191563 617474709
440729165 292147320 387008950 301094789
236052685 869643542 829010188 542695923
4931336 751276335 273119716 384275028
130760905 826485152 957987830 676111100
593806702 68579648 514871450 608363636
383096014 465559851 493084164 145995449
891935155 751656675 72165305 853684003
235801918 241871769 680916542 298174272
865691954 701333092 231291525 753354972
104172705 672647892 961512092 532586286
168953742 298580127 13959988 47144944
218792954 136943568 371940189 499202083
337735731 543913399 8066944 105763821
461523239 569710845 809750936 615922300
425976565 989539908 218460385 703801052
206289472 250740670 644866075 67752856
900893922 28769891 354539309 966050421
105927185 385875308 649025009 220335834
200194095 860473237 88090558 361535913
611255336 72752577 65194154 226772858
747394603 633882776 516797608 765849315
983323066 932855875 40289512 413691615
451762018 70262083 901117595 949337516
145452669 752169221 911167026 691988673
962556276 859672722 241584095 658541670
596647232 624819499 408897552 488309985
915456528 600181256 323249791 746144445
77904728 629673016 763678686 114092299
810287790 994385912 380722651 585748867
340479877 574081148 630103611 804350707
100717774 555701741 780791535 167720063
952320265 180812138 591263703 630847116
965125800 464967347 531166500 340749702
847186415 329072545 365031581 104657045
351652353 994231649 795074272 710818398
690989476 120813799 474751588 457701748
956320597 13283484 814247054 83915562
503633884 920786737 326452541 551456558
14204833 154021327 536954688 676248010
988489339 691806064 645073914 3858925
291996909 588228019 582944427 978710977
167764100 487289316 628254847 845629876
31452740 188711495 547708465 724092188
931831292 819108338 7313106 292294190
558009274 382992632 390658508 331769641
524213967 692780983 324974682 370152244
376802893 740712526 812747953 249646609
907065213 791487632 165056932 658612632
274472303 89996975 116462914 262472928
590108894 228939684 991017841 300100957
657058998 590482606 941556061 299352674
924139228 871563615 819797751 89972364
583424314 77018767 164921473 652791116
714922473 744119790 406854655 504780859
207162688 676299881 387872674 191442735
363921276 783417976 644610421 504023444
111149104 910819208 834799767 561503772
903920463 452049560 528776632 931376631
730417216 381254095 459668143 992354152
11064401 33344489 808561814 890253131
567216866 29624317 399222191 245655998
597772357 377133822 408565487 344749374
170139472 708443349 92481100 456851147
823765038 196812504 962570416 608913483
209363182 952255929 32240650 878313364
490610053 426911358 426470062 58404047
784019334 53383348 752461110 833190691
579322593 312412294 763180588 625945306
116104959 748855655 562115032 716677068
498662070 543880530 744291471 873848298
679850021 683457629 447049729 111474756
482052514 628873100 495276981 507989312
478366137 409884797 281989011 967941594
235084713 225661775 596225672 368925548
970418651 662935422 975164793 964853884
786593233 276176376 164437120 496491837
414928911 559491931 8761749 560972667
187380906 283441285 488436212 840620328
311894855 511736776 582294088 709143041
67950533 896648280 998850194 426974804
638183819 863844994 715698711 280484152
831531108 689538056 365165271 632664671
66205096 978150581 387834003 511475908
16395839 481525781 134653469 943000217
547004106 53936811 78632729 351257356
83911228 118727077 131375080 485930573
635876991 89829766 257008504 785455096
605828102 128629021 814488826 898635116
293182653 956969430 272348940 756375173
479050822 198769452 636201629 477325652
251706108 218158203 580352151 361610368
224889184 96612262 281804728 881560296
354567197 208828930 703447544 553733331
367372639 725408060 586944994 374234455
698459983 329749454 261092898 434232436
127977348 865482252 386168569 682292398
749809861 608343925 540259804 78933120
888884823 17454684 635329662 900577341
541212251 86921079 427343970 367250266
328649532 190645458 737743677 79035826
459735549 715500628 798902586 711154447
85603377 619124279 388131939 414700759
779699830 97492367 300010271 942594071
109746802 830265976 12970998 323910528
506377358 531938091 141233980 774941681
230951687 556886346 244718807 95873842
369223627 152446264 731696560 194143913
666257560 903375131 123643739 398279871
219754397 591111561 88579871 868715191
228392026 122656560 302947840 214827027
825061496 816590669 237900255 145921019
184987580 923051395 722443972 917496752
464209316 618339011 396336920 545647915
508205764 170849169 346793685 808721202
960845634 195543862 232572163 766426103
953447623 6641448 643263095 292434389
960433531 162956705 562811322 591200686
644498546 506022483 860331194 958249218
848303470 709776696 318662406 135611948
431656227 579250244 472975024 279936787
816309713 875164 607328396 699725107
882519139 788566430 158768167 443761769
971297108 698541001 970978074 390632021
704276927 155440569 999598425 672625831
214696604 237571415 36470235 633203747
421172094 904287938 588680775 407024422
502464141 487281685 396867221 729543260
670085112 734145972 993721428 951164845
297282504 626222511 979643613 767684208
15621644 600158994 549659320 820059411
871569471 997414893 154455975 676624198
523602893 986409136 481276263 624593854
340129619 452885105 578604715 956853504
103595541 6903018 736736400 443261265
329969600 491061256 141029263 391152197
981251074 368154085 119584681 53763256
495583702 929270858 261368920 871398145
63703376 887847653 111649971 913518655
433324443 966631437 617828309 933372908
372594305 492931164 727719487 222079803
732067337 359353677 885651182 676682749
62209669 650441684 418544641 76328919
963132810 116615140 578928976 108054899
275085600 624832748 215573794 500303936
768747000 317045433 889493750 962993920
340380489 132965904 98501805 47272573
903283782 260186385 341525946 241734192
871135593 704975772 431937477 46773030
710238062 396923946 103480694 464144399
931227502 19730132 335148201 461492933
783401308 781096203 41346230 677696499
103007898 334678296 988947680 165277721
686005126 813212836 450051457 900413921
269939963 464593908 238723296 15745004
304036189 29737044 402538929 489437533
468393244 636465628 516548039 664723653
23362637 803606247 123695213 736704606
661495801 685140618 404704174 100784160
706891640 970575002 963366959 325580955
598990963 873146117 912773712 831336003
473940743 889866023 643890250 258418864
436802575 612917658 361706540 481708314
836976071 640817237 253742664 539495544
107079678 651513942 790173305 854558307
589237981 56534208 414317099 854414192
828345957 470171728 498634145 46780709
553836575 737925776 173682895 508125485
161948402 663917280 1535744 619484789
535997077 698131464 22275438 168174286
136471666 382563814 59669959 223705510
692785229 292853209 552420641 142453974
225207266 671218352 259977387 114674673
175020573 216417653 701337667 720637947
306501690 98375508 320014954 288294687
59118619 457806627 866459306 188316356
820363783 70993686 39311381 490016095
908124329 472891125 684114939 374169494
338605304 81652341 116437376 457888360
727794977 920510871 105733944 593368621
659421468 342079267 290606086 318016639
436514392 414400192 783238233 929528892
177326968 384016901 892572753 82275148
244956028 30311564 534754221 23148030
294960170 302476879 374528977 163591980
239137983 30780414 763474896 140696715
747560249 475761784 357140048 425496609
207718941 363539727 719924656 435436777
667543094 975226429 84548559 576157933
324241780 251570496 426908907 944155568
555364161 833994328 621429734 892584929
771362049 662010997 902710663 985784576
746990068 64511336 538018946 365193565
943226447 157107922 245152865 557657087
155154821 992967825 473200918 156301114
574155513 867457637 846373923 956023021
220028386 428977888 296767257 138769340
24313857 882734510 648702116 452839355
859984047 534573584 231966832 203579422
711289390 949322328 257893667 742013789
255228486 344967229 952024569 639882838
319548985 981079617 695977964 853413105
852337301 3337632 686552560 684022723
562824324 84028015 211827179 158473260
783930042 727361815 593808138 770663831
682666627 850357675 108488510 129900652
363829816 907346469 22726575 67257387
873329064 18364312 758027855 68214361
861345216 891561480 244305476 52504668
796157135 92315637 518640311 988591213
265907510 918885352 376592415 297005545
785634388 719696062 643594264 369601226
103429682 855713189 441090357 279561473
236639041 688755232 273728834 703210393
779749255 938986969 666914372 400774218
234770865 116776199 981222094 683926404
543256902 552614545 989888433 87590373
119847371 726825637 234982588 6714876
385537679 688998339 340971547 834124888
457105546 121924735 292935357 952154263
72933865 510050734 233955697 285408828
648992735 152022987 540655193 878109234
438741791 820302846 696365566 451521773
103715623 232287454 245332752 75164899
361098892 409264453 77690207 9315092
182568378 97436516 332847757 673047659
392633204 89861059 820700291 296529778
82363516 160570119 280743681 700687058
375741715 963591611 949553959 574162513
169324053 884294180 976339899 736621867
618841379 889860060 762136783 449031741
613625357 127163322 547189690 770501317
49097361 498768207 559125033 18778032
296150517 656671086 211687765 790167320
59579276 24265313 981165363 444630786
47483968 324837301 18623770 937946126
772067295 715106869 366779330 375061791
748343651 342767632 557345303 794929606
497535733 952955118 70982108 105587911
947433786 831182782 299445629 146581815
204667602 966743670 415145144 643934186
675792733 941223824 214024475 156717961
524435455 770689588 983258420 149935683
666014476 683071431 955003140 220949640
219382782 410905384 629348867 131149169
262147172 319548301 96850448 597114088
945665996 789793490 786254187 499107633
683866344 255634635 845839326 738241740
214229567 210810054 225318558 704932615
907265875 677378696 657400267 650263493
622154208 394727240 389061801 52217468
144744052 924297322 170578426 843229526
728646514 709693645 798657395 914948674
526322110 417525655 255436345 221531203
930613252 922063870 543689686 618526425
416819446 875455416 148391920 889427405
229303527 379915947 974801236 806725725
360700306 109929283 149820638 166877212
332820609 864627347 56827035 684202618
839590300 508011642 815963532 81522599
393185905 644574451 144328905 225569492
23864862 297642148 587664160 119374927
338091484 632630898 405601952 320498504
904869838 344560308 244781994 813573056
958750513 915151954 11720575 477634460
356585540 173907396 692728024 514657841
995389494 153806567 44025622 729224599
928392854 943328165 756308255 276178818
929429075 228018526 882287999 414363594
534880118 953523546 431553417 241726875
622738045 681749986 386763286 809934064
151421021 691610339 690692140 810190723
753875634 358505792 365909359 227363897
196567328 833037542 171798869 93491024
103472866 852454005 186774355 933996490
853350268 190934681 855051428 145627791
911433143 407300323 286758651 672733926
369988112 755136768 898674994 13727551
303290007 161662096 266913713 957074953
477887534 679021126 471988828 567513420
286609610 545989106 502269026 222504001
88139531 255825280 95009014 8674636
106140401 693121137 451747899 951822508
330572594 683509689 320631579 536389794
633910544 222281627 851960917 774957652
89812419 394966480 168030127 416624365
648312438 234539536 901666966 995228451
322834485 357484983 150341298 396204344
533070377 468246486 263027917 565838008
452174604 55103130 426997136 795587003
20023347 778905079 842064854 663839604
251784158 874205520 380901735 661106056
702925451 327886660 900746666 57414931
84400362 157012655 436089814 396100080
665943835 7536581 177267705 474778477
989239024 108411087 368049292 473468301
247770093 864703269 721270694 600001743
268562835 611942268 653527746 437542326
945568903 985602456 874231467 733572140
735685603 678900120 909123497 156773059
247440585 564037185 581506008 377192894
33003943 399008470 377555661 643831682
917253061 894289109 537934473 415138524
671799881 791780404 472417013 772719045
207358698 793474777 509881741 961116468
504077160 297163903 773383201 326459409
912749622 294941309 35340669 608366007
911646789 4415845 425560824 371393015
342644582 45013694 947879701 637042435
891823083 745072360 448697963 757406657
690474054 581843343 549597085 524592194
579413776 926056883 346004417 532397400
772246460 617658977 893524705 785585436
624194209 551817727 295887600 289632244
923121227 445813013 528575533 804997535
438856784 272813277 273583621 980322766
564208816 187221794 52652970 290458104
828952303 486465716 582722172 113870665
192278457 3302211 356431374 275080528
621334418 850045953 17799948 109375148
741854240 250474824 102383514 422892178
883708593 436007021 271191327 810255998
620391495 875739764 623369457 715594181
884379430 755991685 860157590 38083470
391070488 957612631 600483598 454920049
363285000 306052814 118606726 773494187
626787049 340684021 116302458 248158970
862024347 401688854 232563972 210322182
262639438 269578752 862339806 242146933
654519263 971076744 800125257 34638867
219449095 807741560 896608995 345208934
737602435 628786615 76881865 28220479
989798833 175315535 370336676 658754660
198576753 925862551 932427840 430211843
645819543 299250566 806990485 220148372
300319801 708964614 114720736 592775475
916898288 631926430 843290666 284379822
5000376 680586297 393373298 458849192
382003371 792045026 737732137 38327475
697432725 845272092 244031796 395504254
503655452 647383736 263113799 68989724
93273067 713847486 707529629 155315329
966822642 230381062 817488059 494824561
915729029 595576091 123216947 111919369
83602997 891388018 792614415 625395256
739995717 499542921 839859808 865299961
908012936 620631243 951052586 15452878
892746134 278873448 210266770 331761823
342648448 557533325 76600431 722172307
259780675 646880402 104660374 647691619
223036629 508520921 141109840 826548580
756951668 302703519 651151779 142496102
857072683 301304829 904036648 18138254
810500351 683691287 49569434 353011851
762747950 293314820 961880788 859833902
800164928 272349219 159061540 563904354
990144072 547284719 771410100 29181988
670143667 500947766 665390081 694097908
208472854 533993218 132546471 159895582
961628098 444566126 94577506 164909397
101203884 943610330 637782218 906380891
440399038 541124567 463015227 970711996
910410838 817642508 601600755 559477554
940684445 982010010 789480237 567687829
582401492 914209898 227256594 873044384
654428307 636730770 542378492 669668305
74601715 479025268 112850961 131690455
632018944 88469836 306834396 292125069
93660327 636950487 942106551 460948465
588819928 13625701 455017380 707122713
770717141 378388644 537141798 418809298
402210896 777612903 23366680 986482730
772457067 920088299 288422701 965962800
633160942 484314089 748041739 264020924
757430092 200009647 11186072 450834475
898626084 387083191 699202422 153290717
908586893 729261925 148269482 595474920
993502448 328839900 209218381 176862363
908106141 977164027 537128964 417384077
146042094 815116047 354486523 732608395
940157936 152132852 161305269 794926419
409114531 994054194 823040398 238964999
324320575 918043425 543378123 634571847
725210323 704288330 821318038 959209922
61220133 525024914 832309122 315491131
685098239 793676078 531481823 183861958
963609037 89984455 910079301 455814050
576687270 496453687 46389677 447489288
481439708 20958571 34472385 555874293
877728296 380985884 476401095 737411939
599786271 227692345 267261779 609856373
170369160 808779735 871881239 344590873
36572642 105486463 79925633 708053890
546273495 780051009 136937139 283102503
860223975 502919698 671887540 925213290
246674587 847515909 938266149 156967412
619323857 570886610 688291643 136873266
383692364 391842409 185564606 767381182
991015191 908899827 26956772 710130748
461486456 831402487 868292579 382572215
397630156 216309699 228972 479561722
915209715 105783892 409012356 249428618
274005917 125763776 332263703 209020398
168703566 689924885 400470916 106400673
496736742 879150988 635077300 13851632
241100494 295949840 105231649 274828246
972474532 803307913 101825566 854723009
468837915 875700088 69775578 777888570
718454130 320783911 356406363 244899747
872430037 997415318 157544256 324085427
115904004 735402355 282231518 856126762
641125443 236168395 30514341 459334157
830097976 595671480 648842637 102637954
707220565 725746509 542015916 288804698
155041171 599422459 286765318 674522627
333071042 167996669 484357111 386379
296918218 303231821 233468380 713383300
74139965 579287361 823866351 457323478
666432770 684831554 663365579 619921127
49913212 618169428 864408368 50500475
864172431 850762384 82811667 276108698
116275903 714888957 419181795 787007965
660688596 750325295 13255261 305203213
903050048 197802493 139307336 311375677
90949869 735283978 40767482 550313447
611697453 915984980 465855023 704897144
82531909 686867277 771024810 341760624
810633992 626303836 258271534 363566166
331862245 638325959 513550196 158040216
702068006 51309484 322562743 568539297
143801376 399452118 611434830 999386875
178958279 620465319 211181199 102122314
664090129 498753165 776625326 278755811
726600919 647136143 764814114 88345535
47880181 930103078 364880549 203019257
955303455 142514873 9155768 988281637
65626430 148260832 498207220 653414717
828884857 809449599 318418934 83451330
440554071 197443935 318782552 644979640
72278061 428013254 548957782 295410188
673621522 567962239 699322017 797355099
314667120 320030443 391577822 410424182
641661216 948471244 521431148 633420851
22185712 869581637 340470371 276387050
596389873 544468928 422959836 48447506
784065126 377846747 867779517 365995939
804140743 510430654 299719917 151939777
808000155 888250603 481060899 290430204
268043139 427233447 862536881 360548242
333339355 365138208 843786491 327282474
659237173 286969994 828783295 14248765
937001932 294180292 522631222 489619920
312159138 87258731 887297798 560793309
921651326 846290050 46645134 13725211
138655757 983456508 210881685 507064999
538225263 771387275 923582067 530541907
934687463 498038844 758490646 223484950
860026795 865140156 776397104 768566060
376344718 42364715 834077524 320053513
362634372 131559471 278794912 526008910
472399491 684555303 793648250 762511113
10334708 455352914 758646715 689148444
278190860 159061413 415695860 309565519
261574383 672687676 998852788 846532925
712393888 914653070 85654804 49535377
195889089 18723031 965929810 574962503
109131389 665997811 222931183 736749700
669529148 116198833 337046789 505164151
875883257 12882769 980663680 607858818
990193979 591425698 645101940 981818995
7074709 193706125 726447971 781782235
224474695 2674054 812451703 639184002
805284344 924080214 40461224 107280257
120658394 479540030 372408007 152235219
171771352 31907778 508102810 185987294
739819814 207739727 437580499 736246676
784297878 603474846 540456855 866048425
191779228 350006116 217275899 856489759
571440884 953944020 252225077 507614702
748466512 206893856 339697355 886953924
854141309 155959893 775029110 339102088
788994992 170381348 113730164 762150078
674373729 707573344 555696665 955055741
986523098 789262614 988777598 677954155
298898891 983876924 405787558 823060569
740230023 178342032 824130893 788753188
993062519 860431186 329088344 444870403
351222856 274920680 222882257 514081102
431677821 556830153 282741230 810196297
363865150 509874383 349879920 102284506
889257832 938066086 295334604 644872022
779994729 164155464 920450596 274918509
672204625 642291749 546009251 298321788
173850575 592375087 748322789 836463139
561739180 160711601 449771221 188945679
225699297 872129051 906024714 962656556
618562096 977854921 5167729 925112104
733333301 794637099 618304024 118476687
993858302 978585062 261256867 774630314
634074073 54677296 164044477 132830483
149505328 278799917 926543708 700190136
232977413 855008441 820392670 727997955
4170646 594094867 828221712 752374282
202148961 371279480 654434749 169674254
861541693 595373887 561760748 289222550
219822058 244493150 499846923 455667825
512844590 471220171 132072028 584970981
738285048 671286719 105989371 552756941
117876161 771777710 497221232 152139440
389149862 472041574 429686004 404798596
964366302 215903418 88339394 202928976
870023969 865482666 112154665 5397512
542084522 112429132 812724736 207259019
796177624 41900802 954507702 649887841
531532836 317992668 199261585 661709986
231611875 460878001 316245108 975188743
560324055 240739161 361339507 74632139
908504288 822602024 239228638 981093262
738351393 107084011 151062286 580340759
403792353 565150603 353915751 246493078
764354131 707258517 893123008 541194316
87400595 637085212 51580738 696011389
102974475 90734165 786639359 753663213
799458957 275413592 871085568 371151323
366219665 375012490 830280930 314979011
157530453 425984472 700813005 261269656
615650992 989548298 250098174 918986029
871682412 613302434 229258421 525165967
862005121 187506225 422683714 745001013
326599688 958015461 970249868 494040477
867995839 626634287 846627203 856978218
864891059 925638887 986992576 369817362
59343210 159808913 252168801 683807125
846319016 440702735 724264255 425107728
619904769 146359491 907815715 48452944
179561472 65803146 671105768 123882063
326137384 62540633 248123870 834846523
248522299 150552666 21831046 889860133
251124964 642333589 961396383 697898492
876816367 924234384 944360636 23262736
356418189 81699179 936204475 387739634
966285599 206782065 514687243 631515892
629153529 129984332 838070969 455875327
626642534 827462268 160569808 160373951
455307830 711782583 262531920 533152638
352806615 921008449 619309454 935776958
923049103 531165933 212675683 258509887
185264008 170173977 459103539 693815203
700710232 407018429 447815950 756399825
765078643 384034657 309694539 666183564
540026143 366128104 500704030 666919091
596998264 407734942 691149987 955312774
996669675 30598570 91547501 900470956
27971298 902407921 980564103 53361972
33596671 24411556 472916844 677925125
108746419 70430205 927225822 442303501
419805108 454295611 572269532 395476125
447478578 743841957 113056684 399698812
944507629 134706243 768327236 319750334
603193036 389842132 836623603 725858679
245815660 822364992 165203044 219386370
870637913 522486323 72973172 415515600
246959321 143284272 546900616 792960142
595298008 940303232 529988418 421424170
828225349 913515897 717278415 838026982
284084647 328502344 460176454 820934106
716239647 644760112 208171727 838285370
875276067 945421579 855778381 214595661
722443409 428350951 782480730 936052073
67370180 475806543 402974425 507563984
920305847 499095302 653868539 803998186
63205095 626439243 874941752 657872418
600910970 675082220 273952398 944695215
942399694 995303404 549493850 452617510
947010866 311017178 160776953 593032422
698335181 920050370 79248574 581920259
644223681 401381685 90938118 235824352
818142706 80906744 458246408 58252655
841972208 79340068 972881652 199361532
542282389 759429647 933507105 782270310
907326554 299685113 971730542 391962999
231753995 520299016 52745794 396660634
428004068 891133445 801380445 393969378
933695225 437353917 867869617 462142723
315830711 203710022 402574384 577846875
168996883 259020737 582343077 510329546
892933222 352962401 306974344 429771147
111718995 311120770 96771734 976350641
336277268 80347938 355435701 568680153
114864242 693260229 859849063 247366724
335701469 532141305 922758816 954753928
9003508 727571272 763701078 194241282
283435710 778172481 917365924 682271062
904615742 294296305 79129518 260761433
261283037 769315067 597335386 206711763
17518916 14872537 105085313 61356886
994821044 410922116 119414892 702927039
108250673 3930702 390972918 931427570
736999240 460304560 403185045 42950868
904161484 553282007 890332671 182897907
92482224 146841083 667635872 16052891
122485171 438095158 148059466 225562424
649820327 71855041 974969369 330715646
357179831 479550196 720450298 821125813
940730597 522744461 55680816 146713708
576286579 906854940 137443887 834430589
99632113 635642905 564485037 743317127
706046647 155301111 141659004 975111639
504901483 555101458 706491375 38057259
806729965 674890281 531850337 657764917
799192162 415310799 154904699 882894487
263641551 308999209 390455125 366265706
92572641 636170710 953136985 530664294
715716478 306117434 672768496 588671875
811606415 822883735 860927908 698573528
269270520 550499781 961872927 126694940
431858718 253604475 553485674 206842832
518106305 272206447 14604034 626998512
203610446 83801225 573121101 407346171
21640427 775011075 591681004 542380751
367967363 420232004 41052029 426987386
588073797 69486324 402022887 861438374
733057036 134616834 507636683 4500642
602024675 691684527 320092941 777287060
474219016 758346649 824827033 988357722
841545478 524672011 463988650 452934241
464864749 722977900 833428418 857802284
732514561 7615852 380604696 475040391
459529470 747497212 533373103 175225098
790511503 978254894 857889033 382308441
668768742 116785100 6460825 460379027
859621627 138224587 688097228 406272658
169207976 563202727 754767536 748583271
448555195 664643571 518266283 725435896
767922993 362882306 53309760 210118469
240967749 698528973 766655519 623660276
859171387 820076947 165727317 781401486
429667460 232743672 703771472 72483457
818330295 663678295 87825314 763842971
645714455 943981100 181818104 701898957
377225275 831971485 505586870 377897457
356140598 241733132 257787340 397215101
899789638 582063771 784240717 765745321
447195180 898518231 532108156 630433610
315437901 863118097 190618018 369687520
35935518 123461092 80551663 493354562
998260364 156373457 810436899 520648388
988273766 771819343 954860350 721979988
396892423 67992392 592980664 273629478
298252772 106482096 23293886 538271397
598393178 595433443 360166079 617503892
786601503 339223506 148288780 578251423
74032557 372207581 585045264 377268531
126551382 755171444 810146683 548182812
382191696 385493573 252034314 17778484
574627044 672332726 74930989 690502517
550101823 422676565 970441321 208793450
503624651 399377662 973196059 990176936
831094292 534179990 730046665 708702457
946921390 268445360 291806033 336134798
807686449 389697777 538397345 732575824
252341608 613642694 189554196 826245405
769864408 792442011 976490772 955234536
507062011 67253661 975009363 337749089
336227312 7511146 410708900 991019309
212882168 218270316 210943174 451908011
361230973 442466013 301670549 776294495
81953997 364720027 9924992 992196206
743299527 113926334 774027888 138647869
935854909 321115399 372718110 14858650
425118639 532072725 983829325 480119353
886996459 244339121 593380539 805789364
208426956 203570735 590323883 358512828
680036554 69184901 505256938 31390422
350782253 159867935 915912158 533421469
728526190 342114855 184052948 913854600
535294319 21188769 187608553 194329215
512832905 307472559 262872030 590254108
227775340 276915284 182983328 970939256
718880429 979937889 387690705 404588893
662194432 266942627 10300972 206450414
868477954 585432467 915847003 285991057
356704978 576983065 651380498 240007258
59219950 925062307 6119662 912082800
356354757 705224014 750499019 452440724
823751883 190986043 944550712 302312230
235182665 22101464 550952145 718440596
548194384 261728742 675723641 269992954
773377949 951550381 835979713 898680098
372606218 805603610 64395182 3250020
593131545 203755314 217273699 380049353
493419314 384980571 201161653 786675878
795752299 223622163 231837518 515762115
412749714 872773707 228956362 670726751
95721154 804587612 843123665 438474599
991827284 478175451 819980879 548477999
163845914 610170469 124093815 7145682
147771857 894233084 494903625 883268386
173824829 226142637 192095709 77573417
230731501 879301598 931033942 135220650
271961829 146827536 866932803 247399314
419392069 111301083 970465317 249177656
425557053 661854515 969785393 636413908
945945245 860015712 916744477 429445391
986581842 443073964 644518139 311242068
365995124 653461340 286787635 858002526
485541838 201849940 947085864 830303804
