2000 43143952619
739632349 814127693 900850916 723018095
727691687 957017744 615328329 582580499
485187427 192475923 284513274 856977683
645772362 676465092 661829418 28027466
510928623 315406322 12069724 703737159
255950551 498288595 282038454 256341522
234135994 802355134 935633463 169791978
764895797 69172510 18903833 87807529
660442849 958466684 284507673 212176909
842071912 511562355 350972995 197124417
241981203 370870762 8646832 394799319
869912468 847698874 242782164 927831230
814764413 256176619 232833258 868345733
437628029 303376732 50572078 718928008
353083291 219102847 405468808 865052659
244088218 917808918 129258628 134046394
481667889 758629896 937072298 433377097
153048554 727620854 895935993 253376441
659763753 50280907 824293222 827720584
928134326 755794683 614370507 729684564
80732478 455526867 432244614 144943304
323190764 29565399 442334201 630528482
718434852 703576904 54198977 264068398
913594050 816119267 884331168 936722936
179117447 466574880 810045501 755313271
970767947 303926486 43078302 160996850
33375837 997741794 772517305 204392527
526892917 362499812 810616165 572540343
527316191 517879561 598877331 522352764
704008224 265220906 924995088 455673821
153907662 298887219 113925113 854142137
688914980 32641014 601149844 440586489
67965969 368831182 214283261 282856896
794110422 144262598 638521912 258633714
449415245 579108229 57929510 284687206
197449337 691245195 236736199 731295178
385835146 65918521 98416084 344237185
66126724 580251353 599737005 869641774
45762972 560126122 843028499 302626002
122978008 832162572 357271862 673057947
483370385 375008841 490891063 144104422
59675125 291436739 800984805 104460238
982702287 685569608 8314579 885937350
255656544 14845449 527772156 996295822
625414506 963726412 590981484 749276982
476245208 764570223 236913359 703054171
142896452 330967781 859014352 707248627
444816183 240902202 385277926 621890306
469291549 122862401 514608206 664472
694209356 263871274 776093880 403413907
74252587 49625529 702169924 934558410
848506547 238339527 949516353 476922608
993294896 66076581 200152306 819339996
757015336 773466562 688422372 200316087
287356759 971304034 441387003 343741938
261366863 82406974 166171311 361008039
569150989 660901200 675118109 175614465
122260236 627747625 52187 396512129
552582617 144086000 121833587 904258554
369476203 51388649 834284780 984861766
535961843 690991032 391409746 837789302
739647026 229269997 209778290 95631684
337452615 5137349 380076628 252640392
682213790 117694931 881837363 275771583
226906645 735521386 334086414 303986160
837089532 814114231 132850526 204937354
480295360 342144353 922058286 925701186
998762693 749259518 791192998 473583000
578615403 494290866 453979109 204194786
294031564 448162896 889702485 653652213
15934141 46867962 166826736 525785611
548270350 370457084 157630865 118519888
557552610 641765270 586022540 534320785
999957223 682886252 116595525 626586054
987361788 893923483 800894086 773097848
786752138 942344238 416271635 249616714
465209786 589768015 643268440 466836036
464063427 882326017 152827409 345225112
473018285 67777644 355788027 773443540
349293229 334421278 285437487 986529443
470201282 835715253 160613292 139712036
336504232 63903137 551817392 739328484
434096076 829226318 372725320 767127778
434899134 287592461 112369477 591261818
653504657 386416440 214386370 12724789
930640223 742220149 138278607 715491861
771843701 860592266 476675054 443944904
706169843 67555891 946371940 325236823
200750304 980969266 916207405 746824923
867806787 877293008 996080173 921061803
212285186 155958476 45314216 375456026
742828984 460875815 204151333 980993701
343182101 706559218 806290110 23699734
857839901 72933447 288536946 4923277
965373355 490167713 461085027 936191020
282595958 291109264 49211634 951893971
733622784 466219992 562812092 189484148
182427989 514481493 859434101 775586690
625480549 734584888 177035118 891431088
498352594 17682593 163668900 347425482
941605002 871775057 790364884 753412903
50535196 74651432 831067467 468034199
715303768 772149865 703491780 394981354
715042667 586251920 318835238 377621212
493395816 250455830 651328918 107569847
203366435 50254613 138185875 620850641
654896184 377374473 51787356 357797760
212308643 429216829 695802848 479902421
978392195 639845880 711045426 403614990
533798881 59219420 879557064 253944099
585783407 455789622 693472098 484175785
684442216 654669534 215392142 171559619
139314940 178878576 832613764 641953223
46169154 473520349 116407432 991613705
5725117 728932919 148620381 951716595
894434007 83568482 678087260 889968450
426970809 311355547 137365368 871297292
916250463 242964922 483752886 150129361
402157681 848674341 984149189 176238126
339388868 271301401 532577779 397592982
316708309 399287447 188567611 14248366
885306639 620634811 221014487 182481090
103126710 429235806 254940895 978947164
879453480 234432093 68867882 766507994
28891510 623425047 968275609 504653782
82324985 650041264 334457375 198801207
981981244 362449930 757995207 487513017
866338160 713204349 586171633 788253729
372224337 793359254 560115741 269445978
603926145 641609040 629920543 449364471
54167549 405732033 61154887 925626090
202806542 913168386 19257542 75871081
256679016 239370120 921007635 928309258
803701285 113882006 554246433 367987885
731618569 283044782 323817634 292794405
987046307 125199446 718127089 406524308
581584655 99423807 326214975 197476889
557636991 702992083 868639229 56443818
31104964 86009102 200454564 442839452
396585750 683463882 439738614 688170822
550839601 748208506 886616319 279315536
453320254 980219366 84875640 882787213
624074311 602085410 975125624 931985801
630020545 288066998 868234653 495589562
99757500 110050557 332549108 967976230
850423428 88349533 702942174 187990749
552323282 331044942 531719239 909334580
314197739 739099065 690870051 294885977
693304934 381734621 129825220 129679179
239193051 313025152 115092705 288946937
415167860 179413835 806030521 227091747
24144194 481288711 230044964 364878955
716332383 301538361 244688937 841597119
275939066 878368654 738980382 317359717
240369413 724969796 571213424 537192123
885282632 655569215 380046281 133605340
971779760 550811495 27635103 383669457
978579412 662288294 549710745 596939920
157924358 872640847 98796564 818383483
308019894 273889635 640186998 420102194
40955764 398380193 646913955 461735005
482668517 101136406 789931664 175649216
305676656 707511887 451006556 112562228
333585555 994437049 574256952 256947473
719972882 497461780 21666277 334940958
158297316 351603859 481717992 696059151
8545405 727829693 796431824 631155675
835318226 554630733 306675625 48746232
595710968 484570987 393504570 722856943
765541319 241835126 826791030 743272412
60766518 709735751 417541136 451517143
826978760 444651053 364494939 785021977
278978397 639312150 267849135 285871541
376162410 200133613 904041414 824961109
678513938 771740540 711889641 921477670
876979491 584246293 658524541 877289055
196385140 344541154 98819124 508228330
960632501 943565820 443030293 127084721
124625400 804630743 715610293 358697363
4190689 523851255 921051554 114928596
845879434 264028084 312275858 626911669
937359747 243947048 708525530 522878865
395040151 482525310 534616346 315792402
302307192 646336506 306216294 993810796
17517697 665449956 730916371 517229474
704255750 229006941 918552471 968991056
945965770 920762240 901838755 14544276
237588116 913120834 502534122 891659192
547582189 455691429 309008856 875332547
697154971 804493362 519454584 230278781
97468030 213643924 704744517 349177449
722033867 300467314 438056580 96734548
317642824 550908002 834739572 660305997
279662100 549672773 837673741 621873248
788342368 127495210 725753214 226283908
972346863 959623671 968002062 438391737
548062059 111296203 811610053 44928526
876139920 176070880 585453713 922268149
318434085 864314464 355936252 782311288
663093816 825004074 522578053 94293652
914721631 65003035 860737669 146964212
829712312 653822050 371693541 554177196
832104224 945209537 403972263 397822884
948225522 748125369 334486094 722145605
470232418 570541518 124725937 82296279
918403038 17917029 608350724 954965027
130963260 657432741 554698153 922444839
499928527 721218547 591973839 60557746
176608363 212114364 144790516 672965861
317858994 108534723 852590440 628980659
241421385 930330216 959144865 729918109
881295140 478527395 845478262 660574962
484839397 27918977 233069413 212062735
216910319 791217330 321402955 93962325
254308892 416075289 587766794 652155297
996685037 229500976 248441719 722391978
482258778 297794817 565261696 409645050
558027323 60747338 9657976 822339978
2056938 225479833 68862733 227274095
812137433 277109654 655197046 218992298
120004213 743424307 664724230 972077989
833057013 408262551 419541393 915664787
519897610 485016088 562758871 127326967
304252647 548477966 411979628 788989544
941269866 761142551 618832603 151810902
116856922 382414967 845846165 832646516
66376462 301676897 915413593 35040988
867477827 404858303 57659875 133980205
312750794 374706808 737646390 393456912
884646741 295548174 651987823 846830176
45518647 690982049 627448417 110018110
857112150 535671199 824922271 203463208
495586704 351551496 114890630 509015433
607508538 786493720 352989975 874248360
204354943 670876019 743064110 140749355
995447197 55492500 556767667 943628981
365302379 940387321 554118433 351814166
897532259 88114560 510138406 87731230
550496851 440632432 732795979 342604764
862461418 728068944 629100467 759208315
707495798 774554482 320351970 349519305
398128227 301685886 942019219 247567817
903662529 31293773 639927780 95461473
599799764 328352828 604159833 647812472
618978741 361054082 944852068 202482634
583734563 745270978 369817573 920881361
338958133 356948449 72384841 697479936
177615311 915854087 882204845 477634235
263184964 510614056 165602661 894379805
925182940 939664491 957229640 777564013
487330913 381833207 484368499 779795407
217327311 952060435 264932789 462627979
902844807 738764471 960095761 515051072
130818753 323287892 890635842 258574883
492793310 896232063 251848807 285578507
848705840 658484855 667651858 352256924
483532277 322837074 360864188 159177215
548702569 543429613 965021585 744276660
694001172 20849197 751410096 364873733
300259040 544657514 795922428 535967036
398583143 828196379 886674187 127209790
961231057 681578978 794970970 540396337
192152351 494973128 382062622 590386562
451750894 773080674 546778829 711961216
576835308 588165064 127335209 319200591
846500607 177945083 445461951 898649178
238677818 922532673 197785365 967557823
505940547 390099838 953146375 771111251
803839304 805490126 855836897 635173597
416973869 176947891 350093362 247170882
730273653 280551295 742077659 779593377
554727890 490104232 107810120 5516578
585128757 700489856 257656017 945591533
390021300 207662122 712616903 700983514
647100536 606243250 540975934 254358102
890789392 921533699 616251624 673661017
518848630 766816908 196850802 453490614
721811789 726085392 199101542 266692531
267103563 85264107 195180518 940115802
237110684 269081013 97844880 900668072
762788125 166946270 515450269 767484527
841823739 39410765 463258244 432078794
931500635 239261709 980978012 267768469
176695743 665580424 484574797 324022582
999751674 86775544 969970365 971848267
227284904 258229304 570186823 784107713
371468955 600293151 653087142 429319342
41435387 990079999 465976951 573959970
42263045 388016835 549992855 27897997
798211734 648877706 339682970 107332258
650686351 328550398 235060412 528488894
504701124 858890699 993498978 169104036
132472009 375694505 103722563 875825767
699376819 958497951 17458001 455553157
690552942 88823309 76151786 101013218
906428891 198458507 774918831 327266667
407590052 674258686 561925049 433504203
646723961 884098214 462594226 268472839
609360816 910764384 922593555 436539225
166371935 405225694 107790754 212250755
291074037 112499706 272157543 940397310
648837531 153461722 376008668 42917525
744224039 511450685 390911951 871669794
742488624 332277475 419477573 411688098
70845602 117803892 384654994 548055721
406553848 553258250 959618064 281891424
937213367 506675224 735074788 628939708
403589763 867930407 32593002 30069098
273851164 317084621 144725106 492282883
929218121 543374649 253406366 227178692
795941065 108308631 485818767 345944369
719901962 676831678 449135588 631774884
590668483 193961271 3726834 302312075
13167236 629982782 363768041 334546066
595266472 363260598 273550522 368509784
503134450 703854158 399604336 859450612
795484355 398504736 71113995 174190674
166599687 260321521 546911584 25751413
743652404 539959886 173263775 15795275
519012490 500247259 685684074 962127232
946704207 335297750 612978225 280078539
351471729 993350486 687733982 12728205
291124872 692416955 54958599 967259450
518999823 625644938 904621011 520824187
764877272 38171014 217840739 474406627
23193515 313714039 681738590 384428409
316527135 183984196 317506604 598181864
614508396 256521952 318709404 375868123
756480028 210630115 24037275 600183656
46733024 660388477 996136665 946495877
387461756 797814568 492412690 389816158
328099112 96556690 63956486 901408993
939200097 895287839 913217651 469054073
169461001 721806695 924977696 643577356
735370698 754616553 589544076 170104525
778396715 203421553 279370250 177693349
699190568 741476867 670949759 24715931
376454210 170417834 692369326 16324171
451373965 107052063 832839999 399411079
411995161 455516314 712932970 90580776
914292631 873110318 3970098 349453044
903170957 110165778 805771439 495798003
105149889 622065699 70870670 879138160
172595170 190797221 694588720 111950791
598750311 763327001 387744792 667002908
313685449 830205192 844647865 775803191
29988873 208543039 875886964 876255336
893134813 184487020 735314726 737197952
988171576 489769335 631592146 925391198
802343101 578231121 569067150 478475803
842718402 355470204 229174295 22948962
166103087 710031299 415896524 926122995
211656941 691680986 215427378 368549153
232585279 128715996 684422224 345697492
347722235 60057212 876527963 659861647
751607014 622829862 425308084 220967964
493043344 631423707 916030100 552947360
585810693 561298740 690356842 652701587
273445218 949929191 156583416 545835118
748303266 321326515 110375428 957929496
401399727 187237995 944541804 649752860
91925543 18391893 29175168 447374219
488794011 369826595 942097016 668070690
752592194 897474777 258934827 87012034
318938856 898591266 963809650 107837954
425572403 326662823 17427970 663033510
566256899 686770847 241405950 632510789
292624875 114677980 2370982 232555686
945061614 840231020 87306414 424823159
767140806 506246222 103834969 672680377
287584746 889778627 601388808 581368728
549959928 611067820 718961708 948464101
893133994 529585489 664414296 208209667
974141804 169675501 994239980 326510584
112007890 568207891 732642617 586709180
185788060 685517566 68847774 489190215
711730201 643261006 321647154 11459835
484522619 61303314 760829495 56405974
47834722 811196664 820001764 121832849
580069491 704956333 178017786 792479240
257805738 28714106 560446142 434523793
329720004 503163734 724043507 65403231
529891742 809505171 114692329 840936209
475112812 565043330 530648611 771586986
919708044 552265949 991318366 814410345
516682023 541375146 364221072 533042625
292230660 783943334 569906011 545111144
632118780 582372782 615546663 50259650
192044852 661835565 818421531 843183501
983878818 334433351 89022818 696911547
332101079 369299921 276456196 728508516
827643421 322571696 457760427 428057063
876420603 224222118 917875465 142532252
184427598 166977075 321560681 771868302
930512886 877597712 861829762 715078161
816876662 141582944 815026640 138471065
528007127 186495706 905886468 86758257
511633240 685714623 880736062 216919729
820281840 586485130 264304077 52672125
765766070 844728110 404136566 593735087
588094424 799773017 261607150 43370867
678229361 41196639 237579499 293203096
522757824 317006302 442245577 35652335
216600676 693104615 170953367 526481696
324644128 582582652 560054693 420794653
75276956 214520720 139858377 552659776
878484225 977470888 324856836 634112544
938694748 164883185 314088672 264492412
436592310 658269927 683836158 80545947
547018010 183744987 285437540 76976323
27503619 987897407 259850055 987807675
250758266 186617116 473029933 769314932
360909396 965604431 760646301 522992063
183610127 798663231 406867869 12230164
468253442 429391422 914519831 910527117
412210275 810312078 681521494 178897214
129218711 307027456 326652209 184824514
278017513 123183920 511048481 33313988
66072620 491196207 477413205 745822607
398648823 243564472 437307431 231313557
45910495 637537329 918752266 162150609
924451638 755650928 491971918 631633265
868614367 890867984 646668225 129025982
133178539 142104709 238600635 904475772
621746948 533708344 503346896 42959234
359523077 485340962 338609774 323187434
519152434 52751116 739283616 460435291
271617037 400656643 108079600 368272088
1118978 878468974 695531984 803675025
48790686 525509274 578504184 670889822
376758315 476596597 748175866 125896094
399757307 512972202 490920311 963936232
264051837 484681285 438561570 343199560
970547464 404051727 356716968 202639961
308935309 856413816 692558788 447899625
318142949 463949405 810519846 847349345
216617278 978629210 237159004 770063193
227078593 169594928 487506735 55834336
349705361 210494609 314838720 323779720
472089202 627930386 702452874 733135015
307284303 61036448 3341154 499356702
733895793 964711782 891477564 825965191
356533739 503043686 861760946 339546816
130510137 278705818 464763260 908934897
225217637 370929967 837295246 921367511
787417661 264463080 424145142 737065160
448105144 504420738 687403907 489755468
585634491 811398026 82278441 611149223
154948693 517676040 695705940 818417650
956238587 23048249 876632455 393744750
302278253 354679115 825969669 473473053
266368289 277370349 912146129 631952114
889340611 276523053 216031277 124933946
344858237 338804951 549298508 944468182
265607200 423543575 596756632 57149807
732193895 885717978 906953552 480831157
427049627 72336002 340104584 663749176
789569851 534712744 189442029 556400454
863313446 994290090 126463479 722900402
402083606 13593041 158577733 756523232
882068228 334548657 96806207 16085672
664307411 495413303 990979607 966664594
230537523 464502711 431547333 91383734
548017344 851633119 239558105 241644659
407433997 683926874 560012024 324006523
501702851 380889493 41374608 490993271
85313610 882435191 427675412 59378210
737558414 686823200 360115994 448310917
284103607 980582921 426760295 618329078
377313957 844880020 182818752 469213970
226984825 934296974 944807029 146853495
596869673 293853654 600610518 142854586
661191326 906717061 849974127 759187925
781466156 975496599 579786601 560564593
786781469 614544835 323895742 553607582
781048579 353871661 847564721 221924471
832545558 372113696 228710177 728435245
503518262 109242446 901913619 748380878
488933552 361792477 11105250 983297594
74751719 324514197 981086648 829002929
224521778 332724045 838654621 475580502
428730092 310579794 690204392 591772178
401869075 486739573 229271088 388576133
800606910 131031429 397343895 617804946
687992091 18836890 439625922 336675262
30340693 214913165 178995091 591131606
176051946 351472075 686699093 691605524
940468592 402374653 523232100 482416790
620462033 274876271 310291064 649393760
388513397 228981183 542566032 156437644
775014139 352039219 983904049 795277734
360274475 791825559 204863725 599142194
308411678 83671393 434038243 433162121
145463067 198512230 89198185 470049864
478268673 164925624 841006301 807653889
513657505 97455745 442337880 498923104
44918485 446864445 597654826 900402688
205037462 212552584 48362938 538514532
49906454 894604948 323469799 923342336
884085762 891174111 369994800 369588110
651798841 892432287 491441564 235553110
618571924 598017140 928734529 281897430
158477718 741802790 693669510 282604437
130406595 994047857 494279574 595020710
760575576 913101268 785120686 386878122
282530952 439216742 656110892 317201800
852889832 144188061 886374068 93760278
887555324 97422671 377732519 138119698
771418852 315540488 694492985 781260789
161237643 54393896 629558112 18909704
864873438 930187309 128404704 600703206
839757721 368893059 368521517 322922490
337719763 102298219 495671265 712457254
523676539 676283890 964449576 731884170
153795222 436878063 418562040 485405651
749035629 791632563 974036497 423304120
895537471 859591183 735570684 379605357
320105614 243846488 198076340 165675956
91886831 480065739 223009334 826869994
785268691 397824295 873261367 775871540
915255847 188702843 232866304 65963845
887444106 915726392 553442165 469826083
576513867 250307833 759708946 537330062
578312729 610563839 811287138 636622175
967768691 190261397 60049457 113289807
343719450 946997551 645308289 584993103
979608513 206061168 74689341 448535935
424227250 378974388 367727758 833517845
626034635 435810133 75349754 427099117
329935629 951441444 224540318 884386599
611210811 768215895 131121048 959064610
980297914 898399316 520088862 457151371
975659129 296085098 9741935 705690738
737357945 834646515 815099817 815853244
421589383 427333495 951315208 446709240
463382629 129595946 130643460 40564195
195177654 615600624 909557974 997047174
670291349 689519563 598523691 513658170
618539940 700212110 750165726 128440205
315905935 77183646 362648976 78893447
770342529 219256905 652793795 83070148
803317366 677556494 896008646 136580567
327710323 845944818 813680295 59459155
971548736 146002837 559599121 501239635
712672149 429749462 938545 141805642
216478516 341266334 796303562 364230377
268621112 572656442 767747324 876729988
959637314 533684895 373574138 712644786
891566940 290584298 470808771 258815559
895552165 317512012 622756319 253689761
899135908 172779720 580441450 68646965
239697548 146489880 665835855 535657391
369225325 716371622 276647347 953573687
84984174 514056580 365578613 173223117
502804848 325633892 114916626 106530249
582614492 812064132 385082515 281202022
785515209 30242041 28344795 198496095
833863954 276486868 152023012 181988887
28880730 284200358 354526105 666273030
841349607 16178021 456066397 381550356
181087534 417840164 596637151 159176541
590165133 466539777 685570283 424217468
171892489 375803408 201818008 94444064
578434631 103887811 26252092 957976053
804648753 988169612 139861426 351639072
984602573 464026124 101723358 902046476
510904100 132872546 629128216 77913909
964843058 250037994 631544582 979742632
229355847 816221933 866600103 583975202
634331708 867272322 150496341 937424006
162756573 853011867 724884520 396027910
875866618 779334725 214147933 602606377
772635291 952488726 594765414 333353908
994430768 903974353 25677412 834083356
875715418 70593683 383452676 308294735
763127694 730845991 985955342 281788549
276321542 733364337 154454863 496667193
714765736 343187231 15192947 831292530
694007604 465488612 987853567 933354046
239365833 833820669 296258949 556706282
269999869 37203358 697211711 977430581
208879550 240853027 225841846 871600910
788134161 174992018 387609489 143417813
608714752 42323055 401618501 89520104
28509787 655144655 198694699 910831900
666460750 59567026 820962239 128962388
423874058 248981310 301676425 115558735
410207041 890710421 590712428 666451316
68832419 855392527 43166606 542933759
444414981 759926325 508500920 735247673
720077655 548019854 895551797 956879431
943082392 285617821 849671881 895939840
917721094 903486414 50605732 663859434
549251584 699039249 434310888 339793335
880146293 516217457 376702946 519764977
376221978 186213183 128356261 307317269
877441162 789557026 87757161 448691345
990096130 812744668 236179035 287066659
901185503 616052918 783797601 690123943
964765422 484048250 790180384 237200910
660246166 451066479 393623995 935721775
548589014 492560725 114005058 359809759
878425047 221675665 360134750 378670332
825591614 229305795 190214195 128081652
123338875 939469431 247985195 155045501
796048640 640396465 435345075 425325402
888112876 253714966 733636226 565653496
945933924 592939510 670950528 798419248
420995011 889890372 335709714 918452699
356511536 852864302 842205601 527077563
675493346 597513326 856124524 109193816
505065639 464249361 961177682 44452164
350192029 893584038 676569759 83773
182690504 262049497 302230686 734251838
271557148 652743540 343292242 789153844
445633650 920741045 428391529 585513592
569659019 8469170 122204578 391684721
339907561 93990989 872795877 508437934
231977551 49342237 720198803 256443804
954968128 999081594 926822499 570116697
553142412 150197474 15178874 933728277
9779944 777864256 652118959 562031474
269206538 945029178 770803822 941961880
821612908 922290098 440778420 628826007
210469360 778443536 538416413 598732061
732660353 660177063 583816823 483921487
773900275 895148661 505968006 418870342
733039820 527017062 203930785 40831175
371166997 423381740 667836347 6792202
962030689 512999266 591353603 981473171
736843469 946237325 94097690 118201685
53294982 7210582 688112524 867670195
157275400 784668747 590021191 816480005
809272089 76123381 398945818 717103795
547118739 39572384 164216810 294807161
487085675 150380180 623942270 614497255
635257962 645460497 656733672 84267696
358998519 512514348 143207890 670518044
778378056 181367224 343992282 229916953
582906561 393205607 258567318 646330336
638111830 23581866 327153386 912215045
545069763 919090488 699389383 833743699
650931892 762606843 749035208 415766984
388612827 576579753 837611558 184715664
922755261 780103769 848236558 95098119
592808140 71542266 971958820 966683681
809246556 507574302 118809930 870874341
72973343 232999608 430756265 690982759
509038865 923463680 404516171 591838237
178388438 757493516 3317981 944178182
558083118 651183776 126983200 783623185
224977462 940253079 227825443 411669453
440897912 92601012 620151857 357936327
179593348 125040169 910187052 478602329
406202855 570905518 881111850 664440697
141386618 755235005 351983103 823332838
654808679 338533675 322965193 653568530
438121360 427478433 21442702 475517800
542189759 509277197 832243151 965817047
339534581 580063151 367383433 300046096
722789640 6415528 756631223 852492725
972523517 941678493 896787249 145669460
834563415 210616867 936200678 496867737
1808005 483685908 572990855 887532512
281999170 372199713 499451132 995770643
185870733 478041746 521589687 311847192
242405670 243932374 96993891 207318730
818230893 745395463 996767863 615532387
421729314 805666404 152847077 700424112
619448766 884354804 541377027 637884209
451458164 445556580 445611033 335644596
175505845 710006134 482561388 336219876
524150175 236872426 933986623 853696405
723658876 235260392 134445455 152872755
656902152 397797103 51442673 378871233
536809868 498634001 298144437 669350781
647291995 370819525 915827023 828279866
80416669 659915347 124017963 361122759
596033995 745063302 69628258 569969655
85011642 952918111 787617081 133888819
709441764 598584024 886749886 493784727
68437530 493363614 829213652 443208444
613870402 863636645 749635283 365319120
277017777 96896128 610639001 535804209
77391460 228923639 941448882 752487886
226750744 810958219 955371412 608887276
72115224 571521816 881970358 512195436
539561662 82502415 199955777 161468509
565128995 177046620 666455478 295455444
278076350 768425638 676289684 633732543
677927701 641496756 21922010 330449504
890390013 860486975 336519548 790207747
347734392 363870947 588313795 233724078
486277229 631949924 881581593 688514225
252591191 553573690 105301143 553961235
418854507 911812857 812081414 604525047
838849411 920734893 211087779 439872297
467217957 107575597 509939597 308767095
912319313 218197664 489615848 317559070
545437468 147138558 823399592 799995048
3637683 265906789 446233362 310950139
361350518 417808299 657148437 625914362
489149602 588893055 661820188 235234511
153625894 395815987 309027141 572757933
847096141 368203149 138711300 443303350
622457130 938148311 712603018 596836450
21741040 831208010 567261482 388096907
833707170 46853054 949940471 144425013
382163473 450618132 483773423 327694430
184694812 956938686 685887575 225591725
40732626 539811720 621376972 792376383
807609196 906418124 222463693 112548751
697812978 490651017 457720186 755388147
657236564 822555661 501697786 720420194
319356750 637814175 461860232 362613944
683034608 214090541 359913863 833296971
66893439 771837650 999197972 532309321
134524086 625744571 363128635 68794748
328621944 78450083 49472299 294754780
733513413 845433940 121503186 335608029
9023808 414415068 981655031 685804412
700419405 725019304 413228894 952283386
54059304 6364255 353068512 966909790
269553726 73484738 486851010 944403021
349414377 683681184 956837977 381179079
288337602 5010038 4049 190492775
328391884 700767904 485818551 476406459
56664565 189316512 491022081 474177557
336804642 240684059 891222060 178062635
320890192 80946342 638264716 63476325
926186415 708141202 614616956 877602803
528248059 28569180 672955839 78798254
514391856 6876354 313206205 111468176
128292181 144773358 604734547 488344871
571259838 56086580 239186580 67874029
977444539 115315092 186582724 134151692
83913696 92300209 109519553 99328921
969522842 585854848 909754872 108162652
327514536 350967069 176889825 638386033
933058223 416144580 933483952 333886783
811244688 776958451 898201089 663549942
40190184 672360736 25255201 273183783
292171436 740230536 258440946 192206780
443711434 516311555 249119971 124319342
399504770 831078098 478401679 427355300
330866085 852146057 546814339 439044366
868243476 832777263 456781383 118608806
116305156 591899716 612672652 873960789
918293344 592985073 103913605 723247965
901243135 518529709 912747251 123235289
761114184 618495156 165736359 423997928
133556013 651989171 608795251 554717654
81487596 829683546 782040506 640341706
512665218 781846754 142302468 527790987
831432737 560806688 545314769 62863134
417743363 359563277 912868360 976448297
16726895 11952545 871299739 867281761
426001253 751182822 161389942 821811003
774316092 709983900 824867417 456356276
542957509 248148969 526822414 880614076
971091582 442087379 416170997 533426943
718245196 738613131 530104486 923285413
691160054 123215823 272584170 893199059
267479409 495791918 537360911 266517196
416118768 205818618 200493415 447423320
31350679 44347590 713721183 55924745
672256228 399111241 747278984 642067191
426619631 749303861 352893508 571133160
348453001 714212833 882813328 878114774
406989945 174522806 282902811 391677581
174868738 744980568 711585602 358242912
392155915 637395470 17892313 831373530
9048842 195517597 472847300 771106256
242660266 102912046 453302690 605594384
750674197 52437454 200283698 444419518
811714479 136993752 712558465 867555983
536362124 516497082 747330639 220886802
422623901 94632672 765652038 571740042
312374527 261005275 19171650 957512374
183954237 332249047 32977499 794611616
843859527 821220142 416788145 396325759
527529008 401576137 486531083 11783607
505384699 727372762 153166972 180155495
588316056 175999293 506565218 628318377
259720111 530819854 147403333 224720166
20457565 963039496 696166771 762737060
596263978 954392171 626416322 170947525
66727612 791543374 227529018 579358374
711448705 355666301 124493244 565575908
435292176 752854322 779300953 845214475
495746440 781794100 445208210 593824464
99848984 313994131 702381185 3484041
378708945 986298174 76347697 899811705
832192498 340310359 627047845 156768205
239160309 398265591 502391875 766402812
858454952 600187985 633829196 634490955
704842714 480566 272356328 832678770
739956884 610814754 34119776 53530261
107137538 473062896 886673768 884988434
930387484 34386766 318835190 966233787
96046992 197621150 812148224 804117744
245016024 29993161 99543044 572039325
401979665 728636602 126003351 625193369
276497609 921385745 835423002 396126072
592478838 80882317 123436371 986540124
278626018 538125695 804491495 3918868
572405 971042272 454631203 811277159
530508114 917736806 87086302 74031863
837169152 465868365 859649577 753521648
391103779 112760170 546732086 437081790
198579138 975086654 510311092 321669454
541011790 528614121 819530903 332560665
499155499 728140451 969765412 195432044
239392574 12694812 148125328 478605265
522129963 328768562 19521750 671529959
9171258 991950645 624374762 536020093
260082623 809440883 148247493 937764166
345854706 764377130 199991405 368979458
244139840 532175003 228955966 45892188
996833402 343145299 815504771 298835837
729745411 513672971 672112829 100475226
699957801 454323085 887316415 380542905
781560331 332128144 456936023 538538244
309240136 92230071 328023894 921707062
412372049 843828714 783427937 713078075
246443688 958781743 630264394 880786060
572176405 249499169 336391388 254436671
459788019 388812521 778010546 433010683
812420699 761593353 49384110 804182151
849725865 473162403 762016433 89963816
304436409 364013813 762518866 417748538
209321978 493510332 263249710 777075689
781118782 43878917 578296225 516777626
743961975 584631348 705194903 651463085
649589165 172138525 909785002 496357131
347352733 80506696 328701031 928681052
591071384 175451679 832086589 971645722
976110403 730165531 648753017 701601797
402242520 750749710 809055173 824507591
604963700 403440025 407110420 230615289
930040218 668132250 332455563 788239129
362506478 715942531 124267825 190966349
265480193 398224934 918590463 75974321
174345949 566775293 137948023 858075896
761232811 855232214 427256904 275914926
935281094 92918899 914786583 576723194
898910993 356759146 993350896 408930447
240367004 782599191 803018164 408971223
400808312 481593418 587852138 439517016
607758657 285962786 705261134 212023269
611096760 814535623 253302847 589370053
796115280 325354745 534551730 840504946
22356340 634176304 494204628 239029558
661194030 253618371 204514627 108081579
626059273 684293272 684394857 58057684
443691615 993149520 254887645 449223559
63519129 801702012 664317416 482159634
927694718 793861123 195312380 525477404
318123902 848616465 236220379 631351346
496304630 649644846 388208189 87803000
671044631 250620693 166728377 420360254
759598474 942965740 523801612 778590389
567245636 419600043 164042217 203688110
896738575 475814215 302725173 217606529
818747669 645161172 892216333 588992919
491710467 649429008 175936365 218383351
986391509 544194727 368855476 891062043
797003398 121608954 56981266 884572433
792866471 764683585 78731722 665713990
922044950 568077077 574024561 640825091
410350018 702365044 113214157 208714112
677408630 338670391 199294876 97199389
511336699 522562784 310957682 483435901
969977284 492279187 146860042 275675068
211768826 718910396 598122037 27288801
797349953 892195886 782174735 693109491
591830887 949378563 744991710 16565496
364255610 636403261 476640034 408727566
272374121 240482691 787158125 266111459
216586259 120448035 757396861 541132322
160005391 798751926 89808580 487742749
12074235 166484137 994814906 838833780
926057825 289469290 133517050 617186863
978743064 986527597 994774019 275463620
455088905 602684501 646014932 915920991
484422426 562672395 179118174 761771627
64369133 904812022 754741503 89438890
563165612 8669803 469278936 382677670
208816448 637793636 500766277 793808653
477562173 636106151 18953446 134224221
714464088 762600123 525827131 382058906
764013259 302232311 182795647 600330991
775861203 543665097 692593691 335115793
450492696 441718784 617554788 421694601
213857958 850219534 244463305 94099839
668863037 858220479 908355269 245808824
694251917 951326398 37184322 614437823
685872179 947204624 582740296 77204103
765883468 670632252 888061028 386555731
801382031 761604419 938765486 529206862
839392133 424614136 625695860 4587295
807874578 64227679 555878762 226151323
223853813 417459270 530181055 277370140
352842499 668138071 90448826 142845791
562185572 419529408 492925638 495396316
382011293 10316326 424280195 820715169
357224312 593653829 567640982 593046685
850786621 382011808 895650528 880400087
164300322 707969273 324230610 27332592
166030730 818520298 967717944 745702763
613786044 338097840 813696483 695330507
768307319 333648491 399156538 932761415
116112266 711233051 680043576 95686986
470786846 552759759 669986063 428376339
335030883 788744383 152725616 533975146
796288911 792464555 454553295 926206039
528385168 530186578 317356699 52861687
312827969 355045702 84205063 255886628
675612155 417380340 871658415 735213137
853021222 323734809 348349480 922825516
594187120 944672779 85587715 939596018
341740022 194452221 675475980 469142701
476750326 256812756 395069426 280987390
103285109 372225801 723658991 732255029
497678341 615635 498221575 461103381
978928383 193170730 446102124 31574584
73495439 178494393 164626483 580572952
309467338 162846025 757586917 350662754
234837693 292814961 880691944 110598683
390431136 736360873 745651857 252162270
557719713 365674827 736419495 134947242
214537693 68390322 763943790 547767495
31337274 379892532 285970211 303262757
592770082 805185860 814426372 184130445
96416840 879523752 413067445 537785895
350223519 3153524 351942247 132610677
472154633 730330768 540050683 411414331
471936483 857906472 588056142 266160428
13598291 544631257 865620724 16409298
880828463 681818033 199911808 353357505
861775718 367413468 861231507 6235407
986790610 287433856 678031284 691271035
113221901 754939258 406984506 472961706
136524834 45739723 839490678 360164446
649837344 531384293 419344789 945993562
780012340 435234562 23423346 461745681
582084555 134719134 486887575 239472805
340631852 427713872 568561991 739643019
365204114 649651339 826561185 189781703
756669234 297740605 195776270 209285910
855528266 110780608 240014228 640189447
498476978 379770499 932482124 915731667
565852808 299487588 319161007 750094714
273936856 395368936 677466785 895957641
339827846 121691555 972015567 178168751
678949237 316492798 23499406 816678517
451439707 674246567 85054208 548434710
808460882 896120991 763527883 754724473
997914339 762084114 45439826 575102706
921077672 676646252 432028873 521016161
662160285 833717578 358354147 977112698
914467694 895521530 331249966 902662658
393920665 488725197 948521397 98785996
122754242 689535299 70098507 37681875
565068616 819379615 905740992 213967889
292175622 398770840 260869916 113467515
497303701 166668164 551053304 900194285
423636972 407226827 717225377 739792353
951311336 145357186 272466704 429963226
768102449 519162479 425763983 397064258
364671033 477058008 893915497 810205299
369971531 473529744 995486200 562653214
587311762 734671784 432119005 950687372
662172020 279026113 979620640 250393543
396235182 373491588 716257888 719748796
586548800 754366596 917886953 845262777
637326073 995924383 740344817 934763132
456687604 93631642 463399837 503372240
278247359 381101855 601414425 839418988
356309660 929787909 345805634 510457904
191261122 826201728 386107306 899987922
492194731 834147397 52290765 316211952
260372570 798672100 610853747 845247658
831666455 675507279 538021354 350947202
608496157 14363789 248758366 309974391
148203088 780230699 687093787 665564786
34253502 79442148 716914662 633153548
541920911 84385980 972406190 18683396
324886665 529743324 905110643 730654477
65868781 609601290 923897783 551137238
803321462 393013144 989355214 665299931
129262817 930217615 468381042 476202332
760255539 617290964 526316774 192564210
856778717 942900706 76477590 485294492
675087573 134154140 828960656 99402477
132432036 361839751 845361485 493364464
161039097 504882333 456760562 621956823
10935215 129208071 845921149 602134999
190664000 77879487 399415718 742032485
627881544 82596742 663105005 520174885
62633656 310487897 196401460 369580286
70817255 213919994 525964169 23721477
608043500 517988712 317137933 737307757
306145606 30690417 211755398 608466077
322510924 283421417 531733496 391125819
92160121 406522366 786490357 187985934
836594963 273290396 99073459 322033609
388472071 69439359 172850064 69515967
805870827 984945693 933357805 517443038
314494837 523930919 428409639 818592131
647983761 42997236 197318340 666988025
725734974 781724672 150064365 712912225
897524957 994278804 964164953 125410829
465635002 912558820 621306754 879327404
671199548 282390306 610073173 510530309
672195304 600565852 445273592 57334389
645241066 329136613 500245006 620167257
225799564 527588414 468665181 666634312
221805728 241903000 940184699 619161117
762774164 793450187 506874945 113605295
561596369 113071506 937142937 966658148
922847208 972140259 744174427 347020479
107532650 793231916 295372896 66313693
308133016 693901145 15833808 61230425
972766606 357912286 285296843 646939200
798738860 173172052 945496716 826657347
277931698 704829619 776908075 541741185
125862257 280620616 667481850 416354714
329249384 15825201 748731066 699253769
541153293 992248440 484507774 403208466
806505051 373590750 489053349 718300062
662170366 136133978 840974152 723721090
163168586 941367965 513190705 674601194
832517843 584836876 407066779 692353630
631139090 801830279 283371950 619504500
104283362 819362489 471139083 316260046
920518121 722632209 298667014 403802861
214815142 437206602 152704079 364554949
331381162 95744246 362012069 101179995
231427970 226212886 459837861 709483146
21051604 132039476 372993507 657889388
130346087 484385613 434065892 575078586
890358276 460638231 504805499 232376995
294132931 104695757 404072189 362911567
668319666 381543924 990224341 9689230
216567802 988265639 721188913 772485478
653433157 6993262 692704757 223570888
3131777 687856887 326213790 317317564
326770254 999110581 38783944 416539283
152942823 52787316 419563889 763212132
648210223 898350236 616484846 196194777
526611327 299234657 460198585 860342734
571743780 428162171 22619450 923686411
475817768 5415557 787335382 242417583
596002186 181922611 161268978 289987910
857844251 289257624 790893415 231810521
552492497 285788473 486061149 965226723
494403145 519468893 162611698 403985541
906297560 261812284 424312928 705944272
207270536 194977846 590858665 283572128
343028002 359287915 396748468 839994120
37719639 188687672 24144034 382062390
105058750 279741538 697819895 661070936
736241571 401315109 525981842 561234186
595120584 255641218 994941575 256403103
124590058 96791305 34408749 560838297
125419396 732715708 184013919 446577796
527077927 867627099 75344377 794878137
461872688 585619074 611424331 277157741
784870019 745712861 705812595 909180222
161696005 87117504 635895739 458530338
891658656 558371390 37507020 54414069
510989573 147714782 803383035 228886493
796335992 856652834 749266291 778103343
732912588 122215486 47942409 166623950
671960250 981661387 564499712 563890336
620677875 368638850 729965937 692621118
221736643 292122493 30341908 173677091
41985872 43216938 688042125 852151208
197996345 388247488 399230382 610557325
272006829 713513723 907313803 898986339
388532604 521660483 149571301 949273633
30198100 409740485 577207689 990318068
165610487 723706916 22500975 8399222
148979777 391144744 119273826 459159007
2579861 63743109 876234760 968799731
165484893 157555044 41301965 273177449
888280546 924099161 854145677 182904385
311354329 683608436 272906902 853200998
435211430 192928900 826931990 492761189
490031233 671302615 638013731 340643724
64030201 186246683 466673425 430911242
666667434 315110700 389241582 727450541
731785956 790739123 738717822 774542835
53936117 724259721 912298950 475515713
191566349 774476091 909252428 895682352
342677332 909961083 813303975 705657259
750393834 644938303 529158886 813017780
652618462 618682691 788988694 515705853
184595404 112631308 974346343 183166326
225091653 856027917 483494758 922579338
35324098 462200070 984908346 671127163
777561603 384295684 388089342 424576189
808808275 471927054 896756275 378492992
846257360 451003536 475309587 388099930
792930201 29100389 614132744 526674577
830406452 272110046 132231593 732635584
967954135 284599329 902726846 830135429
704088217 738946154 457064954 14160859
673117571 955467192 736768714 195255762
290519956 549339735 34703066 631393306
316626535 908176770 357798381 521994317
867867982 531884002 367672973 884560775
476155239 627555576 841061981 480749355
712690829 666095327 178763423 334886591
925789287 47031768 509796578 511822586
538455410 820439752 112028542 268378860
923134486 503236887 786237697 301805149
214191305 782555467 982242046 228410956
544436573 650984698 594603765 59727411
522545944 837689465 231913245 926121019
76459032 479415802 47478815 888160657
478709248 311014024 669498511 53018654
527284211 13133880 60487368 830126607
198266398 680560600 497957703 428848479
233146575 280891865 144200432 604433266
914094386 288073929 62433861 706488286
987210315 180542077 156718994 748879605
376290224 26204327 463210789 156860856
793455005 403328024 691443814 815983155
84049100 797964971 44733634 925279386
911537526 214611711 972392837 203603965
859648549 424409074 908790264 953148801
882945869 154410537 67548546 323171648
877962861 805666388 110493216 723599897
221200901 48420005 440938378 368971841
946628184 708082548 281739649 993885603
815820516 251967672 528558704 554111333
180868934 886451427 568862924 172587079
239664419 657248446 699220489 657277754
133674135 681130621 948282459 747884356
585822372 612354529 191885264 204908441
732989419 37580421 298032077 179019270
829566089 924520801 352575045 279112600
747318156 896527349 868003741 415347595
306748402 72061479 316198157 302523438
97593442 576820410 949165271 630166117
26475188 176657149 385083283 621511979
841821750 841453136 222681870 982968756
571836508 189900519 415657114 877499885
656959933 223176404 391952860 975936015
456833503 426268372 760738054 162389525
149229904 648073960 365621942 622134873
759995432 827644200 141602755 434590675
869669797 578479282 961040638 362101126
993622049 550094278 263294300 501357257
534530854 535929650 608670322 279469721
323335466 840678693 913831785 699207112
288359506 20448286 710933347 674557496
518459398 76071430 576648756 976925373
956088322 426514355 610474786 963350061
581734040 57726185 906386261 937355030
872272178 697613423 310697778 834210645
432757922 846906374 105649363 812931007
479708763 566153779 922311442 863693498
90929405 393032040 759147494 771011242
529070547 396644585 679557305 596682489
68843958 677905929 525520490 311798593
541946210 901380203 249617025 6832438
987163659 746757821 862793892 204328345
937523859 286587985 631119377 171495971
741138897 728604732 282375849 298388775
668023883 59596488 497187510 194489420
329305703 201775210 830618828 139162698
73182959 770041635 89648153 190351781
190787123 433322314 223305017 113459460
874211658 891630231 599699530 96709603
528627762 221309691 960440891 972625698
503553094 212449300 620545248 914791181
487058918 803425502 429999615 834864051
651592673 22570495 794482776 832175498
777747038 285292643 498201874 425262982
773496501 231661158 680984813 133960184
239736852 581573342 760267133 731545216
101112331 40307600 725553628 559621162
620421879 202916718 870817061 849004347
429550316 577512930 460233874 70825670
739143676 87095268 550018573 2666785
379265177 78920536 683008534 517296826
525386059 367718359 788072540 723447229
595764632 464044121 627370588 983293884
824225455 759863366 18831682 573958633
373982105 71425656 446228545 200569132
237342898 10549628 432825828 593407492
845696209 518070244 198870311 849504805
828531953 331584681 801367971 96890528
766998066 691907979 251686175 895072393
516658717 873170875 87332492 202653996
157527413 180019999 956388473 517100805
557132256 289401429 163807871 297422757
509854757 980508350 859611591 893119934
745592972 275730269 910770847 660167900
994760431 415151712 545200659 504500917
68619175 336574358 364590805 885325355
134387271 791932172 244204729 523178963
296076742 885984743 158059719 379498838
441758805 87672097 350484819 487986899
296562656 322700254 738351403 762548183
654152143 226580832 30037170 846019543
740067430 80569528 145176058 819890525
387992239 366355514 218740140 51876764
283804705 378848252 76768312 361893611
89240122 702508475 871227151 693107866
907380316 544543673 741296149 821773290
458128803 20401964 800587261 529848009
597003129 909514687 743520623 877241598
758420075 555029977 813816168 345362510
319233528 854028548 847552807 511440307
90212235 516927773 409987407 746376523
976627356 371417652 320585349 991690730
619353414 693814750 571729327 993577398
840631682 973003800 284145604 765052011
37778221 728132678 190922033 233236411
444878927 178853129 451418056 766812044
257607229 864078761 786959547 210481727
887970063 844936656 209855926 852208709
403473516 553531607 34375862 618218766
381346893 885661494 479938454 304547339
170254411 531553947 428080799 35738042
522874949 173645303 23626123 18182008
331056557 197017975 33892067 978779042
132019495 79723854 208896382 537211068
366236748 500276621 65093888 92857433
879103447 507897354 230841572 862353140
193573429 538616171 329999700 520415829
161332131 349540466 462706142 473884448
47950821 749458066 809302561 659341210
634807809 432667004 504608863 953024012
34631498 305966200 666533147 43682663
619227076 966304308 756798674 582595854
894895540 579459215 454968962 654431667
535412111 840874833 890477561 371641325
717714152 521482692 34694699 74959195
921685927 787122902 697410725 214439806
456955286 987472909 152946303 617807915
847738930 139311646 4874838 481498445
273352139 50345971 963307477 257888811
320592261 800308400 343938541 992268527
9593034 147447321 477471119 563936267
75476462 444031202 388067864 107011399
924702320 6075473 616922685 86917773
856168073 60953955 766521924 105884838
594883915 597209135 936855455 187460026
995950682 266419509 261769049 186132590
487598489 833631673 848951879 821229463
116553473 464639717 33697393 161578919
566626062 880266150 959340455 177769842
769401566 280579027 645694051 655596478
214669297 133618553 692533422 257139211
842000388 424214328 213194778 169411466
88175311 529666668 673295745 469701029
856021238 852882395 656812719 609260280
306696108 287158890 221935611 17142218
180895409 742508065 695984889 675237874
863046405 500617223 96261850 358747687
761620920 183103277 877197209 199704232
292896670 132348207 855947840 181656088
378621324 21416995 435340029 51864477
622123038 114484728 694397405 867413884
399866081 287292990 777118810 698334783
597563380 489791262 757449912 669416598
185809621 86953860 784066370 90385274
297988259 40344665 461123867 197238653
21969657 958342623 550065274 576122155
532382289 147311971 811482929 402290520
601370492 829314387 64159367 975030776
596242770 971630138 232730622 836616240
893387480 179622084 84445640 837898777
174743627 441948393 218812691 593196478
81539896 928642350 372123566 743825453
180592093 865221627 335855902 938355410
815820224 493062326 38963977 272035234
404182702 85345785 355867877 792731013
325414575 975990988 301927162 696791733
602419633 747101751 926419660 950540011
554491285 387804031 489389589 95938272
52264549 873690773 211229352 364022847
235001132 695717922 51973936 626414484
835546488 740446199 810022187 868029581
423418090 430290122 902527514 567818997
798657625 695879326 645218304 909698867
261573508 581300657 981601169 12454082
43541625 461285808 684606690 757900270
839143285 305375462 292324345 267782102
585207052 889298293 193838844 929018314
958235323 987153604 32687967 487500363
155021501 578136536 253692569 282936475
857360460 105849446 867465126 418828651
158466604 36611970 443035132 509017974
424525862 64312586 657439887 795726925
801796778 477573958 59098327 464205818
231723030 434194565 679813538 309355334
146114290 930621499 334247704 389804408
452652729 217278379 722424854 882668285
474104580 703511116 467420134 439577647
631020580 357712863 262806425 185654187
60089891 298233114 330655771 700569928
504936023 731071235 358664855 494397855
616714313 735223185 201840685 926276595
167380473 994621111 13084912 977479082
864606715 748917553 751861982 910496414
656293218 686313149 366248752 748736627
120222967 10806943 392677554 943132171
81306940 412091937 914487324 255261180
131730659 979856651 340125292 73986934
73310978 59341790 152938288 393098572
233915814 119338981 206649617 14834760
603104786 357405201 342397083 157588400
419026334 555464825 823768537 127170720
90575953 418548499 487508760 566745057
36241633 272996808 911004363 676061777
661383354 352923133 559121604 651841754
717465688 782641768 173859646 134967940
430186921 447685012 134087599 50375028
339694155 73407690 672159540 996623085
16013215 967594627 801280558 69029177
936523251 331568547 295901474 497002550
504066082 624021096 327038590 658136539
685058046 882268967 18833787 79509967
74524300 253853350 965150916 246768924
434340516 477712986 536189017 801267361
305691682 978988062 532823037 251336074
616531479 949795800 462559412 713924453
53345593 386610435 540982648 770133308
136635895 11880156 826160472 356194077
874779029 79117609 956957783 46030112
717600673 990335286 804538254 414156483
275942599 308072739 545269730 57457995
519744994 600954653 8568070 937694112
855315277 377864014 368390050 942497139
19916316 542511578 86178844 949278245
6711175 258562660 865173087 111090821
763706175 255688559 104141460 584941629
213264608 966711764 396526285 938315176
679240095 408484278 807512488 868780153
214084751 738344614 754596024 185106496
624055429 714614670 99659816 801935525
197022749 124659908 147854258 841784326
213925480 58428827 394819311 558531895
973577982 645233183 17623991 497457243
383495399 790553726 326449813 629836367
793444720 698488410 580679878 998582625
831046759 159918098 564979055 461787203
444057734 47127970 952358015 113462440
374819855 446203967 945606491 223219066
151139132 66880508 155894306 56188417
853840080 988748524 942590289 194670836
535505564 112477702 883178463 31590044
288733181 667002895 755969181 79650641
338931562 732246077 442895779 328834998
626691590 819431418 529787869 633161730
283892706 859608199 957371119 233949690
78808501 346166806 852503132 573134717
419919734 921407985 594317492 103480990
44485605 369293891 905847566 391182736
237230044 887255203 91191549 30865157
574232857 758863102 723942947 413378577
619633361 82380882 933228087 390896692
605917034 287618308 98002707 69297846
75259570 209978268 947596822 739180635
123968729 458476478 916726821 144361494
967035085 661551373 766026753 455863232
38267572 34299974 845763802 125938295
877883622 492264418 413531962 540527635
353863802 987876185 998278428 196332608
915410036 427866820 448754329 799558039
25249442 713334157 197109982 461172095
279620318 253454256 928395371 452020346
543317951 614560673 673258834 913716830
968137837 864107385 661016137 937343276
349295933 628827167 948310952 13786234
306252390 397158704 996808717 461950534
556558873 943224647 140697367 372868993
371775177 188513234 213575281 846271347
288784207 531770649 902520986 863983305
837391218 379680588 721515821 368828819
976815643 766535048 69330899 190658961
352452187 370082866 982059647 510568383
730688189 317997703 860558945 946074590
803637875 80711584 738919033 880079306
208258950 530012322 690570651 770074179
954660423 417227778 37599017 661653544
522919069 344034731 499246418 582178749
508013141 389804839 87120359 976697154
295487933 373000759 493124724 189903357
422505537 100376693 412794566 342132695
705816945 34542535 509745110 224809679
623282947 271170026 755268035 376885783
835931571 150679079 995487023 845938550
725023451 596465849 661469242 75577056
979042406 281938271 392713726 94613962
279506697 451087641 762327623 233925481
503224172 408090316 23536227 544530598
184470055 222850140 984124409 571692840
788273801 725527054 675423548 962826686
357031564 464383134 349481759 628802009
724886697 291267976 789318421 899594902
972943830 907975577 314781401 749149092
339944993 8502367 259803766 455723248
105546851 796497697 26040006 525090974
646657347 112161542 244783866 586478660
547165926 165610844 67896886 492326488
45834694 219873274 580105942 137300671
454013482 364686825 868594850 929826152
677782560 791711363 852902477 265462346
516779090 377878443 895993967 995762936
658686802 594942496 778279318 671057099
39022447 479188006 708336579 43110787
334631699 529624726 377514820 564334308
416490987 797248280 786489037 111952303
618584668 637163014 789758610 489774746
568508090 176294906 690041483 770476283
665136083 465807849 92019557 991804116
646128944 273748009 579561775 601181605
602137515 85199078 264523875 304493512
368144084 141034709 950391012 833123528
15180018 516327890 336971744 498593973
784091081 883611920 691025718 554079328
714129426 440035943 8976975 950070351
158844195 102001997 336723764 324986587
887333179 115985606 629384466 863497752
20015777 665885593 714963907 852579862
703395847 905164094 359437621 514991057
572775065 934674144 121004671 587675885
768975220 805139228 825798028 406575105
127224679 800824776 52379427 843126881
52101953 930680982 5074080 242463966
144057892 644295833 542212965 145290358
272980530 176127765 462671366 20949324
243333968 478815057 650391090 398968623
478227282 948990020 895784677 983614734
259263884 88982611 96019033 759624504
891875111 823486896 803183524 478568410
66265606 846199295 215070025 811901961
17048467 168955781 567057963 408676250
492111135 116317492 27407140 385285818
660452195 286829263 989400535 297089430
172964090 47739459 494601726 95912281
950399235 313047709 965879729 488722893
92294964 269664256 361500814 484671232
917282464 354444965 711854398 524712870
65611283 710222879 224197190 617144200
857109360 449821040 493939867 292949188
568264558 12351306 894500610 427400706
82331824 163377052 973586358 989190572
259672304 190074146 250686362 572407615
913597093 967583133 143635166 775800802
465339714 785379682 761844984 916292314
757111411 891070803 835605525 794732638
27220681 224658061 699533321 548042474
912961985 389040662 616951622 58305010
968275675 419514848 233305195 679699139
514143307 118543274 780664754 828238140
400744230 355094511 952225140 809892651
256417744 268916638 270163058 246477681
103730059 572137742 324038505 470925251
93071565 497896194 721828601 233580631
817602126 586813894 854306186 154170179
633777538 936036401 29656650 771605894
948405879 528167328 752738995 101156246
930335860 821375982 770447967 337252541
662311262 435969880 374131498 906332582
631556020 893232182 801872829 130092233
666165567 20440948 327430653 693073570
126673754 720200044 507592395 596503314
409131028 625659640 765681935 128553427
958637294 122697012 55129323 143217381
103902360 687118011 91569527 124773333
251021659 136606774 373070657 577958621
350834102 455204727 61639457 913946714
91537547 744041619 990546212 111613035
387688514 21665559 806421760 632036126
799432034 945805906 35117197 443774846
632754513 602357090 78073453 752924780
143652862 807711477 571774335 936792751
938619349 980138352 178197546 606697839
172039695 483609310 347805172 84422449
179848673 669740257 349230411 260733551
16588243 910750679 304645222 9919634
120948686 544178232 600999079 716246752
955649651 266224583 617710760 608692422
363773896 934994779 669187064 120436919
614521609 743405134 744016795 341331007
102908651 43478497 951266632 970082651
92333338 441360929 724753667 494277764
991298265 202664678 236288629 970614312
815796943 548822217 793620876 518248473
596511053 12768844 197001851 537625799
35755625 766384146 84630709 421924961
317169140 428940128 865041190 991332265
147803759 173425944 812717162 782071916
639578169 58799044 285953179 652421368
249526702 150700975 872419122 98548189
153424035 738421221 453555916 978956897
94835868 295773772 618103980 362743932
699794541 39883570 259010753 15304503
46974074 291284070 158628585 247839701
462008969 513250919 256308716 149370214
981663667 323426155 677762150 779399312
650478635 123928398 183334968 650751345
96328411 683767516 579546056 288811365
556092302 322166659 747538677 182174161
956494248 26487853 780558373 406180996
908164796 624886815 431547017 761974561
143708352 672742949 713510467 98772265
996641271 683984223 585696185 441213580
31453474 153556638 211147208 71844550
374650112 269120572 243012881 583113303
553246196 135900909 533859009 712794379
334166270 930274541 20279582 439224166
770909291 606082400 215174717 458305977
583453162 818218448 173222119 880823980
890380109 691245178 568364775 438323503
741081995 173434366 51469538 878850135
103443673 848053586 883582784 817184313
46772368 396897377 202226401 140275304
444185887 790486744 547199278 857290411
621812988 660583647 995231269 98510612
393872696 198042601 957812612 190276759
431837456 333327511 221721646 911337549
796021413 901653937 212878290 22480297
235541426 479297287 21566413 217356808
844618274 142912938 95713013 694488537
663771405 592428081 863778454 391923880
704204641 611272340 823040705 259825479
550984106 865350660 490883567 343251349
723006338 637485858 215497809 269586569
413607405 29639941 763739076 968421708
737956804 80953105 73915610 222011382
976655089 28885230 555298703 408074916
95565330 929893822 216722190 220595730
320988785 603697605 624503766 59299953
720687792 279563827 804340827 890629326
838226121 64130250 901036105 698782766
888298882 316400260 444865532 88974001
162515717 730064936 478108822 909585785
860820724 874453072 842994647 268423555
395713828 3172313 296129703 558785409
244724504 933543782 461774949 935415230
476322202 96589515 546473469 206524367
702741635 533972977 545335858 919007834
394273578 415726466 486107179 676267717
349003289 689796871 791415665 63384419
431125325 181919767 533521358 864477179
405523387 220614200 191151837 981932373
153208544 25570843 339295829 79552752
275785977 836069359 589607410 173596110
730306748 584708534 845835065 287067385
83681886 648517769 982235108 102019615
97010072 424799657 319119890 590813370
621378240 287866952 304879052 959799297
450508933 122172897 87347761 738289488
457046789 707309095 782792614 581338234
728257445 609496554 534036583 509366897
44121980 254301720 800536184 141540566
791824112 9166774 977896790 525147964
725651045 914451322 662541973 689287577
619025014 18634814 39295704 414793694
392874006 313184609 169904663 869624206
975466057 964004159 499968732 144955256
551193417 449138615 985504323 945813323
592197903 295540727 861875672 848345712
993698854 531972061 31849728 463374572
111005709 828921520 858069165 917472339
156670590 327690164 594372482 800672752
260120400 374362294 836344318 610887409
861728059 719376751 212558041 390258685
158449791 622067112 649562836 920563658
454274789 105715910 475022137 887482394
359741362 675397358 332877508 438155264
568916815 565822073 35176123 123323459
914760174 484666065 399549308 901889596
157305908 405895520 939809765 231423234
636556825 325769754 924754661 355658225
993922731 538047943 114146544 300537203
616714691 219761686 763574109 727138054
964730840 521951055 7409227 674211337
105112708 256579232 434810946 508082069
162078914 472755875 220426643 602417103
668409750 788850624 91916669 687280504
74572728 5565002 166679034 712821001
823452371 469305105 520295920 216649804
667695464 989021729 453696653 38691931
75214330 594612612 536197803 516124248
411816705 648875867 907900258 653081538
870573259 905941896 842815816 61419454
661515451 792153490 20397814 854922323
143029574 732925257 446313272 852330223
959394502 66210323 628433518 650280464
418492895 874044248 103450438 585916895
720413257 496828864 43243943 452869095
7719844 969437858 190842647 586371132
123966365 612974861 476036022 467514547
293342904 419081001 800728762 214738234
19002806 29364301 444007491 454293901
659071318 898331263 184180455 490339643
242628469 983148655 441493698 555525557
564508211 606161009 264536018 82031213
481053347 140740246 344461976 845577568
943468912 141316607 981804539 222926786
688288458 212384089 899729128 386611632
643774368 426523596 138039378 907936938
528999354 81738186 155918608 246808427
284544522 328932023 547901753 420829317
594423252 60697975 563827390 333297896
807546696 69053405 205191658 832800947
812883019 838910262 437071393 437871593
167510276 602020313 194534977 59577165
717064833 690379588 367737999 135689440
324664717 401483540 387798856 339512398
795133161 322344491 665236975 910726477
346990492 969584197 803428320 629005360
299618617 364730081 739603260 772223668
247714838 665505430 21425188 217398595
590054234 441027228 687552269 18369756
92045768 55108454 565137728 93580673
410868860 898878051 347684141 287478719
931635923 711032915 845263994 865813600
80984554 762722339 409433192 159777746
98501246 381687631 965440481 870413017
774747755 586624708 837660632 499617121
532981253 452079235 957342890 313942304
976281389 492097121 854084931 402973974
181913044 738129950 539301154 866894990
912088192 156919766 927066694 943417862
667390477 63792369 47889207 402154934
763013721 454550083 998505435 878035635
354525977 450062957 268645318 638763013
771130842 949243487 627604052 789923994
600941729 763232312 846883231 774665311
584475507 969344145 995121277 732684565
895353266 733268106 50213950 958390899
283007203 330069030 241488502 896060073
450903918 100887392 544661685 19505194
332560328 33419727 550725416 791142265
56623630 800884014 888998788 472470236
592048162 801898581 550384478 211985504
6296828 761904620 754092579 963540908
608260307 945702854 273878375 75366691
799360897 587266705 133385000 300178080
987143245 417621126 317507758 947668922
3025153 966689096 517453256 761588643
679044491 333872376 415612160 361532911
667045706 319956015 710639171 241489501
327376514 215164618 945571753 296071827
986806486 319024748 53566854 611945440
741435104 579618085 679265058 403613299
989699495 124817894 561756889 363671841
687329907 120599331 581642393 530217642
356971808 342587627 373105119 148042574
190042010 410837481 335625724 126294282
862385946 202705206 605405861 796919767
846557542 79679165 702779604 601518531
513015600 42565433 336151500 209502280
32962131 32992703 585940864 742956375
604555013 320082966 807440547 454523149
962180255 23349901 8974166 566173795
730245081 221871406 751274083 484878742
251502803 817956820 57335807 833165637
274060216 648545491 858149057 917410736
614559309 256672582 888003174 396237153
233023298 13784766 268454309 842966496
979567751 441337464 464934070 93200929
92234061 203738159 209429732 112483271
685752629 336716255 731624961 977525210
401632381 839226086 49288418 138820565
447756097 497353399 312647095 294756650
444168466 336234082 643983457 721400575
383959651 44990231 325242804 461591740
71897763 180863377 289120407 280470394
604324261 909993376 379171490 211899173
461189332 779973498 441317726 610358117
105765921 821231422 631851871 392764154
548872458 439571709 452412347 462045244
485749749 534879403 329892981 671783309
104884314 170990879 968704484 631701388
656049614 28178792 964703791 601304541
60700144 225390686 818175613 124796913
612967677 39536191 943301939 417325451
341841316 198908253 853538644 296339680
554652402 269953870 645084400 555403899
714710957 135356105 509315537 163824415
263428145 223527643 953004779 423346800
733087693 557581781 989481812 643842243
255361271 195086766 560304345 424483266
366242895 687256220 979615921 863316999
500186359 836351019 905004538 167776026
38086697 609414960 968410229 973508681
984215239 332851820 207410432 767741592
690592829 661629979 858805415 966859294
755482237 819260293 666347923 672596988
676419856 931674561 849351623 613247734
350109887 308794545 611650132 72675627
961606470 157129053 361301368 465805248
643568558 882466518 24810792 696063047
601391777 508880576 111725127 1567303
898893937 798740076 208661524 955262974
729621563 750375243 362967806 20435708
4589546 370670870 772228803 455475832
947437847 393030784 241661330 835962933
333797575 415168997 116038949 72953845
139707853 968931968 538633403 339793874
623753227 138873048 334216306 178900800
117563648 773277092 450972130 167601039
124722180 526132936 387923071 738277382
451335680 63662058 633134737 950693549
271067725 168753413 794671317 580905637
679780114 724955833 476498751 655040631
724773675 304785279 657954054 122280332
649338851 17845918 734765643 305053351
440220938 863718473 145112721 862636388
703957841 949015945 877026434 933578931
283749819 618451372 625897791 931417654
764241461 281962694 227370186 899878630
557079058 739971929 190426268 450920393
344918102 188534334 795629757 529192435
644383169 322618356 611470751 357796796
67104068 146366784 697796788 602453984
359953587 648204993 355806051 675035268
663702564 739623025 881390710 237577466
9714604 214742605 778872675 939608533
853188374 492257095 797983096 710490463
696343159 40735266 205458664 866781799
102320107 831505879 718346142 878906450
570614990 188587113 619098802 630727755
812726522 168622258 694518811 92663800
97915413 948627329 659503616 563035851
755996287 885052007 533258537 311085264
282748560 273190280 175203351 600200104
879919865 555730352 560738329 613260844
8384346 573266069 525020252 628914980
729256915 365504906 165720178 427224627
911872881 359207724 908503334 998623541
305081612 188111526 752652235 186113039
262510906 943236967 872980844 326030974
547937057 805136286 427313327 736191768
688982394 6611749 292651408 876606658
212786418 471819569 221602641 33645239
105128939 633906982 556729334 529982191
266198460 288183086 156657900 580458855
602294799 613523375 540781692 75080648
898621629 567058134 859009692 586623461
657615604 340967063 301864674 409398984
685935768 851632920 973327608 839036779
998287745 911046399 314437659 481455255
846721676 459658870 359425485 435465177
943092304 661903673 85443504 177047219
139865616 262461153 370101586 516597821
646154002 982339236 264360524 912061445
664450018 471834496 414112862 784993333
644434931 252345707 323413987 694045604
257041421 754236281 986335313 208341698
266008664 247087907 214343756 596320012
141842584 652661183 550685198 52520956
672419495 352334380 922762396 502371738
180282991 664235980 589479478 997830556
651650535 39291529 491230591 664960783
199507723 386689627 28964927 11690719
855395389 790177346 754674901 172415149
419871453 89793060 685496154 92617876
98421713 195868059 233990204 557243525
651279853 216644829 775712963 336152136
766509928 170563938 626838597 40641466
972145446 166416266 90015131 847525767
827796869 641652343 415452349 927254256
129355268 767543210 571764039 286114934
648984539 428228870 526666848 678718831
250289400 635206847 187875742 45025515
717013393 759203742 390629416 802854002
497962386 58868239 581984467 687487358
580925972 28611941 852811427 776848813
176206210 756255443 246072662 996750972
879190006 839355657 64115133 257847675
253176326 843966457 242656580 707670093
377052290 767871593 156308030 357832270
378127017 998315748 346241640 505489440
873246396 648032493 443610621 718826105
401019283 819169409 79578224 860496662
615330796 200677874 110741920 984030755
723034336 673372138 888741625 369140114
182046896 67361208 458928614 164242383
992393519 365367821 858197126 434344370
663487637 265723839 298902042 595435416
159537818 5252966 846183946 780734675
355042962 922319059 659434968 350641762
920519590 236819533 484973109 663677599
336142414 247337315 275610539 242914076
621315368 992077351 490757225 762337219
668335894 11953748 122459373 513006509
226588216 653253016 371732682 280755417
72254683 224639383 973123388 606930122
303009126 905811042 310261612 589878557
726275053 698657709 655871639 589807896
601096411 919509534 318988088 342330090
324716342 751595131 644160531 574172329
345060799 142549256 649219982 718167766
322319212 54850750 783302092 937800786
610609242 83346145 960989181 579529027
642468870 808496185 745550317 402402102
915721266 424493402 757649850 833993501
773727718 107108969 847879149 279218560
32105686 970237183 480841301 505872268
392136178 424787244 102119455 557022685
573687238 894607191 469917878 557774469
437199871 170970527 782884715 583712655
627595135 557605329 77803091 508365227
862621483 897649664 322161103 326092208
289781231 34264685 505309658 509430448
885184431 376440440 27504312 76227063
754927828 936711915 372904742 888388162
487301088 918409312 186790599 229238086
968561178 769549801 820637956 795179801
942691529 533674469 921228415 543106354
54566387 27477950 771394873 99830350
245716541 358188259 831724618 161043069
620200924 554423758 366092141 414952958
596482381 140328731 552856379 194231790
242249982 404928338 404778963 704504533
249535331 875220452 857990585 337509155
519234093 580863105 234477597 438124917
526137855 104913814 719257643 748268488
267058190 454747850 736568359 889656074
662650663 553037054 905959023 709441077
614630656 310140968 686582966 472516903
849471665 998782448 257021297 360185430
565121595 701894409 984288817 767295722
711406920 171612328 922790120 38324648
743909592 275606836 869167503 576771518
653755458 435077466 739998300 279018476
725009928 157075898 82139391 200749732
856955945 73943920 267348438 979376918
224326369 601371123 672128095 645392762
38966913 41166300 94783352 186009369
440010225 783007009 211351371 1038237
202802891 778930980 321485947 136779845
680174177 459893001 808319221 161435247
59501622 743579326 87538747 405742964
680152759 570337111 239458339 24352258
576027444 208573036 196419431 897275527
474788726 864039142 303155598 863225998
784368315 977231106 704827641 23636575
860356643 33162943 749563469 741596328
325251898 695101419 268922312 994946675
730821958 977746473 174321978 590382588
907044817 159841900 591492588 478465888
75407126 77762775 410076873 913156496
810505423 58531999 399603745 179020871
740904966 75266287 141221208 324341550
903073150 710300753 341836501 678531708
252610841 675425752 918806389 752975508
597561628 555806062 237146426 524088889
641885535 381399865 842173457 246652589
438586862 302969215 81845598 198692498
433778910 149762076 286806239 759763618
49497330 531619616 168092954 21361117
829675590 370376934 169279906 850530398
141776010 418895453 613539406 84992573
975193481 360449142 866559357 394783716
351557289 981961904 574046094 343979288
621256897 199421187 82665395 789426415
626790882 278873116 617100610 633069753
478775772 747794412 243968450 667770064
125068869 281243949 685311525 419071277
758580634 559397026 167824709 606930207
280459002 206173648 8951121 319300701
217699728 818651331 321740047 394971629
864128994 271101419 648343476 895479213
519285951 549979562 52191484 810405370
548808474 108880349 741505276 871868970
243894435 590625028 9325048 338635166
161894162 754674199 257750045 934911158
986834974 778495396 397393551 902396467
966964580 879548372 635208356 762429210
582162322 548208227 56880217 104159436
589937289 149786163 704559642 530509581
607621246 710197171 738662641 271359360
591543057 696238294 897499308 802441146
247002070 596689791 631845414 531884347
13612729 19855864 87091898 158102180
760754262 552590393 114055508 710885823
411774135 711136319 584462952 261349296
803533710 812944513 379510352 343383380
505194974 806594497 326192312 588856858
135854819 215841577 125829752 472300543
468144577 957948276 413096392 717964007
25930510 83409145 273716899 957713899
901785080 567779573 297931197 480577045
241744399 100251474 320965272 250704880
396696210 355522900 801278587 374994701
223801361 224845153 67164834 559123521
254591256 664478119 848968788 957148438
153617691 187545003 465835851 808180182
433457866 545776821 550685692 20121537
57418981 226349600 316535762 151132332
300663331 587074810 838202537 733901791
254851240 457596967 373782824 207598111
989391216 479025269 887158914 917775888
787688618 627262366 999738596 926871395
344432790 549651266 583972763 747821678
161326649 153160493 795854631 116153957
118531560 455507280 842559921 361224684
297320634 853586502 285760390 639007644
809411622 140441976 856259673 298138452
979424175 366454982 735571920 765947854
143602510 627150950 943283801 169043699
296241671 431174896 139769476 390417693
320267615 463156878 468330104 463726948
89096190 713306112 794856015 669346024
976820856 574532771 95242958 138932510
876231862 309668702 539203840 686268719
267795509 978189384 296221842 142330423
305015073 302136627 575192258 844124180
551124894 730451926 727391924 112209778
571317605 239962834 528227255 985654288
201132628 734808810 332468201 349686667
453030320 614871149 898934948 24227155
913565704 886374901 320483927 51928486
222531943 121286817 747227150 646903851
998313467 701954598 450448018 459810603
867933608 361234757 148466346 958632863
464264336 199447438 384294552 18286151
699657549 378704500 988537168 153321900
246219189 494702968 165684077 256456709
288702563 349846952 391205726 884259600
214437554 322498437 25376164 685386313
430650927 169600861 754982287 785032981
509353257 169491497 85586188 322510893
52564717 862831437 795260909 603161800
85844307 366637309 576693112 311968925
449870731 219266493 370298655 623674064
649278328 317771964 230122711 479066840
511192295 316847042 16894081 479453559
820605902 345039387 500297715 214363113
177171009 713242979 667811896 276158857
284796788 886141227 339468612 41255481
802704919 918988748 915944766 931116211
157087830 839923065 367756918 910714122
82752862 417281715 845705987 331802716
310936721 110424371 523454664 596272821
459819053 500243937 714006457 209547962
400717207 479708602 24992342 644107278
327678841 698605822 628026446 853060385
265927247 366957555 407300868 485020162
591551859 14809890 323379202 504392036
562094652 109265961 995578467 342474690
869676184 299731940 687669050 428795577
395689498 50640864 955601163 27936199
471437599 677672954 731075291 802267352
984997349 289406717 884898417 145527113
828165518 896861525 322338601 168922559
641173127 707537669 436090161 871493472
826188077 145636352 587583542 365521692
110489059 826991313 836944025 323572973
280214092 358113434 446366423 927050793
376793247 362836719 579369788 456588954
98273786 775620221 818849981 89543293
730592480 683155443 752739635 98320163
824960209 570262538 806378013 500344159
60645440 905828866 433841252 421827130
21671785 836715143 107049658 108393364
609785907 477500156 863129149 773468648
239337864 573197463 249961381 417395902
143671692 870312091 432317553 642024611
567533307 326813850 260559865 425639417
740341658 355405566 658201910 30973938
925891067 675881079 63531319 801484776
183847487 608164222 539077390 344418194
79407898 850294759 836678199 282386367
26275146 866462725 971210094 373438462
28865314 645508134 759943830 635522749
899044629 377054117 303341184 235842287
213696276 427272574 948133613 187512292
679283908 2699596 962099319 641364691
494106685 609789431 362856626 904460727
89822141 620201047 224627517 607491878
61866539 190939601 463873853 530073166
336369231 631643729 724814344 660693319
893836362 780248186 586471021 491777586
610208107 349439514 148705597 863456079
919612060 376141001 906272569 519345863
271046982 723109597 329452820 404225851
723872040 920221601 38998552 138646674
36282704 942559712 795664971 422326298
450978283 266867028 979455562 243428273
441256915 917318462 73423708 362389112
998419814 767181208 262633768 70060075
157685823 323767187 227577744 157991989
344753773 79103483 8121530 527004089
947933924 687369336 650691160 205715677
885422463 604374543 706631077 172586723
