2000 28624734155
470524066 923978080 492271772 239525635
28229338 336581686 872743350 380962453
831523640 783097425 51296964 326057332
972061473 471202975 534017357 808708370
546737964 847493695 51571173 879083305
419430577 271136326 890041548 677099651
161545940 970948481 832295009 857790888
719996677 825369290 374944621 782872957
837315083 44386907 934911956 966515553
15551093 13468729 79825875 750906363
839115099 176287792 341507588 280467706
488596242 889795293 794608189 222727490
156491317 475135826 481526515 543290827
51894470 663883944 807633811 466088122
629587735 933267070 734927838 859122529
267950603 6138219 560844277 145925590
6167882 813819792 285588017 22905230
181165343 413473283 901917719 38444202
275645124 544138828 351639519 526134864
396612492 603058274 970972791 451856615
908774613 267905336 848933489 449803846
173414453 554879309 185823991 691789646
414507000 771711007 229818252 254082693
800032165 170466708 738072767 639754271
763800653 764494963 173586069 658519047
161070679 531832590 597930398 295864312
867186978 125102974 586093307 69424834
702594090 345657182 972276101 15628345
113574240 921948280 198759377 807751355
774876176 999930902 713324792 501401291
318175544 285479863 614486449 714504570
27237466 884595967 801811572 80107906
55645273 688369146 210504724 407715695
510306878 395545164 70134220 42043489
278541208 21927715 939596398 72906309
955390251 408991267 30177121 730864954
936763420 205441515 273860095 871911689
95141504 731968310 37929386 154983409
726949875 968841553 178772730 82055046
207914639 339422289 787463523 460373790
136467204 28383319 781805137 55382537
475821327 872632801 748476425 342023933
861379094 233437309 149282529 195558502
395756518 497294896 988402733 675614821
897405725 101950558 394715104 916328071
229859229 223086115 658839790 347945789
327867097 966055029 788354769 272729120
832240023 146217885 265508632 314787991
911438586 485207573 790633495 175618638
723839778 669646453 761319886 522493908
622037683 12831631 140158044 219042796
142608959 201889790 19540704 134175654
479824221 179332835 403638429 340087392
816913715 5679374 576838423 141419352
218827129 626170242 955126859 957489808
808916118 22775122 61399373 585184931
848952320 59480788 405230218 536344923
835903672 790343638 232411380 640685172
813053854 621912431 169099295 289467952
823928243 459898487 738711005 557266637
873224827 394735186 366165443 356386706
750853649 405971236 944834149 52914802
285079340 877979877 74965072 906066646
112633629 240176917 570701296 164326034
474238341 188137511 704505163 163143678
904305462 550265555 983744791 429316396
588273629 189895423 507414068 115951898
9700063 273647183 295165893 407367274
78023564 575906842 834424455 964271987
479093132 451531933 811964197 476045625
878318727 240237498 879595266 262803897
90085552 259902967 978352790 892222318
450423948 486478530 935641987 604896267
248745350 893465288 611941283 29437001
912310310 28413563 617587404 772914254
231030156 403382681 390616569 686070088
713983686 991801231 726617744 147277538
575797402 758559585 473072099 502485214
7255051 416478099 320858894 540359319
34213661 283552729 190394966 934070791
980021006 111908884 139224639 650328746
105932985 138133202 993783064 363627504
316063487 746251407 508806016 447169620
621145494 37144803 857940609 641877161
211817308 468041850 137436403 44444554
695091436 785734258 307187059 809979574
572588106 479748517 274249681 688940420
567109448 407550885 506275715 674284713
717247392 534603358 584943764 597859913
259643450 877416866 319534654 277112802
584599603 453164229 461861153 678207995
903602357 839570311 585513439 745354597
939131546 273631492 646010869 107198509
13082681 535753016 649825641 712356239
502585840 86348472 335763457 303744897
551393471 618503140 517936410 112576757
923347579 804657978 934434914 883398281
579937638 728773108 884161987 36160181
118932002 53721647 986344545 823075707
356822491 722074797 686901587 779334841
205029902 949379855 522024405 229737467
72237379 690134443 700798343 685339760
619559163 49941573 138178531 884831087
690907685 161021826 185644659 874037855
335375958 674436291 624967591 784326200
464217251 628314789 708842435 60159654
292511924 486776137 893477 973199634
9066511 578613238 494660122 836036373
494406197 547693316 821014589 321867731
161288091 669987554 518417832 154376392
48638265 7948389 634178512 591360729
191197309 838784200 826751377 274265195
497031469 575704160 718346977 581784795
671579676 756436693 295873643 777574537
83948975 273158498 360622025 504799856
518926280 908607711 385135645 873790705
994500594 901309997 334457900 399550525
822256019 414564190 207705714 658599150
956390173 389919287 704391370 949766380
410109145 295007849 306798864 297261279
591859694 174090306 799921700 310613346
787709883 624455589 4789966 513531654
361212287 890581867 139354255 456438437
29661164 621791161 777748030 280217034
379813264 502712585 597310326 707705025
92078404 569078664 996037123 315132385
164437877 511127511 911978026 462081901
226171028 391673030 405378300 736864622
489353693 738337695 69195683 206920740
806022929 397962211 953987399 269762719
38886936 873543970 18772581 76003800
995134102 440262889 393644984 188464174
34437213 941542205 703274725 154757672
806568661 4254296 333282905 189062668
722600063 703471318 542540848 909474716
107736238 60507826 747982417 75552397
756989853 234973722 389626129 390245100
874051851 978460904 894095482 484255868
295498080 653596289 236806256 822037446
503435348 74410866 254213060 220494183
290420992 77167163 307975846 339630140
267143203 946961252 962604503 24927851
570868388 746636182 311386 646624046
862996438 280826619 376654207 317061986
504553865 470576201 13252004 806804365
970642249 16778075 806029108 427984425
597959337 12865992 923783678 140878467
324448918 341221115 899009582 872700061
280319615 301286029 707478050 83151576
126432364 334304002 373169545 115199349
160357592 275656325 591983401 452215584
34577327 771753673 800089204 966059724
644755913 637350665 311604719 980954858
730725318 769985419 386452859 617684256
166874675 747933016 123996417 379405973
927772742 579568620 103320520 950744591
74847131 398631867 744183190 661877999
4671968 361539858 843646822 544400539
893212396 545556156 797686976 51806893
738989962 436840926 225057324 777312472
782334663 395777938 793453565 463599659
159625177 851149891 296247103 640464183
961118427 124606230 181014108 266329587
429827302 618095993 272297393 232727186
635948278 378302545 835276561 198709137
807033658 945739120 992438579 724447744
429742557 519278382 16088132 341066206
943531707 940111430 618819223 128990202
588707613 554773492 177755014 960693104
711338873 972179371 412234416 69897188
162040047 923613884 261063020 144994154
145484602 683628480 406983387 938954597
532331414 326894918 845760807 745633599
999472161 422790981 222074677 872951309
271167930 363995116 401266285 109079108
107156162 592240991 279388546 422384574
544368376 554872912 982754628 998295938
500106185 399869739 812418191 280172240
719053629 68881770 828046595 593417947
425605098 226842416 651348030 81491556
358263047 641964064 526970731 638913408
247831085 821259033 332718839 265773580
936924921 334212855 374747244 365672969
770107869 311313001 927903608 45006033
2494860 782985076 716434751 215655824
589767936 606110448 436175978 825212814
210032831 645892956 518512367 196188149
211432161 304453228 704279731 291634609
972308904 900637515 342967604 212329341
824881051 147302808 438784915 142794207
878984626 978618454 242322373 337684323
310486451 817044357 968823683 902628788
798104752 529440697 819745567 721054959
402460911 221402543 20541288 583218013
856431203 750176574 760103996 387674391
171712396 884123518 764594818 774126772
662340761 425673834 224319529 447969587
702668004 398233802 203500471 282856325
206562192 657282008 133225427 886228292
897471062 480869579 490128642 578094835
762977685 748440481 923399900 864227620
589216788 659436641 543285813 772679317
666027128 927139970 200363787 305492518
49238266 652972271 852806893 73282813
900595627 599294280 140180443 603680126
255539874 350590354 932711501 193901461
863019745 905215665 476121365 826809404
296432499 750517762 654190014 613970197
502869451 361362675 367878152 759835964
210616864 51881237 189867698 193800989
468614711 928957934 943562858 739676695
844565309 4431497 565072610 69996309
706722836 418013280 410471880 37918594
594755769 974742509 708328942 390806100
198203862 353831248 530448172 737285683
382572621 658787437 692924756 290096668
614120922 332935947 609469068 851509928
780102025 478173209 882701885 955951294
257241985 226187027 625831766 753405434
485379184 948512470 995794974 330922556
510950379 419791894 447680729 874603642
180073408 673780114 597026872 281733969
168302764 943783697 692568668 214117425
578246583 513071696 325349845 804756837
167437620 79941152 708286491 517119526
567826761 508405249 303558185 512181003
967958895 224524166 532439373 581597258
942583137 623272623 842057498 852196431
919069106 604446400 381848436 714370082
490950880 618336843 941620964 404545184
813144238 121386713 881544498 99076217
484933259 387354148 421977745 672491945
40154577 2651734 48323902 246240231
279723358 975779685 734600486 859274169
90613003 914550363 356862528 209852042
673634618 80307281 938106630 463066349
688672325 516634592 400428309 856534392
594925367 228120057 336293584 498866393
871888473 905765382 163877035 213153212
136269674 500731961 619050571 559776317
636709871 799863982 4616579 603249905
723396554 137496910 543843255 322364890
274772755 749251810 316071451 897397761
526306841 293199409 651770171 47452061
972641882 119207820 857296809 429801970
627241655 240562946 377465314 199425249
245607358 755915998 519306102 262891579
255972634 22323720 86561250 317027302
242570660 562410171 817992188 694313917
992725294 87405761 849209453 245852084
336981283 170928224 706347227 865929663
934135608 565110357 697091618 681076435
870897579 239812904 260354768 267189450
547311487 788556380 154606300 673174079
868960394 297081929 847140835 456285244
845666893 785210877 755512107 906019091
938313534 521007350 27438186 722640540
124043206 371844278 544533689 48441039
542126166 990125365 716285889 726390125
237064896 869178194 738756601 687350872
944370736 569218330 306274765 61339128
579622611 710195024 181432314 448064838
61946601 825415751 272364920 269713895
765487645 140514912 386326473 121366234
976319464 480167826 194066753 148930187
70816461 567027342 250930877 872727431
820137731 464142325 976287993 155805070
739928043 92262225 446775722 245122625
151768699 645551428 854450570 540825142
325958785 900262355 555102266 752534002
51694126 464193962 345705159 561968894
810074575 979849601 742375197 196835813
560160747 412147031 864744761 661094755
947082701 717986480 174940710 348426250
844185619 395316555 814245421 596967248
101295510 905827365 852513705 15911526
134397543 625894004 145510759 701132955
921108045 758971872 866090461 355392643
511463427 642058703 790567882 613790710
885913856 593645484 816611686 257202518
982401141 320415215 676311040 18159842
467178882 842357732 180345680 760640928
835350778 797597874 125331160 933304559
130757220 392150172 820324268 627930777
292496558 847488368 579818758 422362655
291896281 447213185 807632802 569620833
248087070 408697755 916993385 938823396
46375759 698843852 483558071 278651785
989433953 182470875 429241307 563562109
310634630 332236639 465299672 862565568
516001541 999237182 955674711 822106133
809365042 943373924 877253153 46056931
23979499 115165823 155631591 923051361
187947606 955850213 467646870 238604862
103199151 245468947 13390484 622054346
721823628 723191292 529052780 280823961
394553247 632453780 796624125 554087662
989622931 875274146 270307547 217243439
692071644 837884828 141749623 95945346
976504039 251338369 859247417 785561033
467913024 75617065 655196923 346507917
736915527 564654418 903571040 64262246
675781932 227702299 566904685 838163271
379390636 225601867 380443194 960875801
556385128 31601433 134119879 800990515
309193105 639928665 753281481 473196452
396903070 168218450 219602448 777021035
128742492 121989547 249275266 809583313
904792093 570117922 38143625 64910477
121463768 201960584 920401736 293258016
33802263 637192532 815963704 633272389
261779163 920367157 572021039 907014
871528462 760739974 224673780 967570481
948915012 245013813 346185227 651406467
591984769 46193803 701811235 238713080
538293711 340626322 411860104 438041934
15908220 457114801 342043072 818672211
5778293 648305311 736027345 204719014
246782060 359011883 721549170 749251065
346306746 183442711 830931670 873332433
553911115 705295342 899036299 238382909
605294562 634200497 756685972 777296835
317608104 820151270 521627380 890590931
670669284 536033415 590413391 974538712
5469416 590785683 804261317 127160564
391312759 598471455 794618347 101969490
10325026 712694141 143158507 578663799
165101212 525473816 183795533 432097502
639409888 799865641 151681508 661932036
19164823 336259761 987627506 541221864
656868106 49163866 170687454 214398080
713136354 359953100 177375143 117506819
84380399 667131374 956173640 609404074
643351537 706865504 291478709 519530190
117893239 84098565 10963335 551199083
629655408 226222214 990802854 351484478
364051206 877258926 923346913 859581121
467352645 323583614 653423461 781744327
79615814 970003164 61318871 787927940
293104827 336144302 770240463 482403079
211013030 570361180 461105031 238528166
904552307 570294389 810738806 738029530
607151170 951516475 357552889 125512743
212672401 251042148 618680221 119493122
227627221 755904803 942407864 319792830
102150564 635145347 185789786 22702498
804285089 762702388 856193503 319737772
388904247 970107979 135080802 472572580
559320815 331054149 19032697 390835461
1328798 361568880 142287093 473735440
218127966 808863626 14182413 55365998
703584876 50210226 161789414 615119437
916504729 791741438 862305972 409500406
880621514 197182845 238530428 489192729
158480620 178682315 544710455 346307891
365465016 33007822 520150628 100773968
272653084 80048550 60074386 545858650
505216293 463289575 629971841 826844172
473314113 730215462 507042708 523958786
884268482 181714538 54365865 879551532
549178928 195545484 245573903 868009203
295541746 385291337 620783969 207407718
511987802 820361736 934471715 659851262
94287138 285985412 794575154 779811496
604605593 323426574 743775075 216207552
712327640 497285866 337479451 553316939
306316348 488963348 835518013 454258624
129876582 251542396 221264739 561864685
531855649 15810735 35095503 980084112
726005077 740669194 794459170 327892398
606093070 8457876 887897308 907432889
104264267 62993437 101673148 655531313
924229404 551378972 953855405 368113901
564197997 898204315 940628857 852279433
343523324 655069209 58008445 870441617
882393106 552805154 83296413 863015012
166548745 895073769 599836009 730176889
929339049 958746993 285604593 103056477
307519439 615881780 37808714 965608906
750549270 417415129 720097524 516211201
962406966 162220234 82663153 690679459
315540466 828586911 964381901 132442561
908028901 314607703 89544772 568296615
648830920 868510799 151547786 441171716
823377405 195535422 716718363 402496563
134750172 126399626 962416091 303632797
296382683 562145712 251843967 370247351
700599745 689376189 845633698 347243763
111172849 284876644 906404179 176796695
628606356 11845180 391188578 351231252
576578805 181586235 663579518 565584853
758660035 573832368 258081987 404097027
662533420 417399509 170817978 667464721
906393958 681576704 818690397 135514490
481853346 914285693 448562667 577109710
255226294 89675401 920048859 429767961
119172705 403183083 121548694 758964198
844525271 595542911 579477952 553009117
185587722 20308747 516030272 77067345
705859863 860023000 232063910 702892767
614451869 36749564 258137816 321463314
755918587 602970220 687975209 485416859
724685713 652027207 490601757 594356139
971927081 261850613 716570379 873925798
93461242 226171358 998717636 143910444
999330643 67502894 780569314 64209006
92529547 753124023 378700534 617662517
182457380 954427770 387385769 369636438
869678189 533547038 639072766 432437716
865902191 409335554 964585341 806827369
173567630 949040341 759503029 167712964
695035540 693132567 413828331 210022846
223519448 898586332 242759979 252151651
632328632 381393875 195265244 779473107
669383672 618873896 575540439 610328981
81404140 686408839 888450434 124184631
167540966 635135423 353091787 413706520
120075417 162837654 692147570 589425854
87165671 799824761 105713071 293637102
809207661 284230047 74904452 434028377
368346178 82931820 936178163 670164901
877181188 762150200 718326249 972471354
2852289 414515657 238355265 743029902
883437974 376971864 117646687 684609013
546204288 60913675 816780843 476892207
45555970 273192975 493327071 926155320
741633767 223383770 205713328 804078023
483073867 619917983 937525402 975184304
854313065 267043324 635339767 950364274
825630945 213309249 631514368 404939800
161636720 250335181 674745206 870767791
761552022 841660415 180970795 149923908
476450282 529974674 332561459 491620641
745437980 749352571 67531488 991336157
697333570 915145259 380350938 434718948
162242749 431205941 990194022 46403300
422273375 451696748 233817416 272777742
277712528 844123668 99004147 604107723
116931441 485707226 315386209 223911831
983330586 423156096 960357790 958967838
668651527 565870772 3716730 357518279
909757993 798902366 357723525 616312011
326470772 142928793 673536460 613867888
115621643 618638585 176654323 546034905
236866794 823150100 396224245 777153144
926538589 404589751 963174520 844232726
137031029 418198015 213938546 429361880
728825140 197618162 605640616 413838250
610876027 351226287 668911737 780586462
386559131 102857043 160574524 802915893
27205613 249128704 281046942 789414597
63159341 461244111 329374609 725109435
112368958 897830489 603787750 626366468
70205420 277223220 759678033 990346715
446899606 286826078 166059145 625243117
107311174 865329261 389404978 70089132
887062168 306753296 215852171 900138083
370564224 19866265 666512269 492917188
590500135 59881707 243288901 969764376
976327961 232548057 200403191 474284357
770080874 290338139 12074620 354731670
64830378 604186037 484387247 868324302
6634286 836416657 8762594 714969559
519598000 95305534 246519165 932986958
861341537 138076195 834424431 154823490
874680444 216621732 166614893 210703489
426135452 935961828 166981009 696860056
893483716 451923565 756687224 349372787
677821408 922602263 157134095 166700842
529998097 256861264 970297814 516878928
600252852 253093200 862274823 364542202
650592269 426099702 929143102 496610206
266825992 723741087 794992511 911833188
269837075 435358475 184393253 295706366
619358402 381423791 85832898 182593851
824285092 461518183 668958627 338399814
730464763 75573710 688377942 472466261
597027209 770082557 466899606 810064142
922275827 879064657 511652579 17394202
699995034 551726844 497333113 122720709
140887815 120908272 674351005 562512466
642891325 152899403 157750837 676940810
246321873 242156123 269762616 616917746
868459829 933133477 787260016 352084608
820711917 477068259 7278847 970316893
970940131 604759363 523756719 210798653
23601245 477458087 724513271 435117172
716462153 774216991 194178365 282537640
207191072 35475609 244991531 705619166
125375951 408835890 919295427 538296293
48167611 565081430 140085909 314153029
474460676 800691836 456744179 384849948
175312910 179325394 921706542 220033118
227450999 54056953 499258071 609711441
842385207 723825956 979896561 347028920
223357012 634428067 198056011 375329078
498690061 979677258 934300113 766599877
611585613 640682139 415510584 589554939
344605493 542486258 706347085 657039459
177535610 542413578 26109598 467365819
913980489 566378529 188903228 322494679
786099419 877906387 913909886 109338487
280601733 620106214 259361122 333751937
669212863 592299425 216245498 837194256
515182506 30154376 37739666 593440265
134776962 562638221 401506885 830876486
998843420 479797453 47291735 937904245
808162101 917736993 672808020 928165796
8525051 786911034 23767847 936913850
86786030 897570606 840544329 850202755
190770147 870930428 344448448 808990226
907632067 47776792 79443456 115766326
131808414 345916007 762036398 365155233
296433593 989510791 256673619 362301450
939745448 234846784 446654861 987220142
121438390 688012174 102713936 487345341
551697863 142782861 130814959 897957747
562037643 958086418 994677622 651038245
643446702 190217404 942899501 98094718
943330600 970218045 462021290 769661077
806433799 417515039 251462810 791737068
776706564 786503929 881446795 658509218
631019679 533585504 355333164 972964613
943075377 303796881 132417612 361176656
204338381 266460173 529985664 441373975
517068412 548575445 780853436 743116175
878154510 737876309 993080436 427728064
88681928 261725293 66469603 302213247
241018695 120609968 116531901 58878923
797917249 812100398 646010877 31583168
839866113 63479834 354558934 667553577
646779365 121061501 910464745 509433185
293313763 889411359 158907553 374052737
212900850 755564020 78387241 901779235
693883387 543511190 802971295 871335640
802864117 8238428 748977622 992530001
845952414 640082867 63536903 332581126
166545782 787501881 476733641 935136790
106041406 866267884 882760969 432187210
638464269 323961206 51038166 117502334
148244644 612318183 108908323 204263205
482700235 133068860 904261161 325367238
919560159 938430761 934229053 350318450
646962802 887838087 447495715 225923684
284460218 116227730 384322565 218426017
904541719 631985451 544721841 392070542
527798019 263999114 860775059 625903103
266122304 26661980 480974557 140824318
43973602 735208328 581133638 764633966
784333045 128242627 650148510 935873664
200358806 627759905 972911872 63852422
837505165 749621440 365033383 713406978
586410741 240565008 500012554 405576316
866141473 434328636 309126581 552494252
888565310 435297463 279065638 723283557
983883407 363506731 332569820 985493038
462188253 19521185 213492672 603893957
599586773 69759765 323376457 577408644
826294721 263445262 215221175 138311741
817399729 413563696 793171619 905496676
470090107 711963704 967904082 810180805
509269614 310047671 96464806 609909074
257890267 978950255 538370705 172665992
334720703 415881687 964038300 732803510
624484555 770541658 829149200 22147929
237075097 853899914 486385712 524492058
66882581 391359985 382682404 461365392
528380254 288431759 930494377 98615281
255786077 766776076 282989049 555075921
657690151 360527147 719933706 942809969
918687994 482533381 636004933 59076031
476748804 992902500 553052981 869529118
568974696 175165967 995832710 366313823
724825370 619578168 853550562 538825512
810255151 925157667 417005227 295931731
636328978 42454409 194107161 766182228
663612884 64033034 578925847 295502094
381599543 86833717 653486177 350082841
393115132 244347595 327574243 424864087
170428685 61243531 566619841 406293544
770575359 867685228 899546946 774637854
619843864 9991790 68464646 593621000
853747431 518943640 484444412 139006216
349454914 147094515 316252911 666230269
941221043 130869636 181323581 84539140
821682321 870002015 398400104 200737157
825201872 239827571 822585823 687687610
877880718 278896257 891177945 532760484
205979929 193209667 428455494 181582640
668108364 510984102 529932821 328032959
110769740 771536116 84899608 897822399
172135548 194091297 48775412 984183488
12363128 288303187 697542150 67189485
613803191 805576474 225039844 438713761
4609611 822935540 723532284 639157274
408321913 702254337 524839201 704206824
575007687 950328869 386923597 652881527
595774402 442547927 629527393 44559772
910335883 508133561 814019679 500804335
883153706 795898193 598891441 309545440
218162725 246623175 735636095 915898436
477480348 60420876 661418169 356559773
659502360 56386184 210759952 238561055
445903963 422248038 780515618 224006241
49801668 892785197 114394216 530639155
99887758 760091760 980396266 645568083
973295080 237224578 412857894 968319492
473394515 551398093 851381153 845967857
411683368 677061060 618444351 641939067
544618064 53356671 676812963 712727715
71125287 497917517 921383188 523730462
324089276 666564792 50618064 965904984
150001666 490005392 781644343 808868657
127878222 450261273 78455038 738472614
273670513 823450015 504557468 736290814
25209596 589139105 922630855 811538136
478337585 962645186 151523465 4125008
812949777 589400932 380414276 535098534
666053186 738864460 8559408 746671945
689466388 865463785 571182438 954637857
110252432 487061626 702503858 410190384
36227219 454523751 606331763 798921839
359614874 213782514 114781033 702563009
757304039 184515361 202162519 808028029
479109571 322250743 877513985 347276726
775967204 755439013 991367075 122235500
743026877 964482447 681744682 985825093
234694309 339630409 760931950 265593518
597192062 170972685 337734562 380161724
935240870 542558278 999634013 270105715
641576160 448103163 13394056 285380017
751555759 611802952 490243192 245168072
330036141 212374531 549126045 942310400
414756148 70705582 782508795 244134971
897852210 89216780 654305143 722074672
771385804 78453068 438699457 512816529
445192980 590948804 373741621 99957659
889410722 206165516 265499950 599962504
650203094 421203355 717593428 337450244
826943575 538244750 183625639 419934264
350699220 838908631 380809015 84770668
330217078 889770913 675402839 597132989
547327065 101338438 926144715 193632712
633410616 897803778 362227963 548179031
502804118 791542281 526373134 293491661
634914228 13628535 766408071 650240105
761096960 636863224 551028932 537369192
526041807 409277078 266825968 510107988
570074275 669766248 374681122 591356927
400712468 225236014 363413077 917556542
160450224 691329625 650706636 287809721
942245657 210315640 746070158 92229114
913643731 202727025 427673952 633531482
755950820 805186975 402809427 787645834
47969430 734822871 305928235 125767486
845036238 748866270 740101693 525263225
780906125 160580515 392251964 661053788
372905930 458353193 10854081 850125887
532375240 556995499 529380801 146019253
112210027 508612779 113745617 611414415
788153269 752025500 276900305 886622276
870247162 903079337 844526007 892458033
262109665 927253897 535672331 739137815
506157781 512877483 742336747 589664678
137546926 671659644 55988714 589052286
161960607 615518736 251645920 485990385
712880881 860792204 339483127 103058294
998780680 215414324 714496738 274898414
251081852 73876273 656073621 363100924
414348476 326268870 244088680 821374145
570035734 963304353 586291881 149744009
862008731 413851617 722726266 527203962
890740416 279516956 999217659 229779709
241886954 885407885 642521091 896784101
891017592 549062358 9688514 572763394
113752404 837832850 447386542 291874995
151931266 259758884 717547224 475271018
456901743 289099012 382882092 503663144
215403692 411308952 301728923 54977317
790523302 347661160 682619411 37522394
999498641 4298918 615503854 368464205
901678710 111388400 324503790 360540887
317935861 553213706 263449128 26083550
226776881 169353609 315431268 484830870
910100476 1170605 850057903 897334801
372764991 469736279 312304345 202904722
627591263 119781275 731302125 90449711
482918937 954243437 500694550 385467204
574173632 565158910 770473393 255682317
373697140 440322416 25467915 249889014
205167580 701705664 575622129 405637986
572623481 268618662 4711411 190009779
241709532 359576549 859216465 359710915
187392449 73103206 386437492 676977455
532261500 738906529 509394603 38191928
838122392 207189303 343226102 507789269
552408531 638605732 312030196 132353914
576039960 798634515 429865286 815974918
776269353 749314696 330801725 448722313
594829036 240421559 142926297 854383764
867458888 148261116 446556484 808694557
28740941 602197865 198226524 399255299
674275132 303818823 415917299 143027387
128021188 961026509 981718056 98785833
93239608 507370188 473767367 764674974
858356604 495925824 797167283 229265532
879582902 696145366 92618809 133607025
939761242 52948378 56740195 192094830
575118818 391217674 283552208 456009426
777299660 735733123 843325152 918558056
496367532 290928195 855000074 478348164
343096238 852790688 696132786 614765373
17881556 539924308 960328876 447683640
606501180 912090564 881666382 310082115
285225476 453876272 186400291 507550742
484737479 942706938 660142662 619441357
187048991 402239055 409083017 591970562
832786988 18155875 547240415 945895232
90383090 656786691 33341292 330048393
788511597 509776367 154555947 299679407
749938146 310219242 291277975 694864426
415493064 152814164 790855441 981992892
604929066 681656127 77858125 199322244
662585837 861988753 563027908 857777308
899118374 848608173 474129927 781213795
243739469 659164869 118455049 780957279
735686711 805243219 61394667 426075226
774507492 85869890 467016499 14794354
145103399 514968400 729751912 830668128
515828701 995909950 260880102 547552876
395534684 585427456 581228261 866240133
841283297 745858252 934751043 348895287
116624268 261664940 595220506 547839701
360944986 285569685 778841527 896587973
49199432 643350 260108883 872304403
335356806 927572338 54163505 514481032
934904290 737674055 766466600 631779499
521938185 425397796 200250149 180270717
676432074 715433986 742168590 693048703
614521615 73565441 992617005 76584327
649963351 352284184 176950339 37600001
466886664 700595001 729933104 65070186
367399109 223182492 891534916 565428041
42296431 568389617 859097596 547587794
760171236 1546643 733316729 233457086
909536503 73729576 893191336 119610841
605824799 300737245 392837113 884170543
595127612 848763275 854999985 122809757
950847468 146517888 655041945 582235670
284087459 258574069 555394916 931900662
660107141 182145160 954177648 709203633
964976036 1579891 433887638 588895416
191233683 813165106 555100872 858224254
655112044 253107096 162545181 862373644
392119904 486246792 89329990 715140174
24886939 36857440 156685039 985874985
53707583 367373619 641830834 567514134
583199879 85307472 940854233 253677544
379500055 629873497 66734762 606985786
297704449 560650047 185743997 642664715
147341252 292091158 177498515 258177503
311116841 159189308 623215145 935987589
333346618 984816592 649518095 418396320
616592903 357308426 372776022 599151711
557867372 576152854 230465181 580809766
630775204 800379703 779301217 80919674
373487337 681593993 12456842 634634852
99483578 96985755 180689815 895074120
443603282 849454977 469739563 991568379
828178157 75355540 561119817 957512485
281223474 151885125 172142728 786270192
5193432 81267616 540695127 740250643
390716293 664112098 757425757 940615793
905962645 888465293 635244637 915560304
767198703 12454128 584341633 964592041
625210079 920229545 61186203 485014054
562805552 619026551 159051961 541072424
719084854 40885269 402058645 42777467
578875504 445595147 316335652 695126495
555357706 591398202 98360118 545987910
971713588 288200766 418448858 833898870
367398503 941087885 422776394 242805364
390417489 331777311 582853613 598330912
16974784 698564610 987940847 257750103
485992732 904238243 96770312 40848840
213124084 637782049 213172949 412149982
144531056 506208 932894289 846050889
289469525 953356259 878102700 226471768
27827000 894218677 250074839 202462632
905984972 89912748 152143480 715277423
781454570 126689656 130097733 576895894
636080415 494214912 361470270 654532459
641581198 457584424 921688068 722882544
93757706 574230003 565576663 363687483
156491248 267383051 853998626 292748595
324534126 567076668 312165795 716698188
327479125 86831554 992288586 774094025
531754546 545466795 224947923 174348844
503845334 465137870 531735467 294147795
578168669 832672275 787913723 887462455
759471207 132024710 140796369 467321513
650408182 652642890 603037924 290560029
215470582 685879106 823508945 974315244
620992891 941903975 368014828 529599158
449624242 236442466 140461654 167953958
937622559 201207141 572642160 910133853
261564274 87482207 224865116 246432132
928258908 948509768 292355743 536312191
781092992 323485599 618354979 197040389
112204605 441771075 777243557 431643903
652548222 765883488 786421589 194405288
40113812 193311283 959243734 198077119
185981364 153057460 127915432 954957913
524576604 739664802 646999554 407914671
248040190 936269783 795699288 178331057
149493014 712978984 959362782 301709183
680448127 410071834 105133522 168154174
415459843 409789388 944876876 355902628
905716496 995011264 535649164 847974234
783121043 749027899 662586081 669108817
640680586 657925282 719895444 824999879
650552491 522022635 580007787 314375141
490857992 699006854 870314695 967839486
498605956 924021447 252936198 217209077
701139121 146658748 461312231 433590962
272132883 123639645 929079415 193381770
344697552 818838700 639606841 311175411
641478611 725659899 10812295 215718511
650695198 967903378 693868015 892770579
742942925 687161492 99567560 202931811
108183085 700485103 749100595 796158671
263230958 579412477 463131170 574985083
980081942 839860792 216295597 13506172
382397642 679835227 934390857 945872741
127257421 327245947 232872463 744118490
226499607 627343378 878380200 825521324
698901366 138733919 451913758 871972707
36094814 196440642 306883637 587362044
535278125 825738627 53335986 573911160
626380318 195062032 91780350 120758513
728462037 119720568 932998270 591947674
470433090 663641687 988041692 458865667
5036557 726285037 414170677 720236335
546649374 464108026 218908226 822598271
33948116 530692174 2227696 399981743
955502032 508926481 304853220 330869717
117301420 993254465 895180562 36740458
481557737 977650994 637643825 837512187
637324245 16885376 714134900 413951174
178448832 803191106 101755801 952681151
172868482 155456555 920758731 938368788
757245046 324806747 826396734 370489154
737331384 896377838 195162655 256118035
653701851 352588226 63825017 135684996
402492744 565271591 104425019 493471883
54934111 959159192 506973373 145259723
443714936 203392437 27545019 253347592
33140520 585178985 912401121 604203781
745354596 418788783 488169998 215421833
815203040 902920648 621176178 371391359
515312504 183238738 294714843 856203214
557213460 116249270 691840211 394331943
38429830 912078218 45256159 539219186
738936686 67341356 295019294 958982516
427850593 502406521 881927158 692110968
789330001 162394596 840479832 83320903
91048585 341057251 690166692 559341594
914288170 536198283 445754372 645173949
167885046 857774109 79589958 431747433
90356205 966497636 237426053 896959785
577177755 52909675 623996885 600417806
322817445 369408689 591792379 405498482
108916369 784683486 386368345 473889507
999889595 577273494 752083035 309601281
215628205 494843253 542523703 289428625
473837646 637296266 524123302 395626042
443079402 227921860 672591837 123670031
414161036 961195024 317048252 30886934
862402328 184053939 307773122 804263392
730074728 637339541 256045568 438930302
494478571 486867400 751429103 744871400
142997115 300160430 740033569 350223133
78378010 633155240 43970744 352856208
348962607 443935329 509316273 593831351
869996417 669592153 9989992 3959367
659350842 384668278 672465790 4779266
230947878 138639588 545873928 25127064
923173733 88415539 822521655 71953903
428160210 727506792 966517811 584028231
908525454 251043173 969553097 386162702
7418649 612008201 734946756 626944527
363600117 169512247 810070380 734178469
505022770 818603937 37079855 75450317
779710470 371712217 785374517 601870296
314777373 889025752 97976359 510602415
310129199 339593974 973756561 608193124
569416150 322844848 437802078 678142666
326188657 299556216 717227461 349735429
357735276 144361676 560089725 187076129
729268537 75569049 690759067 818683968
668533551 744168874 51235196 161981251
953424928 898249608 265002200 580328801
845016416 632489299 45050211 335606323
869766843 706170355 829025332 158347391
164002746 788690537 12800292 82883426
582248107 443532270 949178618 637297491
211024104 568923947 753336493 394329865
600020804 205594067 870334636 891670253
923473199 803062030 531834142 447191260
518123083 493824816 240542198 138077311
274980759 67309182 709494649 427608997
468271221 567479831 957301495 949814456
712024871 96628750 897760933 634112473
262398056 213070740 833810049 559357554
839674527 461483601 264038861 18287212
999072977 437279485 434757863 399424895
977819375 654417300 616089195 816450887
823996275 236590189 902546839 987095030
433346171 481873312 370405471 220037585
998328149 579953001 15445138 154985644
404141669 637338401 687977688 33709397
448691099 486248347 39786152 52205577
772085624 311612719 258452704 788372006
76017383 773392724 869350643 857374560
476370033 416698394 732550626 43593466
716752738 317257315 426653553 282323571
244219872 269732928 41017174 662041737
71176200 647136553 769090134 974449255
493155172 540764230 808552608 635682625
614516400 328834680 735371154 410717191
915580300 755184010 856321598 453653975
132100797 105749362 393355764 985486136
840547861 534175717 233837257 413865158
864153348 368076613 210473207 758838479
741117220 459906914 507209025 348858333
437516644 528483714 296329902 692142116
263129844 390697331 87786328 436336950
275475925 954632766 34194686 505155392
365498482 756037533 544203948 477729149
729626834 35855188 409052039 34569080
626477060 93297218 557201583 515471484
29670564 695849374 303009908 980299441
850361026 82307137 113570106 272278992
247547006 758108572 452870300 901498539
303771513 220083398 266617989 293326186
984137441 229878980 218996108 635340778
836153071 746643130 671243883 402203704
71308716 812703830 182629379 247147539
278985263 217265728 811122366 471861256
285710281 836744238 906895495 185863382
730959485 904377685 765495891 723429866
382901343 559542286 409030591 171341326
663426236 679588851 45854834 662083366
381518074 797915972 509927922 365805074
453190936 412658071 513179381 83571974
611111553 992014934 361637148 140200629
171636615 20263494 531270720 284189028
93928722 790846247 798172882 972634266
171558007 463584457 804745322 322494044
682956994 668293652 723282114 896269335
34673404 564171402 937614791 357118193
456178162 62996679 401879082 267561168
379414578 897597344 520473477 555107744
17984510 961498914 22625841 320495556
533830287 879307573 141048136 61744360
73574180 60692997 505042153 351758966
96753706 224715646 14430928 166292673
554144791 829250082 754476015 556352947
389671226 229424354 178843268 596716730
852850991 359120208 253102168 909501396
590171866 76259648 910677274 365900674
622138950 349470669 447967504 390137746
15051793 635872848 988692249 933628199
816688806 56929675 845024591 147764719
170341200 918083424 183916431 670246072
867685951 765691979 884451347 845913521
217061000 946823858 904035495 73170274
484123225 828560321 509019334 537784309
983319253 903164881 200751023 550470882
74671652 976890414 205276292 46315975
723744654 616234832 754348747 863721012
145838859 703864128 110145742 229758922
930356218 311832924 935131775 46024847
928472984 537326759 973791219 493181384
358854700 950733233 216949806 450483496
903999893 72688396 536694867 747077232
196176480 741191730 980464976 31359207
585713038 76206219 446860839 67167376
678563736 877889416 872358582 450948403
25449275 39292173 506455108 29925724
372584368 837135989 718745636 868648974
575592753 834631055 894800328 703783021
7084713 405509890 737538076 67903031
117109693 373540946 353878541 391505721
4463768 988732731 704355317 320256043
225193803 874771577 72471504 601633225
795261719 591568712 67863448 467533733
588649938 890461889 643287123 220546718
622572802 495383293 102716692 470170027
629005481 147116548 653944376 255361428
215109411 486958885 578608325 38984906
777463835 279110845 570064332 32902815
869045282 912033734 991902972 355600961
309926740 408735174 459757 606881323
511050115 825123871 727997197 704243364
202888363 70063664 442816171 878038561
400928418 165420948 9370624 717528546
645525609 545542871 993915740 691854235
771679326 544336775 888523198 348669522
955101589 237264326 546053801 199828508
466661147 794617244 956619951 276997245
653887170 2478712 724574905 175628212
451981635 935161748 342911074 915655944
126953208 497259959 90474510 873646343
24641637 591702187 643300385 295186727
51692101 9049268 763692301 108409643
767644562 60750239 652756111 989091102
215744555 614578203 616403682 586033554
733196141 490147339 721023460 138392979
652193999 353031476 16108016 476565278
673208498 443373939 778272381 38514971
592680930 611332259 464659628 941463481
679216987 159370924 958780703 391980610
744828305 601527908 902285982 609755820
406689797 159779444 323475456 98643065
9608651 242280444 514925358 692932048
118011868 748891740 904652779 805017436
841779455 323493790 586456396 480003414
886670798 884071211 409877391 172636318
226153150 549500222 494778005 538424722
844986172 175628901 137313720 646439257
852092833 124453364 482164334 724105129
109952699 396755468 757539699 951697050
326755366 530501208 414325235 84971106
299266515 22295325 357271590 842892725
358766204 398301940 653327135 259720911
883593574 36078011 951378637 689899641
856560626 109064259 557042563 295993877
98504225 711263355 621419258 882693581
561321112 501381681 369469281 673903822
766779832 413098882 877378218 32126928
772580833 90261707 513135301 421180584
754135172 449006923 183744434 650973823
118940200 663615694 915956031 816917083
221430180 31274394 539719285 671183574
296343750 267720330 121203995 138237207
702802354 296846862 36182109 629493152
420481898 351826288 166776763 429399110
404902456 881590838 262995957 946534020
731195563 69821676 591264446 384190661
478647583 171866554 737339035 588295092
272683195 923686406 959947779 727047790
390034686 656833579 510663336 95171364
670661983 381610346 531875387 638279520
955183080 25816643 705035315 333189152
101525487 330180055 64819636 286934139
243882749 918539921 473978679 250589983
820425556 978107649 309206823 129320158
259153148 647308020 973147675 139083419
416033740 476325346 784113092 346489583
502479079 34683257 682884217 772094337
921941589 626101866 561592765 259083630
608490986 553711397 529271000 892719814
316345491 811158957 265372959 64798604
150040690 243958676 734736574 652472157
526587519 516711624 55796386 47000134
314445115 68627700 220833214 26184707
720012403 830034052 123230408 490790896
968667865 293655227 507224802 216875855
715385328 96005086 314950737 885947463
305652353 822237033 154108092 165255779
155797092 291880695 846228595 579609265
689516611 525025306 472160818 639587314
851189973 265919006 616908504 185190327
579424750 309383966 517819433 947534099
220228522 892958406 273859992 979022201
141124244 470442256 558472618 23780705
88674032 578655287 602168739 330238688
56221714 82594126 101439011 128891302
997522994 4683318 346277087 29817352
199419422 88263695 277807218 85302802
143033545 437993789 911952566 703336381
375963591 351107494 395027767 927412849
196989709 901312593 919913097 27205835
264733974 159619675 199084352 380252673
178009426 986116538 507942844 113754827
5527367 723433562 573734024 173623157
307363495 325536641 467760098 715685181
751688218 640276419 902955514 801117131
637574872 338693964 917360261 667614212
212747749 501473983 220909201 798846
628846329 252196754 734311106 292348766
680138153 144372545 572646094 282865636
807660038 660547075 703800280 860723005
284546101 453687652 374865736 75639013
108926438 660619703 170161562 284210514
991782533 607335519 540870324 294216858
124930661 688774483 338177410 515252328
50332099 665657519 143487157 113587533
644934406 382191899 32283423 404340620
309654239 795510683 508842254 88944979
439657712 808533452 378251075 518404941
69106091 724329128 791536605 574349785
191080462 38261678 893198931 579619514
446368814 249908924 386128612 632654054
856699500 813887328 850861806 143063103
615889103 145329203 32865619 257253679
727318731 704786148 940906161 40529608
354769199 366729330 576483092 303879165
913922441 820206505 724664345 739813474
498802243 763730421 169628738 453107620
890581984 200655016 125242089 160675962
605066257 765718143 247830090 269753606
582418798 882335771 772603118 987031951
312665019 224617668 4089354 781647964
633470924 531836050 681552165 217572079
587949666 13511926 20622389 709897336
270890747 761649723 558721109 829381936
678662143 965392302 936742931 633526105
579699265 449994729 118705684 606272662
223525468 142071556 544925704 786026231
157442231 505287991 313857330 707930725
997277251 439047655 918652023 507749481
225439634 190854813 433793420 131297547
712052047 827130314 100123020 19710918
311050899 786683379 506672265 265173433
595325054 686868870 524535834 251473379
861598731 504253348 20400423 424148884
614177115 138814575 140672020 120074039
519986834 653320400 616040714 560342830
332702002 704006033 119622858 62608122
509281472 64990871 9149052 886327959
38114011 634550956 873521628 350855179
585393712 872818769 640562563 344689472
964839531 812183963 893130368 513725553
925327051 249408161 213948190 182717847
116639270 233790511 764862456 392736690
973532649 521546142 504686974 437974995
133964212 22394026 997923100 897428190
525974316 568558963 722139553 766971264
448967813 639215359 566640721 688760134
286754886 142875463 430824511 939435027
589333557 138293337 229616418 135268487
916777138 11760772 878760136 416915533
926100007 492889806 517065222 225042528
628741935 52759620 680477762 648307340
671196595 253874303 447659317 463371722
472877204 492807244 368116147 175327830
871505116 43604990 608787220 927669687
664430643 260047320 850709379 329580356
118213003 756082561 423346312 750597937
497835783 169010077 628965462 417333251
703263564 470887072 168705570 899693458
231158050 152205270 496289664 714546119
394110500 559422661 77084433 363103464
354918956 834904617 974144788 122779976
674148137 674376716 524115201 595804059
742618753 347911155 524430954 31767140
846825870 395749512 960809014 522958896
280198068 351718734 842032253 338709148
220973045 1597511 356929470 47367253
114898577 132544419 313179613 234653193
27616635 547772239 433617102 61275749
329102286 977146115 952007635 661257680
344331861 943091425 220710807 510083713
876592978 253466683 608046078 420135332
121206048 219939649 841802796 54873606
397777478 445843345 365698925 199512808
470091443 252109867 492973524 823557942
145164806 458926656 750548993 231668385
604003458 636946851 774203116 725681893
208682698 678489484 290333684 983563261
617809844 234226882 550398195 780252650
375472970 846109129 686086164 606754079
226798685 644938666 453011628 986905991
341445455 734333636 63281610 265551683
305926094 859593442 438045483 531321440
486842325 432531849 735140962 197421793
861172184 717179915 24201433 414199196
628982575 79613739 518936522 408075843
218221646 153334299 653476256 510475563
781985556 311793885 88486755 767779464
912301642 801781989 229976882 907848244
409144907 285618610 832301463 309842273
281616091 880659781 974835868 158140515
705156210 340230026 760123604 811682026
762030962 155145934 535125295 162852759
827548669 163710892 931353722 528692186
314758915 790409014 197284819 976943681
768104896 954416574 209118754 884422353
123590856 819325131 140216968 445098638
391332858 132033219 257799170 520749258
705073122 191986477 784049684 59861448
714533312 454495018 882189356 841294145
501497721 14386745 16260116 315987818
907869079 854732334 983679028 962274244
312528936 834791723 112090137 531438712
942685721 250216670 312973201 234939475
8311569 933806668 405943514 922139817
311558100 245820018 743305611 303053064
437191533 605080602 720626379 440392324
364059119 222941692 99780730 61599398
496281976 877786038 423441506 727731715
608939740 376636206 160124008 843739878
626739147 513646658 682522371 966178287
466781408 654684396 11174276 43691574
543799964 26340256 559766460 568282004
591781078 123045346 527860590 631737386
714448003 215508449 287061949 588344232
840723704 283718792 162773029 684271782
297216921 601958715 496228121 415344476
336191815 675850069 814168616 324216989
898241408 836489343 286080334 69957473
431330152 896952200 470601632 750577963
136701179 721789069 454981326 95465832
453535230 83122006 535541021 224426301
711249006 630082777 480400554 338673667
912545152 32038832 705144046 65051814
978689922 479126706 567823169 622440446
222954621 227892987 185850502 396588072
190906730 755153664 835272420 82448432
153582817 354570343 215570648 991731915
890264060 680859878 496473660 399128249
987374375 967374119 622346533 394505861
419840384 211477340 750845390 694412047
641816547 276009211 131061584 768782951
20380562 357197988 871875602 78025764
67622879 635783595 683601652 605073510
42982839 836684010 387453880 867040181
177374197 998835932 357617691 589903781
43627790 792500056 522970494 643460708
188269730 496509960 743448657 269067115
761115051 91660817 580627290 119537044
509101276 560104360 899765802 571609968
425780403 15696417 28198775 195900386
946581668 146650968 460135968 872565344
2650137 476345971 744599276 334254339
557534806 996384355 956305700 203894468
686125411 274929012 18785267 362987761
624137527 487284270 825261082 202850116
60700541 340379036 380459679 792273666
426515435 363416140 208249880 924556204
22916505 827470776 324266101 859260577
677520362 385905527 257350204 554996223
699086570 288116351 413415843 980639446
765176535 348709570 283718783 224317865
177316874 411226318 805538444 148625273
172013822 23846341 464654502 111158274
365714528 969778839 528814911 281466284
187556339 761128504 713542863 279465817
480021877 200349487 702857892 670812638
655681282 516201404 818961544 968749160
779067281 960478667 467284929 755416900
60047604 313568956 586028430 340323162
896498494 468012902 31148602 320896025
335496896 463640713 322549061 585521908
323792347 917469886 764972138 775742141
19118432 864122827 484530333 365118220
255821178 699552722 535966649 771890156
517635440 605472282 336944350 803031797
58939071 716071204 400724014 112404870
977996145 549169355 781871009 615589864
573292673 982764279 227597270 836029868
53678458 23798678 717574038 770390962
357719419 173220909 618816150 600270172
78290517 3439873 454437831 733861527
404795144 857935059 476989308 245970048
966748716 146881331 440780711 366245992
752910545 108733200 59945792 384691159
55024766 841858791 692999500 601054180
884345437 871743519 72236864 248272904
180119667 709674712 385349738 440776079
279404603 796042569 452910511 729246259
220775474 520544205 69158326 76785812
462382455 816617260 122586890 201019711
854980204 208190983 822083391 680649275
668300009 255177521 109493337 351991881
360515142 19774816 834878950 908472410
906172677 247753870 283371588 41264553
669680409 756168507 718473680 425451805
295302277 407849896 121027234 635191997
890891168 211944668 212133860 891610991
32612105 940579952 517682574 794575541
898362854 68304129 232314436 454278188
198869024 732229288 372975614 299393837
29565643 566984502 894881452 299083508
187112350 629136881 703564578 885757916
80655849 129410308 158369474 299106948
775366311 172694581 530572006 514645282
881352589 297738641 697415420 613649741
913746631 567682042 919578733 805955047
7777957 468225936 538639584 410372119
823793051 758333345 979224811 210596954
914160461 320611389 90642098 212669486
371978779 82759315 274766068 663086942
799679686 725966269 557019335 135319693
105384913 555700795 970762082 405208223
244633290 883278501 738802689 95947235
586789693 808511815 524822854 404818778
792358411 333143601 600515958 188568137
822422379 601662864 343417718 371339142
9220503 112640691 877864185 512451570
49319328 275049020 177827989 373836192
802408399 431701425 838545271 649282648
669594308 94426712 248067878 226341765
383931733 553281746 850789681 831669483
258548433 812731264 422355667 322205381
560688026 310817848 481659340 486476535
555327057 885759924 651348876 975162559
428115213 767738648 143925587 343330769
816124259 748331712 15122365 52068500
846702962 771265673 122742955 526923298
526997026 235191779 535320231 763792094
809643999 731361588 120170504 336331920
738698740 16648082 138700143 302684736
82372762 239756232 661980977 885809605
682034493 90768014 267588062 344585707
830972512 631789418 839993956 540553410
553947270 145882631 298097605 208595904
587834780 909046961 497902177 192567467
614346622 895465088 638328954 633987035
862673609 489128065 722333474 758162648
462078153 13235352 430043311 824263959
274394122 17644316 887575702 411434100
892247169 7867036 905475729 224522213
494147257 643259305 365962296 77050935
40643539 352193416 957604200 829215910
48214302 415968040 751504314 188351529
271550783 40393330 766506382 926000567
930143002 312948616 804784408 415236979
158331648 991217198 222428682 787817426
255892985 328134487 949680863 995206209
335193208 995236848 624233121 693844701
182281105 270527915 174696602 163224379
84046427 748587402 198163848 252885480
212166081 546993542 675240836 799698263
859294880 742532668 324812898 800083300
723176657 204309022 498870340 137499708
161664836 313325309 553899387 242623506
654488119 868243331 791924060 258461736
89126028 287448339 572128012 637819384
316447284 258071902 242243516 346122521
637181242 705984409 374803086 328253395
956797806 259265075 499835315 43293191
690679700 99806181 109160007 664121074
592437512 34434137 873514101 633609600
908787513 468440683 615758765 79310321
900908453 622560571 357415409 508738383
986397349 298020939 297419129 427382198
441858323 210110922 344904459 322243596
21710518 812618321 836568272 193017099
413457190 703345847 979527314 77639693
186668196 589479394 361037863 311958425
843911160 654444360 936886756 110376325
344848989 980245793 481283468 323945889
51606679 820927459 535099136 45408104
331021896 742879659 248583419 184678733
177530147 91767238 892339409 348108700
291524803 424250253 122918355 441006955
891783878 640546520 664435014 442313027
875549610 392160059 949827892 847134211
898957099 815924427 416055014 694075433
579111164 578259389 710997279 500631223
916726275 177731086 923303148 992547327
476847911 384605291 495235769 997091080
97290120 192513692 49268196 575115095
421040568 145360107 524470201 284001720
843455621 591310979 252893567 343493499
946939302 597936566 819063248 47997417
497331428 77340075 776557764 251741705
81802804 737521716 965645498 362874454
56945024 542168283 868748317 666647117
633510641 62995811 436210056 861046005
930168131 643503633 156964139 856839225
287753421 354348987 360989665 649165098
187261544 548082070 795760730 157583248
869944559 615573608 101150236 812612153
795197211 261039777 663844444 500760525
405046958 138883663 285903024 419231701
312882713 21264598 660581059 272602149
288731480 38194808 473093660 5526268
342005827 481234222 981389102 733929386
555424043 79317945 518069835 737212403
317788593 553997343 514615559 698888813
239533540 752521472 11817319 59166236
58523396 346914981 753738022 425564174
341276667 742553749 777694490 418870984
660967832 728818667 129831783 697879019
720270612 769199432 968786762 462630139
19374484 797582396 662809841 662095395
332509003 167055962 257711550 817316537
979153010 831484577 422124004 410587726
612669283 472017952 544254615 287950876
297837639 879436538 790880170 159122021
463592 669743230 529240071 185182906
295210602 727055089 829287294 862042672
409173086 402902368 629886806 467573257
333155984 549918160 441959732 613042767
801191789 894216046 984009377 641049785
873038564 156552580 970580045 964593156
885962917 183956524 345402231 181146145
224551451 14491501 422047471 453839278
606701772 817945309 211869679 864890505
636252852 24376171 707825592 374406312
839546427 474021566 894976823 941943831
312344567 614718221 653155500 13800742
896503421 977024805 724910879 925606096
69061506 677432068 292837180 249147036
516739555 92861737 953107381 43439765
103474136 360144205 663259141 916348020
289007747 363181755 109801285 552175451
702630215 374174624 324870468 857074221
175271322 133909269 163250695 401462501
502457018 377054478 389642038 512154632
493063388 386274421 468392136 702391626
668613067 296669340 239692165 863441270
502905991 134512306 911908328 316833467
88990773 509794804 418980972 875300112
405716584 61449480 991229068 878660835
675850965 825079778 664574479 845834271
177979830 745584586 720039206 13222546
888760244 341908960 187610793 516800836
135108863 501572063 338799807 234080628
616314257 612718408 74514812 948883086
393682244 592435278 316346770 240342626
893236482 394146949 77265878 378607544
786452583 353785079 662068867 874329023
490507765 592788081 700173010 398483673
632430281 960037159 234710400 241644803
24235850 12856879 98311123 519316823
352673336 954080113 567911913 279078503
752844735 337904129 444719101 612923899
963305740 612180762 352604253 887170495
132089764 430180965 248334283 445672331
567315958 55708521 501450962 58990968
809766040 564960164 347814298 231360279
862107017 130031759 520294290 293226693
567052469 108787717 480486535 1278006
51415193 132172520 338254509 288815632
164882819 126111887 838106646 966639872
846598499 252420126 116847743 89205612
569511401 324556959 780189529 638389831
702240705 419308631 386700806 968139795
136544119 465003435 204366833 502726408
292812106 868550772 990690856 95035147
83242466 452593781 900829565 929445752
872264188 996366692 701645157 212118034
72080961 859429496 404837831 312284543
397363788 958573010 873731295 317012075
855189704 628636116 382692315 251055845
993001465 897838630 591667842 904152773
138343537 756241273 891565693 286538218
341634812 363134447 634420852 479444359
975086100 30591349 668983656 234347835
280532269 860873858 938280986 941423001
486800143 728168970 467695771 635090714
101476999 999262739 83150251 92318613
316506795 490162977 842592134 279319040
481223495 225875837 386607452 833161260
584428712 776504868 571964935 404163065
374690175 238389770 647977105 305812251
573969877 924724258 305350497 170343966
51226449 795338196 445166384 106294864
570276935 248668273 571688591 711179175
379276036 404287489 813018070 258709304
105971775 508730491 896204143 618189262
637875470 608561611 966317671 80850359
7016888 911416679 360500892 138365987
743393065 758757082 496642632 205656842
535480132 352660134 541339676 585267716
517255388 240744928 807323340 837564866
760717797 756668064 856412120 46219693
35246371 860250913 794361545 328513743
697415718 892952078 654521014 219185047
235405658 43189279 109105072 46994539
204583312 13013540 474219180 363669261
721850386 577299323 37509830 196358753
132573945 774209488 868841180 93032418
357685391 226758494 166539061 258542846
718442670 725287186 214949230 968102804
292281205 649893761 968723822 873214307
103155821 9407201 229679582 603504843
617258134 190032198 407710651 72666614
597497093 96605041 463712809 261538872
303947504 620811879 461436960 280507558
947030333 593135316 482758408 405220407
367802471 320918320 733791147 449744962
804398221 807816876 882448183 782943915
298246309 260561144 909542588 855403522
316772738 975788148 387717328 396466568
583136857 616677682 91193579 232989712
695743314 384053076 465237905 768532920
432651002 917884484 755917228 791059932
866720500 710265258 450207371 366484020
22528808 568238147 193761489 922908957
919343948 208137860 278570360 480701685
841337612 946750563 661428127 410751186
168315332 222279413 874692327 683869136
818652806 658714646 588659271 252807716
763676000 62690067 895410198 781495768
494328739 689724227 132102405 591045794
649735428 873172781 654395498 146316516
778800565 319946652 837916175 301064983
828707841 178419667 456223236 865902484
970378014 172827171 890316384 574770695
896193629 78786830 476317143 179056134
800233465 117337676 460325285 220159928
759479063 841661355 43324832 640653108
161958472 445101023 502785469 778255268
64592704 293463121 1033001 629986541
596156870 391288484 841881519 372121361
281939696 197772752 542757417 160800550
76052319 267964269 42524432 753593451
90099196 388536074 64393317 424249723
988750218 78420567 775269704 547176029
197507512 443261194 945653437 447676295
780013724 435868406 238738005 703787706
465083522 644604521 909223600 116439921
396058911 729412334 221286599 424488278
657111205 579852892 912549052 354819572
82054241 395671326 899008545 13285841
308835846 987424342 980672319 276040114
804206965 342124267 526810754 601299585
680503185 2444660 532761001 162429058
788295108 903812143 625907789 88415000
286106198 584483450 44780260 652096513
82675000 951637255 958926310 563745280
770495798 527622530 396262387 213608546
987759142 156761201 615897754 211756413
457023615 28367929 863606770 508748162
729953660 812627522 944816574 121018800
28036095 249267710 81974451 648455531
386490783 859893819 810747283 472656268
526878206 449099266 556220876 603331959
951743662 421242534 351610957 55345274
912417815 246860766 682506704 346465634
413467023 863201119 843157979 750872362
740582489 522113558 349041722 820682797
175414987 405619110 15847905 207038306
745620888 670435097 566610781 112451961
954849958 893521087 553495359 303842978
172101775 390027641 496467027 844612516
835463473 388400539 593970242 285107130
560150014 367817145 312943601 230827504
231749069 57514539 647170647 736122043
74111322 541544563 313125339 856699726
323508024 587592487 634086215 427273081
772336767 277533818 896312371 665362483
297638483 216272914 973481163 104583717
708066282 261215572 58234582 961548313
539936381 563001366 619759394 366219548
569702183 302489961 701777208 228317858
235043190 779787942 461982527 598510501
230606887 252708461 787099799 31050126
213302385 152111582 33341863 56972555
644863252 787002063 254452112 847766043
686110602 138397416 25707220 714138719
297789772 519447814 865332698 302727912
590865360 218782449 707232454 111420943
629090140 649137146 784574371 432048427
360893641 60008159 859238133 31888290
793052512 525302873 144831074 764241065
460582439 576238321 809544469 855358643
579663229 185711266 603256587 959802710
456240054 328056440 71663164 157235237
234007704 453477949 425848027 752263559
763508126 839767052 372020563 899227405
898761727 809748947 26507800 168062264
273034358 540051675 937873226 882052574
771180016 664895171 137989946 858747767
233697005 301291926 698774611 361634818
646691040 679388339 763309443 10350142
798515219 881552672 401874597 369423764
260499158 250611965 378395605 176012703
717215760 412351793 510466251 94233590
368191901 597287501 408960442 625650293
725205 149761351 409487061 578399856
26001910 47756575 989971587 830559008
188001951 839733369 362110914 812749643
633238276 384463692 320636185 360609739
569997721 973601649 658360674 875142207
381453047 98570884 458972816 687408317
489143707 952564464 707636505 955564885
139955329 900599515 621666951 998847127
76810710 418271396 822827912 622498194
488892230 259547212 713126533 872119496
763864178 417084062 653925547 466683541
506290011 995980932 188924742 224979746
579101176 239008500 66672171 949327673
283762625 19018914 657412775 773902277
127888198 96709516 494230268 321125061
531257724 717899194 540648211 816055235
306902150 944692260 918322169 93248789
9101294 986186208 502932215 738126785
941920876 22318920 895591344 348221782
536028933 342851270 340095328 73671253
253822209 401368571 262088135 700531601
467621630 577995436 90979763 429636265
920560720 118728835 157883017 850788821
313885295 585002571 828766056 474736527
265475274 338466855 372048127 945867804
791209042 384016068 12274772 590946185
456299746 26713326 323358275 301699078
343551635 189013070 397561177 108842251
938970428 45587810 67687827 345686726
867400461 368468695 624886041 503980328
966565812 886609625 100724063 656888274
298150347 40683044 108467627 57037495
30382755 893261433 168268049 495155043
818403283 979741930 352195928 712548770
636764927 411037347 448715215 327768407
250525258 734843002 277069802 914580556
865156326 903018525 585087371 779425629
863777586 404864256 468435664 611423255
351610698 226418555 996947510 797767183
255237801 574839746 435703057 202834870
623163290 381634025 431023372 768771029
504570219 74972530 839817082 950106211
216738092 899327553 470208432 457362990
5690359 610912436 843932385 671119852
217308383 11588957 438223857 247938866
224776022 76470165 52643951 999423055
754340977 746062526 82343711 659833126
316430883 619241407 838344939 809080882
651874770 470888541 925719060 674473400
386666600 679559072 760548670 202349436
354561467 432859629 853274936 647808633
188922408 517764393 557433231 447940479
974069533 831862668 972364659 888029325
172513511 301995429 890865910 687157489
823107408 750048383 420148664 171676881
348381756 436447770 520952806 565956099
662621089 245925878 781206357 480613002
630562573 263353668 368706598 212240676
935773013 106877675 249113425 467315713
353753143 828802780 413681818 98833631
612725643 177426931 571209468 515241766
835715546 966719294 469625368 296954576
889970913 988938591 955295444 530096800
927095635 352954267 218231602 955227912
140932134 581638960 92980970 283476225
325414206 581555705 225918071 976704840
26057421 582411160 864969207 696874317
710805516 83002242 252779203 783495813
105835772 890687333 345360952 271725484
636128639 681882113 11914748 151513137
490820318 852663149 631165320 159153887
113413287 223364443 264347728 969257172
172383767 68658188 162156799 614913001
340597974 150623399 583249908 951644697
111891324 60569636 118998217 638559628
20665680 68515962 453841820 547401347
931288431 389060369 896349546 639989291
286110954 465983970 371696880 629282594
954619520 894477264 270095734 716830279
907206479 730077129 897385936 611590741
663626970 941711089 114658992 927857880
816766929 973903585 413970848 722301824
120257337 85838426 981623514 457726376
822734439 763255772 430826697 725266119
319994395 644456528 336431140 815684657
379169927 538784278 160710259 457015167
757537099 901759418 313583229 67407743
439039240 155389009 5084793 452196051
84277898 722655797 566627726 907940149
865216232 37330505 431863750 745595705
208886204 180558145 256937415 284896300
548508864 508627065 568858341 279939868
327870890 95492200 654197088 306255195
46859001 802975622 798927249 492041001
212957168 181187368 655320036 934554312
134412566 723671715 929195573 489435189
467156331 356710718 354643137 870475205
151318294 263546515 258441574 768049861
135434299 481135068 87680013 547831057
147965302 961757605 325958331 693655708
601731945 206716515 495861899 340013308
63999343 981937463 140135387 461543359
60601528 415909317 626139622 592876058
953587254 601472304 641092854 534828770
570307671 265861265 383206126 446660306
521303466 655680627 428354070 5347857
731900203 684946036 942798402 735785734
378190216 298034970 378322416 382340438
149017890 164087741 218630893 821447719
123373203 849372570 817047048 193266488
330435471 273978193 622348988 619069213
841431410 883412473 449746851 85557792
284188274 344864348 731375013 170820893
899534366 626904141 519170680 179712965
895750218 293809938 564356608 511033429
126283582 589993088 111544927 327407377
166242652 195330554 604215602 221574866
356360257 869419836 478326358 616257378
630432377 968521378 732183249 515533208
173971867 50179083 954702041 488974270
56858199 829703148 947537489 528961471
66214631 543211796 201480352 554468031
328373891 290164070 811474566 508033096
406324075 256278945 16067437 702412666
703028685 919516339 315246337 902194041
344828449 258383152 603929038 813805174
317178987 837910707 509440664 102054834
698770962 534599488 173962090 768080591
717030311 299520058 419662099 750088850
435560604 765894824 36053205 908932192
569179511 182896171 532902339 808955586
336069382 553619525 582900231 991727122
666897601 184418176 134497773 237419493
380423542 642061432 465839724 997259124
411876169 194841032 359696194 362135750
761890243 56937539 430708266 384043193
140153082 648961215 810896905 832635579
696537242 447032987 189294577 262142047
97017621 780725045 200226039 160244470
170287655 871453709 990292032 3342175
972905976 483091992 124704540 775132273
192062887 956079716 354626465 766191368
393868633 577850368 884609567 788559876
629177371 748445649 911121509 287465419
861564356 268630171 419675153 456971893
779130657 850222911 833455340 239908655
805097001 976875727 648570786 540520214
797956076 72923264 936645192 412710525
324858077 143545641 96220723 189372869
408070518 311549380 1047624 176864260
958539411 925886723 500982546 869801544
124374282 543178804 49054623 848723262
705294442 468436333 221520183 65464918
726390185 623984653 387322010 359220691
128009228 663250180 358573531 712584852
46748278 528332486 572397354 331352556
445510322 559919613 399912689 847153904
21631747 801225063 936378034 560645303
879099082 905424184 428990703 540771243
790739881 872290883 583924682 567201994
463609605 436220114 269452338 116827619
562530867 24535940 674027308 59821866
779584183 34236583 703590621 295536953
409390432 253227907 625747151 944426259
484066807 318952751 16272878 471057782
366121348 739242876 998228143 52798381
470338280 964131482 374927485 702710425
641321312 300482567 840707926 130278299
10231424 90018180 539600427 179478539
735524862 893405423 863599375 571583637
325997903 382656973 118907039 894860994
149831077 355720559 259147949 440651953
542991289 739992601 407475999 828654243
883945441 901835162 886344464 160718497
159851503 69193075 632199123 69595424
339544205 182614424 139897920 67738706
918936813 429095286 940261104 55867999
571003143 35314012 625012416 280735516
265598006 838575287 585422030 979670082
789762337 931694265 990682439 588039944
558823902 653407209 152393962 795167214
794559174 74780539 648724240 623222918
780095516 417335181 995601021 240586319
930943587 357020731 987515372 184875180
307297249 490718970 140774674 15348191
176743045 880008804 673082592 518881741
532270764 228440537 996852860 369998296
581707827 193220656 134554677 274175380
167745992 538196704 682830120 162090378
294942732 641442336 893778061 79843113
561418686 114043874 86622892 61377090
388823662 923541685 948655754 723079579
944154160 243437699 635037578 844252571
96288936 434028980 290079139 908220501
854141527 896364127 611336721 40261876
994241809 312794456 961773055 681109634
820363756 448790275 280052739 744464139
228842773 167360212 638186675 417526885
942323043 365519668 834945968 757236694
159791688 578222694 742536107 408962662
358671663 215397540 493778048 730736255
481855037 156201289 298573827 720795957
383386949 423903448 669491984 576351691
878542961 828722585 613423276 778592175
190423216 59080304 833710894 203958963
793553657 465356993 158187479 944392343
234037440 247129256 774945435 275559271
627385993 422343501 325458604 654188581
972663841 771904077 907555308 127415093
725015362 570544950 899047496 420283208
807432643 914224581 585687447 104734183
32384387 160068221 839245033 262685394
600073537 516491931 496215283 709132334
713774343 413491828 512892230 372002581
453460575 167139476 56087939 914599409
530439658 987915630 603698893 878290023
978879973 843332436 780287682 695922247
86945826 86071376 914544915 963345152
476679482 383264728 632911309 659993270
53980219 666244417 391837949 210986116
698508018 499591269 121427638 439980683
388198463 455993726 245703898 119359359
943672908 370097405 844087998 431527088
541119813 393510209 847583905 449607929
802231179 107394717 70089461 178145942
382464558 985259119 558080673 459493664
322878764 660690863 412710797 66938514
513600727 60556987 184281575 428248270
824513784 178088869 529233923 880578457
381652349 238059061 810253865 204200129
503121063 619183957 482096718 235210985
771438313 834779333 935635743 123803883
924826655 410564317 561500563 455214045
107196927 911001123 434344824 248358752
253156946 17111396 923044079 278596669
729801136 964896998 508135846 982573014
595870398 73088714 148144805 17094908
46926793 540031289 672594852 80964128
839398692 617542902 751869690 536919006
148347675 76680920 164004280 482518435
221196902 604700726 687266918 992451749
880677906 559728708 512987542 963917596
617861552 330957169 977034204 293373536
639718530 787836138 507234525 356108628
629957254 703662713 16223759 451546439
771002523 401833755 998837079 626271079
922627511 984762568 186457850 905879960
31665057 618652643 377331554 136896784
31352147 460074314 331757585 662728964
287930748 673609372 448282910 539274738
548565027 474034895 102739843 774668874
908349524 266400272 554578335 197953788
794029111 76571563 823102600 616932734
194467700 146504415 5676749 341094822
741881825 416627033 574084208 174034109
101221525 505025075 956310870 118417204
813973430 564921174 66636495 338023481
19758215 600539656 602448790 911313819
29001208 624294233 41216785 321545273
897056202 468345953 243728827 365314290
387420861 273935861 864776467 828034215
610217421 661824609 554525642 644470732
285880765 688137336 343987281 766959487
869589052 133639386 723234069 655685912
656396938 912666176 686949132 594052420
240402485 39886549 64292877 718697777
174575044 203501880 627090628 843052440
921209274 170230861 40468582 872285752
405290525 39835441 277853104 394137219
84583603 969548236 614795496 505187223
663802041 483691602 955703056 427709221
868541643 706363615 233357702 710525637
281534770 999984083 311324426 953351695
641401157 58222636 686303768 407939114
265992154 588210448 793668935 261937451
37127135 361120390 360948792 690942857
726109275 371544527 800389062 88313828
909559864 359729989 890103614 305960919
763071457 834141735 655348838 905023678
833165606 106110146 378480398 502362207
951519941 8370902 369824878 148806177
296158423 484234647 414938380 733831317
697623801 294100963 113982197 501873822
255052472 747190875 163525357 91527357
825131351 62296144 126754845 627958155
739178465 75333857 467489816 640260885
852216708 144152857 351009049 255722304
704362785 856786080 648821142 169580837
914530446 69959454 514443785 800911029
977835165 208703421 409251683 936016839
977672633 831705456 846720464 64771873
554936522 577953932 845036134 474263569
429962632 654569149 393503504 663301454
544203257 457721093 365860650 818232785
554929972 995871783 308002386 762075412
162181152 722079612 711973411 245923400
8979033 897249075 762023895 599275497
338594134 909531928 679904854 670021887
793014820 507268433 262544832 219269343
188371228 7978565 363557846 285810225
730842147 641328303 734422284 897674396
493719879 765248808 986058867 270674309
902978445 119354952 740456526 409932444
493664898 216486678 922939350 305811488
578240747 835214678 181787847 112138293
673960630 84478370 894525817 856844990
166481898 196025586 451313160 712275841
245048078 301932518 887113531 421700580
607977923 696482553 788889300 588349581
723153520 709691588 581037483 768797440
976075373 444501404 181217362 742773014
738118316 127418516 319460489 20178758
478833186 772849725 69527916 85349260
515041407 811955119 61098684 446273607
387142945 50166613 213484468 331623970
514421459 438568824 862192562 363612277
1973762 881041479 26814157 635183401
695004077 950909168 511142395 485763942
674428748 774543541 32671588 766816797
996170893 324427607 455820089 403226592
331420196 431844019 201574643 851704551
609282109 753140035 663814684 252700762
245370471 595980184 352014851 496405104
130121876 224171134 211035872 221550782
354263194 506360282 320094083 34134651
431706418 243716205 439623008 707770686
615144398 454941962 753185429 783231655
914072689 48094185 989241496 990253972
588083303 878703830 648929871 657108807
508890371 565907923 123457170 100116941
699741427 253725167 981739201 856133454
257234740 586675167 924733173 96578358
796241756 255022644 538853604 867910090
683158255 996891712 371191929 604784311
204826760 16625575 828655371 391796763
843327682 500975332 218691662 909150088
435606563 271620520 116636126 431288893
147308345 372802307 73650802 661928774
344704383 365865632 580274380 242322450
275161503 308315200 372936980 234304726
189880205 867781285 943259304 761553028
472320290 870270987 179698200 167184761
830805916 193620518 130955974 540215905
245988784 591103684 617037917 438148307
295131116 921565386 705930248 148346991
95106627 185404646 269535089 939451927
664168635 527187632 462555923 153957641
681381228 87697770 770075196 853998540
115431261 589302936 374478233 28076125
721662933 926343977 937359953 970085070
202237784 160529475 706409804 812573574
724245578 148835637 807594482 298796837
647133086 592756977 263201719 658249405
402754839 765814146 438198452 575061428
540146784 777389617 200953938 620339430
733097287 446017733 682868746 90928921
513216901 343556291 569457927 250223678
68069202 868537191 227414260 756832875
820485817 817233659 554128507 303605197
469398967 518816963 333021 455788017
50217080 841129134 889033684 356799571
85477847 296787315 543786935 18079764
895969549 648927340 116586356 263387317
149281089 476982675 259850464 836278228
921228932 224833967 192315302 364283257
681088010 507925731 143507427 793074632
656650318 792101140 438302335 309979509
133742672 418781589 749675614 881238089
550284849 921375860 228411520 698315254
936673538 6763171 183791191 496917096
61170973 346749591 817294748 414467081
226111809 138927801 393109410 816480741
74588011 747995597 125483999 935992285
901288582 442378627 735776224 981820032
392862102 636316038 358377498 148303384
133650001 84595613 267139453 324388214
383471063 91378132 8365888 432390482
810281406 507405547 672958168 61546747
944866265 731964674 776273129 467284957
752666312 143168498 879928159 910580835
816721758 361106432 186033983 11530157
177913886 26102893 368173730 390383889
471739184 964820741 964840855 902746664
732700961 369902082 40726500 765825834
539325598 206541738 112627322 896069309
916219090 780385897 85282602 618590918
224410792 13305832 40716990 935776179
107707732 999592458 274080611 663116980
663113932 675883336 299708579 259498428
686478824 502407114 361036538 536921984
919277459 92693097 685330780 244473893
975442036 734123582 541863538 212271696
153667422 939015766 406110433 344867937
362730063 836237057 35801977 641201766
754780943 75267894 894279568 907537344
132922878 244236926 544092223 205658068
598515913 230589736 272142908 725831738
291396395 687688920 295656100 685574357
570410323 121948277 641779561 451246457
317822064 865247931 147806284 886394311
235346828 777613215 899806960 250229181
700632752 972574394 767304851 816559539
699984787 426296421 155742705 399832274
317023399 667875187 615980019 538675530
68553118 113447991 729497706 948742746
658629650 9896302 665542562 646723213
730281848 458229782 716748518 719223245
636430925 934127555 836427915 980136469
495322892 902576294 723788505 319509744
589377213 103721343 260846153 929063057
598986454 561404055 987519212 613798754
615921435 234764700 176780498 958654156
971765502 341184370 509823774 584622395
574051402 610961411 204475876 998549399
921156172 737903569 2995269 943329276
486922392 922461933 903971723 810823785
586504098 577972978 606312138 684509981
354655470 526582503 916641137 585001402
570881517 713438575 532541928 905438314
563148052 516516883 849267936 267463270
459174420 649480051 510817316 10614590
152868870 113640007 102415769 226434333
655451162 189940438 965025113 301367103
49165310 957152581 661299374 612156501
