25 62
-415 -881
43 735
569 -734
741 843
359 143
-154 -303
402 -955
-912 702
-708 413
367 -497
309 -793
-267 -497
792 -472
-574 -497
-855 742
391 -579
168 262
116 505
-677 860
-364 944
592 -750
-371 33
520 30
-309 740
693 -33
7 21 443650917
7 1 377739635
8 14 708384913
8 15 175893823
14 1 236243066
20 19 913680379
20 4 644311980
19 15 265149459
13 21 338389888
13 4 782150360
22 18 853697233
23 10 751149424
9 14 585750279
17 5 639892902
13 3 81891335
25 13 884383038
12 14 17656956
18 5 407707803
2 18 798460864
22 24 106431145
2 4 865102206
16 11 234744229
23 4 418788861
11 3 206725381
12 6 878679445
9 8 794125116
7 11 249958507
12 1 574613617
22 9 297100360
12 10 466271245
9 24 452986812
20 24 519820669
25 4 662507887
16 13 67347114
24 2 179063029
13 10 887738956
7 3 585995960
24 19 474086175
24 18 802004452
6 10 607705965
16 3 281928623
6 5 38476583
25 10 283352734
16 10 264413116
18 4 847566566
9 15 792235808
23 25 708605253
10 5 657914329
22 17 172829100
22 14 267051133
20 2 87561698
11 10 623151688
5 4 32665394
9 19 325196746
21 3 235828407
23 5 386965911
11 1 81832834
6 17 974906958
22 6 860502431
6 14 235728692
17 18 858539553
12 11 531634675
12
231 357
-140 -123
-716 -621
685 426
181 -405
-867 81
-129 60
424 593
-604 -797
-155 -945
-867 333
862 -880
