13 29
371 -625
-39 349
105 -77
606 527
-655 675
-482 635
86 981
-659 -344
627 290
904 -180
541 784
735 527
-85 812
1 10 502866224
1 8 250725596
7 11 582176558
7 5 705914574
10 12 532837367
11 12 390810776
5 8 277969479
3 10 942677241
2 11 515783745
5 6 459652696
4 2 884183413
11 13 957526875
3 9 985470927
3 1 342242602
3 8 36454921
6 8 665017852
4 9 376397753
9 12 703944029
4 12 699884080
2 8 110056118
3 2 729746756
5 13 574611672
7 13 264402342
2 6 666487948
6 13 388230881
4 11 941088978
2 9 665384688
2 13 99351060
10 9 124729878
30
931 -810
906 665
-633 -765
888 -427
866 -432
-847 623
150 -61
915 375
671 956
578 -979
-555 -395
963 274
-12 -333
-632 -204
-988 533
-572 628
-57 599
778 351
23 -535
-889 89
-966 -541
771 719
-188 396
-432 219
424 -156
-266 -686
125 539
-232 -478
965 -795
126 -790
