21 49
-264 -636
-782 -720
612 884
898 -574
-934 564
-238 -809
40 -86
-755 -811
-119 -395
-960 913
862 84
560 279
-345 -238
617 813
590 -82
-490 -507
779 448
-373 -781
-366 498
455 968
426 -719
3 17 734756197
3 20 884968617
21 4 195806797
21 6 979889975
17 11 934504279
4 11 591756415
5 2 653297648
5 10 963424649
2 8 251368960
8 6 657768668
20 10 945921740
1 6 285245439
19 20 936593169
19 7 266258873
15 7 730699987
19 12 489437736
17 14 43919119
6 9 487991885
13 7 439563302
18 16 396671034
5 16 929479656
21 7 968530114
17 12 159581738
3 14 956937287
13 19 739941823
15 12 124410981
12 14 400018909
19 10 420246630
18 8 11387024
15 11 255659382
20 12 826189047
4 15 130051427
11 12 709722767
1 16 112619304
2 16 859549321
9 7 322944678
21 15 293619083
16 9 362228631
13 9 934203796
13 5 910247752
18 2 934200056
12 7 847397975
18 1 106218921
5 19 662494590
13 16 917606259
20 14 54575679
1 9 277919684
21 9 219196763
18 6 31799313
26
46 33
-853 451
-150 -279
-276 492
-813 845
-210 954
-955 446
-339 983
147 760
-762 -797
280 -433
-674 299
-972 506
968 -761
-164 -853
375 -704
562 341
950 688
-657 834
-535 -196
743 265
-95 -249
746 -580
-783 -142
795 -722
260 -14
