20 50
275 686
124 492
-961 669
453 -410
363 580
-665 747
413 147
759 -510
686 208
976 -188
714 657
-956 415
-624 590
714 430
-457 -452
-364 -406
165 490
-3 28
-711 948
-451 -886
20 8 360507086
20 12 991226215
11 19 434603903
11 10 795905871
3 19 114328331
3 12 592128472
8 10 464008706
1 19 7457662
16 12 786865305
2 6 640874506
13 12 473582410
2 18 925169088
16 4 461515913
7 17 693905759
15 12 564138076
9 14 328341827
9 7 481855423
9 4 383253121
5 1 578824932
3 6 209711214
15 20 595708971
13 3 511913283
7 4 907057499
5 7 294489212
13 6 604121573
18 4 168585992
1 6 893828748
2 1 931648468
2 17 912522996
7 18 519520318
8 4 983217748
11 1 54018568
13 2 578223115
1 17 832391130
13 18 215503529
16 18 236632834
13 16 185561970
6 19 593765943
11 14 67687989
15 16 539431633
9 10 625240021
4 10 771539773
20 16 762695822
5 17 298783008
14 10 829240367
18 17 947712559
20 4 318769314
5 11 657902957
7 14 452817792
5 14 900327000
28
816 930
898 737
740 481
935 68
-368 -237
-632 939
78 533
-762 -584
869 409
-680 898
-32 -655
512 -516
-862 107
256 -554
-23 -606
746 -662
626 -818
845 -781
128 -738
220 -201
425 669
-675 -892
-40 573
796 920
114 966
-968 -239
-213 766
-568 573
