23 58
-123 666
342 -257
878 -403
44 314
33 285
-435 805
550 112
151 458
-852 103
904 -83
-643 -397
-147 253
952 825
-794 352
-704 345
-300 887
405 962
488 -521
410 -483
23 805
-686 882
-997 -822
-192 566
3 18 740020927
3 10 380170085
13 17 754768770
13 10 212814561
21 17 140312649
21 9 297638934
22 18 928141472
22 9 526248532
6 21 247668751
12 15 745390171
6 23 426749223
2 5 852543401
5 4 686047823
23 15 566060418
8 17 424889116
7 4 728246337
16 1 53139883
20 16 842549849
11 2 228143825
12 2 81215057
6 16 255596927
14 15 850258089
19 11 931514685
23 12 811524165
20 1 617999058
9 15 405509091
3 2 351930279
21 15 722235315
23 1 760172567
2 10 840109163
21 16 9715113
12 5 73138616
14 9 880064625
20 8 452525259
8 4 278692163
7 17 317341031
16 17 275062289
19 18 513341056
7 2 207567966
7 5 7620011
6 1 294239477
19 22 701792722
23 8 689520640
12 11 951628865
20 17 641864619
12 4 581143687
18 2 526320853
22 11 389434378
7 8 767176814
8 1 448887907
14 21 348992635
6 15 741368085
7 10 473276298
19 2 75303595
23 4 759644679
7 13 557830135
12 9 611209563
11 9 111099917
13
-854 125
-594 139
667 -352
218 -989
875 -69
-93 -940
219 709
-897 -527
-738 986
-741 903
611 493
-660 -524
-566 284
