98 187
-58517 84368
41951 -21992
-86328 87356
-55534 16543
94001 -36886
94299 -29255
73567 -69012
-82542 -85772
98585 474
77549 52744
67288 12932
85447 -3170
69937 -72250
13111 98580
-23452 -3788
6624 71977
-37629 -67644
74641 -13729
-3930 92226
45660 -87231
-19010 61528
20453 89563
-32809 -57534
26340 13916
-88974 16983
-76605 89277
-70184 2503
91017 2550
-92626 33404
73615 -53204
-79264 5486
55281 6881
47775 68233
-19583 30578
-28628 6705
-80964 35564
31656 -42080
26797 -91804
-38164 -56337
-90899 68012
-34941 -81728
63477 -33377
-12314 -14991
73317 -60002
8211 -63554
35459 79336
15557 -7329
41344 -21288
88754 -22398
86478 -74614
23684 -12850
-85265 -46770
-34188 -37229
-39929 80442
-50227 12815
48578 -41679
93319 87015
36082 -44044
75596 29570
-30669 -88378
3045 -89322
-71449 -60981
-25707 -89971
1349 8743
1939 -73603
-22706 -68514
-57162 65860
-27505 80840
5584 -4238
-65648 43677
61259 77650
-27402 23687
-28725 -18515
-60400 47972
-44675 -87187
56010 70870
18382 72837
24829 32787
3726 -37695
73336 44715
-61489 -61835
-83976 14563
-7715 83414
85338 -34870
36151 -87228
14809 35226
-31500 -49635
-93684 63899
5910 60124
-70909 23222
-90256 73360
91659 2832
-47804 -72405
44619 26094
9011 -22555
21486 38935
87222 30588
85923 2090
8 63 449923895
8 29 580973775
57 9 891826936
57 14 573199116
88 29 145893767
88 3 683950515
9 5 750085038
63 38 950217373
26 3 541238692
26 14 931709576
50 20 865823328
50 5 543481624
20 38 466897163
39 93 235364000
58 2 97861823
4 72 864918979
69 47 376473510
41 66 903458508
91 3 644017843
25 36 690298018
24 51 58377205
27 55 819399580
60 41 909846269
34 21 628934620
52 27 589639403
52 29 506148736
46 76 659080185
38 45 440018069
86 34 523747239
93 75 84368417
65 45 640769096
13 20 849440187
44 56 69937653
88 70 768579062
15 73 394158329
74 70 705726332
6 49 590271140
52 62 386334260
86 89 203101116
63 75 95191302
82 36 4895699
81 62 677634507
30 5 897379108
67 40 473015275
9 92 67498674
9 97 578848302
41 75 602490804
95 51 677547223
79 53 504138744
15 64 163132766
80 76 509522767
59 98 458094153
98 12 459554976
4 70 315545197
90 82 157251309
27 73 444122730
64 35 791299558
84 6 5445435
37 48 253371048
81 53 360062379
41 17 776224147
69 43 36083104
28 98 858340474
45 85 406947796
22 14 909925097
54 68 880054992
23 87 290631832
77 16 197636919
87 66 600237548
57 10 388029050
64 24 770149235
11 18 743636345
33 77 8951745
22 46 128122925
86 78 509644358
9 28 354190443
47 24 54106017
22 77 974245038
82 31 647287115
77 89 876119523
94 78 719197406
45 58 439087099
90 70 983061801
67 1 654251213
42 30 883855848
14 19 820842634
19 83 467192907
11 32 910966114
56 30 122808308
67 26 307447789
13 7 429335041
84 5 288980167
22 71 355399079
83 68 416632247
96 94 467744286
18 12 514316555
37 45 496660710
61 63 107617081
91 26 539049593
88 91 646744682
8 62 349382680
35 72 854411862
65 63 950758969
63 41 587912876
89 34 479447085
55 35 708514051
63 66 198832542
8 81 293978662
52 53 613242311
65 38 989490621
13 50 255496376
74 4 234030852
73 35 240230084
97 80 277757025
90 36 706604017
95 69 309145809
97 98 922536933
55 72 246293188
87 53 174872720
60 63 254434121
20 85 634322067
50 30 942147958
87 79 210050548
84 49 930186392
24 78 109076744
77 46 375535290
16 21 167180497
39 23 894002803
57 97 635773786
73 43 645127250
81 93 8757047
59 80 77059110
22 16 199814226
27 4 687005894
64 72 562232363
9 12 511269738
98 92 828406516
64 43 891822508
56 58 498769316
69 64 113477948
15 43 258385097
57 71 466382642
9 6 177744141
93 17 196016407
71 14 207829548
20 56 109052987
33 46 430324504
16 83 812749052
66 79 803580221
50 7 248109961
29 25 644605473
84 18 902927420
90 27 307948011
39 17 246631607
90 4 493980139
11 98 152416871
32 48 796101850
37 51 186921913
10 80 901758054
90 31 639256425
44 50 122049034
42 18 431231553
67 21 341799006
96 33 97129714
97 92 371523075
40 70 379609469
43 53 996172070
82 25 881460075
13 56 283533292
26 1 77825951
55 4 203217434
91 40 976414508
95 79 602347406
21 68 414932281
34 72 887436555
73 55 872243067
52 81 409359054
59 97 633757414
27 31 41959575
41 93 839932406
95 37 260185684
11 94 664085696
49 12 815779213
60 75 191888620
44 7 625331966
33 94 169384144
9 49 349734110
93
64394 -32220
44518 -80256
-60914 1339
47614 -39817
-28107 -28450
9161 98048
-32978 -93463
-22254 -73007
-35987 -70860
50752 -99984
-26093 6898
72830 -46141
74674 -53979
-51338 -64184
43898 -91905
-47691 26428
92804 40900
-71081 -64513
-82316 -81958
-72421 17896
-92861 96685
68962 -55731
-89633 -57412
50466 94282
79098 87955
-55702 2117
-75108 44070
-633 -89848
-68456 51629
30009 76669
68109 1900
79649 -53828
86479 -68542
-786 -73796
94340 51816
-22359 -34779
34525 -20363
-87960 52403
40769 -84346
1462 -93890
-12933 -9536
79633 87268
5983 98438
-80994 -66437
-25883 -59364
46626 -46759
98021 -82692
-12612 -10794
-59967 -80771
71548 10649
-81252 -12728
31467 -16748
65824 8726
-8935 -21041
-72934 -5092
-38921 28921
-8752 47727
56722 24252
-62024 -47243
-41831 -85402
49621 84903
43698 -58348
-69729 46413
-25326 -97926
-38238 -92186
33737 -53119
3691 -25920
-74441 65549
-20150 92423
33571 -58859
-56593 26165
78841 -30086
-94325 82190
54531 2385
22663 21688
44403 -10929
66287 -17747
88682 -43740
36763 1040
22567 18704
85097 -84055
80107 49117
18470 -46762
51639 -1929
-80875 -63208
54835 -76701
75744 -77439
72393 10233
-78549 17949
-1012 -72519
-33278 69677
-38412 -26084
-36750 -91552
