84 184
25811 -61911
823 -25300
-67269 561
69958 80253
-54383 -31540
-88156 -30299
20658 -70732
-74325 14833
-26533 20373
32167 -47163
40646 61186
-79615 -93465
-9993 -3517
-28737 -18785
-83977 4454
78207 -86044
-97468 57725
-22080 55029
-37301 50342
-99628 -35982
56612 -22943
64854 -92893
635 15943
66895 -3670
-28109 -66096
22354 31958
11529 95533
48090 -34987
47701 28328
-6479 50297
-61219 80218
-91669 -70103
-35353 -9594
-47549 24526
-98758 -25596
1502 -15635
63927 -77961
-18843 63585
-62705 -91458
43489 37338
-1996 -6188
-80308 59366
61616 82661
-98153 -45349
-65317 1894
23208 -10161
24727 -86572
39436 -78806
43850 93164
16742 -82518
-71539 32248
-96261 -48924
93264 -21845
-65430 97786
20421 -50336
-32522 -38863
-87604 36446
98657 9346
40343 -30543
35543 85339
12967 76078
-99657 74383
-31073 -72434
90741 -40080
59891 96133
-26230 -81337
-29214 -40998
-59459 48242
-35367 -49976
59640 69679
2743 51014
-12411 -34651
81800 -95556
-8342 -59376
-15940 42394
-88859 -48121
44147 84974
20488 77899
-51700 52914
30527 -4222
-24437 48776
-50383 -7540
-19025 3396
-78068 -88675
58 4 301180287
58 64 318127630
73 64 610538204
73 12 638720859
32 44 784459280
32 12 170898311
62 20 28526711
62 54 559578496
44 20 335693782
4 65 565845002
65 54 25609471
59 46 921649697
44 76 366911668
84 12 185111716
72 55 542539729
23 30 249660141
39 47 928685373
23 41 503909212
8 3 600355736
5 69 226939523
40 70 241597586
70 77 712784845
43 4 37365126
3 15 930439355
9 75 992055451
27 61 412929649
79 19 515205463
5 56 404143534
9 81 737245534
14 67 978788572
41 36 774785181
14 33 547435079
34 19 921429005
35 57 952708518
10 1 533989994
73 16 435668345
23 26 432379969
22 47 999210955
16 37 416401145
24 21 878580266
34 9 200965487
45 3 708896698
55 2 187529730
70 11 379920138
58 70 848868432
23 75 124119376
7 74 867731195
27 60 396747588
21 64 199987581
63 25 379366312
14 72 130657841
39 12 164304630
6 20 877679788
74 25 99025673
49 60 24659686
66 47 113269031
71 61 509148692
30 18 613474973
63 39 604873561
59 10 996088249
6 15 546430755
71 11 147874486
59 55 687906623
14 83 668399137
79 31 297329699
62 31 25796121
62 35 837442373
19 38 286140573
74 69 948724778
74 72 151264871
40 29 761790673
7 48 118329294
17 35 190578733
76 52 84897627
68 31 945275381
7 50 159307961
23 13 650534542
24 80 694792114
68 42 428721032
34 82 706749139
51 42 600727616
37 28 34675742
78 11 827119054
58 53 728285144
69 56 705360728
16 64 888024056
72 2 8962542
8 15 309588104
49 65 968129071
55 1 935436398
30 75 151761499
61 38 518682881
39 69 867049391
5 33 748819415
17 57 79994662
73 39 145512809
27 38 723640350
31 54 107689153
35 15 676621874
76 69 320995610
37 64 494296006
5 3 92484423
74 67 681270353
75 81 801758891
77 60 775529532
71 38 172848858
13 41 599115435
46 2 856037086
27 54 348602922
14 56 633921038
18 38 644512899
22 48 420778025
67 69 352616604
66 25 446139532
8 45 327952420
29 80 379542915
35 6 951332412
42 31 424373797
34 45 657206089
48 10 80591075
14 36 505758092
17 62 535969015
71 23 411069360
74 66 387841121
27 49 832852002
32 84 445186468
59 80 415941528
11 61 669990111
11 26 193292533
75 18 598577640
41 46 407251109
83 33 638997571
82 45 66448747
46 36 112585986
63 66 299565292
19 9 18443849
7 1 748124975
47 50 219701640
13 36 594909188
19 81 364638778
31 38 639355132
34 79 707267356
23 80 720466147
71 30 287989020
57 15 877052222
78 27 288942146
32 39 790121955
39 66 614566461
11 77 695901377
18 81 818501677
29 26 851184481
77 49 395249273
51 8 787611140
40 26 291229872
43 65 585227191
82 3 438295877
58 29 569895529
8 57 457090283
30 38 767381062
69 25 660466976
42 57 125485886
34 51 212336245
70 43 691181821
80 26 953818924
67 56 942972637
80 46 111786796
23 9 826222667
21 28 695102767
16 22 281165289
5 82 7247000
76 6 467494541
7 47 611828038
48 47 842124427
21 53 594260632
82 33 865741651
51 68 244469705
5 14 666115224
24 53 566317957
5 6 458379795
76 20 965372776
23 46 781293147
7 55 405162048
23 83 961629519
70 29 145398511
100
24780 1998
-79306 -94721
23887 -8118
-87808 13898
-77632 34923
78332 14907
70539 51134
-79870 15510
4711 -76526
15074 80277
-99088 31250
-59281 37849
42003 55698
23413 24280
-6873 38060
-9833 79947
-45478 31549
-39014 62358
-43810 59531
44795 -23273
16240 76566
-62111 85390
33043 68262
-30537 -70660
10684 -91079
41418 19844
55863 -9233
-29369 -49699
81079 -17842
90686 39143
-13530 -41548
75267 -86924
68313 39195
60666 -81074
-19216 -1025
-83701 29972
69026 21620
-97561 99947
84758 7665
-31361 71053
81542 -35983
-2883 82751
83367 42035
-3092 -22848
-54241 -49492
-28834 -56599
-71941 78974
8323 18006
-48583 44921
-92474 -10792
-22901 55891
67233 85947
-2166 -65815
25360 -49223
77744 -72661
-19797 31016
12756 -78494
-55310 -16906
20502 -95208
36560 -24281
68059 -29031
33757 75756
-73224 -85799
-28975 -28925
20028 -55174
72067 -80449
86655 90265
-29676 -1469
53423 -17140
80416 36425
-93399 54067
8696 83710
5076 51970
-25465 -34067
5539 39323
20498 44479
74828 -74501
51492 -66131
-84697 -97108
-83597 -23197
92880 -79438
78051 94910
24809 90736
87265 -58044
40406 14111
-99708 18456
-76885 -6564
32541 45841
-31395 -89710
51635 -55077
98628 -76709
-54755 -85904
11491 61395
-26357 -19942
-4125 8741
50173 -25796
1350 33097
-20544 66912
87951 86137
-13032 -84984
