90 167
9299 18011
-14771 99044
29027 -11696
-85006 -89960
59156 -54951
-68539 48436
43886 -98581
99055 94074
71791 92931
-20620 180
-20753 -34477
28066 22619
8766 63862
28517 6575
-74828 -34627
-81707 -61135
69205 25350
62751 -39659
-37982 498
-455 98119
21016 -47673
31000 -55176
-88551 -73979
81416 53328
-2660 34527
34641 -61166
-32645 96211
53113 -27754
-34343 -45283
-38839 -478
-83297 33075
12219 -98246
56044 38681
44416 7393
28730 -17858
81090 -29522
46903 5170
-93921 79078
64654 -53580
-14402 -94481
68238 -29422
99074 15434
-11605 -95756
-40160 7140
-62263 -75988
-92572 -53068
39238 -10991
-43652 -87174
-84141 33756
-18817 94153
14340 -45731
20108 78888
-83771 56693
-95762 -63502
-60643 -43533
55374 -18320
-35784 -47869
-69886 7291
-83469 -57654
17519 -29642
-29215 -57687
60795 79146
43578 -63202
53501 96649
-2297 -64053
30563 971
-82328 -89730
-24129 26139
-12310 53990
-74781 -57479
-97510 -49204
-43799 33719
-57689 83
-23456 -72291
12616 -20599
-70212 -69724
81333 60770
49485 6858
35712 -62932
33308 -71515
67263 -9248
-43329 -56659
28237 97631
-63979 85336
-44985 -96684
24919 -61411
-91286 -42219
3582 -56009
-8193 46082
-66777 57649
54 4 325129862
54 71 185442439
83 64 732300476
83 2 545319175
42 8 792910653
42 36 239565109
64 8 912690662
38 27 116257310
38 71 800223820
36 7 745403403
4 85 649131043
32 7 728512941
32 85 238986017
2 27 843559426
67 85 16226885
34 66 624582929
79 80 465212764
52 64 916699241
51 88 916459909
81 56 115232456
42 24 755371818
62 52 684565886
62 9 355198796
90 69 895367536
86 21 418475585
41 81 310204767
13 20 594957473
5 18 766388279
77 24 80890447
53 6 168594178
13 12 575386587
34 78 403505268
87 71 981046802
50 27 74159548
57 29 859007976
59 16 888235675
51 60 344409201
34 33 33705098
43 65 619632698
55 70 120479221
5 22 890921646
72 58 390375615
82 76 480411317
47 28 808225519
61 82 193536772
79 86 408543623
39 5 887443899
75 66 995673675
69 27 21128074
49 87 764737963
80 63 261316846
5 7 348172607
15 55 917809598
59 70 250868782
52 20 841211610
37 78 284930842
57 55 494887551
49 6 370896423
81 36 584887540
45 85 98490638
90 72 695994449
1 75 235279134
16 76 819011011
23 76 821626431
47 35 755567204
23 67 747184514
47 66 519492562
77 33 516722656
86 88 133802521
17 78 403583635
55 73 203045992
40 85 242472461
26 86 384431845
48 45 441458512
82 74 37210799
10 19 484157516
75 11 419832929
86 32 574515485
75 3 795271080
89 25 182814229
49 31 583381366
38 84 554027984
14 75 59225293
86 65 40820663
30 73 475791291
46 87 468859829
10 75 764167350
89 69 334692163
44 58 911512048
72 68 708394862
41 56 343098263
49 53 458905643
33 78 139615297
39 7 388412332
5 28 769510464
47 37 832325048
87 58 178605178
55 29 708829964
8 24 139664812
41 18 146869113
17 81 970471788
62 64 581041951
28 22 963927548
76 70 113666268
81 37 202262270
56 28 117783025
79 63 673120465
15 87 191794456
47 3 116459442
34 12 976230874
31 58 737227835
28 21 681313075
17 42 446045721
61 29 898762994
15 70 109658757
15 58 493751370
82 45 602455179
77 9 78789445
38 53 290525336
80 32 555250698
67 4 208284844
79 26 245028498
31 72 394072764
50 20 341368797
30 11 382799815
52 13 929226117
30 55 105815353
26 63 322169752
14 1 900739374
5 63 40680888
48 40 823884870
54 23 58454234
53 84 317748263
43 40 676959572
27 84 291164798
66 3 565270297
30 29 30218948
43 85 9968117
41 36 30417953
61 65 133428085
39 18 552897127
36 18 380272920
35 3 335632968
55 76 617494331
59 15 512488586
11 65 912498609
17 24 109648009
25 68 313118137
59 54 167851586
56 37 361827164
67 45 629198868
52 33 735888245
75 60 715402239
50 2 4482917
69 68 182449971
68 44 903748101
77 8 142498276
89 68 524258327
73 44 84298248
73 58 535188940
13 50 185250717
10 44 731254293
23 4 141982267
89 13 441621249
80 86 624839508
83 20 482568723
8 9 560526162
68
76073 54721
4855 -56118
12356 153
-91609 -68057
-40648 6401
-83296 35915
-60575 -96034
-37516 40088
71702 -3725
-68647 37747
-73313 13439
462 -92059
-28511 -21977
-16005 -43146
17821 41791
-96141 -39445
16513 62409
15471 -38407
68814 58935
22984 18716
98034 -56530
87471 18445
-63645 -92805
22738 77745
-55982 87234
25958 -3814
48494 -53284
35174 81216
85439 67122
18648 -55657
-41879 -93080
2498 -82112
-66461 -24140
29829 60838
7440 -15287
28781 46823
71908 55552
-24288 -45273
77493 -82434
-69890 -49374
-58608 -44428
74206 72214
4757 85285
66606 -57756
79190 35159
33793 76112
-88419 -54896
-52547 26199
47837 -90892
-22825 -60735
17884 -95479
88580 51654
59278 -7192
64426 -97018
29852 38586
36631 -17685
-72225 96860
-216 -79598
-4090 10913
-48258 -94462
-15390 90220
5796 -54459
89678 -97390
-33049 -98240
87411 3787
-11724 99601
67736 -63523
-38652 -59086
