86 167
19010 33437
97712 -83703
-4680 97228
73123 74128
-18098 -15874
38194 49409
17603 -8553
-14086 4484
49799 83238
78900 -37418
-62420 84141
31856 -70241
16748 22947
-51691 5156
-44785 75612
-33705 83274
-3077 30305
85194 -58928
-8588 9288
36077 61152
-91160 70779
-50502 -5706
94353 80256
7447 98296
27896 -34169
-47343 74978
-72172 3118
44679 35734
99794 -91779
-19643 9477
98038 2870
79791 -63854
-21675 64719
56862 -14036
-70994 -3604
75471 -59823
68280 82676
-76472 -79651
-91125 67168
-50318 83924
60015 -29768
-74574 31833
71000 1160
9042 -89610
-68534 -57624
-96259 -26851
-80449 94007
3365 96830
-80101 -60629
-38063 37650
83046 43452
50602 -25023
-96911 19178
-92898 75119
68337 32466
50813 -71334
88172 -9559
-65489 -88427
-81915 43766
85250 85697
-7917 88258
2894 -25417
50997 17866
38803 82370
95323 -23208
-11726 74862
-8415 -81851
23448 13922
-95630 -47894
2537 -23612
42703 32494
54467 -65039
-15780 -53149
-95433 70550
-87428 -1299
36663 -93257
41347 31059
-33547 -60454
43263 39087
15670 90873
-13879 80819
1176 99725
46589 -74067
67059 -39739
19874 -40467
79066 -54747
60 82 668176632
60 23 852655458
76 29 421897772
76 58 918585030
47 82 398660927
47 54 145221449
74 54 121728528
74 53 413187925
29 31 561082901
46 69 519614727
46 53 422457760
69 38 666635338
23 31 717939367
38 58 770070500
34 57 764686451
7 52 469296486
4 20 832338191
78 22 399499579
71 77 281801908
81 61 229942091
56 12 239900661
60 4 109853781
85 12 550302671
50 14 798657288
72 12 186503843
1 66 317698101
13 77 907637065
39 11 6064991
59 74 935184710
70 19 216600174
81 66 414334350
56 2 501686649
48 3 826711621
75 35 323018057
78 45 125824383
68 7 532754610
72 41 73655700
51 4 980769228
67 44 777682448
5 78 923419491
74 39 47059965
16 40 662841256
85 67 301562376
68 13 297446512
58 44 915338792
17 66 599963456
35 27 76340504
20 64 523231302
10 41 2958249
85 25 327167062
10 65 64932891
27 53 405397958
50 33 631601595
43 31 316340044
53 42 631351360
63 77 405599290
67 73 794163049
82 3 887490035
32 18 697339603
84 41 294704119
79 71 994829648
76 83 867951814
46 45 883465651
55 63 705252596
6 1 144382952
64 80 325689390
80 9 999503351
61 3 407093590
43 63 139059385
45 49 708867356
14 22 768112156
16 3 63061952
7 62 99039066
55 28 249755837
34 7 389564398
40 15 804930903
10 18 400452445
74 21 190485014
86 36 657246041
84 86 752072743
82 24 152933088
70 8 882217977
37 9 136698728
26 50 761752626
70 5 552623592
22 30 77929066
56 76 862521012
12 44 876031434
79 77 312427406
51 23 369895727
81 33 946067448
75 53 586667745
6 20 224102659
10 57 880806395
82 48 34560171
4 55 827684659
59 53 570731967
59 42 556460044
5 73 132668420
25 52 670100951
75 46 982430186
43 55 776107739
17 33 227097495
34 63 749157746
22 45 397614661
83 12 814239787
65 31 88551198
35 14 73817415
4 23 477487763
24 80 310696815
34 52 274873621
29 2 563623450
32 86 268957233
48 80 984879920
35 22 72855961
68 77 424449334
76 12 853014624
14 27 15958196
75 27 847686121
34 41 654113046
72 32 709166726
56 72 430914629
56 32 239281618
39 21 443016315
49 38 449402056
4 37 400368693
73 62 930357200
14 42 685026593
26 59 582116984
32 36 778396180
7 25 34211333
60 24 537989755
51 55 13916592
56 83 894177641
72 84 353050581
50 15 223798206
4 9 58840522
54 21 16425407
20 66 110166810
80 66 442663553
1 17 962973660
78 73 187789601
60 9 452604741
21 11 540795910
56 29 585193383
68 63 943826645
6 79 506455546
16 61 446926738
66 33 673621780
10 84 27469476
19 17 245869246
64 9 565880694
26 11 625493319
69 45 733751965
60 37 244424454
50 42 979323491
70 7 101492402
5 30 680784696
85 62 155514456
5 62 243863593
65 2 142867252
8 30 283178615
26 40 559212150
19 30 216415551
20 1 532609463
67 12 855395542
84 36 303591149
62
23639 28393
-76034 81147
-75573 41324
44886 -92938
-10819 -81159
-49915 59923
36501 -15666
60744 31356
-79218 -28852
41146 59763
-51937 65040
27637 16268
-46387 -55157
-45564 -23358
-24446 95295
-94306 2182
13765 86076
-41126 -30831
-15140 92889
72193 38542
90179 -70999
-89920 -85050
-34466 93886
30960 66587
34305 88148
-16335 18781
-9828 -31729
90005 -6787
86380 73400
-70434 5068
-88016 -84039
-39739 81013
71069 -39719
13881 36273
-34155 -78711
92417 -62043
22909 -33450
-27309 -18842
76914 -10171
-740 97920
20092 7883
23521 39348
42342 -42436
-47190 59345
-87864 77809
29531 46910
-71463 -89169
-68449 -33099
76399 -61425
17630 37095
-26708 75738
20664 24082
77820 5006
81967 -93414
-2828 12338
94615 73148
-99836 58206
-26549 -49929
14097 60884
-27715 -48174
-81022 56536
-90841 36162
