724 821
4510656 748571
-4940782 4015658
541279 -77346
2447327 3233899
-5117123 -9464214
4896112 -3479804
1322045 -3485296
1402980 -7965300
4186591 -6851692
-8763663 -3256568
-554216 -7930498
5520312 -9120084
-3965333 1247709
8581157 -4766518
358501 -1326276
3058007 -8876470
-7659091 -3420881
5821901 2047222
5773754 -4352829
-7496193 4904561
-6996181 -699663
9210910 2633757
-3766435 -7558402
2222481 -2592205
-3695298 3913561
2840648 -9285853
2976494 5960285
-4987808 -3627980
-4701291 -4922668
-6385274 -9007567
-3898105 7224962
4717224 449941
-1833227 -9369189
8408151 -2329429
559963 -7182576
1204411 6359005
5730221 6574901
-3731278 1300946
7192721 1133406
3812 -1813347
-8083982 335887
-4287644 3045675
4402019 1260219
-352380 -7500194
6174278 3822830
-8020149 9470579
-1477797 3584434
-1532376 9492607
9088061 5121096
6326049 5762478
-8757152 5811854
3396948 7924442
4329843 -7604747
-8475663 301699
-8352175 8552777
-7200780 -7440707
-159770 -1551956
-9171401 7802235
-4646358 -4878336
-511143 -6521392
-9333357 -4749958
-8125480 5332735
-8090107 -2262940
5254493 -1156609
3016475 -4452474
-4264515 -9625920
2529395 -2260677
-5065273 -1022428
-312787 -4356589
-1717765 4494355
-764854 4259112
-9026663 -8113772
-6675056 -2372571
-1853771 6613017
-5512130 -5189919
-9949073 3007504
1040150 -4792971
-2597204 -4755276
-5930357 -9865240
5329630 -2726356
-5032077 -5069731
5410308 8541826
7880488 143333
537991 4865562
-4355951 -1002830
218831 -580840
3497499 -8057812
3073687 -6246755
6174746 -8380650
-887119 -3514642
-7558723 -2406206
832574 -1353605
-8648434 6679008
8020495 5063269
-4174927 -9162495
6562672 8828199
7806820 6351629
-1470469 6323031
-902496 -1046339
-1357177 3779829
-5388068 -7354339
2129406 -1454016
-9830340 -8452808
-6317080 -6857624
-3281280 -1954525
-3389142 -8484879
1482043 -3782106
-7741314 -515054
-6623984 -7007730
-1459649 7539179
8064414 624612
-8572 -9260310
-4902721 1477739
-7593025 3106631
-3793173 4673306
3841649 -4081872
59411 9422877
-3710970 1423799
-9239334 2071387
2101159 5474089
-1543128 9408811
6926279 -1366812
-8283522 -1656735
-3743 -8375928
3575227 -6231656
-1111810 -6748698
-4478593 4966228
-6949298 4520940
-6355342 -7674979
5551515 -6522913
7825894 5808197
8108307 -4256524
-8409117 -5190019
1302555 -9940959
-3996215 4035219
1277563 -8517776
-7709609 -9543642
-8016413 -8010849
5956603 -1915157
-6550014 -8140626
-5859164 2553569
9841992 -7762434
5366748 -1054331
3594849 2434992
2989784 8560052
-1322633 2331616
-8298869 1319548
-6163364 7698714
-8031461 -18540
-3903225 1456183
6567501 9719807
-568115 -697986
-7974354 -3582582
-5869451 -9777216
-423302 4717258
3616564 6142579
-2763846 4283375
-818002 -5923350
4321625 -5237131
7911973 7492329
1252593 -6716043
-3843902 -4998402
-8682564 -4996245
4109672 4913518
9605194 6287680
-4551692 644676
3143572 4257025
3994546 -3286382
-9292110 6114159
4898727 339730
-8738999 9861315
6630508 4968147
-1057073 -1225043
3092571 -9975663
305357 8627331
745616 2256023
-8298539 6874340
-3885298 1708832
1113213 -1090294
6985870 -3303769
-2032170 -1311854
630359 -8156903
4123947 4004365
-3031080 8541954
5529126 -1471357
9219728 -9715045
8020488 4954259
-3865301 -3396862
9241564 -3976795
8229586 7023951
1495754 5894351
-5411923 -6897192
6333624 -7417380
3265029 -1550533
-9891267 -8886553
-2136865 5236255
-3697850 1170774
-8390412 8135806
5884862 -3466722
-3272446 6034112
-832237 -4339090
-7640577 6690409
7645220 -215388
2923659 1055221
5804203 5650600
-2804466 3958660
-2103851 -1864266
-2591934 3524500
948133 -5930822
9534166 -3360016
324750 -6631834
8398244 -8286906
-4392945 -596442
-4947255 -4416925
-5065801 -9901708
340263 -6801505
-3167679 693594
6418170 8654540
900646 -1253175
2701598 1882280
6844601 -9370325
-7970325 3931952
-7815558 -3990261
-1773011 -804442
3030351 7989912
8758211 639372
1396273 -279944
-9619113 9331245
8079585 -5300278
7452775 -3379633
-5831489 6083372
-1354934 1329566
-2953576 6603499
3593458 -870620
1796794 7850949
-1050930 -7099541
7382828 5146536
7386041 -1065537
-6162607 358113
-4090777 248355
-8314715 -4086621
-2380700 1363957
-117854 474480
4406368 -5923387
6360323 -233834
4199406 7826994
-2733333 -4708588
7853024 163420
796876 773668
2397943 -3883486
9430760 4791957
1349718 3668
-7424862 -440870
5666308 -3902938
-4716919 -6663340
9518626 -3625599
-986951 4487716
-9200927 -6769583
-6741273 8637970
7661640 -5224402
3647801 9313229
-4976368 8028614
15792 -1161280
-7923185 -6589662
-5709026 -2894296
8777458 2992870
-5548222 -9699683
6793598 -3572655
-2383536 -6167882
1782406 6876618
-4886760 8809801
-3267858 2861567
6362303 -7083761
-8966649 -2963516
9304025 2159994
-851099 -220009
1411255 -9377901
6288588 -1686756
-6412272 -1140653
3474198 1712612
9635876 145211
4680431 4229511
4900481 9735916
-7200851 -8641700
-4670526 -9671570
-6753912 -3090381
-9118255 -2115402
9364531 -4483107
-6095936 -3022207
1309296 3005639
3793216 4780588
-2855379 -8803180
9824999 7677156
-3643753 7222929
-9759767 -6460936
-1534042 1555489
4445002 1151512
-6173411 -597134
-241762 5229691
-9170060 -9799930
1100737 9995550
7358403 -3961229
8994260 -5944011
-6431000 5211718
-1939757 6486595
-8777131 -8851908
9873717 3612074
5212825 984463
-8517899 -7111616
-1277118 4638351
-6036125 -1269949
-8125324 7945045
5180536 192422
8004716 768404
-2355545 2679687
-789040 -844660
-5148431 6232040
-6273323 6060821
9702710 -493369
-9340520 -4714928
8000895 -3236766
-8632404 -4890391
-4991071 1750340
-1898202 2446490
2722204 7018017
-5528796 -4323752
-7537964 5305715
1690527 8045410
6836657 -2390993
2502235 2869052
107885 1246991
5691647 507479
-1314505 -1547217
2915595 6003418
-371586 -9161621
3973183 -1073350
736735 -6528198
896380 7334052
-9223049 2761432
5291923 5768782
-394675 4176285
3698197 -6677493
4558204 -2905577
-2015097 4653632
-7429967 -5954874
-5584152 8588725
-7126949 9176501
9892038 -9583573
1983017 6796141
-9641802 9329863
5433646 -623860
3003461 -2410996
2920093 1323270
6601217 -5656225
-3075247 8811219
1384677 5537114
4764813 -2528942
-2531104 2332678
-5360930 7204181
-7957929 -8499865
-3093104 9748096
-5935179 9452575
2187230 7046855
-2881991 5531602
-2897261 9804223
2848609 4088433
-6528575 -9063132
7281492 7937023
3401246 -115535
138543 -5300731
-6434462 7232878
-6120587 4139546
-8726615 -2760876
1006553 -7504910
9574216 7463603
-4830277 -5224688
-74201 -8428398
-9228683 8416099
-7834281 2450700
1452838 7131954
7041345 5832836
1187129 -3125741
6801735 -7288287
2859934 -6271227
-735228 438705
-642162 -861743
-96272 1947208
-1326753 -6709371
5675079 3026858
2075137 9673124
-8034128 -4709839
-3685068 -4767258
-3297857 425371
-6567170 4574817
4705179 -1288768
3217517 2709609
-2499639 9346006
-9878271 8839383
6653724 -6243752
-8786646 -8207532
1463867 -8207604
5658179 -41226
-4061636 8349321
3752509 2983454
-46893 8998621
3128981 -126928
-5842862 -4431917
-6803552 5551101
-650155 5290119
-3374757 -7558456
-694209 7464229
-7296019 -2526230
-6059570 6087335
-5114987 6359471
-1970501 -8480711
5750771 -9302066
-9530745 9357557
743418 5444222
548006 -7438343
8849676 -7496315
-8098534 -3401860
-6243915 -1433564
8453774 1803457
4163627 8593529
-5694271 4253387
-6700717 7881225
-3092389 1685265
-1220331 -4303460
-9712474 5673627
-9546130 -8372097
-7136949 1658643
3971333 7974367
-1078791 6318735
9917935 4207977
540154 1085034
6716420 3857448
-8863256 8758422
-3216867 -3145012
-1477322 -8514904
4239609 1152615
-2810392 4706468
-8657033 2638916
-3074044 8957114
-1274381 -9576209
7458608 -5695047
-7190966 -3059004
3994292 -7568083
-280414 -2160457
-7862494 9944902
-5318462 -1555262
4178039 9973427
-574572 -8861343
-3969726 7691650
-6193723 -800724
-4327778 -9178109
-4119352 1667533
-9870312 2121110
-3106633 3125801
-8533854 5703071
3852915 4634282
-8075636 121137
5363823 9999728
1175743 6211834
2663773 8393563
-6077425 7034579
1504935 -361521
-4581250 5623195
-2898523 8666086
6718461 -1986258
833963 1915565
-8380896 7519547
4718734 5756529
1079669 -2897011
9505920 3592435
-814930 5571485
-9536207 -2153247
4257942 8214927
-3796502 8926499
-581298 -1484796
-7219275 2830679
-9574668 -6334044
3101250 -4596195
-1122370 -3598168
4943093 3410504
8308581 -9997662
-5993905 5862674
7081582 -272148
867347 1044315
7088233 -8911262
-1963357 -8825335
9239904 8262367
2476092 5011820
-4241880 9553532
-3494123 -6752054
5869516 -478344
1548475 8899910
-2314891 3565159
-1293329 -6915253
4630523 8370644
2559217 -2802934
7427034 5526933
3256038 7903381
6631226 -3041593
8626712 -1784204
-397345 -562922
-3489770 6190042
2559900 8687557
-3854525 -2909541
-163293 -556179
8497337 -8624775
-5756806 -3129634
-4163665 -506029
9895701 -8232181
8023681 -1603692
-2110882 384418
7671658 2589227
-1986675 654814
-7570136 6481193
8535927 -2291269
-6625224 -7788051
-6236795 -2183127
-5606878 7969098
-652095 -7253060
6076728 -2244712
-6019081 4194154
5088287 -4859575
6480546 -6710505
7409961 -445307
370196 -5468760
6488386 4641915
2525215 7755615
722589 -3427381
-9573504 -6848961
-5109066 5522915
3837607 8275306
4188829 -9383162
-571722 -1107558
1516220 8678993
-8940019 3067729
-7199202 -992343
3460260 8301902
9249081 1940524
9806855 3782571
-160499 6256886
9570982 -6753338
7003808 -2871583
-6361405 -9227687
-5301557 1592460
8066226 -9064912
4121680 6035709
2609308 -3849694
8350213 7332125
-8839427 7840733
615846 8825108
3157245 -6782193
-866403 3465781
741959 992279
-2085033 -6710761
-1335916 -144847
3129497 8535117
2625703 -9287993
6541387 -7714150
-7550272 -862189
6931731 -1064836
5564389 9151941
-818250 9982695
4139584 5901169
-6027503 3139582
-4598040 4401053
3368961 -853857
3941059 903680
8225495 -1535916
-6919890 -2956325
-9099821 6649287
-8598601 1285832
3825724 9256974
2021309 8129643
-3464265 -6685960
-2974358 -1487757
1970047 9574771
6963213 -2769997
-2932731 -4301893
7042853 -8952665
9313215 -3938174
7144322 -9510491
-6206455 5995564
-4717033 -8589391
4308420 -6405790
8218598 2973388
1074062 3205791
1308961 -2622507
-3252033 7926883
-3170287 -2998082
-6001254 2769873
6353585 6948412
-2332170 -5861783
-1170648 7854454
1116735 -2106961
6304929 -8014413
3489141 -8049615
-538690 -7898171
-3197946 -6246407
3597275 3065751
2146599 6525483
-5990854 -3072133
344475 3781328
-964167 6077909
6995607 -218876
-2589313 7440321
-3468697 -892151
-6670591 -7607508
5339936 9920464
6595369 -3586319
4010574 5187300
-7698570 -4632467
7427546 -5941594
6215794 -861596
3016159 -9762701
1015254 -1757259
1115978 5240709
4896138 -3038895
1152934 4200995
-8728936 -1629728
4230512 8805824
-4484678 3033241
-7037079 -5694054
-8452257 -7721582
-8480239 3664933
1036786 -1114829
-7646424 8780107
-1041664 8133070
-8796756 2495153
9378407 7962578
757923 8399423
-1494446 4736006
1209609 -6620373
4996163 -7794204
1148412 8470707
3927109 7278721
-5889996 6178601
2399027 -5739979
4706206 -4112842
304767 -1288014
-2023454 4683976
5012556 6818745
-9083793 -4941003
-3927512 -5336928
5959265 2687081
-7281436 1732220
7671683 2996208
542374 -1751946
-9071912 -5968380
5218353 -6455359
8550533 2366622
-9393890 1437626
4741177 1631085
-67304 7130353
4249270 2951851
7549664 -642710
2244455 5465411
-6383662 -1985566
8200614 1765095
5396417 -4163818
1874774 -6160613
-8669524 -6590218
-6423219 -4513281
-9875540 -5470365
-9305950 -5736369
-183123 7340263
5087372 -155944
3887275 107719
1526513 1049161
7768299 1162727
3622058 -1874650
1058062 -4789285
-2727533 -7578162
2824636 2576491
-1016846 3787354
-447109 5992450
4161425 -8341617
-9772464 910717
-5865250 615085
-8005811 9609115
5271059 -3696565
-5068210 9825863
1731902 994810
4261687 -9124977
9167970 3462496
-1515720 8436379
-7853047 8169745
-119544 -7860665
-9141729 4748039
-8554044 7559989
-7805550 3646659
-8918048 -8990148
-5563022 2475841
-5007733 2693474
1123552 -7944647
6306285 -5295475
-3447401 -4225598
7900753 -447090
-5089363 -4509272
-7526869 -8917513
4704426 6122360
3777141 -4479882
2405322 -283648
-9356718 4017229
9701336 -3523472
-8191743 -4511882
-6930809 -5849561
-7284077 -2513144
5956909 3232497
-5048439 916288
-2794952 3291980
9639242 -3486595
-4093217 -609849
-2220693 1228306
-5001134 -6823217
1681026 8922571
2984367 -2195537
3911739 9866401
2001519 -3372832
6550711 8502691
2345319 -5256252
300 195 39465673
300 215 800861012
293 434 717262708
293 491 134880922
171 350 274658242
171 449 164974068
348 513 317764196
348 485 944745503
174 215 917324827
174 485 693257173
513 434 400771409
195 76 182612248
350 398 409912170
76 398 266293211
151 462 234068526
151 491 873408598
301 462 253837518
301 449 270891857
418 544 214108959
561 16 420423365
720 102 834288522
609 110 966449588
250 722 625653028
550 567 196764061
284 367 962490267
477 424 653346442
499 424 709755180
604 349 657384595
488 435 933266174
99 316 184020327
435 243 453175806
677 220 475008953
56 109 205015349
138 627 55450628
437 55 984126305
87 16 291750538
284 360 746117662
382 591 842521998
721 390 833785488
550 704 28158318
654 22 810439883
671 670 648074080
187 251 144004976
214 28 77561463
401 600 52934912
418 299 618836126
414 506 515467261
653 699 509223629
215 444 799199308
720 67 706299395
428 78 558064569
499 645 256382911
259 426 101639068
608 203 998316511
276 243 415866366
306 695 480484201
563 123 959445084
146 387 275791544
480 431 958761379
94 187 258943185
591 598 182499650
20 327 664961231
139 524 498502026
290 470 989835632
721 301 685387135
393 610 199295437
102 570 557662163
29 81 829755354
652 668 857578297
363 531 481940839
385 276 745098009
401 698 885091606
529 60 115399273
305 364 337848070
502 541 265749822
178 427 765014418
19 254 612720334
142 513 806557770
489 585 899652123
328 538 20864331
10 320 626968253
107 7 826905762
607 98 364720374
569 425 936988877
277 112 474463885
128 480 707725481
105 508 903971854
311 422 681889477
664 641 469949320
636 664 197965862
313 670 760073431
577 464 247680638
202 690 945166577
164 460 478114377
214 700 858260585
432 52 137995196
307 474 2920412
46 630 764982427
696 594 75047597
379 480 752053587
121 48 749623887
178 272 715853684
121 689 75726267
717 296 347308622
543 474 355449005
381 501 805654501
566 449 750803972
441 344 148447632
182 374 657095034
165 434 361573337
61 320 658095773
646 163 1124534
611 109 646431939
579 181 461820197
623 123 806142318
655 457 359601300
91 63 800058039
633 293 106597379
198 693 580787255
646 320 978219170
623 476 868530582
164 291 947134612
642 705 268882093
264 133 795743763
219 629 611013049
692 51 29506186
615 345 915479065
261 145 810056524
12 637 647410308
695 137 799149031
408 304 935027276
368 96 791832406
343 621 371087183
604 36 569773793
526 159 558556978
633 375 940707719
323 456 700024019
361 365 314527244
507 145 228384414
670 351 903568909
3 86 352043803
326 28 482741133
654 423 236995562
623 108 675978769
77 69 986677953
201 69 227633937
641 482 101462029
553 198 170297282
603 396 664450543
256 708 505311801
196 635 551357346
21 540 270969014
542 423 437136431
164 472 410439430
248 83 538025846
162 392 620498029
5 215 529775168
654 266 464039711
185 139 528550293
659 572 278668636
447 342 995664565
511 28 941766531
688 474 241866304
354 399 934160977
313 332 190597222
131 94 395650654
499 246 17420439
676 494 727542281
103 667 31230749
70 100 909188575
311 454 312489797
413 486 344751037
150 178 319799253
447 600 788218554
11 439 836352155
418 463 216457647
286 73 166366708
467 115 101544559
575 681 483637168
569 135 264278681
76 457 735609571
248 203 326704018
525 425 872486971
437 198 870171478
306 72 608386273
176 387 978438541
615 391 260523281
312 690 969369358
163 133 306103537
531 464 385069971
84 299 429023959
112 444 429334111
483 438 273341254
700 438 578926642
261 390 845400957
77 370 902075747
47 678 979811486
66 455 787040006
257 409 355857146
80 357 149087524
492 622 674333239
526 699 173800831
80 621 492798294
527 383 690234199
241 322 59521499
11 377 724196015
115 135 698846329
408 586 922186060
12 687 791630021
527 130 190827959
289 265 165283054
364 115 142191184
281 307 731663797
146 47 582073457
202 518 46837891
161 35 151669008
646 667 37928467
21 239 734843534
535 424 336813638
710 75 59911971
346 259 844399574
149 108 177959019
215 79 586245482
195 667 372843538
153 223 24061220
90 483 669998904
581 34 341076484
369 671 838604342
579 610 487992330
487 564 447034014
582 428 329125865
315 47 774280207
79 137 650271649
549 485 571325160
724 664 862578383
447 680 766524008
434 708 214595700
470 435 11136360
279 454 337725231
527 273 348678396
433 110 828670733
291 167 541224688
652 258 696335944
9 637 606076482
309 264 812486850
48 397 691710097
260 445 168877245
122 564 420208801
595 645 449345248
68 311 519330057
673 662 30160224
205 530 96744076
110 597 332564553
282 484 586250954
366 603 464803039
374 8 472902107
413 318 228734802
128 408 350089084
127 569 915783832
189 14 563557972
278 139 242201907
476 274 132198061
717 242 280970002
555 342 209725391
554 496 833973407
516 18 560990720
535 432 44070483
315 458 884491390
642 116 764978793
199 254 13970959
566 685 734181987
471 693 212098237
503 524 985957063
469 524 996529186
105 593 441057746
45 712 817720998
40 15 615214410
1 440 848561985
148 346 342382168
653 637 234665440
466 706 168323961
271 262 784849428
59 162 46034699
589 650 611064770
646 322 898781033
698 374 412840230
377 335 86073750
635 644 311271592
197 13 271482652
683 449 479924113
226 319 135980656
546 180 504276581
338 634 332275578
511 265 24415423
596 602 180629381
353 204 369863029
662 39 396512162
348 186 538141690
537 57 419996086
483 207 95469713
261 541 389182082
171 46 821805236
317 231 539517368
571 280 992446342
480 114 540183745
583 221 381084523
442 628 17592480
347 259 397809898
4 396 874354172
72 627 39963980
227 252 585963769
647 602 228262915
510 513 975411906
548 431 931476364
112 124 167463118
722 7 275304833
232 387 294802366
178 118 498591733
225 145 350065937
174 416 526752203
610 515 122932660
595 37 249948206
194 570 401484710
40 57 359902096
226 83 486835697
473 382 334856006
684 199 443987475
395 357 665560824
155 341 912185165
654 275 210312222
590 606 2908867
439 452 570937208
531 235 784720060
347 362 19230370
628 694 8531313
442 339 578115066
586 486 90145007
255 647 17419691
3 509 714962242
330 677 125646102
582 392 757611313
571 440 742794528
584 256 825192085
128 372 553980269
312 693 331029515
508 438 556662648
302 132 316616781
110 98 987494421
532 7 949309349
22 474 312464853
648 389 999267456
54 575 292271629
281 319 914159511
224 181 107140512
520 129 45547175
436 530 193060549
512 213 994598250
374 35 200071099
378 553 709303111
576 424 575662080
269 558 738748825
368 595 474796645
34 514 931713683
639 502 934858081
90 333 95655688
691 601 293638437
54 41 263781450
125 244 968574339
504 34 902862910
21 563 297470265
717 515 240805236
337 216 280660277
171 437 109444904
388 498 120749469
433 544 64279068
476 681 154021435
193 383 920463410
4 290 830080706
9 53 38904603
551 722 917422172
559 515 181859344
580 301 640764927
674 168 779380208
636 337 466642576
87 600 251495988
253 108 645253020
646 668 93411695
570 234 159811908
165 49 530437183
225 325 853107581
568 525 504536268
10 421 401876097
426 690 495484061
320 476 732763581
249 252 812532146
90 201 379258146
573 73 460187123
416 585 202613187
617 278 484511591
232 517 953692157
475 98 959883315
68 298 861710538
84 622 139288395
125 555 262871132
431 594 701245242
602 558 438519155
417 398 27553178
415 439 303528314
159 244 52969950
182 124 133969565
484 183 555343865
654 662 700409193
710 666 345695721
322 391 90967485
516 39 955905555
648 712 579491275
257 71 671511377
537 263 381785962
290 220 901560930
404 183 963679102
551 168 232993237
505 152 74831378
169 574 339294728
377 112 957402308
453 403 841198337
648 18 61859935
503 546 297833994
475 409 985289421
528 659 512896730
313 170 255982052
411 657 880603023
206 25 911454261
369 570 810902173
41 147 901589346
21 298 367516587
624 424 688300534
540 73 846401969
192 104 546215255
291 614 820941684
609 294 519942801
224 173 567688361
177 202 942173126
119 457 633057528
450 85 90135631
507 464 933579082
468 355 74364369
290 622 6458826
523 60 105556005
131 97 258283613
429 169 908233104
172 50 360016052
79 154 254610542
184 403 378204343
125 88 524757770
1 308 962235581
456 625 667806134
682 213 448888491
344 157 358816326
689 110 491910306
89 489 798213816
584 288 249254300
642 526 550158223
420 616 518411803
266 589 606008739
676 106 747672072
484 389 123953684
620 492 230420995
42 135 772639021
101 140 984145958
297 1 622066912
83 111 54454565
214 59 389831930
40 448 545488159
19 699 411799270
65 482 844278433
252 686 289417475
521 265 189041870
338 235 24653354
473 448 958310227
599 193 192632689
503 268 246006171
562 489 719687119
75 81 79758902
421 17 478070186
255 75 115550852
77 675 737944273
245 39 911326483
466 227 810820974
59 376 610619576
512 716 932606643
83 701 910442868
75 326 992297601
568 696 187777405
24 591 247626569
85 716 36428894
303 616 227573660
188 214 162119910
336 395 666312747
2 135 664861548
539 707 970613492
411 433 815169029
172 205 673935963
419 691 908717849
6 621 990924099
537 479 725649408
42 625 429968943
442 114 205552846
719 496 499236523
2 697 449624829
36 380 923280630
429 51 934457012
420 545 871081770
212 513 875278388
62 692 540876763
189 321 217469587
411 175 851732743
147 632 80665856
310 409 688852132
197 427 453433144
91 711 505121425
391 709 572933384
338 669 181976286
359 453 458725474
526 663 332748788
534 569 461463128
578 602 173601156
640 413 358086039
18 656 29136756
595 50 75178173
529 158 799160772
329 503 58616439
631 405 545238124
407 605 504419916
533 481 593823276
44 601 586196324
538 496 620386856
86 629 808774204
251 474 570294538
506 294 720783605
315 358 254796508
383 399 282517838
29 702 190959749
506 31 46191002
346 262 16823820
604 270 363843160
153 241 152296884
91 17 926963988
439 490 563620751
237 187 223595140
66 33 940877554
141 431 333206990
314 673 646271378
68 213 984496940
139 80 78570445
523 601 904768034
19 613 104634628
441 196 878819323
354 445 997579419
603 167 912454601
31 453 443747377
626 345 925192628
500 24 857152693
404 603 844998772
556 678 584994990
212 420 830652561
512 240 50739841
289 605 233499828
321 34 978986127
674 352 873874999
25 135 576437957
166 713 894003279
506 467 643765514
279 661 744380212
237 530 632237486
528 203 266333443
402 495 910247750
415 236 934166442
191 36 282447477
611 129 82144246
337 35 840090921
126 523 776872046
140 30 187894959
520 140 75864596
613 503 524720478
583 489 335468937
481 258 8108961
608 564 995829363
229 445 490292643
465 318 453697362
238 514 650874461
117 301 844061199
364 196 933341335
459 93 373509430
430 695 478289829
588 342 585865282
434 474 425273079
236 498 739061537
554 638 361838111
450 265 813185097
287 274 615987368
148 371 954765209
120 620 741057279
557 435 618277377
458 25 788240826
429 707 136944239
599 89 593097113
580 496 637822237
643 263 713713259
94 501 608825291
324 358 840829706
75 104 308721255
451 283 357641633
316 559 76197878
152 276 757481934
144 656 715805322
233 200 336656360
264 665 637774499
393 716 985114113
365 397 787712241
459 51 916692556
26 16 804096711
222 628 338822803
308 332 541951597
619 651 28602029
262 522 751697895
302 180 140225964
151 565 988216189
500 67 310962625
557 249 447383401
282 340 832564057
304 394 974395567
519 34 342923821
355 443 748284419
382 7 751993301
185 64 810147312
573 446 25808981
468 609 449253813
317 534 56323836
470 331 668156745
467 200 518423052
402 332 795079085
62 327 177188138
369 406 514950397
100 47 412224969
43 297 482808761
636 209 299885938
217 717 38832054
160 97 889036310
219 619 915788168
256 210 636433124
703 137 989202781
58 553 786487017
651 92 725439031
429 398 115379771
156 325 10077956
165 190 802740203
166 682 88571140
509 243 408982609
658 183 749297240
633 552 594598269
283 565 97947365
208 206 155148130
175 631 529465049
338 380 620578795
444 33 813475910
529 211 134972341
582 247 737403955
134 561 420144848
218 565 448229000
622 606 12169324
126 236 518882003
679 607 992475778
578 494 124595278
106 95 276281521
106 23 603878633
267 154 380469109
227 179 411756021
536 618 117384086
350 228 410603633
75 718 76551793
592 609 263280398
288 14 63594543
466 102 460361415
412 573 984463588
620 356 591756801
156 27 659785150
302 230 477204766
106 587 602814037
147 649 741415137
84 155 190337438
587 140 324428260
495 143 204777684
174 618 355982267
367 140 104520927
698 136 41596843
204 706 112213203
685 493 476652352
458 714 982068351
99 386 63456012
410 23 279554545
315 497 852760003
478 493 31501940
210 715 98378191
595 82 953589771
555 384 312815233
38 118 445644772
150 456 602455688
560 261 87352611
368 723 330260353
170 32 514258796
612 151 599647021
166 113 126718173
149 461 522289207
639 550 275294937
547 137 128480294
373 274 73494200
292 490 413913972
488 672 952586368
334 325 628490188
295 533 636263543
66 285 286546965
360 400 262753954
74 305 879326646
604 660 934222492
654 542 150729600
301 390 355425564
608 248 411681614
202 312 912183927
477 535 189496753
683 46 153670767
185 278 395487048
563 108 488928271
507 390 71275452
401 8 704380158
55 198 513711419
307 543 501176322
55 690 839580320
611 56 785135627
477 432 561205594
320 667 434240734
476 667 60842009
149 623 369420888
130 273 481632736
437 378 935520006
266 22 483210928
224 559 616655766
121 397 377370337
220 470 944035965
41 239 803271316
677 396 425052743
577 235 257099856
377 124 340173625
102 67 696638658
469 278 325073159
128 304 306176942
508 593 545037579
148 426 355085571
142 708 66136784
621 357 238141366
378 398 606153774
549 489 443654381
516 662 435950680
202 426 882608616
41 149 259717460
472 614 310829289
180 268 353888896
448 479 354706302
57 479 134213642
610 181 870851744
164 614 230465280
623 681 443195192
473 591 234562325
568 2 582753803
686 706 743994878
457 681 598371485
700 392 163629494
46 55 268095675
563 540 463309916
433 657 74045787
428 483 20760269
349 270 784942085
642 159 529570671
19 663 248284102
366 492 350176193
37 205 232341148
499 624 832395787
185 357 293765324
86 509 248896015
444 452 970921573
241 709 624377278
439 444 230070281
330 290 246897940
609 184 675271576
580 390 912045261
502 225 6420938
359 640 542514213
582 700 894546149
667 457 104113596
671 234 711777491
37 50 286627220
36 270 537866319
362 271 86811387
383 273 897576593
165 375 570911796
437 417 357620576
68 85 796034703
473 598 132124108
203 659 111783755
88 641 775112580
171 417 681329358
253 21 719714102
161 337 533270587
298 239 155746551
343 357 923458788
188 508 707524644
182 112 749729866
568 697 349550686
288 303 456863234
314 111 172585586
161 8 469278629
65 705 532215592
510
8679373 219375
8563582 905535
644497 8684204
1139570 357353
-561295 -6493419
-223890 4558113
-4431402 -4690690
-7370603 8350982
192107 -8185345
2667716 -5622325
9268137 1088126
-1256236 -5660105
-3533578 -7559958
-3086784 -4458847
-4365564 -2000514
8901715 4108329
2409929 -3131677
3689785 -7575933
9399617 3188913
3642484 234257
-2230940 9629060
6004887 6795935
-4432221 1605836
9607987 -6980191
7133939 -3383551
5193085 -9661641
-2983118 -8223094
-9604657 -8603740
-4806364 -4716138
6453345 -2259024
-770094 -3526664
8282471 -7294764
-1509355 -4991002
2910494 554758
5688420 6477814
7581808 -2282029
-6085314 -5134473
-9173 721503
-1612513 7312614
9190262 -3211330
9650977 -6958055
-2158165 8497133
8014810 9864706
-7335695 -7049580
4965646 1118908
-5729472 -5340285
-7071722 -5912090
-3898525 179530
1194509 492788
7805439 3199165
-4685387 1465061
-8209201 3120621
-148418 8599234
-1997530 -1153349
-2445650 -6472956
2495409 8561600
7737241 993932
1150201 -1598467
2545077 395270
-5530104 -6240980
7754314 6955020
4915 -3355533
-5588377 -2211342
-2166292 -7670256
9623972 768905
-7722368 -3202870
-8737663 -7828027
7210561 -76625
-9027429 -915009
9419687 -685944
5882144 -9012351
-8411432 -3955045
-6465372 9549635
-4274536 2591751
2116089 -4494377
583244 2770749
36214 869403
-4534877 2284950
3690350 1925049
-4123681 9192306
-8990949 -9963494
1468018 1354243
-4228190 -1197926
-9064428 -598624
8365603 5079642
-9659594 -8723782
4703264 6651100
9865445 5072584
-7870196 912162
-8397828 3917879
-7349624 -318137
6073151 -9942076
179685 3805877
-3205542 6570766
4372117 438909
5408257 -5866145
5647787 5927697
-6063965 -7576206
4811149 -6482134
8807042 -1524949
-6175472 4897551
639612 6874024
3463147 -3389095
-7706103 9255170
3928958 -1787845
-9283020 -1674762
4727600 -5802972
3681848 -484293
3215875 -4805921
2726535 -470471
-5330095 3629256
-1318764 7141009
-4985716 -8596465
-2951941 -6050968
-9902932 -4226979
-928098 -9872756
1183112 9654753
-3704174 -4762593
8423939 2115285
2052840 -3826504
6427630 7090649
-8447787 7199813
-84397 833597
-4233912 2978982
7639832 9576000
-2690391 -5507639
-9997770 7425533
375064 -3937544
6690997 -1971826
9394136 -8647664
-458182 523345
-449058 -6700107
-1940059 1414494
4913493 7668835
-4724592 4864248
2879455 705453
9615563 -76442
-5967141 -5917915
-1448340 -3083895
3957165 -9377077
3033606 2493001
8223314 1957008
-8871039 -1639454
-3948278 6913967
-7584508 5758495
105454 543506
-2786310 8051317
1266711 9807617
-3482792 3055456
8460422 -6885293
-3509997 7438294
-5924711 4749832
6604986 -2517166
-4244831 84646
-7986617 -8976108
-1373550 9571232
-2550175 2931557
-6693934 1458593
3495384 -3473218
3415730 2472739
8867143 5090029
4359902 -4153535
9192812 -494303
-4472879 638999
-3430709 -4666249
1998534 6678933
-4027983 -8082096
-8109919 5952364
7127743 -7168763
8842231 7862955
6528820 1836287
9301131 -6334713
-2160220 -5968484
-8419776 -3690031
-7908804 -5728739
6984272 9977112
-4699958 -2587935
-9539357 5100859
5745534 3034405
-4148618 -8524883
-4084155 -8875492
3802036 -7544025
3787877 -4681490
6756673 -1988363
-7632895 -4679947
-7453934 -7368802
-1528288 -2087365
-5758364 -9242486
-2791365 3371694
4948746 -1927186
-3013264 6924786
-6381240 -1411039
1660355 2692337
6779141 -5710282
-3919811 3679790
5067568 8183448
-5760300 -1642684
1969122 -5968091
-1820436 4912569
-7868530 8854935
616334 -3043173
5987398 -6156079
9711626 8860562
-5166820 -1793298
-575134 1764006
-1331869 7660589
-2816576 1118071
278664 1535517
-8180764 -608813
-2320924 2522943
9720674 371401
-5282967 -7079120
-9832989 7247680
1611422 3139673
-1070714 1566567
-8145169 -4459353
7201920 -4819783
-9484166 9494278
8620349 -8365033
-6848453 -6514716
3088666 4664911
4295670 69281
-5325425 1835042
8447299 -6680333
9292405 7570229
3804255 9671500
-3218084 -3522437
-941851 -177783
-3259746 -1293560
9270386 -1246686
-5713251 6385002
-6924362 2158607
7648302 -8626978
6026357 6379681
3996237 5051905
5847149 4925060
1375841 -2493305
-4610560 -5319568
-73392 5164538
-7782076 -3229662
2592121 8328396
1918391 4406423
-5001987 -1082893
-2425694 7799532
4282956 7159456
4013014 6055085
7536843 4645347
-3401198 9649851
-5817823 -5068312
8099768 -7278457
-8415989 -258655
2285382 -9133260
6596938 2706698
7316490 -5961119
-5063561 7675246
2678523 -4607703
2562548 -7030523
4127699 6846553
3377208 -2723232
4502693 7403386
9469411 -7912182
-2294220 9800577
-1385057 -3190383
441992 -2991239
-4225827 -1627578
-5055292 6167143
4321544 -6599911
-3822156 -766657
-5975225 -1303501
2754980 -4085084
-4409359 4527080
-4186461 -2315498
-6635590 -1383089
9809255 3988128
9269548 4742915
-9303100 2036109
-4043839 6414862
-6810517 8905277
3776821 -9859221
7892112 -5178311
5786767 -6406245
-200850 -9606634
-1701036 4676505
-1540708 9934173
-3868707 -424614
2738457 -808290
-3256119 -535440
6587368 2433914
-1416165 -4209266
-4268376 5763272
109904 -4959400
-7846230 2312896
-8303573 2547821
6377252 3315370
1601472 -3520243
-4205446 -278443
-9162589 -4648822
-6152159 -4674330
6680019 -5843323
7885284 482509
-4409112 8678409
4086425 -4461772
6697606 8758605
7247036 -9214642
3561699 7245835
-9332265 -6465398
9107941 -1951646
7365065 7651962
-7333704 6338661
-3038712 686804
-2773155 8381668
-5900412 -8328298
8456745 -8474339
2486583 703964
4646058 8546694
-1953483 -3432856
-607070 6893841
-4659168 590043
-3375746 -4114723
-801631 8313405
-9207996 -5145899
8641514 6160948
554552 2234974
6682324 -7242127
90228 5545583
-5870449 -6490400
-9708144 -1828841
4141360 -4390579
-970647 -2473266
-9013659 9733112
8728928 -9854629
4800618 -2850013
1110174 8043684
-6605089 9514253
3153854 -3564594
-7038094 -2696098
-1070930 -2054006
-7061727 1507910
9499108 9533790
-9669709 1899737
-8072298 -3992887
-250489 -953057
-7897141 9657752
6560609 -5764805
2914161 1969451
-447541 -1276499
-5028999 6532387
1576092 -8624616
5588536 -6469230
4912082 4022214
110378 3017956
375349 857792
1013897 -4482951
-8069171 8431674
-8385820 5040856
774029 -1883848
2865090 108416
-9889636 -1542235
4346264 7478484
7238693 -8937220
9975353 5872326
6610073 2698396
8268234 -5734537
9892801 3246922
-4820747 -5612246
-1972215 2847417
4127414 2066140
-1059138 -4577206
-6698642 2624665
-6664347 -3012104
6360076 -4385163
9781957 6799905
2090386 5049912
-7589786 -2659192
-2961675 -9093137
-1430484 -4029254
-9374638 3886626
9263319 399459
4676063 -8965004
4613744 7347201
8463650 7229236
-7329034 4554500
-4944957 -5934634
-1468074 6427275
1124478 7612038
4049777 1762823
-1132829 1249712
5073126 1246737
-4781692 8543426
3334990 -9838419
-3748233 -2685084
3422427 -5400008
-7331612 1362008
5869674 2176848
-6897873 5814096
-8703602 2688486
2277457 -1825171
5612757 -789780
6799567 -3590066
6403219 -1787001
4899732 -2848757
2145741 -7882986
6735844 9185628
-807508 9882871
-3086277 4058375
5770244 -3144688
5785925 -494081
-742668 -4189972
-1118823 -4197959
5136551 3523074
298009 5551338
-9493826 7696298
-4766983 -5161692
4126587 8233864
-1360492 8262508
-1625485 4962083
1446488 750610
5910889 -7561302
-5610792 2394594
34667 -5056687
2781109 -6474146
2576800 -8321839
-3407114 -9493373
-4766355 5400801
9315945 1809296
-2803096 6915409
-3422053 323359
-9932105 7202757
9256001 -2173266
-4471741 -298292
-1587836 589572
8781553 -8451389
6862967 -1729506
7859790 -6530951
-8870348 9971984
9456695 -868501
8345047 791009
2512461 -5895645
-8476840 589487
7346832 2262810
-7166181 -7957309
1920161 -5993236
-2960242 -5086972
-4459218 9469294
-9877973 -6216260
1760413 -1513525
5199330 -5061525
1757872 -4063895
-9545552 1335124
-4439817 -5631068
2806737 2801662
-2218970 -9947460
-4125005 7016219
5011420 7799076
-3393602 -3172191
5150853 3059699
-499700 5180126
-6702375 87673
2733055 8755654
-2206770 -5611362
-7179584 7605035
6760418 744188
-1685899 -1824222
1502555 -217745
7489310 8558354
-6683897 9594382
5206302 -8299309
-6070663 273137
8985392 5571038
496177 4541502
-2626870 -1604479
1842928 506199
-7648680 -9076283
861337 390231
-9934061 -5593155
-2227572 6039351
4004733 7359305
-8878638 -8930863
-3596851 -7288698
90005 1799035
5382309 -432188
-4147699 6918708
-8191865 -6561865
-6614851 5998817
5136572 3881675
6334452 6493633
-7521930 -6200069
-7098661 2923661
1078939 4896123
-3289586 -1065139
-5085996 -8132753
3519623 2508445
6882808 -9461805
3978094 1171456
-5616759 2452687
-7021488 -4571000
-2730751 -1457036
-8755365 -4293290
8509182 9815093
1750623 -5486519
3778651 813197
-5899553 6110015
7523215 -3633144
4897512 -9263
-804792 -4676940
2959128 -4925568
-1189201 -2921105
-9618040 7305739
-6016956 -231324
36718 9344686
