595 687
-9247633 -9019902
-4836375 -7372710
-3880135 8210993
-7116566 3044535
-8657960 7137564
5287998 8615
-69354 -7254056
-5977859 -5431530
8795815 -9599453
3852588 -848412
5053888 -960525
7956225 8663126
-3982252 -2127300
5146696 -6603932
4338194 -7738446
2797563 9170314
-9076331 56329
8805371 -9548301
-1140511 -7442804
-2476015 5006757
4744746 1397906
-9217260 -284066
8028047 -8502835
-2402004 4566718
3064562 946539
-9386179 -9458365
5386161 4099810
-4029965 -1252904
-421476 -4726444
-6350053 921303
8839975 -9992806
-7468348 -8785456
1213645 989820
6703546 8245309
2143296 -8848157
-8112531 2185450
951127 4236104
3803493 -3123967
-8350285 179068
-7963566 -2885723
-3773173 -381026
1237489 352666
9665131 -9908865
-7729042 5040101
8294041 6533388
5274698 -2751211
-2658257 -7306390
9058141 4008256
2033922 -654741
6694059 9364836
7107727 -2385700
8836059 4472786
8838500 5363033
-1732305 963476
2185547 -1173469
-9476651 -4696671
-8272588 1493004
9578536 -219344
-4928124 -4006284
-5497474 284133
7152828 -7032508
9225683 -9977492
-446088 3085755
-6990955 6851600
6352839 -5596365
9014670 -4098518
5318033 3065570
6268928 9073316
-1702060 7534978
-7327449 -8957281
7914993 -1952656
8285894 -9971398
-1692036 -4619706
9760549 8255209
-4471304 7048409
-714191 -7256237
7057320 -6649952
-7686443 -1506002
-9065314 4585970
6251107 -9455167
8488690 6604307
4788267 -9733392
-1051505 3299620
-9345407 -6566420
-9699517 2666924
7043077 -5188839
8289157 4723836
6444090 2752815
-8944139 -5966661
-4711549 3307817
-3456492 3546517
-4380118 -5767477
-3755068 2860600
-1855028 5565355
-3606402 -7245291
9159869 7805170
5317749 -1720027
-3634008 -9618238
-820910 5414543
-8983443 -4240948
7953924 -9945023
-94895 5023805
-8846531 8877271
-1425215 4249422
7123645 4223504
3469871 9274768
654205 -8786047
-3970213 -486448
5461728 9750790
-9001621 -8706657
-7354161 3708110
-1368146 52212
-6078206 -6090274
-5158 7981734
-8072278 -3646066
3658196 3396455
-6129552 -6042012
-2046176 4126235
-2803748 -4047939
4437279 -8226321
-8968135 -7859353
-4681443 7551158
9697391 -9610982
-6530817 -6609100
582260 6304643
-7259391 -9081625
-9979314 -3514991
6515948 6262945
6286852 9280728
-3077452 -8177490
6396201 679703
-4732872 6186689
7246714 5449099
-9859892 -3381615
-2177076 -8296432
-3946390 -1501681
-145008 5712748
-4120699 -896686
7137928 3451321
4540422 -718856
5976573 -7457991
8873730 -4620178
8142283 4824483
-1257793 8324158
-6074434 -2902050
-9831820 6818054
6356460 -4941442
-269895 -5989079
5325874 -5638914
-1927287 -4701975
-8040968 761391
764879 4878119
6222518 -8270815
-8253868 -5004661
2923487 -1836683
1949942 -7211071
1894521 4609737
-2986563 -5913387
-4679123 6395034
7248412 -6160978
6093720 -5431496
4140668 4044205
4459241 -364578
-9091544 5270927
-303348 -6280653
-9742437 3826619
5700157 3042481
-195298 3421198
-6567641 -3350862
1544327 -607747
2389517 -5005756
9806776 2465027
4253323 -9198145
2044474 -3933444
-6719384 -4808919
-3045435 8116443
-7467390 7312980
9919132 4253188
6433606 7172666
1519026 -4369288
-4893120 2281907
4119631 -8332679
-6514140 -7291018
-8783725 750389
8880089 1910387
3653969 -7432357
-5159775 -3792547
6249159 -2066631
-8346972 -4344293
-9154360 -6833761
-2398977 -4767216
1611647 6930358
3628668 8862377
9797179 1717721
7535594 3724601
-9141592 7054368
506553 -1694761
-8190576 -4957216
-3693521 -6355569
7921433 5926239
9728969 -691709
1145740 3696944
-9437973 3128731
8496278 -6353604
-3430485 -898026
8169538 1294246
-6903457 -7752188
-1855047 5231414
3774000 2933655
-7449160 -7415874
4222544 -4682656
-2206461 -412030
8266006 -3039552
-9506002 3742048
-8511661 -2630406
-8199704 2190212
-6199283 6110541
-8573551 830387
5514840 -740641
1676540 -6258469
3565016 2774465
-824366 7527592
3277064 26075
-4160255 -3410735
-8646132 5219573
-7164584 -1193853
-6094725 -2746724
9801468 -6470222
667088 7052636
6512309 5323404
-2880439 -8519574
8154842 -4867793
-3482888 1451879
8735219 -4460657
4291878 -3448957
-2131187 302875
-6868598 -3897086
8555583 6951529
6141607 -3386501
3580882 8528240
-5770158 -6758554
3972298 4119568
8677189 3656695
-8985959 -6378211
5160654 7222283
-358738 6064314
1525856 6199357
7883844 -3654814
3369160 2487124
5631629 -4733723
3034894 4075974
2318743 9677455
-4882207 5056708
-4003331 4845412
-4046006 -9932197
4187314 5296157
5134455 8437996
-4023537 6444413
5614680 -8609800
-5803041 2532689
5711922 72874
2911505 -2522677
2282932 9899569
-6410736 4588937
5127248 7734617
-2643179 5257703
-939028 7124569
8222493 8229973
3306126 6795361
8604421 4913182
-299932 -9076192
9437635 -91028
4835046 -6241083
7654838 861619
4842259 -5435292
2215179 -4906071
1216767 -6739909
-4712078 -5582772
2444842 1622365
8459839 3374386
2249644 -7669942
4684158 6664718
-2730070 9997170
5434900 385947
6618444 2901465
1950167 -3424155
-1767759 7175478
-642893 6922438
-8847110 -857595
5566187 -758588
-8568586 3998636
-3282357 13805
-5405548 -90333
6525431 5095197
271644 3967665
6954144 5359463
7419026 -8644508
-9049834 3838577
-7188124 4573677
5366685 -2116785
9359354 8864925
-6556917 -3740489
1134932 2687349
-9603535 -9825337
5128548 9512049
-7409049 4416636
-6111500 -3700268
-2747110 4586472
1422445 -1933739
3726268 3505368
226665 -9398417
-8619761 6897020
-5145497 -4673269
5231389 -8132581
9117745 2270469
-8240288 2462853
-7937545 -7092611
3776202 -199725
-8796529 6313797
-7529609 5239715
5159909 -5298304
-4239358 -8283330
5265708 6713070
7815204 6769105
2054897 -9394701
9591493 -3221335
-8109156 -1299961
-1988859 4091506
1757600 -8636970
5164568 -7269384
-5701681 131590
-2666899 8009712
-1649046 -4601340
-323875 9975335
642243 -9125534
7285659 -2311583
-4035923 -1030982
6986188 2033003
6003539 4210196
-5833713 8834118
5766074 7062608
7033783 -839384
5302043 -4779970
-7873620 3588639
2085979 -8808558
-8165252 -814768
-8335068 -4982439
-1659989 -7896216
9693346 2686979
-9929184 -3906906
-9110377 9872071
3784159 -6949256
-565161 8815508
2861561 1011204
-1919387 7644571
8217058 -2841336
2490064 -1000534
-5626320 2317501
-4736087 -7702594
6617745 -8845371
6587789 9509033
-1808862 -1263405
-8637571 8620528
-2380012 -7138526
-1417464 -5980415
7090019 1034686
-202290 6321743
4897489 -408547
-4830813 5838429
-302401 9635576
539693 -6661893
-6195674 6561423
-2502128 7664259
1596078 6170146
-6621129 838887
-4637254 7651804
-9046021 7724685
-189259 4566455
-2278047 630966
-4135025 -828511
4757578 -3706530
-3747058 -3006171
8939113 -9573889
4788938 1541120
9469467 -6974917
7856490 -1793968
-3722577 7045770
5712219 5060783
8016242 -6208808
-6663057 -1408868
9786643 5271462
-7642928 7331327
124693 2768675
3798445 -7689396
-8011111 818061
4863817 -4371901
-3327286 7559113
-1345336 2078915
9296461 -4548510
1670932 -175302
-1398209 -3480051
3713120 3282142
-2075031 833171
-7234621 5822356
3641938 -8934355
6416418 -730808
-8153747 -8142257
7411319 2311800
-5084282 601363
3284684 7666818
-6567498 -938979
2041781 -9065338
9297314 9795087
6470691 8291788
-7773976 -7569823
-4418549 -9441079
-5556474 -7895180
-5979639 4799588
5542840 8243583
6469680 -8700718
-7303053 -325611
-8853564 -8989851
-1925778 581365
8481953 -6278990
-2242227 556974
6645933 3304066
-2090148 7672079
4395984 176693
-4730893 -695752
-4621876 5194339
5375000 -2847839
7045717 -962167
6762222 -9082777
5663110 2564695
7235307 -5644382
5579793 7151720
7753924 399975
4036964 7176383
5217492 -850905
5142060 -4231212
6333753 -5251004
5243955 2361476
-3986993 -1535807
6259453 -9678555
-6285244 6402724
3950296 -4414769
-8728040 -6649550
-7541996 -2251701
5721748 4666157
-2916665 4801030
-4868988 6469618
6021465 4448710
1575392 -309208
4080283 -7344275
8634016 562334
-8525500 5630788
-1756199 777087
-7747848 -9979148
-8052346 -9847043
-7116076 -8786363
-6341591 2668260
-5587236 -3105595
2533878 -7204869
-7618986 8325080
-4230592 -1435998
-4643893 -3579380
2933999 -5796305
-3788444 3876359
-3355169 527172
9400129 -8271917
-4423111 -5840663
-7611006 1946089
-9531126 2957388
-7081988 2172787
-7024574 3766137
5194210 9237438
-8219315 -6298626
1602068 6498457
-7756961 -2580871
4506270 7326497
8998302 1778177
200065 5135064
881518 -1619834
-7467458 6163193
4681143 -3873846
4724176 -3133564
9362623 3600328
-4000416 -6363366
7057893 2983286
2328010 4869028
-1861973 9252844
-2115369 5259653
4622974 1909532
6284895 -3548327
4923335 -7549435
-6309594 -1448600
-1313122 1615771
5877855 -812314
1428001 -8910818
-6718010 -1776146
-5893098 -5814161
-8641109 9365770
9350885 7022310
509098 938858
-5915874 -7281364
-2651347 8480591
-5202255 4749976
-3531025 -4797851
2577147 -2498292
-1960080 6109281
1530711 -8673558
6066022 -9338279
7655255 7884432
-4330091 -7914860
-4963800 -1521509
-3043256 4595873
5364403 -334247
-8909712 -9373281
-301846 -1111034
-4294368 -9617561
-5724503 -2105750
289036 -4775985
-6014791 -3973055
-4780453 9294217
3948433 4411629
3257962 91371
9011389 960311
-4722018 7978674
8979635 9159387
-835310 4235229
8303938 -7755785
4396536 9461068
8877916 5526616
8498311 7733934
-1594943 1561396
7516196 -1177593
9336350 3570281
-5365376 -7307248
-4807155 2059308
2439608 -6074036
-8912567 2846587
3483192 -7677687
4971830 4710132
6405557 -2633844
-7227254 9218938
-4582557 3718532
-9710695 -4566915
675747 -7978845
1451981 -7272430
6708366 8980627
-3741738 6124322
2153529 2581333
3227786 -5321077
-4223302 669273
-7714134 -5301889
7546441 5404748
3969724 994462
2305229 3319674
-9100423 -3469312
1531146 -1375551
3023668 -3967901
2139111 1099651
9952322 120437
-7094302 -4095959
-7170808 -5445106
3529480 7616147
-7676619 3030263
-314660 4291844
-8211754 366054
8053386 -4096031
-4440278 6688175
-1455554 -3911834
7808872 700340
-3156996 -377738
-5383485 9449755
1860175 9387934
4100277 7572691
5506446 -1340638
-7896281 4049843
-5317669 -8294738
-2888303 -197411
8318746 284083
8565793 -2068728
1591420 8161018
1750932 -289700
1137732 9605340
-6400816 -9307706
-5358146 -6208827
-4451228 3283033
-8685355 8306025
-9608591 5546132
-8545970 2780018
-2969325 2814415
2711154 1924321
5096186 7478803
563 228 729766811
563 178 911676057
334 413 243660251
334 283 878706965
62 31 182911933
62 43 78008847
304 127 55925036
304 458 407976086
127 146 880250508
413 74 355435370
123 228 576491056
123 43 712704752
458 31 838717318
351 146 239304718
351 283 831266419
178 74 639830171
361 109 101321645
48 178 18378606
251 116 725319294
309 197 250452063
407 121 279866318
582 573 724011293
49 526 815449146
97 300 13153265
218 395 949842634
161 250 685459664
85 473 344540113
213 66 838842669
483 560 198595328
224 466 602090258
53 270 388021542
441 161 643962279
16 240 830175693
196 312 561617692
396 211 917920879
29 401 245008417
575 283 56571397
78 327 533947178
555 175 789801657
160 435 600018689
442 131 278858180
12 268 960105103
222 144 294334160
509 55 145637852
584 586 677762808
100 115 906241965
244 89 180931004
54 112 70540076
386 583 156084188
366 274 155672906
261 517 759440693
185 315 350662903
433 444 896283353
113 117 310271990
478 125 651032611
38 235 475903209
100 559 202382008
477 89 894053432
403 535 412945162
524 3 775924050
287 267 361061943
433 101 653022999
278 92 642366200
199 95 848421528
362 112 129196613
548 7 301499171
6 517 308893497
345 329 31287457
124 113 788529704
110 422 697149491
227 521 320717205
225 79 110110465
76 19 569423365
218 39 37614296
358 539 823280654
44 291 640814157
356 326 533046994
371 7 692794698
490 374 144146849
5 312 314528924
206 338 256620174
339 449 868101242
431 239 173676576
410 584 551936559
342 131 342133897
593 118 356933633
208 104 212009574
340 528 569531442
29 522 780322612
514 2 199499252
431 486 761946994
467 540 598132694
556 143 445228048
476 419 41026361
173 120 187798640
233 469 604523214
530 568 476515338
85 17 826757700
401 382 23717583
475 4 263200963
222 114 876005741
374 478 954346979
332 176 154308207
576 584 371522893
244 190 376558999
336 71 192780081
97 10 575731464
314 259 831143890
159 132 727968915
349 315 759217446
536 583 893526272
325 335 142901630
52 87 860969661
38 155 572270538
165 76 645410673
537 315 477280114
63 168 795454453
551 369 43547173
314 141 679146404
41 554 538028223
236 112 660448268
394 186 884802353
402 67 622633220
163 318 982450129
101 18 37556320
358 461 922619846
251 310 566070155
581 425 588538875
486 46 263194043
221 493 759709705
189 347 576980293
207 32 345376423
286 561 93235117
33 279 413282529
14 141 3608682
384 493 521567855
404 217 961013440
588 2 528376993
140 97 587241006
73 150 998488054
114 584 77755693
460 32 96133052
38 300 800494017
73 333 991628684
551 258 756449445
413 529 542623472
376 528 583378515
179 341 506111227
269 410 28658019
365 148 618980002
462 466 786099143
37 157 648891654
475 299 742925914
373 427 885912940
533 81 246981121
169 40 999544416
29 148 652171055
181 93 282378694
347 154 562097562
171 561 393161381
313 59 56148648
49 560 945005903
102 378 998900333
512 80 564477905
143 87 671138713
84 121 170485120
255 458 600226742
259 120 206421012
215 40 58108552
511 548 599115903
372 340 863894358
278 501 335537539
41 469 87360951
298 291 470430733
244 84 568274697
248 494 59312447
205 41 431876118
383 31 47179963
280 185 532163995
545 351 884607630
593 93 571149229
352 186 53189713
399 142 606309239
479 169 429474858
1 26 491400839
272 582 825536535
44 299 974433898
100 56 600231664
450 308 289145066
265 257 979364521
488 95 791092016
352 273 812245932
66 142 937568565
379 581 553612093
269 192 585538020
40 237 293689763
509 155 52675708
563 172 557361792
255 98 255969930
278 313 676868569
333 365 909161024
68 414 923181963
42 504 349902566
578 97 208860488
203 298 256192391
290 517 120803302
26 518 969050299
470 531 312396445
426 105 923276024
324 45 857035566
438 282 454550497
344 291 878295103
60 409 776948467
594 552 398560882
177 64 611248781
362 382 770236843
567 4 339187782
504 112 233702709
582 536 93839800
135 231 912521702
92 199 497780464
207 415 673703156
124 477 321414085
311 98 11404163
539 554 543722958
137 125 808837121
230 294 554007137
119 382 782599991
229 114 894444282
140 11 539518574
85 22 829175990
118 328 939470144
587 126 301187237
301 268 434936280
592 344 546355988
377 590 430128686
111 344 742869800
59 466 795334050
65 160 167417599
233 93 584000420
241 538 221041923
323 282 978632375
516 254 297065849
86 570 959978288
510 267 310446505
146 166 362889149
348 135 224361360
478 247 933826808
499 412 715355105
343 321 286043602
130 95 392675005
295 168 471553401
449 452 109602950
42 400 629553348
565 477 251182664
566 438 747917266
122 528 824041257
470 123 539358493
187 462 469709461
498 406 257016252
375 30 8783020
202 303 513587321
450 254 51576527
174 180 337037725
385 204 604916709
29 572 647543265
546 468 886273683
514 322 655206186
101 23 827959706
434 131 898488006
248 336 856644558
170 560 894716818
474 30 825063832
389 77 545915745
42 519 82044408
47 199 235855479
314 153 841956611
83 104 995010994
491 353 694616969
229 367 706292891
388 230 448760245
185 408 350861048
465 138 287213886
52 178 734276966
170 42 478190077
309 55 696321759
54 403 367669187
128 133 31823263
88 285 130153138
543 256 271695897
458 459 842698954
368 6 586659510
525 251 888952790
505 241 585800948
277 156 417744961
220 180 915517484
540 156 382022833
523 175 755391525
480 282 676080191
428 21 543785457
465 429 785507587
99 208 370294777
2 538 136699630
6 284 776912540
350 547 868486020
54 457 198189481
553 352 223470670
54 497 996393911
465 13 314974468
86 65 228685418
16 584 593825616
222 267 153315708
207 417 870469780
530 168 253238869
226 390 946824753
84 547 429790998
447 477 436048298
564 555 375799099
253 254 306042663
389 61 435694073
343 396 864782061
318 557 222776331
422 518 64056573
306 44 709506861
581 574 778854456
593 398 220271704
272 455 918455120
523 313 362747204
58 272 793018265
303 393 974458170
275 149 545608122
348 271 280525361
556 105 941101070
15 182 868614932
131 338 217321415
353 370 725071778
132 551 385417945
525 242 908713860
459 422 923880976
527 455 287053999
101 82 194539804
555 565 86633271
267 69 51464628
383 18 603826475
64 372 577591427
15 120 953020746
361 129 412888469
325 405 896835026
24 208 992305513
379 233 320745986
335 311 593824329
536 437 464910787
292 469 136347500
83 328 227372748
293 496 6617396
330 495 623166752
13 382 285846042
324 200 293501152
154 477 103916102
238 45 613712900
478 192 308745356
363 464 762698737
290 439 347775413
416 322 684612577
334 370 66201013
151 395 243896345
227 500 693330116
284 21 552982587
399 326 742848913
269 438 665498957
527 206 946128320
67 27 536001625
139 105 959154034
276 171 415844829
507 253 118511842
314 495 37437498
391 74 387694264
484 312 512101647
421 151 851657373
158 199 826960756
203 473 215262708
162 402 484129985
545 502 719225252
505 417 907094821
280 489 556246494
457 423 838509267
172 315 684462345
404 484 762477260
98 322 920378768
481 194 481236032
357 10 710566819
257 419 339957563
227 145 286510094
169 145 716813284
476 305 97604518
489 195 835369542
13 224 881541728
542 463 582141843
345 35 122459569
205 13 888642357
128 230 737071038
108 41 193509543
260 181 581570608
467 553 185389336
592 316 913531775
540 171 294208199
249 493 176094972
592 541 395728838
472 375 257725507
128 341 118080150
163 368 298191222
281 156 546777880
368 11 613295244
84 1 805393728
363 502 662959455
177 484 140657726
237 115 728638955
28 443 209419668
397 387 765851331
216 316 720081823
479 448 271098089
130 135 459024713
536 201 827431448
265 480 609981984
371 522 954016134
501 8 114859458
356 248 928845373
5 377 840598599
420 360 719473200
289 327 779397967
525 490 765118089
564 198 207643587
286 309 204840334
413 301 335207397
508 224 981115298
194 315 151629997
339 426 456004010
337 380 764001751
524 528 772695241
75 387 855293675
165 7 738996127
361 50 336234065
226 411 306481766
188 300 299505429
275 396 86076635
65 141 359768191
96 74 383769605
364 47 48617471
433 80 74486833
284 131 990977854
436 323 555359466
485 446 962615200
580 322 605611726
319 591 517525522
387 3 742677904
164 591 633427697
409 429 942856897
454 186 314028263
475 264 431945335
516 468 136776662
260 90 997847541
486 235 50071937
430 254 819197359
413 263 732343393
472 57 192874967
388 323 23005223
68 550 101718098
183 210 179081671
200 53 127304823
288 367 718447749
347 56 724512186
543 27 644023209
369 451 780484380
553 446 770850381
99 94 987244536
129 550 86518007
399 424 261706227
22 127 450039730
147 161 380328973
28 337 203965512
285 338 664459572
549 548 657062204
426 88 883549754
215 289 763642286
530 104 99884507
152 482 500430615
321 250 117642830
36 57 464338343
188 432 178957603
360 297 189585998
434 167 579869658
170 585 588551920
434 67 482441358
235 381 567394658
317 447 300874099
395 375 540735032
164 456 32288114
342 406 426702727
70 459 71093533
289 346 868092996
31 9 35077651
413 50 65810852
412 345 128911359
60 331 875952714
61 297 63113786
214 79 970221508
400 453 669544882
243 87 226513091
298 79 590747726
53 391 880130801
294 105 491011871
371 220 730602300
398 393 995095974
217 369 880746745
212 112 105764444
402 221 540292416
589 93 60025969
492 266 612888717
373 510 415345380
251 157 314207087
281 463 216214833
31 72 380359104
541 57 710377229
178 487 374752307
507 418 966220518
288 246 636222836
257 577 676117836
394 182 102743148
354 279 227236248
390 500 933695770
86 232 961797761
503 74 825558158
307 462 264118239
456 320 186544524
496 390 165742338
71 583 345184607
480 245 90617479
303 552 442055427
320 484 405876389
392 590 82665228
520 98 390201301
263 106 771941389
354 400 827261124
392 464 968571987
134 559 863332846
20 24 561873363
61 141 920016082
45 81 828031774
506 491 137915930
595 245 818180397
317 210 820140638
355 427 479914597
377 103 45591317
450 266 675344664
85 184 582141791
25 557 121577202
296 105 17335490
295 152 373546262
532 109 23575026
569 151 14729111
437 274 591540769
397 176 250152393
91 516 612030149
359 538 22813953
147 494 108268678
568 378 753022137
431 544 921924788
38 262 695398811
335 107 961809503
440 381 299999206
238 534 868785506
496 515 936683389
209 493 708844590
325 412 385483994
414 34 945065983
587 416 934914666
20 308 434818481
257 193 107351023
179 513 362371678
445 217 117160851
443 136 953651878
336 51 282914162
443 13 409517873
558 116 81794473
159 571 330165228
354 562 530718983
579 291 220619467
252 16 320856920
204 531 310816823
307 302 144372834
357 223 891433348
488 471 400616541
219 517 800962839
66 234 281185450
150 191 346092927
84 190 324357786
479 40 94071393
155 55 509929556
578 11 852545935
38 97 728636761
229 584 172545110
255 311 862731917
314 120 125736072
280 315 122245053
358 181 504489012
62 123 681386328
122 376 603467069
400 526 979497322
255 31 875594776
124 117 489700761
457 112 169613000
269 374 974883028
124 565 632558406
52 48 291335169
65 435 207461820
362 13 371099432
421 395 775642736
284 428 821957578
429 138 952445715
280 408 412027267
383 123 381256718
403 457 764190198
162 67 718706903
177 340 785137766
318 10 597164171
502 464 273389339
398 497 313357817
130 322 974919472
368 439 171330891
213 326 856447830
92 508 809534793
272 201 468611979
229 125 65255681
407 415 461820370
215 115 809058332
66 399 269372106
407 422 441449263
137 367 955496276
437 131 143198466
162 27 481191599
475 111 85393637
118 24 691780863
314 330 284499583
130 231 212151436
581 292 806322429
573 455 165501406
188 431 590807777
311 82 815666135
215 448 438861917
2 95 419653398
112 497 778355035
364 19 416429141
565 117 275367214
576 586 269506413
419 341 551271768
145 462 980151618
201 583 61187589
114 586 808883234
419 436 255278101
144 114 860458625
21 557 573223074
249 221 548555873
187 466 431252537
364 365 304072331
119 572 606320677
309 560 621713324
553 273 554151990
317 124 152828186
190 121 192880290
356 336 112468884
356 71 478915625
47 135 366192016
18 23 974814030
147 441 546659247
52 243 766922463
448 500 468986347
486 300 988549539
50 129 544866958
362 205 708683895
404 64 905908600
322 231 940819965
420 297 439050491
233 554 367782742
439 517 866600325
195 105 717559918
76 365 835113694
470 228 876480090
700
9286142 2661932
-2484938 -4475347
-699382 802009
6761252 -5314684
1740087 -1929794
-6690646 -3477561
-9381072 -3889699
8022245 -5670802
-2694874 -566118
-7267063 2458216
5618841 1112420
5659079 -4990521
-9085175 -8106190
8417573 -4532929
-5121021 5304689
-436592 2128957
-8991562 -209281
9241136 8901949
8039282 -305813
-7571283 7266279
-6915963 2828659
9983900 9029343
1676331 -9768933
55523 4281428
1552699 -385357
218574 -4901809
-3277569 205959
3843149 1055389
-9581426 507036
6417208 -7523061
-5139631 -6420230
5586888 5970673
-6274928 -854055
-9766332 3629078
-4311981 -4581660
-1273173 -9337325
8839628 4259870
489152 6890872
5648628 5166
870249 9687144
-1208186 -871798
-6927907 2779917
-6429981 2261984
-970968 -7875067
-675286 4373830
9169727 -7151099
4671813 -127558
-2053112 7975512
-8385120 -3259158
8592097 -1522534
-5731161 6423097
-8891158 1411703
-1856062 8246804
-4641133 2656592
8120726 3771302
-2273163 2442246
-1869354 5617979
6691428 5284871
7673629 -4427355
3103124 6817303
-6561375 1613354
-4527985 -2305405
2446889 -4122698
5651029 208525
6831914 -1821805
1973569 8561559
7048311 2504420
-554603 5637176
8222797 -6729384
7762484 3780981
-153965 -4345192
-800128 -6570896
2158458 5148772
8215260 7080187
-3646244 5500500
-919545 -6615839
9456059 8526638
2161856 2041439
5262735 -3115045
2234430 -2463511
-5621528 2589134
-1731404 -3967128
-8850287 5949948
6660656 9910941
7078207 3204625
6805468 -4763704
9819261 -8474265
3723546 -2104190
-7558227 5933365
8924317 2660224
8953300 8090919
4556867 -5299370
-1793026 3992129
-3769962 -6631267
-8999750 2661760
-5379354 -1401076
8547400 9914144
702462 -516492
3924841 9306609
5454271 4831524
-5222217 -9619428
4039710 -6880632
-5455474 3739635
7390007 5378847
1600910 7095054
5377069 -8217179
9527729 8887263
2049554 1155201
2163525 7187002
5358535 1405802
-676455 4799372
-3713897 -7633079
-7773535 -163276
-280513 -3823250
908258 6260024
-84900 -7620167
8535430 9432661
-3400645 -1115609
9684570 -4328423
56029 -7276945
-3070133 -5579476
6908862 6960748
-4072565 5296969
-9778768 -4691850
-6798824 4733264
9113998 -495067
2758398 -6840098
-6573962 -9225797
-3278197 9728486
-8819700 -1790129
-7528442 4777417
8616818 -7501670
-6883166 -7912541
-8326990 -9703978
7975372 9340951
616856 5729766
-1066316 -4782187
221919 -8886404
1024250 8962280
-1535149 3025578
8053319 -5223671
6078677 2653643
-1296482 316078
8180215 101653
-3141859 -6891345
-4877200 8934150
7351678 3426628
5000776 9518969
2134961 -8439106
-7455317 9515846
9859192 337854
-7149844 5708951
-9724611 2377835
-652007 -5770117
-6076536 1915800
990100 -3045186
-7774681 645371
3306566 -5883112
1461644 -5430469
2519707 -4530667
-7237656 -5053134
2291898 43386
1001815 -6848546
-8073369 -1918217
7241648 577531
7107873 53200
5372837 929391
178868 -9926699
-2286419 419258
-3757889 -4403269
6516456 -5257259
3528368 9000945
6062024 3740658
4506873 -2614949
-1948581 -1331616
-8158437 -6686853
51044 9280439
7150005 5716859
2771941 3830
-1518517 1569124
-5313949 -5979850
1253154 2711270
3880530 7157393
9477384 5673055
9148115 -9119083
4028761 9809298
4711144 -1398853
5772464 -5960306
8610897 -6670298
-2689497 9532270
4918506 -8437744
-4639779 5354482
-6513200 8504734
-4722254 4013635
-3573311 7024393
1911679 -8067066
3671156 442216
769288 -1291884
-2690911 5838840
5774392 6366267
-676132 -9839394
-59149 3710964
7190844 9726548
-1248172 9456926
3021927 6898742
-2568295 -568927
5723571 -4841632
4624637 9781465
-1482647 2339880
3672324 7563
1025072 2700154
-2321800 7871523
3542316 2591191
-7300386 4359248
4929183 -9607561
2783475 -6842696
9961693 -2951529
875872 3843359
4585801 -683893
210435 -1202042
2038822 1416655
1101864 8865841
3281654 -3113327
-9028669 -1690617
-844126 -3453866
7534749 9595611
5786510 9330003
-2761270 7435970
-4854822 3711538
-3225596 -9352265
-1410910 3833484
-813903 2757778
2810917 -7236778
9707653 2303241
-4440205 7914929
-3023435 -3449162
6319198 -9033047
5010769 -3143381
7675508 7080230
-2933125 9144362
8075055 -1164865
4704659 -6216188
2960935 5376782
7035278 4230021
553587 6072652
1733789 -7434817
-7200842 -8484940
4941743 781256
-851397 -5238234
2163278 5881419
-1117275 1744781
-3323310 -5897902
-6276955 5227933
-6002253 6045694
-9801199 -347287
-2166983 778822
-1618811 1801465
6071500 2446307
6164627 2169987
-1787758 -7823481
3325211 6426597
9791890 -6891598
-9139267 5997045
-4586172 3172149
2868948 4731047
-8072939 5304238
-8030842 -9691859
-9114340 3471982
4617134 4110439
-2258700 4684956
2523 -3413598
1946070 7991516
-303025 -853091
6430276 -8664030
5465950 429867
-6071524 5866438
8007857 -6649845
-121146 5350946
-5726647 2007934
4095469 7050052
-8372432 9278285
-8983275 -1419257
4034725 9697486
-8020129 9815829
-5942611 4950186
2200398 7579675
2017474 3883992
5125551 -715665
8114682 2534314
122355 3612690
1242083 -2728933
9037102 -8405541
-5288585 -1152085
-1276412 -3560821
-3829608 -5589950
-8568759 1080187
5803832 -586525
-9053181 7807308
-5521836 -7774686
553325 1678014
-1562431 6098256
-9476592 -3703644
4136635 -3519180
-6411745 7710039
5417767 -6584503
-5758604 6793304
-8511557 -872896
-5313781 -3150619
6444044 1969954
8018474 -8828711
7327174 -7018628
3353526 652207
-2224195 2572474
-754028 5581757
9478 -6944326
7805738 8235767
-9518695 -8877859
4163518 6762666
-1627380 -1724364
-6068790 -8393517
-3896539 -6591074
4220829 6631335
-1199420 5957784
-2127234 6529868
-619132 4867684
417543 7562543
-4949520 -2356365
8960191 3495224
-6165322 -5137095
-3941958 -7281353
3129557 9548093
9942040 7940800
-9748545 1517124
3807921 -8994114
-2961650 -8666679
1080161 5372504
-4656031 -6889937
-1289639 -5097035
7038422 -3149903
-1583603 -8545374
-7282218 8652490
9996946 7531658
-2214945 -2511149
-3463517 5895257
-9378627 -2936308
-4220763 3199537
1578283 8135864
-2721414 -5081749
3045237 -2730786
-2034443 619119
3631037 8551631
736160 3878660
-4202227 -6390772
-1065106 -4516443
-9015432 5342
3820585 3149856
9524552 -4375449
-7589808 -3032402
6395240 4589635
3532542 -1118232
5737491 8341990
9613193 233676
8081516 7072160
1938421 -152180
5586933 6730601
1348017 -8509758
9286830 -5846049
2201587 7497499
5701135 -586601
9727333 -8122261
-787135 -8957467
-9205722 -7071689
-5360758 -9966944
3685365 -1575885
753764 -1291382
5740078 -8395191
8095858 7286092
4972916 2891494
2344735 4988976
-8171024 2525245
8265166 2909524
4325521 35476
8535621 -7435310
4583405 -824736
1314185 4906452
9750078 -7186599
-9949038 3597163
1182582 736048
2003501 9884566
5323322 -8396151
-8034307 -7706198
7659448 -1939287
-5690810 2223273
-9348802 -3428301
-4322937 -8092357
73915 -7724849
-4757858 7725479
4006106 -9706764
1286082 -5819731
2994703 -9117589
9073191 -3961277
9201896 -8377312
7539730 -7036383
5993723 -210775
4209273 -6970315
-7521532 491316
3132491 -1356746
-9043939 2574307
9983420 954915
7697324 -7593099
1861185 6291650
9641423 -6978263
-599690 -9552858
-1036075 1725386
-8170841 5598884
6889138 -3413617
1631763 3834749
374341 3985491
5080731 8649669
2730878 -7764658
8537223 -565672
227603 6352255
4662372 1762578
-5259654 3411086
4699222 -1059621
7388148 -5800608
3270730 -6079446
-6848448 -6427225
8438268 2099259
-6379060 -4921085
-6122869 5926324
-9060768 707373
1744964 -243859
-9945276 6614804
1933179 -7975340
-78689 -3585520
2518183 9996132
-6160864 9584815
4972001 7588999
-1844107 8479795
-2400133 -4122397
-9370058 592348
-4771094 6029363
-3298561 8664441
-9908802 -2541278
-8093418 2300633
6361847 5321560
2125241 8825534
8221928 -1268182
-5724240 2316061
4752743 -4684685
-6803538 5781530
5911691 5906917
5951632 -5176866
6864951 -8528855
9452811 -5927171
3539938 2767796
-9450578 -8029595
-8795931 -3708542
2099010 9507351
7573469 -1951359
-7874041 -3493391
5544858 2019757
2106952 2488593
-5639711 -1967050
9372040 1305568
557080 4581618
9294702 6027701
8912642 7130680
2046603 -8295463
-1643904 1535465
-9051586 -5535932
-3844358 7413358
-3556881 2183135
-1577098 427232
9850125 8503755
-1108409 -9792730
1500670 8234187
4071310 2407138
-9901389 1627799
-2587487 -2013120
-2262423 2313835
7471289 6732914
93408 -1218450
7238839 -6488110
8714815 -6206092
-7983645 827190
8501712 4694929
7056224 -4990588
9863094 5715072
-7188929 -8960199
5097743 -6487396
655125 6685975
-6094147 6976361
-2566719 5845037
9573898 2113793
-2945881 -4556534
-448459 3375611
-9507264 2598571
-3689239 5405167
2419629 -676025
-8036019 3660728
5812369 2417502
3718666 -3848870
-8219900 3941418
6939592 1629098
-822779 -5929685
1443043 3067229
5627628 8309872
-8375891 -8713320
-91054 9368727
5840553 -5582952
8691112 -3187999
372669 -4046029
9737203 -2793555
6707701 -2197442
-9389850 9126828
-5636259 -4154082
-4859 -7051605
-8993562 6316286
2221911 7895233
7125460 -5410415
-1626418 -5617803
4982717 7054549
6991128 4782805
-1182738 5363828
-9995445 6352189
3544157 -6616899
-8356219 796190
9316049 3547485
9181942 -2547660
5054684 -7659476
-9884822 -911057
-4452634 -286150
1781781 -3630113
-4366051 9872323
251329 3720094
86140 -2952083
-8434420 -8987688
4700953 7960842
5981283 -8584794
-7505175 -5574968
2389087 7821781
-3113413 9598540
-5194510 -5558241
2537779 -1839431
6783282 3683181
1855467 -9534626
4340197 5850851
6935223 8481120
-217134 -2316423
-2112753 9078716
8621405 9378761
-6152030 -2508426
2155466 -5004645
-5628427 7054143
171256 2621561
1388642 -8111689
-3731897 -9100702
-8159565 -5578821
-2161604 -9161630
-8610432 3145234
-7945695 -3589187
1095479 1914002
-9161459 -5724811
-7276966 -3422452
-6367398 -9603435
-8136783 -4010619
2779096 -166755
1458384 -11939
-5626149 5197152
-1517080 5663094
2286830 -4856926
8485251 9003232
4369176 -8845884
-327808 4091237
-3876617 7119401
-6880660 -5926541
-5930597 6178560
-4490458 6238170
-6123005 3634917
-6516972 5314625
5997293 -413638
6580110 857514
-3656093 534950
-6098989 5881342
-2419739 7538184
7126473 -8444655
-375040 -7006161
-7887978 3110821
-4297965 -9850266
-2151460 767639
-8937315 8385599
-27309 -3052920
2738833 5514440
-7459043 7111896
7465635 -8010331
-6150117 9577508
2584467 108048
3986218 -2769264
-6497032 -736188
4363873 2371115
6816429 -1177140
-905473 9127630
7848296 984556
4123524 -3107352
-8957489 -9574534
-4075780 -8597969
-8170881 4940270
-3907400 -8493639
-776693 5981702
-1549729 -1194075
-4547980 2832805
-627078 -8250570
-9783583 -5336222
1013151 3048026
4001857 -833819
9220913 -9871675
-709665 8600224
-5416132 2647562
-3156114 -5633329
4945363 1424397
-9267612 -3626761
-8228757 -4424198
-4043230 -3414275
-9436196 -7146839
-3997250 6710071
-2502691 -1809705
4641690 -4644680
3265965 -5894777
6110380 -6408715
-1583055 666276
-6608156 -1901888
704296 -9836105
-4994989 -3885580
-3035611 -7396657
-8076440 6683905
-745855 2451385
-8829549 -6764318
2654082 6069697
-7789915 5514719
-2776644 9951081
-669622 -776470
9732176 -7013420
-9457310 -750748
491198 1148951
-2544659 -4709006
5908608 -5764942
621654 6103498
-1645264 -1249915
232737 -7703713
9279464 -9237606
-1055481 -3314562
640778 6391463
1330099 -8621669
-5094984 1373153
-7521058 8461604
-7094229 -2856797
7513643 -3945197
-1516001 3722880
6763335 9631425
5612775 -483641
-5901713 9952588
4579005 5505326
-88569 -9071302
4299912 -8912674
1045096 -1942170
6066630 880691
4561241 8006668
-6559186 -1736790
5861487 5067366
4787021 9460883
9317875 -5894332
-6489399 7121004
-19346 -9710405
301460 3336033
7685784 -840661
-5427119 -1381952
8841805 708043
-7074339 -9764767
9859893 -7948966
1655147 -4549804
-7751809 3724161
8225361 -3784599
8285526 3906341
-569698 -7222845
3034328 -5447783
-7502234 3710611
1254988 -6590593
-7773426 1660047
-2475266 -2486993
1123636 -6542754
-6542706 -5735499
-6283544 -5164629
-5103858 -7294832
-2653487 -7424459
6339105 4416999
-7890045 8510633
-5924951 716467
-5985368 8853192
