991 1084
8495288 -2918981
-7053862 -6797133
-8702833 -4465511
3265533 6925064
-8813713 -1513181
288594 7870916
-1120713 4179048
4511161 9236263
-5736425 -1772801
-698408 -2909223
8876084 -5200308
2720001 -9936607
7181031 5366207
411578 7654093
-5213199 1451173
-9762740 3781204
196766 9907860
8817731 -2511617
-6756737 9644692
1380131 9410056
2169362 7784091
-5789550 8499668
7249963 -154937
-5208430 1316297
3877026 8481299
-3687299 -2140129
-8621428 -1038685
-8477864 3439321
-6051845 -4567861
-8409034 -3794567
-2139795 -3881097
3191516 7255622
-671677 4825655
-6179894 -9215851
-6729075 -7124146
-1702718 -3514446
-2416211 6632726
-4466083 -5558859
-8565874 9428501
-2626577 3313846
9724859 -9573422
9933184 -408638
9602281 -2527617
-8925045 -6176780
4260276 7305568
1306277 -7583974
6297698 -9127129
-8241064 9499201
5869579 585994
-2870961 -9779055
1471292 -3842655
6958071 -8916855
-8926580 8176137
922104 -1870170
-6146605 8383661
-6622499 -2128700
-6918036 8131556
-4712260 -8634577
2518979 3297181
-5933841 -8208336
5392895 -3142752
-3585691 -351416
-8308725 -3761138
-9525782 -7569581
-4526911 -4317088
-7249323 -435813
8594934 6015588
494060 9107562
-4859011 -6489132
3923679 9846187
-6792936 3336265
9698085 2055432
-1503913 6190731
-7642713 -9126522
3313862 -3680926
-608653 365840
7080256 -2482006
4809973 -6171257
441629 -9087625
-288242 6773199
-6902140 -5684640
7903443 4631555
5939484 -8646068
1196677 -3211402
-9109749 348131
2833058 3639544
-9130970 4949485
-3208148 2911762
2597769 2914996
-1124514 504835
-1480900 -8433617
-2686631 -2514973
6418801 -812383
-7239479 4450414
2638717 8750365
2252518 490982
5845638 -393308
7759711 -2678351
9588624 8772032
7023415 5539190
-6765303 6164415
-1084950 3140146
-2451204 521715
-1710622 4130882
8148520 9292499
4233053 -8696155
8393611 -5863137
9940035 -5698761
-6694701 8650759
4068568 -3542487
1918615 8157211
7744944 8013058
-2840219 5158878
5250682 -4993552
311953 -941352
2486696 2613207
7515951 -5294051
1756509 -6912890
-8293967 3433825
-3478358 -2708509
-1836171 1361296
-4633276 -5778508
7187042 6037884
9865743 -9977562
-8094484 4457453
-6434750 2389321
-6124541 -2114621
-2104696 4007686
8280623 1789708
9654837 -2306208
-3936494 4261966
5619267 8269846
-835822 -4383306
-9895178 5670614
4794564 -4250987
-1454072 919759
8906443 3293162
480696 5273030
-1358822 -3800102
140167 1923111
-3332323 3169922
-4048386 -9800515
1463520 6036119
-1612045 -4889765
-147166 9577312
6017313 -5122091
8633634 -5863595
-8594222 -5398747
8122437 -7608032
-8103516 -6852058
4659283 3715721
-6001686 -4495777
4580036 2760104
7994070 2470077
4720752 -477350
2204883 2675852
1955531 6449301
2372252 5868927
-3141646 -3301087
-8604610 633633
-8236562 4876855
3913591 860152
-9493535 -7491602
6641020 1011980
8074221 4892593
-3295699 -3450501
9011698 6163413
-2027207 1814299
1171509 -4727088
2994931 -5281666
-8283171 4250533
8211712 7658302
1365959 -8005946
8002785 8464493
-3468884 -4024850
-5542364 8485385
-9599955 -9861543
5320320 1361570
4596255 -5612195
9526669 -8936482
444537 -365002
9175248 5367968
-4217847 -8005628
-7936646 8013112
4557808 -9553296
-9829154 -8582421
8339983 -4037363
4442625 1350264
-1382573 -1590158
-9361989 -4288936
-6110104 -312349
-1184330 -1326274
-1405651 -8129305
5873327 3358756
-3538757 5742366
975384 -9541167
8253313 4400272
354435 -9464240
-4057849 -8278877
-4951808 -669486
-1504374 -1557925
-2206038 6696860
4326939 3795034
9074228 -6602987
6088319 4139673
-1862670 -2457237
4034160 199960
94399 -4640979
3367507 -5219252
-768214 7992387
8368583 -5047048
3159563 -7965176
-6491155 -2312095
-5482818 5768237
-5754575 -5770428
2766624 -9084253
8226441 -5703136
9893188 9745734
-5337293 3084837
-8247322 4667713
-2667042 5598457
6360909 9622136
1650677 597328
885740 9139079
-2269983 -4328855
-1261969 -1661163
7651872 -8834396
7621069 -4723846
8638380 -6364298
5169010 7182043
3055428 8001764
4434196 173331
-7862660 7157767
4954569 -4417268
2400248 -5292971
-9269394 6561476
1407725 -8492392
8722009 -5712879
-2468396 -7433279
1291705 8410508
6446268 -792415
-3368714 -6347857
-8330339 -5781270
-525962 5332914
9759785 -4593978
-5736393 -1237176
7103300 3480049
7212314 9314064
212448 -7510217
1919169 -2595054
-5780398 1763461
-5547301 5779564
8075092 -536723
-5468117 -8059085
-7531360 -4120658
2631630 2955557
9004726 9403396
-6326385 -2687548
8966063 1828685
7531897 1804127
4269932 9031922
-2390320 239828
-6461687 -8799631
7917413 -1418969
-1494716 194346
-90072 5808130
9219610 8372770
-7975541 -3458781
-9256164 8165075
2412258 -4132139
9611164 6282835
-5499395 8140908
-2723615 -1935645
2274594 -9805616
1775682 -5783476
1218931 9555944
4502670 7021851
5905654 4802186
-6383100 7467037
6980386 4874932
8714634 -9244232
2830434 -326541
-83865 9779947
4795984 -452003
-4876324 3589811
-9749884 -917194
-2404187 8019588
9183117 -2870318
-1514850 2990885
147291 1245017
-6977500 -7847932
5170162 6465755
-4113941 -7732425
-5365591 9155313
-7137065 -292853
-209327 8482779
8862683 -9653871
9144746 -5532516
-2922702 3696142
-2438252 -2564624
-9980441 -2376487
-1659547 -459668
5284253 -2713882
-4305639 1658474
-3447277 -2132891
-6569218 -9783518
85283 2708761
2420449 -6961241
7139532 -9741913
-4001710 -8040741
1005328 -8018047
-759350 -3584078
3002364 -774094
-5079983 -7425577
8060141 9080053
-691010 1008220
-9065919 -5590433
-2906990 6856770
5463338 -3326523
8416471 -2995926
9555666 -3259808
2165267 -838292
-7969872 -8530701
-2260408 -3956800
-9034515 399238
2458324 7437610
-8766391 -8966340
4635787 -3519420
-6241551 -1846410
-8625403 -7642343
-8854203 344501
-9123459 -9305550
9327972 3242966
3994370 -6255410
7150490 -6186764
-5164870 -9143507
-7035583 -635173
2353358 9426781
-4834054 -8508413
5571504 8313788
-3896058 1502204
-8247508 1531716
2301753 5114490
7965245 -298829
2384258 6943525
3439394 -1200828
-8228870 -6333128
-5007962 -1161926
-7022236 2924792
-8036393 -2633729
-5398382 -85622
-5970198 2910866
7674403 8579692
-7701765 1872550
992086 -9809664
-784763 -9231145
18501 4217692
5663266 5178105
-2769658 6944197
-8698439 9183422
-8895252 -7185391
486113 -4045406
-170447 -381353
6883866 8323457
-4876635 -1646590
-3425963 -5167895
1962789 8000256
-8319614 -6151420
-6409785 515334
-3776904 -2882676
-1883170 -5811746
2044362 -5818184
64450 -6247191
-3848252 2170910
-7388313 -8324332
-6495524 4529874
-2996267 -8459514
1245183 9242782
719464 4247529
-7762674 1754054
5205233 -6189768
5584352 3489416
4202917 6626864
6085055 9501657
6734989 -5175561
1198882 -6292162
2894988 859670
9301161 -5820607
-9575023 7760930
-6453293 -8210786
-4149703 -6696350
-609770 1655136
2692644 -8122726
-4385686 990011
2297882 270698
8740844 9793458
4258703 938726
289384 1076777
7196180 -931893
-166035 -6498736
-1899305 3988676
4571562 827955
-6135950 6845032
1324173 -7866635
-5290379 8834782
2000893 6180325
-7451356 -4186520
-3310567 7576178
-9827033 6999683
734049 8543991
5375038 -2212472
2306397 2891619
8846696 2631631
-8950634 5292618
1558846 2578982
6221678 -2328807
2285627 -5012875
2136037 9650567
8798696 -1318524
1303892 -7543710
3685 -3948778
-9003525 -574844
-8940050 2544670
-1276047 2563681
1121350 -4825560
-8008627 2417814
4731996 7877532
-9725169 -6991361
-7821478 -3147736
-4412450 -7287089
-1138149 -7886122
7526155 5648351
-9050816 7414725
-651338 5470782
3892184 2324252
-8288653 -7599082
-1349012 510289
-369614 3903046
-8470276 -9513564
314484 1472206
-7547797 591014
-5221961 -5316208
2795403 -7068206
-4878920 91181
1823558 -3940949
8756477 -8445806
3711656 -1245825
-8480863 -6827976
-7363444 8249353
-3521907 7961775
7390492 -6532473
1433470 2725018
-5316381 -6706739
3372371 -3747567
8803538 -209211
1596363 -9117182
5211876 5108644
5700274 5008585
-3432424 6648841
-4283821 7092626
251960 -5746514
2684553 -3610411
541206 -1303786
-3550358 -8604605
9818155 -7001662
-8986608 2779274
-744310 8357056
1698259 -2495749
-3581056 -2724764
-2028524 -251522
4824515 -2608491
-9596807 2911095
3373976 3153486
-5926693 -8483690
-3952822 -9250832
-4871413 5839644
-9958556 4171797
4662624 6006895
-3169345 -7239598
-6804411 -8879986
4298079 424217
1024390 -8753267
6346384 6342105
-9566678 7538012
-38243 -6192920
-1888510 4778210
-4164373 7663770
6865990 8937388
7395511 -2464342
-2441561 2032563
-2813041 321936
627836 9639904
-9411663 3784721
-9627704 5437547
1852277 -2939134
7347395 -8343219
-4686710 -697047
-9125697 -6774394
4095 2936280
-6818582 -6216780
8241546 7327939
-3957622 -9644041
-2908684 -1548117
3438854 9786264
-9313701 4497552
8459531 -1800913
-586316 -5552612
-3269800 -9710357
-4720507 -6763946
1315187 1673199
-4737822 3271959
-6639035 931330
5417045 1345129
6922965 3149639
6589284 -5509096
-3836326 1916027
9376844 1760979
-3852730 7194424
-1501060 -6066050
-8935516 -1531997
-2618121 4947709
-4829311 -9064250
7179105 -6942616
9543319 9984556
-3389784 788841
-6221905 7228004
-5736258 1036010
-7370403 -8355830
67948 -7657959
-5707648 195809
-7587929 8480209
956376 -7888473
-7248106 -48493
-2477349 2654274
-3965590 -3070748
880737 5319127
-4189438 7862398
-6630315 6995958
-2407966 4714029
-9552334 7766552
-6753412 5322072
1787154 6396020
119235 -8682441
1983271 -9005921
7535368 -76137
9506888 -203774
-3857302 -9435473
1487215 2879486
7474334 -2297236
-1484070 -1509054
9885598 2602918
708240 -3751737
-8709427 5134273
-4431426 -5093744
-8401631 208638
7772467 -9068916
-787572 3767343
-5169311 -3513370
8503195 9545999
7633514 3727297
3366824 3378733
-9994334 4960794
9460337 142038
213516 -9627141
-2001788 7568334
8929903 -3805734
9931347 8854586
1009788 6735278
3234525 7596148
6959671 -2105648
-626486 1693205
-906034 -298741
6659812 -4265528
-7040438 -1942086
-5170818 -8764353
-7130331 -7525520
5831068 -4440021
-1958755 8310657
4474943 2622168
-9989206 -9199472
-7922621 2893570
5002976 6364069
4411448 -834899
7328616 -2855702
1837800 -5404890
9306851 9515910
-8037010 7071476
8490121 -9495124
4233627 959231
6998388 6380725
-4268403 5320164
5870357 -6415640
-141147 -9674402
-127353 1393423
-8263480 -5987580
2237073 1806356
-421641 -7513579
-3803273 -4514571
-1999976 -2127945
5662103 5699306
3311160 -8959213
-165817 -2843763
6730351 -2856246
7874136 -6251834
1394319 7022987
2781261 -3920424
8470827 7422593
-1090146 -3905494
-7951697 -4107402
6554943 -654088
-9135605 7328331
3273283 -3308228
-8148963 -8018745
6244463 -697618
-5681793 -6784862
-6324550 8096707
4798107 -4912508
1310777 7833934
-2124623 -9786039
-7403844 -8443207
-1416904 3432134
-4503163 -6590332
5941171 -372652
-413815 3604485
6004440 -710668
-5371352 -7396177
1404684 601375
7172873 8731092
5838257 -4030372
7076664 -2644028
-7279758 9863954
-605807 8060880
-9273876 -8545110
4876991 -3725516
3467107 2951462
93811 5555085
-6231800 1483991
-6445651 -186467
-2845641 -5701008
-4736999 -2956710
-8996518 -3218414
-8561941 -4743833
8968168 -2932618
1815035 -6685802
-4529868 6183911
3062036 -1360522
-689068 -6480059
1722102 -3155522
8437418 7874611
-7839679 -8001892
3586142 -3416486
30629 7350440
5002895 4992335
8446357 -2445099
-6549126 6797498
9456275 -7927755
-6464594 2556954
-1731272 -1742321
8260331 1931526
-9071319 3998171
-6119333 5146054
-6625544 6915273
556465 -5751388
-3582721 9426750
9992873 -722856
-6628085 4348881
5422475 -7733454
6210492 -9700402
-3206901 3797480
-185311 -9354402
-7663568 1618497
-8958645 -8931757
5652853 -9279158
8402523 3427965
1141409 -8879796
2452734 -6235643
-2932371 1746585
2143264 -9375928
2904069 -7087582
4171156 -5357252
-7365037 1534590
-9316947 -9930655
-3724874 8587355
9353809 -4054054
4805446 -1984008
5738262 1233545
6686607 4529605
-1947040 4498031
3231590 -1594400
1439935 -9036586
6627426 -6698843
-7428462 -739547
7828337 6730016
-4260455 -1587698
-1506139 8911633
-9392711 1184395
9256679 9215439
-4815634 35114
7167959 6435079
4721335 9326471
-4240154 -1582180
-2363621 7436882
-9313196 -7086110
2641066 8079603
1114950 8036509
-9645560 6376309
6021789 9888837
-1539118 -3482893
1720967 -2158384
723166 6261147
-9740543 -4466982
6485833 1868028
-4665609 -7311628
-574313 -4505503
-4842482 -9653303
5267409 -4842345
8706810 -256386
-2242107 2584181
6445779 -9012138
-8906902 -2294289
1795465 5583915
-5407657 4591805
-520186 2053375
-3026087 -7884586
-320694 3237062
-7432998 3310104
8141482 -8641380
-520487 -3011501
9104420 -921470
5098326 3316269
4637042 -2481340
-5993295 -3956568
-2572400 -9347600
-9706855 -234716
9532703 -7863480
9991640 -1372962
-1090538 9586627
-9163603 -1627149
1488279 688109
-9506506 -4717213
-8046353 -9461086
5928997 -4280093
5794796 8115001
-8481879 -3819810
-4252968 3814572
-5836682 -914517
-7959068 -7581579
-8806088 6212539
-6050108 4550303
4691847 -4593644
1624640 4525880
-8255003 -4002969
-3284918 -2881815
-8892822 -6492901
1755478 -4161856
-96568 -3027193
8496121 -8998429
4158087 -4244086
-7598634 9187442
-5235734 4039012
-4772155 8262050
9735527 9167899
3426354 402569
3548440 5169126
-8217733 222620
-5752788 4192955
4450646 -4331001
6300562 -1136631
4188107 -1435309
3528726 -5050048
-1661600 5167274
-233165 9235540
-8217415 5560021
-7785382 1418889
6448736 548165
-4595792 2048648
2449752 3864972
-6119914 -4628709
-7849125 -6206629
-8250339 -5901952
-1552525 -8040597
6801307 5583231
-588953 -9732947
-3821976 2263001
-6334115 7891623
-5747712 9228509
-2331982 -2697669
-5908845 -9557694
-754642 -4737113
-1909845 7464037
1573918 -5023781
9619223 1240707
-5224252 -3682420
1779588 -346726
-7513724 -8771725
9084328 2581119
-1256866 3818913
-4216096 1353803
1588032 -8636819
-609058 -6447906
-1825500 88123
-9387407 -4522536
-2894074 3158310
7327257 -5614380
-947534 4646743
943506 -3415478
3065296 -6779053
-8089583 6552725
-2375757 4157897
-4700210 -6823456
8206795 5305428
-5776789 2201620
8547214 6782388
9285972 -196986
8773339 -6018116
-46216 301836
-2023078 -9061978
-636266 -2114389
520887 -1622511
-2981766 -5578924
5937009 9964858
-1987869 667407
-8887027 -9432688
7274132 4650392
5547080 -781096
-9587040 6498471
-9391523 1073945
-2212143 4431503
-9696293 -3353988
-7072431 2230692
-4414623 -3671174
-9590420 9906445
5968927 4510192
-7737592 1838475
6328486 6569318
9162068 4614929
5169500 -4658122
-7441374 3021114
-8201920 5086096
-3886128 7830063
7653513 -1336459
-4867276 -4911130
-6910153 134223
6732004 4853585
8901969 8382333
-8096533 -9913605
-6904956 7198398
-3452913 3485649
-582452 -816574
8212993 9125511
3830703 -7413660
-8950951 -35201
-7653030 -1892991
-9100312 -1605777
9911585 -2172738
-1267071 -7130243
1082492 4396389
8735093 -6581009
7513039 5980070
-391332 146452
-2572375 -8920984
-3393060 5942858
2262130 1479869
-4531899 -7878338
6447157 -5912294
-8037342 1488882
-8748833 5152583
-2553239 -8430393
-9568829 -8545318
346588 -848818
-9331034 -5841052
1338512 -7711135
-9288293 9712809
-720857 1118049
1450409 6449517
-9134629 3657153
4385241 242746
-2410988 -5933388
5642228 -7211188
4404240 -1556027
-2852227 4030247
3443606 9370382
1641020 -1144419
-7208364 5575322
852989 579063
8081818 -7919553
-6526539 5080796
-7377762 8441616
2349036 -3002937
-3065764 7639072
-825127 -5262535
9902970 -6478286
1281974 5417347
7607510 8226973
1508183 -5980008
-5952814 -5956874
9568338 9013749
4013414 -7299438
5907032 7882395
-1985713 -3246635
-5185766 913839
-1490800 5802307
1659948 -4154081
117773 6885449
-412413 7102043
6076759 -9508472
2799061 -5796294
3180509 2896878
-4793490 -9126775
7393967 -8337813
-7321655 8146955
-2294227 9672875
2373522 7133196
-7766674 -5269936
444931 6270150
9667922 -3145436
6862295 7031208
2460283 219971
7393537 4495065
-289021 -6331392
-2491885 -826499
-6209797 -4436715
4810117 -3756232
-2656624 69187
-2634370 -7247860
-7150082 1698832
-1017479 -6856346
-3802741 4426910
5111055 -3519759
6997887 -2033142
-3300353 -1391459
9692383 6573349
1472176 -9055522
-3120403 -7525776
-4965459 -9322601
-9646322 -6428112
1864619 3795810
7999080 6403280
-9890289 7560903
5336532 -7147698
1354775 4711092
1865683 1614957
-5063767 4216931
-8540160 74901
-303575 9968444
-7195 -6173975
-7990520 5692425
1245572 -4298189
9452066 1626895
-5262189 936269
9664816 4851791
-3215519 -551578
-7551443 -468533
-1925597 3635056
-7606791 -7487142
-2357410 -8603909
5097202 4489173
7431043 -7380164
-6488814 -3119355
-14263 -4554218
-8387488 -2922023
3021223 -4932758
-8125235 9447779
3077989 5846352
-6339183 2991310
2380315 895126
4058557 8842312
4107581 9911690
-5166612 1707428
-1592198 7547776
-4694671 6005048
9131655 -4786276
5685408 -4014885
7608618 6785000
-8843675 -3342126
2101008 2943457
5692815 67801
1597041 2275451
-4563651 357651
-8452829 2743237
-3951017 1013664
-6984410 -3567171
4090427 2581067
7303038 8791347
-8902687 8344306
9854577 3050799
8991464 7273282
2534051 -4291289
308522 1613863
-4006986 3636173
8679743 6429797
736 108 435695527
736 665 889227843
218 567 913649425
218 524 124059698
939 562 938464873
939 832 585466716
567 665 169025258
124 108 760388049
124 682 166747843
580 177 64829563
580 562 816247909
177 682 553061124
945 832 989078449
945 524 844314336
32 345 892847600
40 718 547621384
54 463 831431670
907 334 195978258
624 102 640401128
362 421 33719532
702 202 862233340
40 299 336087021
404 532 732561934
973 929 644668084
905 652 881480270
156 596 622950657
161 94 948913074
516 677 94730273
209 680 846307481
197 82 31888859
68 145 158883287
517 72 169923907
875 143 831587859
907 676 673571537
404 173 256777199
198 79 285986543
836 182 507426215
168 571 654833268
301 734 376413516
124 892 968872770
203 653 549892013
588 309 339179223
791 585 89860000
278 844 596007756
465 892 164875257
418 504 804539769
60 390 269114248
326 704 402597151
809 128 803078580
158 721 406972665
563 546 254164960
491 924 405508837
68 296 347669705
224 410 932691256
251 527 185058316
647 597 718787753
301 477 232459976
226 818 682054336
723 725 19509063
681 354 397557270
105 850 923411073
954 718 979328866
127 329 191830027
23 545 714309642
355 456 968566364
104 401 768835488
691 335 408942817
908 89 80513096
650 375 268898459
306 74 800238889
689 346 998659682
646 313 814832246
272 526 382333200
479 293 603012173
10 818 850253015
772 737 846227564
388 108 836207487
919 82 577104962
91 817 293204659
609 63 489467368
639 371 541944143
242 639 977056071
944 555 647670108
13 782 870640337
31 36 972306721
152 732 282248001
147 107 415755582
939 484 766021160
343 941 353163952
161 125 69171389
53 184 774873493
76 90 957953040
624 725 631833318
6 632 989674631
168 121 126935379
670 79 951644979
566 972 912692617
887 749 149123398
488 384 203534137
781 91 930532712
987 649 413622903
675 79 355565382
423 342 614127497
199 464 834426194
870 181 59077421
692 574 776769833
366 242 617493118
905 210 492110099
35 291 934900893
959 258 815196972
3 752 69840544
823 327 210209923
376 887 387568143
705 240 539869647
101 662 470740151
581 119 399953906
169 903 401474629
953 27 190462326
324 900 275928825
677 103 44826079
314 453 698883076
982 255 466051066
253 419 682117888
192 849 13885703
569 25 375034622
857 941 342379606
708 139 191597502
130 419 27487438
588 757 272377958
748 611 494938122
271 182 147109800
572 265 720722500
83 719 301538193
423 466 964744655
623 610 961873332
505 562 126417000
188 162 829192117
210 970 136783213
62 491 34208374
138 636 488266246
448 347 755772932
304 969 983629539
18 43 532547367
870 463 885498297
448 361 508195566
973 319 700405240
314 254 279249246
497 200 16567004
272 176 342495538
816 885 37417204
128 828 731972477
856 519 401349100
950 527 228180070
116 156 690376368
663 208 301472235
868 239 929930372
278 687 558413980
579 435 760224470
83 879 638709464
547 502 592943515
620 375 203792702
684 972 981258969
260 129 418824847
944 852 811542083
951 271 919146884
963 48 178064694
221 862 214841560
791 755 922088313
640 831 222538016
576 291 353655258
958 604 722928134
456 678 864406832
612 651 358753469
707 396 509214531
40 128 646280819
228 117 69430004
715 935 826448504
716 114 195769529
182 811 353518296
799 393 568483043
664 405 339758198
269 433 157016413
66 533 791192952
612 889 361193637
396 821 718920410
689 731 78591025
513 686 176905867
460 487 65788994
396 222 835285777
304 798 547445197
783 356 17732004
288 43 595306119
978 156 183622257
311 532 205264257
794 918 611735487
901 394 360361593
399 344 693409011
498 361 805237432
974 859 183567827
883 463 364201070
910 727 798989540
675 237 401954089
306 846 732562185
525 103 648886641
421 312 915807418
806 756 959967874
790 702 135410004
659 259 577004828
203 764 757736168
45 25 693740463
890 408 401673644
235 907 314090364
249 386 401935019
587 184 412044291
508 464 667379086
314 810 333201718
414 773 557656470
910 496 913655782
774 160 230910201
548 937 404789675
741 74 71865626
909 715 959758165
646 346 905798135
181 885 237672959
564 670 249830090
742 573 563784342
351 200 825577027
978 510 581241119
751 941 16368427
890 359 226237370
635 908 251672173
710 143 385168845
179 78 788532678
559 850 747133509
416 319 736001754
235 170 475672758
717 344 624167749
984 628 146007562
49 775 449019433
938 991 412074873
661 722 107628936
346 447 738296578
438 805 390074080
878 519 781230093
731 471 419146890
726 125 855409667
167 991 540990024
679 393 353214719
723 424 834981925
969 776 809322154
252 214 116013777
194 153 117994860
207 162 851826363
149 656 445941812
693 813 226106254
141 784 195497612
799 544 78376571
488 743 867544783
324 166 484938171
72 796 655399632
626 453 857989561
306 142 951603946
159 900 223050986
212 679 385215864
314 713 733563963
716 837 305908714
912 945 331905280
301 711 243267878
336 935 868095078
830 126 70078228
374 784 983739440
815 229 232169827
925 878 100495790
448 754 36854165
42 546 932652416
742 629 606007856
260 154 732831491
735 204 880153692
827 85 875740908
336 788 798266042
629 319 53274858
637 512 963599431
894 174 523953032
807 334 321914301
794 885 902341711
97 977 127613260
385 573 533630887
234 973 842607937
932 991 130687018
962 454 654674065
869 64 474545051
531 184 998140619
623 625 680874993
968 821 599385908
896 81 33167679
251 637 177174557
613 330 286694530
462 889 595403666
38 391 749352862
189 226 455703803
301 720 13381592
257 586 492375633
298 238 29021713
861 377 289142522
111 618 936615917
207 481 648576106
33 805 773048668
120 469 352890323
231 326 751559067
749 766 713225884
245 108 489227831
824 280 811013078
171 125 618086034
438 624 793564496
789 891 491286175
632 652 654588440
540 484 109179096
384 707 501526584
566 643 283982813
791 169 116732634
21 704 199059700
744 752 890597698
298 108 314482293
44 754 546634781
128 401 355713998
782 483 964424558
781 193 950720574
494 562 408603311
384 132 816886695
965 657 551719191
727 446 983788811
118 386 427210551
453 509 16156913
95 882 966288866
691 865 71882021
95 704 161575510
331 852 106516535
961 429 295783971
815 388 890291212
936 871 532089612
848 299 708194373
753 159 194705110
525 979 717447566
227 52 20555454
363 572 804381631
292 483 832514352
710 536 139012036
92 305 986814536
780 914 375700771
603 584 800936017
697 586 904138323
276 418 258508489
894 112 392756742
748 808 771573740
791 895 259837367
110 651 178630995
501 112 68986056
66 295 881207232
277 292 328976689
464 377 414554418
987 991 979152458
154 560 448174645
131 745 172366663
216 393 11056835
888 109 74881976
59 777 115953490
145 737 219216732
854 720 367409892
401 797 76449537
465 204 692139050
169 948 935830971
212 601 340898969
550 658 2601787
297 281 778561169
150 347 659706212
599 300 224235623
240 224 968057100
352 219 799561625
31 324 353301869
461 208 152228328
518 459 848485119
81 914 124237130
693 938 699330623
330 64 471772327
568 605 567866762
902 73 719333263
138 857 574952051
635 561 616451481
929 61 165177812
792 949 520872537
245 855 87633960
715 502 763925702
579 178 568281521
19 109 174003415
525 981 676402111
405 294 585594183
522 575 163871077
543 356 33405458
474 254 952300739
165 197 122899282
718 490 762705984
202 359 469575742
920 800 157084666
600 457 864570896
931 952 968685067
218 762 616384759
32 569 117522982
370 166 597536654
721 143 91268583
938 859 647742120
214 476 399853877
141 88 867779276
937 379 131103132
26 931 132109299
530 369 936630715
748 236 897294495
14 652 124666408
961 63 398013204
501 172 12744901
59 937 528919827
567 267 46975633
570 549 319215155
377 724 634959879
445 51 924444410
203 561 93012825
301 641 972196583
951 932 578633878
715 475 219892107
690 196 981019282
360 963 685372732
577 837 333182433
913 345 233533475
581 426 470749433
613 633 555956480
34 480 259202860
638 191 251881677
488 628 685077102
799 933 357279924
918 395 439397253
688 828 827102558
664 912 451045275
585 235 100663015
471 929 699921093
308 644 732125205
915 138 820764949
199 475 235282935
747 150 882894418
616 55 768224380
981 394 875460493
660 505 380290027
163 428 623150317
99 697 9631400
405 761 813666275
529 597 113219829
221 902 215154761
777 86 817348403
150 436 795452782
405 22 15462676
269 985 35665842
386 420 287860578
89 412 865811175
802 711 339226153
990 745 878612510
915 568 742890395
75 651 288936704
399 241 698649858
739 627 841315030
822 801 949377362
65 842 381825924
208 960 667167432
692 337 701016552
138 536 889902022
763 162 433424223
884 94 296376934
921 550 118802118
727 227 621147340
670 593 705326910
236 706 319636527
205 833 200757915
80 904 441467968
508 142 196137791
147 238 100455192
961 720 428265402
315 353 565168494
733 508 466699574
445 903 135711147
908 435 269614515
792 455 220658435
847 57 975800500
101 847 801498443
2 35 693147290
888 57 701459879
51 806 824697743
303 416 835508863
640 127 1892708
872 118 672230475
88 803 266118055
779 914 511447104
334 680 588179811
318 459 670847933
746 200 652054778
257 850 475594802
713 864 387694677
695 578 519042938
933 456 476076449
211 11 966543041
984 353 48842356
225 639 554715735
552 421 880838115
189 658 567669807
374 516 630344452
435 387 662365710
836 197 898995342
863 966 793514526
333 137 725182209
230 743 93939711
358 458 444242232
883 322 652294429
287 683 208441865
112 974 736588395
278 358 671663230
292 835 396116155
307 499 324902982
767 750 667237573
107 604 102284777
240 618 39587616
543 597 702864962
644 118 817616011
975 30 998173144
955 291 153780844
915 80 98075944
684 245 168683332
466 28 382346884
321 684 833007564
644 895 912233355
740 642 616584993
843 533 261630349
972 11 248508411
254 339 898903682
5 27 326726729
661 541 180448924
234 837 558156104
655 662 721069832
656 180 770446403
841 549 640045635
275 895 501391219
918 282 156378502
603 573 807232606
23 164 430469120
357 138 22084694
894 353 736514547
763 918 504250121
558 959 961312585
961 975 187397891
542 875 311577308
856 927 40942347
847 808 923250586
649 607 429499100
800 597 898836133
590 782 265172510
615 626 725799642
511 745 807459731
598 65 997822069
4 45 695714260
733 619 894851729
982 959 945020959
695 467 178196298
189 192 279226341
882 338 705344492
579 983 615145604
149 958 765889770
902 771 292384272
215 442 659875168
110 758 916395468
968 945 105914392
882 967 912984805
235 417 764951417
413 796 627604350
611 433 780378210
435 188 60193014
831 598 199188561
872 532 908880878
472 477 509727032
454 606 669950538
409 236 601922542
789 960 790435797
356 817 520599837
84 51 873082581
439 741 143178916
850 315 152614749
553 220 900603522
963 631 978641795
485 507 455387789
663 373 70843412
623 977 959276643
29 778 329050645
590 917 583799490
296 632 65245287
179 381 287136816
22 176 512703300
753 469 226221109
265 437 663903413
175 831 973374303
692 853 614711205
599 658 981138542
751 777 542283501
622 810 238203439
827 696 575681265
59 256 587465505
335 804 476675453
666 749 296585034
110 731 395121751
262 822 791832533
805 486 373221672
834 342 476686137
378 240 476159426
947 808 213653833
787 900 287313447
893 710 260123450
202 73 691852278
830 354 411029665
362 948 794420676
767 680 922468133
389 484 163721815
357 499 745984495
92 159 751867876
92 300 849604581
287 578 685415561
276 17 677042816
608 133 616496479
100 123 921467602
709 689 527658070
911 233 315462204
964 478 909871605
17 492 893294439
802 740 541460096
485 946 357879310
690 675 849601343
474 60 631002898
964 158 991457800
49 977 31885704
228 573 105848798
580 301 884288270
982 429 572374827
194 730 250712249
234 750 357853529
966 387 416308480
947 884 394893031
790 970 168952560
9 246 612294586
76 816 93470478
81 778 74035966
222 248 929440546
203 151 311199941
297 41 140977715
709 54 737993364
186 64 662665500
277 383 568856755
840 518 178276438
209 770 552397498
744 190 572934502
723 499 167970935
878 371 220242160
805 771 421917516
363 860 176680615
48 39 574945924
526 279 513474992
124 41 311146671
95 111 319419052
194 247 840631288
921 924 195135400
515 335 433130428
975 190 727273486
304 15 882302302
650 613 480198776
400 597 457274403
930 841 640652028
980 28 499405499
700 340 68378990
757 556 341933785
828 486 214885123
427 25 580509831
513 178 610512893
716 617 213318882
90 265 26492704
194 514 733761199
219 766 399628696
261 967 304379276
640 694 396444578
643 18 476007629
397 402 883627125
768 614 197920643
834 380 77698
311 482 232128463
136 316 479024462
978 452 47940231
413 137 425094792
20 338 963817399
783 670 409867269
285 745 585383927
531 759 925074182
231 25 576875978
532 46 739629461
872 393 243260368
270 606 741874508
881 299 394801474
57 279 777646112
739 223 312720339
232 155 998244961
106 83 287058936
527 24 277524367
958 879 17546482
462 606 698454932
479 925 786419219
429 574 659699868
795 620 117612015
325 160 670360407
161 839 419903268
316 874 682961234
449 184 229366623
986 796 231686396
769 447 565405561
29 922 156125752
460 459 854239054
119 980 193850156
192 302 306879393
160 555 539979881
367 111 175959342
968 8 263670672
98 549 180470316
608 312 917691448
889 250 412613782
337 295 575137911
989 594 518975030
202 37 408496920
976 412 102506578
453 69 546163149
513 153 40797129
520 422 630063710
590 699 238910613
543 482 649994625
970 578 210341683
115 463 454574816
332 823 365849906
332 633 593688781
887 541 918318305
964 764 210781146
664 786 324445096
615 500 487740336
392 594 506738150
766 760 901676468
674 197 758042621
31 139 475586916
495 648 255163078
674 413 1008887
919 824 850236457
845 174 567937258
835 899 830417711
215 122 334246924
952 491 944572940
96 387 164533729
954 621 433187791
930 416 617631604
851 898 672152250
970 565 25140707
84 602 559317510
891 507 913467651
692 953 290217954
826 706 757790541
345 605 533854054
634 135 298400009
243 317 834627115
535 166 214731198
761 537 140967599
538 526 567973752
943 591 370038949
779 150 131974131
335 604 812354190
415 976 609577124
7 797 591985055
23 610 201074431
40 534 392434859
792 72 730395276
444 979 736877480
507 519 161614111
761 683 755291946
851 679 415890602
285 760 887810249
956 868 710475587
426 838 954113389
885 510 523336774
551 42 701884330
301 738 442252936
183 864 504184682
726 119 935212732
77 489 687574331
647 507 452276610
24 15 394615714
595 780 876794859
414 748 258401096
620 528 735277835
661 101 119917780
23 399 44725751
308 443 86412204
215 69 630958853
867 87 251185082
316 90 788556592
330 361 75314284
474 336 939294702
12 142 573759014
221 113 966164865
942 223 135280861
409 134 553990478
9 329 502603774
978 942 134704144
571 874 524775867
280 782 192650037
411 416 537565603
91 956 401386692
674 560 859997217
598 554 334539986
141 990 501348453
759 109 511352163
432 100 66248247
411 768 813342571
620 480 41427415
347 368 485862277
582 292 80721822
940 667 555730870
440 510 762351287
728 312 950642607
678 274 171962169
620 323 728927345
280 687 761414700
10 312 241810427
414 867 467151924
663 425 222164833
474 263 524019518
185 668 365602679
183 310 733511886
114 381 504392399
63 268 131345057
167 67 976925707
350 720 604126007
152 29 243116633
574 329 473612414
733 817 355696089
645 971 663436399
473 561 640454366
696 160 928482195
520 286 310322036
972 187 418422313
146 385 488604086
259 517 537200291
793 831 704030446
795 74 4802549
112 364 185795877
392 723 230082001
881 521 443884384
798 341 6643807
910 958 240220078
523 958 109594586
493 477 488979600
201 658 933953551
406 721 999355734
233 184 702218151
805 434 684081769
62 497 808578965
17 945 510146539
408 518 204420326
798 981 792317302
136 822 886139943
450 408 554930056
769 880 187972271
1 18 301513960
709 468 557460624
8 70 843289127
49 402 842029113
940 381 66060058
171 220 22340904
637 126 747668723
428 711 67667041
563 814 187358597
631 873 724913277
365 640 942717108
669 131 112086590
631 759 496159711
729 546 277261476
923 328 967854966
729 665 623520957
58 339 870268763
657 352 95971621
661 252 234806847
876 28 397467763
498 703 492808748
539 486 865934577
213 258 265759920
130 506 934731504
785 279 115759696
931 701 790199526
273 658 844560434
110 328 734049392
747 955 948312749
820 639 742486233
886 727 536447157
206 708 931017593
866 160 871007716
654 18 704394633
200 348 756992744
512 369 10173353
769 583 258593935
266 636 755097437
132 340 368011713
207 232 419948628
914 148 371576527
506 654 204243813
717 129 867468424
762 897 275322685
165 432 594849334
520 5 22629526
339 575 229837963
262 470 637305012
243 148 610638868
316 290 183105463
219 812 109450490
151 382 214641775
589 188 785518885
93 614 560180263
645 862 381363390
685 411 409542855
585 372 501675350
928 591 636809328
727 556 869620872
767 135 988363445
301 829 638410570
289 954 938149578
317 871 655021172
928 881 939663282
460 403 326040536
477 16 458763232
489 549 967339091
673 106 543144420
244 636 749025367
638 337 320196052
830 926 829970964
478 457 341954456
583 825 562302620
351 698 618345717
503 305 863089383
603 630 764958016
765 555 738522147
441 512 959978389
293 391 312144012
673 185 975601887
686 712 903261561
925 934 555146681
144 639 607554772
264 841 962053343
441 160 826149135
22 55 532983863
451 335 705493804
140 594 977148741
195 221 57699555
833 687 167545861
288 916 592224610
648 51 608487885
430 864 538756181
583 284 10336492
681 671 852979057
458 957 491925451
47 668 408237956
542 157 45074327
17 283 576228322
47 906 591893304
592 879 806507424
557 102 53495304
149 858 373668059
117 217 996875382
398 510 890864800
50 619 508706716
98 320 701377105
982 407 507265352
431 543 98692474
965 71 867035034
56 127 507529720
819 602 246949753
349 830 472342440
877 481 486087945
332 672 652290024
960 714 134407030
988 755 899889986
448 498 797410705
319 929 710011428
314 626 669185841
751 343 634561945
810 453 678810210
810 509 256316379
173 311 57185971
684 566 125682565
424 102 296694727
132 743 91248355
240 410 307778527
907 807 619339490
181 883 385563018
844 687 125730300
791 903 25243452
892 204 138677482
978 596 732674576
2 576 390358531
573 629 193280529
388 204 396826412
697 257 451040726
116 596 24199569
51 903 847738497
815 238 460654654
533 295 544222343
159 166 612066228
815 107 550424866
278 458 704913410
439 846 886134791
547 475 468340392
975 63 869402089
374 677 562175635
702 359 631592469
230 132 162950959
321 566 675109585
954 797 336937767
536 941 242832104
68 772 611050189
878 639 653726569
221 771 656107131
753 370 937765196
385 117 637155436
609 752 244198683
501 813 406015764
527 512 277657206
357 33 102687908
758 767 372550988
821 524 475882488
330 633 927865985
545 164 691098801
57 109 632243608
544 393 369225897
409 611 425644469
84 806 538562326
254 864 299099015
271 932 771669302
893 536 792206078
527 637 208933143
498 754 403563153
360 39 932546842
17 418 979109285
111 704 796299454
857 937 286835274
95 25 813404427
815 204 7299384
905 970 274170606
915 710 559202000
484 611 45832905
501 974 440738482
954 401 820568471
865 335 154311063
43 855 419532089
298 388 886998319
532 543 863712971
76 860 508191701
962 170 635446185
331 160 507846361
622 69 200025922
764 561 754147929
722 766 515758109
789 208 28796848
962 770 804795358
642 609 269822873
938 811 501305871
641 720 869418313
301 562 834844000
930 549 638691922
715 306 298123525
927 519 482727821
404 311 13260778
63 752 609329978
6 410 733169527
811 859 119065400
929
4978856 2370345
-6121191 -6023192
-4677978 5579947
9729317 5152258
6594954 9511230
-7507700 -7869935
5314654 6476528
6044701 -6428463
7712452 5833805
1427611 4600780
-9848451 8284247
2481072 8427776
6394079 5149633
2617560 -5651213
5424682 9284785
-72870 -6142359
-523527 6109282
-4789405 -674819
-7834675 -4181625
-1315352 4279498
9254442 -8308580
-1337003 1654156
-1135443 -2551759
-3620319 -312164
6114172 -2879011
-4581737 -2558987
-4687797 1109340
-5975396 -4179226
-1135083 3496562
-3739329 6482243
1738521 -8192652
283794 7475822
2633471 856522
-262466 -1550148
-8223328 6539514
950775 -1671793
-5574071 -2609530
8840779 3523006
-834657 -4864767
-2870311 1151464
-442894 -3449577
-664660 2343872
-9516565 6848126
9744522 -212033
3133494 -4564239
-9522195 -7497720
-701568 4190950
6202713 47216
5151651 -3601711
-8693312 -5000876
-2490467 2946725
7388914 7082193
9989547 3588455
-4683504 -7019071
-4093702 -8772867
2601905 -7864994
8071524 -297576
-9610927 6423134
-8274168 -5002012
-1500712 -228366
9602675 4095284
3931176 -4645873
3271803 -8120659
6081561 -9083063
7331249 1255834
7619490 8866159
8617955 -8466450
-5423888 -7291499
-6837881 -9466075
-7583001 -9048839
504011 -4282358
-8459556 -9976545
2886224 -5955932
1834586 776396
-2253340 -5589751
-5231235 -627314
7848678 7401374
-4271306 -3335702
6600515 2611588
-5667730 8795877
-8543910 -2751109
-2418512 8101585
3189764 -2120145
5271226 -898749
1719825 -1288792
9132997 -2306563
3042857 -2586067
1792775 515480
7848916 -8664888
-8953985 9189094
-2767881 -3326818
-4650178 -8861201
3152214 9011650
5353064 9796555
-8773774 7427268
9456315 -7248564
-7748613 -2760907
-6540256 -4684408
-2139360 3434975
4796550 9058245
5757911 -9711090
8860333 -9012325
-7977435 4853826
8336314 -5496508
-3554487 2275285
1800482 9619060
-1504646 -6130842
-7665825 3828435
-5392841 -7293602
-2039665 -6872927
3618262 -5456974
-1415689 3786468
-8291042 -7616935
2645047 -5291493
-9884918 -2521074
-9717551 625978
-1506723 -904284
9047495 5711499
-7041042 7971714
8070296 -870715
-8791940 3158687
-2607173 8326934
-2588214 5841744
-5626803 -5784102
-278902 3180844
8521098 9386014
-4674115 -9785527
2136978 5383133
-6650805 3815488
-2230634 -5290085
-6295001 2977135
-3325845 -8363923
-8261524 6808960
-6276885 6405366
-5856547 6396821
-8970526 -7909407
4216476 -6317043
-6236551 1919037
-4807452 -2941010
-2964687 488817
1273721 7197189
-4047497 5137767
3883377 -5211382
-8147562 -4542393
-3617760 2548272
-6123099 2061971
9149414 -7363485
7554297 -3045117
-6611699 -1245550
-6692167 -8982377
-6393213 -1942001
8908741 1778594
3009831 4303503
-8758978 -4797106
-9686981 -7412384
8583595 -3920566
-9014207 524761
3284111 -1955268
6700561 -1776794
-4175030 9176010
-1891898 8059267
-5603296 7959751
7705362 7088991
3838026 -4761298
-9954489 -7754210
3508865 2326477
-825535 7965543
4702431 -7338764
1574533 5312995
-1327391 2638175
-368453 3341006
-9075797 9026712
-2411958 -2165609
3808767 5239844
-6517567 -4678943
9435373 2046655
-7415530 -4158885
-451159 -1865764
5744658 8385498
-1739738 -3553993
-9488228 1425426
8026476 5244401
9865880 -7672018
83277 9136942
3795712 6584853
289268 -865609
-3260658 3448239
6961220 3863795
6868118 4561389
-9577565 5191711
7379454 8637916
5900912 5371530
-954381 -8591283
3848191 5522960
-4754087 -9176500
2381691 3945649
-2237607 -2064867
-8963507 9710166
4394482 -5000936
-3498416 1381540
-7048448 3913218
-5411372 2362208
-2381527 7533881
-4997577 -7253839
3949977 -9768820
1957698 2728304
9188344 4694296
-3569727 7054786
-9091784 1244002
9452189 3683946
-5363559 3161601
6223361 5888847
3297780 7013410
-2058933 -9582828
-2992878 8368010
5389497 -32749
5866389 7178345
353376 -7179875
2714826 3429646
-4483950 -4787852
5352742 4385643
7006699 5578044
-2179123 -2548071
-1849066 5408776
2857159 7305610
-8177991 5852091
7702978 7166797
6960834 -2614440
6607282 -4074772
8337047 6813912
-3332310 3397523
-2478646 922709
8295709 -5574773
5669750 -6262437
8381833 -3112649
2362236 -1914230
-6014940 -6486094
2462872 3599382
-1669007 1109407
-4847443 7317973
-1098582 -5201803
-7722573 -6645164
-1725771 -9647084
835523 8071613
1196834 -569090
2991884 3714714
2065691 -8607995
3961342 603217
-2727790 8174107
-2199988 8021653
4457091 3641196
-1346203 7582684
-7622755 5183350
7354507 -9237919
-6315287 3220737
-3369578 -799949
-3561186 -9972645
8231085 -7937474
-5904341 5926500
-6102108 -6401852
-6647304 2443203
-5857352 -7128416
4590258 -6052500
4479201 -6086477
-4604005 4512708
-4891252 -6465640
5039390 -3793835
-6464238 8540717
-2054977 -3311855
5999802 1612102
-5492712 44802
4720377 -6780290
-4877623 1825417
7237721 -5204783
2411343 550443
-6613439 9660047
4978185 -8897099
1903636 -2743302
8369224 5735664
-2298857 -7922404
6540061 -9938146
6029384 -2943257
-598303 -6311490
6823325 -5695241
8034203 -5380636
-2867186 -6535541
-5718537 -2180336
-2877116 7193033
6372478 3352232
-1035221 -3995617
-5993561 -8414193
9863530 -7028116
4454204 -4740418
-212692 -7936664
7704617 -5433794
6845312 2578039
-7581572 -5105032
-6950184 9711659
9419120 9853014
-3147502 -1380558
-7863620 -8981194
-6575917 -1954910
-7351060 -4378807
-3815379 -7285262
-2359498 -3556730
4722091 1971419
-7511875 2238247
1471760 4035272
-1179183 4898179
-8883386 -8452935
953684 7082560
-3914424 -6127934
1075019 -778752
-8551144 -3898695
-2688341 8882582
3664388 7120880
-2103729 195141
2657159 -2429070
-8796463 7420075
8981951 7954728
3557281 -6812749
-8530780 -2845802
-8406621 -3371147
-7093280 -6989617
9260944 614705
9716848 -3714191
7505185 -5604663
5048868 -5061012
-9702800 7700465
5059534 -6417277
-4996104 -2560314
-6918860 -5725422
2517615 441274
5004993 116838
-8826583 2951803
-7610288 -6050928
-9238505 3898212
3296883 -8065297
-6736200 -6454221
-3729731 7234262
-3140427 -2883137
6343548 -1192247
6094752 -8161954
-5583481 -189581
-849169 -7930391
-7280475 -2185722
6950870 -9519077
4759556 9472017
-4258833 5593734
605625 -2387933
214015 -1245003
2512414 -6686673
3077403 -3994539
-7947754 1945552
-712939 -6285227
6682474 -4722805
-5236655 8631591
-60886 -5412226
8081641 9181518
-9682938 326925
9854236 -2677561
9434461 6786570
-1264282 -398386
2018942 8488926
-9502637 88410
-4946357 -9400777
6114844 8404612
-1600366 -9303988
7171066 -1554609
-2922577 5796546
-2624254 2224322
8280013 -8465075
-2385774 -3644737
-9306991 -3160945
-6536717 -5422268
-123890 -613130
5403648 -3044662
1042397 -7168623
-8864834 2302519
-2083959 -8721816
-2388558 9782251
-8338516 -2718441
4742754 8055573
-7472249 5921561
-8836830 -8722881
-216816 3031816
-7528657 1163441
158751 -6844441
698549 -6078116
-4573089 2287212
1564919 4289237
-7695106 -6629281
4314666 -1785411
-8510894 -9795555
-5840638 -7194601
-3940899 -9564147
9935863 4464083
728713 -850545
9082273 8187171
-3406457 1542543
9552688 6892642
-4740664 -4345486
-5743900 -6979199
3725704 -5975036
1872551 -3384892
2730965 -6302606
-4433336 2933301
2544234 6300993
6109542 -419271
-7812859 1222369
7137227 -8338240
1920919 6751968
-799358 6381960
2170975 -5253796
1508464 -1254885
-3016406 -5734916
3518864 9831768
1032263 3144202
-5218065 -59152
3656145 9063609
-4447997 -2630911
-9323839 -5342342
-1501955 -1038688
-2063047 1552622
-1675098 -920966
9642866 -2800571
9201579 6374391
-4631303 7313647
6472056 -8903554
-6229720 -3691204
-7553317 8163878
6502821 6403505
3007549 6092795
-904889 -1133148
-4126800 -3094343
8982226 -7498472
6741760 8272420
4407859 -946343
4606820 -8682460
-3244705 -9398806
-902525 -1531543
3415044 -9063775
-9685268 1306967
4006887 3422487
-4382477 -5288661
-2425647 8590247
7518742 1483515
897439 5057070
-7705395 1084900
4726821 1182483
-919991 5959279
2922064 -5681847
-7693383 2267565
-7533370 2226315
1633027 5002416
-3043139 6570460
-771925 5837244
-987965 7517086
-6278936 -8008731
676797 9671646
-768189 8416803
2594679 -8885978
8192200 842466
4350824 3830788
-5993390 -5554646
2747395 8925291
-1051950 -4187349
2837680 1039380
2329297 6428911
8534611 -4339654
-8082247 9428133
782205 -4958143
-6796997 -4706983
-227728 263611
9455414 -2314662
7417418 4463120
4618382 5018776
-9065756 -2853091
9576269 1827864
8229752 9813127
8851398 1370215
3307599 -8594563
8937807 8613694
206225 8317580
763031 -6105150
2667725 -5473732
-2076446 -2872982
-3603922 -5704126
-816303 2559446
1048068 7872122
39378 -6155688
-3784736 5979197
-3506357 8402654
5624184 -9436068
-5000883 -2607173
8313897 -935182
-8513115 -6990775
9876860 -3763294
5093446 1581484
1727291 3765087
-6387133 -102003
5982748 -4031380
-4961412 -1530515
622542 951262
6519499 5747661
-1366255 -8304376
9115772 9252652
1752111 -539790
-6309176 5574684
1564677 226184
2581388 8566289
6262203 -3594317
-4843568 -7850529
-9726805 5647556
2057217 9537651
-4982050 -7188683
-4826305 1314727
-6068545 -4278629
-5995133 5302886
9388959 4690943
281826 -5526016
2267838 -2944274
2387244 -3081537
3442064 3531939
8810019 8370080
48431 5510540
7269179 1682728
-2615409 -9688283
-9218560 -2070137
2814249 8623794
9381849 5616273
-1910902 9774319
-1155301 4876443
7142199 -5042289
3931206 -4137736
-6266544 -429510
726435 992309
-6056049 5055745
-9894362 -689684
3229545 4161971
837204 -3821513
9568043 4060082
-5671921 -1430082
2734699 -3750378
1405668 -2939588
856601 1073141
7798683 -9988386
4574100 3355550
-5485857 -5165213
5151266 9991566
-2624533 -2477083
7125251 -8924649
482248 -8786314
-2631849 -5015566
-8540512 -5838179
-6005755 7401172
-7670561 4506162
5501131 9686143
2043446 -1153822
9668768 -8999639
4535347 -5725822
-4205185 4107399
6855643 -4411870
2457516 -6143389
2232533 5792706
-6953940 6789362
5526321 -8481236
6975310 -158894
-6900378 3856997
-7026740 7505669
2533223 1863084
-1927340 -5594788
-9603776 6193174
296548 1067351
-9233770 3201323
-8552621 -8664945
-9922508 7944724
-4020579 -4063655
-5508888 9154724
1604750 -8646771
-5517586 3446498
-2227156 -7050187
-5241387 9376702
-612578 -5397939
7366162 6012546
-4967266 439806
410896 -3797443
-6885747 8925325
-473130 -9872173
-9091646 3562896
7291988 3711473
-4321978 8033096
-3922641 -3751364
4899665 -3968072
-4643484 3285415
-104797 -835972
-6891947 5067387
5142952 -9311979
-6704759 150713
-1460675 -9707316
-7985099 -3539934
6034551 3619063
8001034 -890854
-6079908 5449905
-8336759 6741832
9473414 -851908
6244587 1373727
2121134 5395
4713083 -8938024
-3532134 -3370957
-3908118 -501648
-7503007 -9272247
-1240532 -2622780
6917690 -5228780
483309 9039002
3445567 2185100
-8682585 -5348407
-3088748 2668316
4465017 -3641761
562120 9008979
601448 7684435
-3440536 -9265972
3873847 -4811572
8103023 7284363
-4029484 6844143
3013790 -9427607
-3292095 -3093550
2247462 -4215029
-783697 8678834
-8835200 -1387045
3538753 2915316
1310496 3100486
2627229 -3704326
-7322597 -7689637
5014566 450253
-4638039 -5550487
-7623730 8869451
3731279 7445483
-5525743 6844054
1509643 -1517226
3199219 -3769170
6681605 738869
9266429 -7548289
-7678816 6256160
-4808216 4296551
-5195263 1845504
3658479 8155978
-5847495 -2026525
-6792011 -1180760
-1541075 3772130
-8433191 -8388160
5855813 1382453
8289431 9340106
6488023 -1462482
75668 1666782
-9701179 -5186473
9090707 9442327
-1507163 -8300463
-5399456 1942240
3821575 -275186
5436987 -4680866
-2829626 2559366
-286910 9083114
2254430 -7509832
-3558965 7301312
-138484 -5068866
-1202671 -8531367
7359058 7031492
798174 2509475
4122192 -5424179
7897658 7739098
-7944304 -268496
-2553566 6147743
-616777 4318027
-5505335 8659231
2873761 5348245
9081342 -7455277
-9872390 7330390
6902698 3719485
9919832 -4047454
5862667 4824502
-2831851 5306500
9924033 6349873
4774105 -6912483
1116936 1276272
9938562 9692892
-4950310 4432590
-6755838 4675291
-1869439 4186242
7354962 -1589320
-4287102 -7906861
6856536 -9473003
-3588902 5893485
976266 5292346
-7191327 -9122718
3146552 -5868722
2471474 7678585
-1417595 -8169880
1689738 -5215627
784601 -4841333
9654799 -2940319
8649421 -1436787
-9613758 -1016345
-7870133 1971474
-6574610 -50091
-4610284 -674396
-735524 -4545435
5471136 7317333
8212051 -6715322
3248466 1046912
8505317 5077326
-8439227 -9497132
-7738444 7579584
477042 4062848
682172 -351270
-8910595 -4143765
-7234306 -8956678
4054844 6639104
8939283 -6726909
9218985 -2129249
-7262370 1059359
-3067143 4523049
8344441 -9392776
84872 -4198916
9131460 -8062070
7349112 443517
2566668 2013919
4344300 -5465236
229540 -1218488
6615095 6827157
-1495455 7849412
-330972 -8945445
-7838651 9275076
-2698320 1723012
-7933920 -6375330
-2440168 5372731
-846026 4762454
-2038345 -4743805
3066795 -1664254
708603 2344021
-7008866 6863935
-5529328 6799524
-4313552 9151754
-8171531 -5988364
-1361484 -8411293
-1611175 9728555
-7657975 -4730754
1642777 8317267
-4499131 970696
-8047594 9818167
-6797308 -9931604
-4440593 1382975
-3001758 -384953
7006874 8516756
-3373718 9894749
-4150724 -3778345
-7028952 -9598804
9483314 4978181
-8967312 5969981
2162212 8035883
2786283 214777
-8503297 -2542158
-2823219 9888342
8588356 -4193197
4897377 -2283078
-3635079 -7539798
-5456393 8350120
5771430 -3279641
5521893 -2624283
1722783 8276851
-1396317 8253878
-6169316 8019751
-7445066 1189388
-5290284 -9645405
8977624 -4560596
-8510713 -6759771
-1207864 4527490
2704252 6339223
6407450 9106212
9125634 -5634504
5260953 7076333
-8218768 2892132
-7001397 -8099192
5608132 1758707
9967751 -1474373
914398 9106086
7014706 -342761
-6378107 -8962017
-5386971 -8999409
8400329 6693759
4315667 -5021492
-7782493 9832545
-5975340 -3228767
-2436497 6864391
2120056 1957546
173797 5193451
-3521431 -4113531
-844382 -7752060
-493925 1888020
-4292814 -3568638
5283270 835406
6101110 -1644112
-1949238 7690157
-7624669 -6918605
-1440737 4279454
8508965 6175042
-3401380 6600873
8632421 -6170335
-9114436 1856468
7303475 -3932364
-6605986 -5571522
98229 -480933
-534835 -3318578
-6653852 -7252733
2468736 1800743
-6057342 3381826
-5398949 -9615820
4478654 4790663
-9602445 8496964
5164374 9538742
-6729219 -9537129
2415613 -7959816
-82803 7544275
9147265 -3342789
7898582 3212019
-9405147 -7135590
4427845 -6221835
8402766 7506411
-5074563 3399910
-2516240 -8749448
-5191419 6251058
9785733 4765870
-4833255 4920851
-9155786 9336511
6272439 7874128
-6399013 933228
4466302 -2121932
-4707393 -7128651
641242 -5882542
-9036003 -4540423
9422560 7464927
152400 6823735
1207253 -6083752
1047335 -4444738
-8071275 -6872880
4414946 -2252578
7218282 9274977
-4368810 3642162
-5176341 -1240496
-2030137 -7290330
-7258240 -9813620
-8406057 6115070
-7863177 -1526111
-5642648 8878885
1731820 -392474
1019500 9404395
3203729 -8252819
-7435734 -2532239
3322904 7802782
-1307729 -8084513
-8593499 6745959
-1431137 5066501
-9758103 1449323
8257475 -5938809
8639636 -5335485
-6671758 -7157148
3368539 -7946568
1817824 41343
6794471 -8957047
-2144583 -4066653
4306009 -6795282
4054464 255742
-2383623 -7623808
7558976 -4693409
7140358 4146952
9311418 5995444
8653556 7848765
8876620 3814998
9613144 -583741
-2408029 3658330
5645609 9467272
-3717605 -9730419
5121435 -9683769
6440301 -724427
1342589 600240
7441938 -4888568
-1507942 -1326474
-2018647 5190907
-6135102 1016275
-4662226 9411598
3855587 9412444
-2003014 7031793
5854882 -5598506
8179078 1072401
-4632528 6797526
2237775 -6453447
9271505 -2514463
1036598 -4286640
-138886 8256913
4688425 -1910570
-4724337 9156788
-3850510 4363099
9431024 9217224
8415861 6831954
-1147640 -6853457
9726476 -2457491
-4781310 -5113937
3941121 1948227
4111874 1779823
3598678 6570848
5755317 6896661
2607843 -8413789
-3417953 9030405
-546931 -5916487
2486042 -8375900
-8868667 -1914859
3474915 -6301369
-3712390 -2360106
6302566 -7599211
-516638 1482957
-8484480 -7397292
1320271 6830328
-8405411 -3097235
527415 7752050
9042910 8929438
8451151 -2157601
-2097586 3077487
-2581652 -4286910
-4680074 -9585124
