811 889
-3577010 5058211
-8670668 -5759737
-9438416 -4321011
-5637319 -1908986
7012732 6618846
8012184 5862494
-2160750 5197045
-5080519 3644136
660692 -99788
-3044373 5892394
4373969 -8562156
-7069419 -7357545
-6967554 -1252574
3069272 -163615
-4919006 8742189
-5706444 374063
-6239486 -7268841
9494727 -3893981
5924991 8678681
7486177 -3948985
7090633 -8709945
-9356636 5393047
-6304686 753011
-5715472 9187897
5200492 -5602360
4215367 -4888736
1654588 6120312
-6498559 -6342945
6176534 1597813
-1174935 -3983092
3682470 9965106
3976845 257308
7341990 1164963
-4736237 9836715
-7529108 -6408819
8180250 697123
-4131351 704459
6722881 -7986463
-5838333 -8591520
-6019170 2705085
-3327213 8782569
8234829 -5210264
-5279385 -7087681
-8116048 3288823
-5913607 -9319619
5354714 -2605337
5162479 -2235870
1958231 -8384291
-6640030 4279248
7631216 5252389
-2030588 5200282
-5537019 -2045668
-3315429 6142034
-9591214 -3446953
-2189795 -1286836
8746034 -3319119
5286112 8456620
-42059 9959970
-8866195 -504852
8619331 -5406346
-9371914 9523358
-7080485 7354342
-4453459 5912675
4262820 9917669
-7316635 -7825482
4650234 -1545152
-9658567 8543133
9766379 5883247
-9524409 -4573878
4348647 7385286
789400 -4461946
4997318 -8452059
235289 -4943648
4819360 -8974154
-9536363 -4777967
-3057766 1562292
-8593836 1086398
1111364 7976743
-5920894 8697984
-589659 -1520267
8930106 -406636
-2393889 464053
-7024913 -1934106
-7829714 -1084531
4502950 -8340559
5714135 -2873744
-9398295 7686795
1679432 2202782
-4935945 5024915
-9169470 122012
319781 -9854588
-5659195 -8319201
-1145839 3350878
7514385 8523869
-230049 1385649
5056880 9174672
1927572 -1856988
6738689 -3203252
280428 -8960272
944295 9836606
7056077 -7464359
-4767074 -6679034
-6982405 4867367
-4014422 -920878
-2737950 -2021404
-502576 -3030905
8005221 9255468
-2559883 331868
-1778903 517003
-3922495 -1284662
-23649 -1737812
6947558 -4988019
-1616098 7263844
-6210716 -5415838
1479532 -5833606
1296962 -3588094
9395182 8926489
3869155 -3386012
-962878 7672976
6038208 4863016
-534213 7137104
4075703 -4040102
3873345 6817799
-5239849 -4914955
-1734955 -3446660
-4323822 -2890485
543276 -6660088
8310452 1380651
-6813549 -1912723
702020 -7946600
7795967 4566870
9535038 -8772211
-4921428 8176302
-2183720 458603
3172675 -8357998
-1926214 -6734549
7037232 -3082020
-9383353 -2096166
9660356 -9896507
-5258457 3453313
-8075131 8610086
-870743 -9271175
8106867 -8385365
6557726 5989179
470022 6490598
7829205 1238970
-670315 7644963
5928604 9193492
257337 4354073
-8184198 1887342
5135154 107509
-1679422 6686585
1341619 4366919
-9271318 -5700853
3805461 9884781
1789347 3117974
6589208 -6790354
-4832164 3195358
6723870 8644770
536754 4139746
697072 9239397
6072845 4980210
-4550477 1001523
-1814973 -3614839
-3512584 4095796
-3051471 7023021
1804991 5134312
8614941 1087231
3392585 -5200488
-5126409 -4975277
1894957 -8121828
-7404733 -3317831
-1306186 -2235547
-7791796 -6035276
-9436073 -5077693
4856481 -7241027
-6029269 -6467241
-1770206 6190672
1129446 -9233106
-8636634 4303301
6753427 3660754
-4669461 8235110
-7179798 4017447
-3998919 -1271656
4164084 -3794356
-5788379 8120306
6534083 -2756404
1828153 -6989719
-854280 6512766
3423799 -2406503
-1494054 -8750774
7991997 7771089
3529337 5215102
6247467 9636121
6126029 -4302373
-4500907 -8815821
-2577372 7439427
5885383 5285641
8340360 2292750
3065177 -8783955
-6836678 -9303687
3125075 -5575458
-3574655 4501171
-513410 -4484393
-8767965 4719481
631063 3674439
3702378 3369557
-4586216 2434526
5161798 6375309
1653554 8809615
-4903264 -7660400
-3486938 -6422670
-7034621 -4534267
1275759 1307618
9838840 -529847
-1089051 -5572555
-7380957 -5117653
-3593670 6042027
7001975 6456826
276198 231221
-9448040 -5518808
904538 3958173
-7338468 6545321
6832542 8729064
-112003 -1527727
-6684230 4006290
9377560 -6260071
-1170922 3252635
-9541606 7447923
-5602508 1132941
3785376 -6570104
-207991 -9205306
3062306 3183179
9360252 3884215
-494906 5461969
-6304084 -9194874
9480189 -7393132
-81705 5940830
-8514398 -8480759
1422843 4756547
4817083 -7100984
-3293921 6362718
5033845 3350529
-5449290 7317666
-8585010 8931155
-4534376 -9361699
-3469208 -9481628
-2978042 -3200263
3267555 757156
-6392385 -8095431
-9036323 -9908924
6807701 -7367899
5649227 -2403969
-8449291 1998309
6571380 -5372985
-1599199 -9768956
-3917801 -2678335
8491711 -2843663
8239311 9907788
-487497 9563660
7322577 -3991534
3840410 -4837061
-3503191 1406621
4134448 -139035
-9637643 -1042361
-6608857 6389016
-8921885 6807282
8486776 -5501419
-1761986 3863424
-3454144 2867272
1703514 5545902
-8888368 8166022
-8074495 -773744
-5452720 9871153
1954636 -8597519
32978 6699312
-7701912 -597294
3326549 8842380
1866351 -7234662
-9123696 6789142
8065148 -7112917
2461479 254972
-7282715 296583
476899 1655364
7464775 -2404935
3272279 -112202
9404630 7160756
273598 -3334951
3148162 1126419
9940394 344220
1837592 -8897290
-1244824 5523066
-971808 -1916253
6019215 6764045
5671421 1745836
-8830265 1276523
4437097 8786316
1536501 8356696
17220 2770275
4255386 5400671
9847275 744158
1471996 7991829
7938910 -1383319
1226238 -8124421
-9417670 3171476
-6615798 -9928564
7568366 -7426722
-6601867 3442762
-8043363 638611
3455309 5360626
1149555 7608183
-1593800 693845
-4855340 -4996058
-5556676 8768281
-276507 3295142
6290084 3396314
-9279621 -4750365
4619607 5530342
-5961907 1760265
6963982 -9926507
3451398 -154975
-7032330 -6158787
-2693920 -4594013
-3023079 2527219
-7356103 -8869312
-4874048 1701562
-3431575 854798
9907507 9574047
-313824 -1722104
72092 1786553
-1656197 -4372323
1536113 1839821
-4787603 9546010
-6972378 -2052450
2088911 329213
-8735066 -4317459
-7564322 3847073
-9034361 2990657
2988181 1685073
1912428 4528760
8784326 -1982947
-604410 -8605434
7914849 -4365953
1415336 -1006210
3823661 -5345926
3341486 -1011107
4965812 3914053
6591744 -4307212
-762073 -9205260
-2814867 9776634
-4991188 -224875
6511227 7205971
8657924 980565
4745556 -5059150
-639425 4996308
-5060817 -6421665
-5713325 5138613
9857840 -2309771
-2838494 -5998510
1883115 -6464424
-8510374 -1067224
-5456357 8954701
320440 1220911
9463797 -1920276
-9074720 7048800
-3948884 -3269033
-5695455 4426981
-9139838 -3612161
-2515329 6554189
7717152 4539560
-1134488 -6569444
-1112616 -224728
7288549 6122179
-9129476 9990144
-7949975 4758657
-7341821 -9671811
5738782 9970986
-9433917 -8993934
-4225056 -8736338
6657985 5159011
-6179112 3938061
6855077 6148136
6136551 -8087171
7643068 3747819
3895787 2675234
-5347534 -8482565
6506994 -3738291
-6547424 -4745979
-114510 -3533833
-1110425 -3548169
2484389 3974627
1576911 5140945
4389086 4668248
5795315 -3235562
8064679 5069357
5759169 -8643637
7818921 9022420
-1161150 6926402
-9506736 -8596803
3724197 8829470
-9472775 227701
3115154 8314274
4669813 6409319
-260510 -8820720
-4319032 -2664875
9380144 -2982916
-7159251 8157173
-602233 7917077
4985191 8503668
-6431188 2054515
-7910638 3595900
-1797088 -4066669
7376068 -8116725
7024106 -2916171
-5397682 -8385794
2395424 -6087192
4867220 -7379334
3699809 343094
-9426606 -6530218
-4397565 2033724
9313613 2760122
-1370538 -11979
-1761882 5600514
-8388625 -1969809
8748305 -5298471
-6260845 -4989209
8843525 9541116
-1564141 -2568632
-7568441 -5171138
7242671 -2285183
637748 -4397164
-622585 7052674
2112072 8268054
-675161 6478475
-7636808 9841092
-4225326 6783147
-2588677 -1938169
5409118 8604525
-9069261 -1540495
956906 1029918
-5534043 7842921
8615911 -2682119
-7732055 -5454011
3622088 -1366984
-2441200 8108686
-4534158 -5710653
-5359388 -7012552
-1332801 -8014059
-5056669 3083478
-3369149 6417322
-7098677 2655534
-6223843 -5274650
-3357020 9556667
-1670841 -9660241
-6067148 -866363
-2840797 -4554625
-7972137 -6450664
-6269920 3035639
-2498844 2644699
5052064 8510351
-7410147 6030763
-3697625 4954548
-9028967 -6699575
-3569083 -2197415
7049213 -2412204
-3735193 -4295391
122024 -1954825
-2898249 -6797952
3467258 5489005
2234847 4541081
3487310 1318063
-7401565 9788906
-1888396 6705046
2803545 9352702
-8559350 -1331908
-8941873 -8017482
166409 1434810
-1954019 7612982
-3980328 -9928942
-696908 2241546
3861643 -9224165
-6434790 1714685
-5774383 2499695
7379767 -6169863
-7100805 7027763
-3582167 -1341066
-3340519 5909649
-3664870 -6490504
-8283617 -3238949
3091651 -5379786
-6424963 6317863
-6895137 -8401564
9018611 1926476
-1156330 7666275
4912160 5337558
7390257 9585467
-2696597 -9455267
2809994 -2677185
3159381 9055629
9821759 -6635287
-5348433 -3528558
4781566 -1933372
5949300 -4232636
4949084 3743370
-3299651 -9668541
-4819171 793551
1068348 7530034
2373179 1379390
8443331 6917736
9175053 2089189
8928702 -3924456
3772199 -7269110
1478711 438258
9945691 9087052
-471762 -6957363
3292372 -3603796
-9158342 6520842
-3716147 -5295596
-9696302 -3506036
7256151 3496133
637321 8504670
-3637680 8941822
-5614713 -3290491
-3712683 -7298693
-8841157 -1153813
8237957 7219794
-6104625 -8566917
-3961951 -2129792
7543174 -9365096
7590862 9402263
6750447 -6278256
2700991 -8329308
-7414539 -7571989
-8433053 -6076019
-34499 -3465396
5903647 -8858109
683200 -3135761
-8536395 3134324
4440900 -7582394
8200608 1662054
4219590 5870178
3766884 3755158
-2213811 -3531533
-8809913 2140455
-6937149 8019986
4709376 9034420
6500135 1411879
3563662 90555
5491119 1969115
-7754962 -9131413
9594660 9877391
-955609 9423258
-7045904 6528774
6309464 7995981
-4321975 8080847
8139041 -9519218
8606767 4193727
-1001085 7778279
96429 9409646
-4173764 -9691707
7418901 9321573
-9976013 -8241922
5090005 3952921
-2220867 -1691400
9332367 -3164848
6656712 3838667
-881481 -9117004
-6964398 -8425473
-3596140 4667833
5367879 -2123409
-1532662 4684863
-1941627 -4871455
4162521 -9992971
7034222 6548942
-8499371 3240784
3943450 950907
-9970559 3139139
-6842292 -3308481
6667787 9337773
-6948237 2292808
2701684 3320928
-8877966 2354331
-3202489 -2320060
1994263 -4903367
7547729 6980810
-5856904 404733
4081609 -5136145
163184 7442529
-848668 492115
8349055 7932805
-1950584 5148714
8250482 -3046276
-4564530 5644657
-4320022 757811
3573548 5688330
6500506 7644763
-4455041 -595221
2249745 -5975419
-9162138 2918569
-982236 3450917
-2735223 3666849
-8650705 8646265
-7321718 7090156
-7761091 8285039
-7310056 2395240
-5905325 9450970
-4179523 -6125348
-9122562 5768444
-6057379 2758710
-9019895 5275306
-6457313 4504836
4892910 2918402
8220271 -9047440
2420227 9379273
-4808129 5747450
3187680 3000232
-6960452 -2307647
4348361 2570944
3625114 9353473
-2829000 -6987036
-3127316 -3301091
-4717636 1356610
-7930147 -3184750
-9713298 -8173613
8754997 6831181
-4056516 -5958752
16002 2369603
-7769492 7570848
-5622223 -9100056
-1484148 -2813088
-5831186 -8895776
3453957 2721011
8927570 -2881924
-3285014 -4502984
-6550787 -1058570
1119314 1093541
9122294 -1558492
-5831693 2650346
7026194 -7956597
7052314 9563123
-2913189 3013597
-619536 -1919988
-7644083 7981015
-4596758 5885383
-7581543 -4609304
4331513 383578
-8101986 -1198022
-4583157 -6356400
-5802749 7430908
-7067780 126570
-8474975 -8203298
8946723 -2100273
-9388266 -4382598
-4273327 2835819
5751727 6772024
-7306460 2624961
8004367 -5082474
5644199 5832275
-9120562 -748798
-8249038 -4099231
-6011333 -6069925
-336065 5812647
-8416586 9780177
-7525099 757480
8860766 -1743376
-428736 -6329076
-2827368 378173
4714862 884777
-8578594 -3642996
2066329 2125709
-154827 1246853
9771292 8171878
-9950726 -4707353
6875372 6048100
328329 -6687361
3628388 4158931
-6535505 -5119611
-4494687 -4630068
6501799 9299362
-4149043 4408365
-9878708 1491269
-4275676 3497942
7915946 -6005525
9069988 2413368
-2156797 -8655327
3764549 4641898
-4650262 9799151
-4480811 7814046
-5805756 -2963932
588079 3751575
-4663936 740312
-5413262 -9334181
5737816 -6272273
3858282 -5505655
-2816391 4239932
5068863 9874646
9893737 -1092452
-4157525 2337520
-6553050 1056652
-8309677 301157
-9350422 9494922
3649975 5711452
9837592 -1435828
2711498 7703573
-4906685 -4944184
-6232101 -3577115
-8681767 8404745
4068402 -6332763
-6748290 -8948931
5293632 -5649507
-5479519 1002509
1172184 6613867
-6805355 -4681037
-4240773 8083914
1920000 -8706074
2067751 5951082
-4743494 8301468
2383120 7891812
3312106 6946492
-126429 -3151091
4023866 7803560
9108210 2581375
7822327 6064151
9225504 7083210
2399503 2268478
-6686051 -6529787
7242810 46749
-6872206 -4326606
3197701 -9216811
6302769 -4177966
9178891 6385261
-3484375 -3485111
-839766 9623314
4149099 5257422
5405141 1979819
3632262 9057542
-6398954 1912275
3831264 2013025
-660153 -2195224
-7612201 1927894
-1795849 -3316035
-122071 9883836
7821002 3869372
8332816 -4086997
5143332 -2932544
-7169544 -4283408
8175368 -1077402
-8345550 -512638
-5691308 -6153838
7505640 2043778
5186981 8162106
-5095862 6686705
5486634 6880163
-9703248 173756
-2254598 -6650451
4033798 -5891871
-4747407 2745970
8353747 6515885
7138575 -5753444
7934192 -390186
-8084961 3955230
-8101142 -7095577
-916979 -3618120
5131637 1220621
9781882 5533411
8881052 -1980538
1488636 6689465
-7336906 -7337000
-8948373 3154934
6263442 -2838657
-8227993 8408496
-8355767 8389185
-8064562 5614432
-4370711 -8225438
5992929 6528230
-5909633 -2745649
151434 -9397690
-4979263 -493895
-6440167 -8372708
-5848645 -1275210
6280727 6687399
3301015 1175489
8630658 4326867
-4601505 6378704
8662264 -6350534
2591056 -9575143
1271725 -6281527
1101342 87875
-7400464 8227556
8939957 4604779
-9734538 -3895519
3285860 7365522
2892803 4264005
3701810 -6165509
-6742595 6493611
9661021 1277948
-4602380 -8331662
-8797145 -4041357
-9516775 3316928
8655730 4253742
8228478 8462311
6920128 -4391782
-1345925 -7820879
-6282607 -9490181
7233423 2839907
-5381960 -5053640
3972824 -7106435
-6095008 -7490853
-7883202 3094065
375001 -5001254
7355814 -7347865
251 562 392385392
251 306 972736827
377 374 362885550
377 551 163872967
500 139 65170688
500 290 107093246
374 61 324889336
139 573 437897655
514 290 319420913
514 328 871900711
551 328 680584473
577 562 11583562
577 67 337656481
573 306 266930566
67 61 208684179
806 426 514200902
682 680 700364386
225 9 666366295
78 521 491100960
359 212 80437476
379 524 71694942
431 288 238564227
473 152 196994240
645 746 536149830
503 394 228801595
494 119 398928808
325 201 352530122
617 578 66378381
276 145 3694851
159 224 896068414
5 574 992759511
749 446 434897607
784 615 363488285
739 720 630363700
660 798 985875249
794 694 695231515
770 86 297540875
212 468 353805682
738 668 29878831
232 777 736081043
740 580 734532754
484 759 482251699
231 794 601012912
183 103 534669916
748 59 51957341
706 689 294919278
772 272 316048070
53 242 19111636
587 694 160452622
136 620 561499146
342 515 307837221
796 765 532067724
520 805 340331160
598 202 123112336
585 574 48528864
40 638 654573212
206 315 926983923
535 720 898676700
708 807 806799146
214 513 661491261
228 315 160774705
733 58 606030606
225 344 41448918
617 623 847254795
578 746 921009728
178 423 348370920
447 43 580249900
447 356 536828273
244 441 893983264
397 530 307381813
588 147 394209829
433 402 497545008
349 342 760196226
435 274 164004152
184 528 122521740
620 685 859800127
614 100 243273826
563 120 968071518
71 116 378705416
413 307 834130424
356 749 456788552
728 713 599576740
705 124 19247229
700 283 291888930
182 133 924588359
148 679 364871618
600 269 257721314
641 270 47608399
686 676 216703486
526 590 3215487
744 42 355590431
560 379 457083905
710 693 660186016
603 62 772108687
611 381 660757008
366 257 705094819
599 582 713858787
173 428 907239144
115 598 834391105
803 515 543078422
783 131 713530401
600 571 756756356
797 774 332167531
611 103 355953141
142 256 688733665
276 121 609850325
196 692 888706968
251 550 749237888
648 488 670811028
676 793 31800846
159 554 827132443
386 692 953314067
678 124 457794754
298 433 796265101
750 547 783197823
7 591 204796875
191 142 678525404
68 672 838299458
55 372 732524463
167 271 14892987
695 165 124579230
198 144 6562785
688 133 779061498
45 236 478801127
336 317 589316180
303 760 442457296
415 211 717646135
797 386 136679166
1 7 432982496
482 699 388464009
806 114 564312383
261 20 36694106
606 24 390024450
660 336 878290835
273 84 705207787
596 585 465028316
362 314 237471672
206 299 88033355
188 127 501981283
219 574 409916142
224 94 333050615
479 692 165551996
113 398 367332084
55 293 808584083
734 702 596164765
468 755 656250277
752 615 122386144
325 550 728321802
579 679 247738314
473 369 840793689
111 344 777125360
477 95 150376063
574 373 855971742
636 214 324116541
567 349 334433972
302 718 867054802
171 304 839762092
1 695 618952160
485 603 318167052
465 253 199361934
2 534 601535418
210 521 726502074
472 141 802074296
327 263 707840653
238 271 692192415
245 701 758994703
797 211 371101738
55 437 814391275
680 8 487126367
402 704 925187805
76 263 776092532
92 211 681217191
311 302 981998577
576 668 456442985
614 31 625661811
727 547 344379942
803 685 525248126
517 608 613714285
638 140 332031454
264 321 216390649
25 708 114073145
563 243 598193068
549 612 386192042
36 353 6813449
749 114 697004052
168 353 23807579
611 49 702021911
127 130 607101559
195 710 861095216
50 674 534998179
285 303 200364464
430 465 271187952
351 597 895610330
390 630 809934487
620 524 743826500
416 794 989667910
652 364 13967128
252 157 669802773
682 158 265928237
337 761 542409852
225 80 214301049
747 760 427654524
166 450 378770166
716 271 848650254
53 487 752177428
191 448 683535927
606 79 224555463
731 765 974890459
432 147 757451223
46 253 199645545
6 395 863153054
104 667 761343093
340 167 112053402
395 131 187321018
250 492 93323024
58 742 817002058
579 224 343149888
602 272 252833598
362 274 577877593
157 383 393911994
122 262 860532877
74 573 747443018
206 690 569201996
4 52 612041211
483 208 129955744
324 270 175312006
395 790 121312755
229 365 941483879
537 720 860034854
542 393 967096641
119 558 763262968
605 656 167129418
670 88 35518050
614 433 507146272
577 22 244790158
309 150 683251274
459 269 809101609
740 605 704289659
85 539 66436549
629 692 981324427
631 386 445227226
42 683 27211007
671 477 995119662
611 357 373507995
612 735 454163381
777 99 967054626
431 389 57108459
612 207 970422028
739 106 818459051
238 149 134769299
653 3 546094128
436 784 932643842
488 212 461904638
274 472 77858558
163 263 751234880
334 83 948259044
781 144 913599718
704 719 362375973
796 353 189346916
788 513 856585778
200 715 980543182
1 593 199744393
320 21 587064487
596 554 179208464
678 501 110839531
102 524 388258629
665 637 333716194
209 655 614520014
570 253 989016875
525 475 883190345
199 805 373160351
71 810 415038910
285 137 532074914
332 508 461173490
758 509 674364407
561 224 697641407
87 365 60338966
594 691 504720178
614 474 271625996
434 662 741623074
325 651 463909127
257 126 481308652
466 732 857357739
121 432 149716383
144 775 506156621
223 267 791594977
381 140 675576871
738 339 674420805
596 352 571772366
481 573 862568457
319 699 599697726
463 624 978917108
36 760 787606086
277 700 206278891
156 153 890706376
542 207 39269914
730 387 731964969
208 698 275162144
674 373 44111990
779 250 508357715
506 711 204426416
102 488 894671932
377 64 70664830
461 553 105341019
286 14 939981205
218 53 300663280
1 569 218717166
151 547 561138718
568 492 383997626
160 222 659732544
672 287 666789144
653 317 81722935
188 787 201576289
312 422 237227677
185 118 282176684
97 498 899627009
619 474 672515156
1 218 755792731
62 545 242657912
543 248 280081331
804 692 42775893
282 289 601153730
338 582 753914395
322 677 885719465
409 297 733255172
389 535 484767495
156 88 797471269
586 455 654177156
175 317 712930076
452 426 330770492
643 604 498238785
164 543 860511439
601 270 387126148
644 63 627460850
809 254 516048953
622 420 622044662
793 581 754232235
793 391 858938824
368 791 799739834
534 457 127243465
63 593 760945667
151 646 948698981
791 3 791428112
403 123 18568866
56 565 701802047
700 59 133072782
516 190 731366041
375 773 946389079
174 457 623619248
493 510 374753549
483 319 987103216
526 585 932569834
198 495 291794005
649 186 402934111
500 358 23914359
238 392 349189724
266 553 832625841
781 219 939057432
366 501 880929418
215 697 189403429
382 373 732657946
350 552 110858121
463 762 250367471
660 645 769525678
633 258 197806089
366 466 222243864
438 19 778551712
313 705 500754010
285 592 184225074
408 559 673133164
632 738 405234952
588 507 39451804
98 387 567756325
214 508 418314008
570 727 815814002
240 160 776578939
122 118 630363131
125 390 976303663
240 153 886850734
172 578 690034335
716 595 995366142
706 426 221130061
37 163 312475690
259 496 107663092
525 59 238606243
608 22 903157152
170 313 947836668
703 364 257185630
376 251 708043823
355 149 885636731
7 10 687372157
226 49 275555259
18 565 208753258
281 484 601461428
374 58 556693967
30 390 842995214
240 167 197192212
596 753 642239763
447 177 870886919
359 456 821651505
564 428 103244098
166 714 56768310
757 208 622246902
193 469 932062848
2 317 360814891
304 179 795795733
447 102 410722612
440 788 766855619
58 559 419281063
495 300 962971631
254 296 153688198
811 307 688458269
134 422 276228644
731 758 788908314
209 495 617996820
232 142 367895025
673 681 606257059
526 509 626219018
137 98 45681579
75 69 44894451
259 551 774269457
485 553 469596399
673 221 504275268
74 396 310216391
157 484 790322041
326 622 756186392
810 73 416467398
166 369 918352613
351 778 787395702
169 694 965330700
809 150 74121815
437 105 224829445
491 357 211005219
752 244 869206133
624 419 489960210
557 234 235205049
756 708 647597836
617 83 729706656
516 584 974401199
220 9 50651168
428 630 890647961
516 169 85510710
305 577 511943127
571 591 334903784
117 801 173250498
808 43 907027974
810 675 506490789
66 502 73397171
706 578 930631216
459 641 995437808
477 330 351878699
607 446 929072079
380 120 560826013
403 541 497065405
197 369 466866602
265 673 795467096
611 367 256038074
650 455 748414550
259 530 791621371
616 207 45447409
329 739 404158151
425 42 195268396
207 618 520918956
268 785 867806497
198 120 588598075
158 449 184426620
673 75 839291316
17 808 222804289
799 769 533946679
128 540 781406560
92 250 163810692
51 423 92256587
354 503 73256172
128 146 708344670
331 216 573263142
30 763 148245329
662 292 478205580
772 707 243625759
745 46 440558508
628 643 266727167
538 769 11382657
3 69 182263213
528 52 986131866
671 363 713217736
345 694 870513222
745 118 983368563
479 247 441291029
97 116 443549489
302 433 820514483
810 431 320668167
133 314 359670623
337 375 891427876
379 247 308648637
253 86 210884327
440 363 984866339
764 668 918350321
293 564 748865655
377 640 857141938
291 304 664247890
445 41 320548301
652 406 492558004
186 441 946655867
386 39 812549466
171 532 670363789
628 272 31247738
462 569 120972471
467 739 591048212
481 11 561681482
631 236 916297586
294 775 608286862
337 183 381379687
89 357 683454938
585 192 589003064
251 239 548625802
499 736 532807416
703 697 961174546
635 129 14851661
694 202 503763375
782 339 296765328
330 284 204089135
514 765 594707686
108 667 863185464
459 76 232316140
40 609 412086331
719 792 300195139
14 321 940605967
332 670 63611575
617 129 746626643
12 726 807031077
107 530 264588284
790 234 570389671
612 243 172200289
96 696 436042891
312 589 284915246
599 577 755748536
169 262 573605967
673 577 541395986
722 743 354124363
730 195 17241281
625 509 937650842
355 235 862699808
361 748 659830336
135 11 162895641
486 104 819121782
508 339 535870981
516 498 910895569
228 480 10908720
33 146 806747045
264 444 859579981
462 680 838238895
590 801 788375542
105 464 253624001
178 189 977278932
134 108 98336045
621 583 245233545
67 272 619072222
335 513 188565439
401 681 607212125
195 255 571885928
673 419 623721344
35 174 15983534
333 274 199800063
757 449 448976757
639 21 768552761
261 343 543879179
190 444 213217998
568 65 478418963
687 522 608736773
442 258 426849503
360 787 390474118
486 464 522063587
151 668 778266891
533 768 8734757
32 576 776164500
135 200 107329395
666 515 474688818
515 371 193215521
575 180 377987183
231 708 573956855
368 489 421568190
416 360 748017877
55 80 567189201
134 76 68992174
364 766 984040862
170 806 782125988
344 335 444068626
475 424 955715454
81 697 605689238
645 217 746536286
402 499 362151205
518 678 706638434
50 395 887583925
27 271 127865186
396 383 472792279
724 526 530330850
81 760 139710673
621 248 917654940
414 187 872765650
533 12 185220313
494 113 220254265
182 714 625357847
572 216 604366111
322 726 55650353
549 316 86354603
326 230 736600669
433 210 877960752
261 802 526211924
282 249 706139919
346 14 25235084
770 387 285544467
14 249 593647648
517 280 226987571
531 484 986899757
400 721 734268295
138 519 332448176
627 284 777786362
38 383 522418442
791 54 299855531
176 693 601531832
657 759 666223768
119 147 243133318
148 438 754037209
343 112 802362313
491 266 179824851
753 403 806779428
644 784 330099238
721 123 288331058
12 65 183233947
337 451 121397431
522 714 217158167
795 649 128854693
510 684 997300672
400 736 522521066
30 204 950915276
164 125 459734355
183 308 109134176
212 626 267053091
643 789 120469804
409 546 732650127
627 299 404564104
350 445 575669526
622 263 863893747
709 492 325268462
538 582 367417396
64 546 94939220
548 418 63120819
635 277 14683315
423 10 895597624
171 48 596376342
399 476 990991042
586 230 777010182
274 34 362071467
47 570 440232095
633 565 899648347
241 25 226058764
767 712 471075005
326 711 659144370
409 751 445025137
616 581 925676882
670 725 406066679
752 491 59643787
610 773 632006784
23 650 683892223
717 15 844104814
187 770 592628413
410 40 276574102
606 274 152569979
203 569 148162535
628 365 160437049
379 246 299755331
659 525 480741428
205 610 987700382
505 479 231728964
786 573 207104114
548 264 801585631
347 393 11040763
713 217 878501696
349 404 872074513
628 771 380449216
29 549 77414370
91 479 801959928
161 521 933141324
809 605 233158427
186 314 609768638
407 472 589526979
591 292 764122215
377 194 649858445
657 112 69056473
683 759 990972331
18 358 462542809
154 175 66180320
751 460 969842514
572 359 742252068
536 21 298001453
260 742 578555767
716 469 877575745
199 540 497850216
82 667 772283197
132 143 372521108
78 588 36920950
104 110 981374491
539 72 212911050
416 512 688261448
557 743 189491971
199 722 73299693
539 807 366060293
388 706 908437620
811 639 576082590
351 594 290067631
687 453 378787124
348 112 59913133
25 503 863937712
370 743 352571455
557 800 761062112
209 318 758314852
765 68 756014443
351 16 747737622
197 478 151910710
309 700 878988511
494 445 619888261
435 663 391024231
268 683 644290597
778 455 979515605
443 217 109135333
273 748 286507193
489 669 668056177
295 735 975660323
301 796 811661993
544 681 786982204
309 664 458112352
411 44 765417166
686 734 939255029
635 13 980716726
64 696 969023157
717 133 929962675
786 291 496687456
642 739 557128700
602 701 633351577
92 527 737249880
500 132 51571251
30 412 248355589
528 110 477916379
162 120 751733670
340 470 741487986
193 310 340968758
190 502 101795283
422 109 402596546
490 169 792910345
504 347 234396957
74 536 441307790
493 540 725243212
639 101 45483712
780 778 801056043
529 613 773923255
630 741 19688503
77 700 192179880
805 181 151829669
761 180 590665844
782 471 577673447
90 296 184055642
555 714 94382874
265 439 376290009
233 542 898642932
228 93 239260370
341 766 85901179
232 349 632104669
497 454 181570174
634 518 75652031
658 144 173365993
519 54 700677196
239 378 555046444
684 421 129900826
575 44 326047003
223 461 567454101
716 767 226190777
399 562 542325446
213 217 943164651
754 90 117740623
661 114 266327500
685 454 810372152
140 458 583469390
279 171 959705528
613 556 21136479
566 120 906000798
207 385 422612933
139 613 53394075
319 737 819795903
359 323 54654166
721 70 523300466
275 715 91655774
155 619 712810316
523 689 465447819
425 60 572309736
57 460 230469636
417 72 516406484
52 776 188617238
785 227 404047691
28 177 486242420
56 511 27325878
257 405 778272912
26 262 109929704
208 654 752590305
647 83 106566902
200 729 68551913
723 758 27016772
384 805 951837487
747 637 926957506
427 551 454686181
237 143 90077814
402 278 889770194
645 429 365274674
344 9 589432565
386 196 251056344
580 605 772349077
690 315 406024444
168 36 423541966
159 596 635266177
447 749 703685779
474 31 654435221
336 798 755252833
3 798 832268638
182 688 304255728
620 755 467456989
803 136 827048335
430 727 613461138
796 168 372348716
695 569 297514051
440 513 976716538
151 570 309848095
240 238 23417780
366 126 593112656
783 395 899053438
173 564 696192174
524 468 337217739
389 720 409186537
803 620 955481262
50 380 964591588
184 4 536768313
433 718 959977368
462 593 294975662
380 144 189943731
352 5 149845652
375 761 531288653
368 798 131386745
680 165 603834099
597 778 705727995
561 496 618221181
480 315 917496478
100 31 356970059
488 524 600213719
221 419 954932335
381 49 328718491
185 745 369987926
363 284 348172394
97 444 914221303
561 94 71945236
745 86 150288191
238 235 452857265
534 174 490007887
1 10 276352249
50 131 718853902
73 431 34532892
452 806 573731154
311 78 497930248
496 640 931741230
475 361 324090283
7 695 966849186
428 105 899245673
695 601 705860349
619 499 695211212
431 116 113904549
764 738 985817163
756 794 792713533
231 416 147794740
537 97 421349021
255 710 285669965
678 446 555400483
731 724 578246096
666 73 144882570
762 35 868640116
586 650 640588903
255 759 738537614
220 671 146190435
183 49 301340474
313 446 862898489
346 321 777828029
225 329 148973887
140 367 911928231
516 116 186981375
430
-7916420 6763131
6202483 -3818394
2242188 7497383
3755136 7006714
5827008 7602850
-9884925 -2642650
-5909240 3866885
-1410430 -8166426
-473889 -2568013
4172217 -7590882
-1007368 2528973
-9359357 -196563
2233425 714295
-2346364 -3583567
-4791815 -1041849
5021733 488577
-2759802 -8033121
-7842094 -8444318
5290490 1753977
-9325663 4146598
3358441 2972252
-5116548 195098
1941840 -2892429
-9331072 -6482389
4526441 5142236
-1283233 2220318
1186439 5353810
2261337 8226100
8637816 4221625
-57249 -4496717
1401970 -4869015
6002478 6446339
410149 3710915
6360547 3529991
-3851908 935282
-1144933 -1495690
3897411 9889652
-9545665 -559669
771577 -2961799
8897134 7393968
-8333572 103458
7133474 8869407
2994128 1287227
-6645186 -2088457
-4042610 7003238
7606901 -2005349
7925287 -9572277
-6292786 57533
-2066644 1300597
-2709969 6644587
744245 -715177
-3760354 -5704738
8970581 -2515010
-8144422 8082124
-2769700 6245685
-229248 -5210889
136247 -3742182
-1340185 8381748
-4546271 -8583757
9931538 -8016999
2212703 -6377809
-3951175 -1634303
2347801 -3684615
2833119 4656917
-9631520 1516569
-5528132 6830756
-1226308 -4409667
-651675 -190036
-8486458 -511238
-8122926 8115889
2763931 5863375
-3335245 -5786428
761771 -7210616
7870709 -3649182
-3740941 -545727
-5748758 -8348471
-9473386 3376288
1879871 -774154
8509924 2220344
1634416 8279441
1987963 9634533
-2357278 -6383343
3379637 -2044722
8493673 943347
-6087476 -1332582
-4323901 -4224678
-2391617 -1482784
36693 8918856
-8840056 -2725687
3382488 5735295
-8489644 6149754
-6958252 -5475584
6929960 299829
-3999332 -8219859
4630819 -6720969
8688883 -513120
400475 1681249
-7392812 -3659891
-3091355 -1007809
-4887626 -5741605
-8555655 562020
7324352 5763882
-9717820 -3895419
-7833405 -2895209
4149478 -8436383
-1826439 4373621
5644341 8220125
8568365 1005172
9429373 1553573
-5763310 7985921
6012455 -6486964
7903811 -9252624
7441195 2687174
292687 -3617324
9873925 7110286
476777 -386765
-3381239 3912245
-1704224 -8765900
-728240 -2532052
6469269 4459818
9333532 -3653220
8677339 6173190
5607540 -8196848
-1894358 6854871
2678197 9981271
4979380 -8879219
1364001 -779668
-3885054 5809740
-1627277 1888
5979028 -6336530
7441971 -4344461
-8594676 7039401
-6754010 -4729456
3390522 264667
7126440 -8997558
-636235 -1602011
3181310 -3726520
993759 -1763065
5800183 -1707959
8744429 9844428
-6964076 -3013148
8883665 1802397
1679192 -1835925
5506499 -445783
8206392 -1473605
-6245254 -3861443
1247445 7116093
-2268237 4955337
8483282 -4005830
2985229 -7786640
356933 -7621492
6341279 819305
-3592886 -854681
-225270 1431880
-3917648 -105922
318554 9664518
-145071 4644483
2147337 -1127226
-4943408 28526
-7922698 1596132
7083536 -7568323
-3202206 2436321
-1101126 -7813590
9016760 -9113026
5479214 2594066
884099 1621665
-5334907 3044258
899396 -2194654
-2676999 -1187903
-1174303 6629508
8221349 9064066
3234216 2389434
-6411733 7916907
-9930379 -3931069
-4911176 -141831
-1100763 -1720659
-4012604 9561009
6254262 3419728
9450706 -1174821
-2076204 1189443
-4370297 -1279749
555717 1737806
-127308 2150366
9636269 6748163
-4540014 -3770176
9852814 -6514400
8403762 4176713
7765611 -3881205
-9785377 4663839
6354475 1835130
9930242 -9725788
2666251 9896244
903916 -6511332
-243284 -275282
3822101 8565296
9647505 -5107478
-7912842 6686871
8963826 4368480
-475186 -4292353
4179389 -7471664
-4307960 2790722
-5467037 -9981550
-944252 -401719
6203336 -9539398
4419469 -6515694
6729528 3392215
8649449 -972317
9597983 5505136
-3285354 9853362
2704004 2176271
3477256 -7107373
-3005569 -4231478
3749380 -9450532
-7247206 -4988207
9740523 -7207278
3759511 262132
4656336 658789
8054802 -369459
6512372 6380831
3259058 -1551815
3901484 -1934100
1206866 7474497
434294 8114290
-4054659 5197300
962346 -7904470
6903134 -9024802
3083277 -5632648
-3673513 8806748
-6473904 6647393
7769833 6867184
8934220 8539163
-8099973 -7518135
-2623399 -3478304
-1786951 5736626
-6193709 -560557
5923185 -1616444
1449564 -7757424
9706486 2759099
4936426 -8297403
5895423 -6589921
3524019 -3881777
679599 -3448575
-3878122 1897006
6241376 7628995
8060310 -8138038
-5035191 2803250
4402176 3904573
9844098 7562067
7128299 2175457
9875409 -8092405
-742560 -2374659
2538273 6453331
-2498563 7355685
-9509842 -577428
3341561 241564
166176 -2482163
2019484 -2473348
9675594 5374769
-6740623 -515275
4318601 4149423
-9369878 3611011
-6914312 -9563336
3489802 3060283
9311033 -465355
378681 -3352520
4918301 8190060
5012069 -1369562
-3683157 7275638
9896506 5303737
3623661 4988549
4719029 -9362101
-6170692 4966087
8531737 7573604
318843 -5552912
-8235483 2942924
3723340 -5577427
1200869 7039532
-4557005 -8361257
-3601012 3062321
3420519 2685940
-374383 4033524
9580177 7302626
1867962 -221771
25982 9533414
4085983 8170679
390254 -9545300
5566247 244492
9232007 -4045068
5833712 -139681
-5114077 1593325
35173 3454566
-7121634 -1858291
-9143073 2225445
7078836 -6290728
-5497940 -7543374
-5349974 -9358204
-885676 658493
3088255 -2242452
-3215176 5206312
-8126212 -6980985
-6208149 -2405396
7768609 6377138
1393875 -440892
-9940745 2476563
-7134641 315915
5450569 2837540
-1321297 4709230
6581698 7474262
-3512995 -2816122
8755046 7649541
-7881999 3247344
2262854 -6422432
8729379 -2270431
8223801 -9927138
-9667990 -9351110
-2082274 -475574
9254901 -601079
7247441 -2408907
8966227 4584562
-1446465 8363530
-9685045 5055399
4363655 -1285743
168346 -6144571
2431731 2021783
-3969224 -3946831
-8911369 2921171
-634694 4236274
5305751 -2661739
-5628123 -7911025
-2907937 -9071868
-5221646 -34569
-4643143 9022100
358790 3530790
9567775 -450948
1678942 -6031078
3273804 5435810
-4391979 -4431449
-5481561 6823596
-1138030 -5897398
2190004 -6554485
-3006060 7585283
-4077945 -4843358
-4314619 -8780530
-5764053 -4503250
-8058039 -5177863
-6760077 -6358817
-5882519 -8641903
-3972234 5684602
2511284 -5607700
-5848455 1908538
-633266 8165787
-1545115 -3922569
-2544245 2248464
-7442157 9932588
9631922 -6098746
9959160 -5379695
-7117498 7449095
-5027739 7641622
-477780 -7749202
7405626 6986791
-7894777 9257002
-5426940 1630742
6729978 -9124629
-8890061 -219231
2578394 -1612103
-5865671 -6455165
471732 -4908999
-3695857 -5483751
-9916307 -8252828
-7600034 5726011
-3965836 -7210296
-6817536 -8712881
7288476 4889613
7719943 -8757056
7438363 -4762829
4449163 -9198722
-9842176 -6668174
-7118430 -8206861
2309434 -6280370
8032897 -7269276
5398237 6364877
-3962267 -7428395
386836 -6779920
1338454 -8682643
-6309076 7245018
-2994429 2373592
8311413 -2536349
-5539175 1873714
-3892270 4953685
794970 8880664
-8505581 -788522
7859167 3067600
-8200947 1365911
-8827918 578901
-3811830 -7850653
8255769 5533827
-2742040 9505477
-3854480 -2143644
-8356706 -7380022
-9479174 -6965877
6867536 -5217143
-4629583 -3914582
-8783126 -9256400
4191240 -8989271
-1839142 -8430064
4021793 -6956101
-9465807 -3081395
5832428 -1644902
4832020 3105887
-6939542 7936947
5763322 945384
8075929 -6547529
-6516840 7530322
-4598842 -9070308
935658 5165545
9154196 -7265105
-4780471 8994204
-6875464 1121926
4865482 3540557
-6914005 -4400603
-8872866 7791368
7555637 -594620
-4628042 1914751
3423372 -9586548
-5301797 -2447660
-124413 -9402562
-3828748 8856531
7355757 -8298638
5200394 -7242534
-6759488 3541291
