976 1053
-2817143 -8406786
9225814 -7783000
-6087038 6041293
6636303 2013124
-7182629 -3431771
8541215 6314123
-8185147 6000528
-4004354 7729174
-495953 7933410
3360645 -130813
-2127430 3240408
-1353636 3072284
-1144855 -181760
1787440 -8866961
6469822 -6318522
6368588 -1817490
4741055 -428794
-3061669 -3814455
-6596023 1323220
9197879 4401768
835136 1574529
-8148466 333234
3326169 2467501
9164481 5028610
-9878640 2634773
2304001 2750462
5344552 7226212
2523076 -8114878
-3197241 5603157
5489120 8516044
-2514562 -627924
-6124244 2879100
5421629 -1879408
-6911422 -1126903
2998811 -273574
-3065162 -2317924
8787018 3115962
-2812369 -8449616
-8012842 -8211042
-5409336 -3545270
6223815 -6537993
-4253467 -4571335
-6179020 5485718
-6525312 5627547
1059657 1938044
-8590650 -5575850
-6225368 9235027
-4517536 -7318370
-2503596 3051471
3685921 7766608
2250256 2604790
-5668183 1176338
-3748854 6953993
8482324 -44849
-6120715 1981967
730774 -6361723
815146 6792375
5981108 8541880
1692946 8569044
-7591112 -4884601
-789129 -2332315
4821040 -807549
-8733866 -4215544
2750127 -5370792
-4179580 -7086175
-5632434 -79799
6097597 -470369
-848221 8000446
-8501726 3797510
-3213857 7307318
-4611234 3423240
-2098685 4685017
3271321 3844224
3846317 -5906558
5041603 -6746109
2778411 8400600
4450859 -757393
2510682 4344427
4514944 -7460263
-1515789 7281095
-5545654 -6677303
-8413793 -3491778
4452433 5629711
-7613466 738394
-5359240 -4531242
7826932 3176383
2056611 -650061
-3505203 7731447
-2190063 -5798023
-9334946 8689098
4244006 -5242319
-4509329 -9868507
478379 6470621
5241235 -3208342
9078937 -7742828
-5884472 -1319967
-7218233 272690
-3112600 3185151
8265340 5834885
2663954 -8628970
-1765638 2692825
5605005 9415082
-9465226 6699336
-9400273 -5485783
7265740 4106314
1407699 -8938484
214799 -8136999
795009 9525142
-6285735 -1860351
2588759 -8026804
483526 -7385705
3586710 6128791
-8544455 8164043
2044171 -9036489
8692265 -3879940
1483658 3298641
-3047075 619605
-3916722 -4623576
-3858885 4101283
-7637579 -3132655
-6792718 7000820
-5639209 6472420
6529769 -2276742
2928939 9507308
-2769365 -8199408
-7855147 -7067738
4152033 -5645060
865787 -5097125
-2699115 8443483
1804383 -5089684
6985748 -5355009
-4092265 -4687850
2635514 -4947130
-6167175 3866484
7442701 7933131
-3599475 8816257
858415 -8576329
2373926 -6136821
4625241 -134064
-4007829 9541897
7002967 3051890
7776051 -9040879
9455907 5965220
-7665916 2298056
6083426 2196450
9660071 5384381
-7144488 -4621989
-363891 -261295
-5900716 6645352
9284143 9205562
7160372 -663285
3750103 2690563
-4493565 -5840198
1332463 -9030431
-2305986 -7330230
1160511 -8955930
9610478 -5257605
6686529 3215675
-523950 -1004634
-738785 856289
1814475 3967977
6380820 3075124
7170706 -7609056
2745760 1524425
8378913 8005810
8398297 -7380742
-1080261 1676731
-7741387 -1732541
-6404232 -6505570
8136802 -7020420
2053279 3555224
-8153238 412977
-3268031 -48243
8670293 8178251
-6185393 -1282501
4379016 -4023587
-7272790 6556272
-5097521 -1136377
-5073119 7585297
131748 913934
860772 -9107295
8155268 2283978
-7411456 4105996
1154151 4574021
-6465984 -740961
-9000289 -6387946
-9397128 7232037
934420 4428263
-5037468 4686158
-8741144 -6122587
-5265430 6686542
-8457799 -509990
-6782034 5947709
-3224976 1063363
1029321 -6172791
2181377 9011051
200814 -2335910
6165513 -2995600
7858468 -8681593
-8799450 -2638469
-8830526 -3121727
-2511874 4421192
7998852 2565786
-2170407 3443989
5486783 9373568
-3491713 -6395233
-5178098 9370114
-3501211 -5459798
-2609745 5227902
-3686948 3765568
819464 -925285
8838898 -8011125
-6615252 -747701
4240358 -6340506
-2300985 -3556458
5477344 -8779377
4033652 -8337525
7150618 -4041280
8745750 -8105344
-2296056 -998601
8755480 -5126633
-3690950 -3279941
4730738 6802225
5522336 4823259
-7088061 456406
-406375 8226094
6440051 -4929318
-7329878 -9631707
3438533 4392945
3116511 -9010811
-9099836 6404250
-1805735 -8918052
225340 8461194
-7543495 -7380009
8106115 -962142
-5582637 -6074100
4374548 1168626
7618437 -8819046
-2470501 -2684385
-8510965 9078261
1286245 -3079248
-6202639 9911673
-7583958 -5060684
4093473 -6431334
5761180 5083101
-208993 -5988388
-8611874 -1022247
1114818 5819399
-6460863 5053578
-443306 9692423
5197823 9750365
9892171 -7346043
3433537 706821
4146136 -4401995
2112703 -1199026
1925890 -8142237
-339786 3479853
-8136580 -600683
4140409 -308808
-5347069 -661970
-380956 -6083843
8418639 -6692263
-2648930 8954119
-9245290 -9780354
6402339 3493879
6151820 7698525
7049623 4480080
6793954 2415192
9937363 9601658
-8279183 -9009197
-4515893 224962
-3878039 3286489
-227881 -2309430
-1906939 -3905742
8474709 -7611610
928777 9939678
9058972 -2103236
1364804 -7355473
4296819 -685019
-2438046 903587
3006850 -5658125
-3265673 -552820
3759671 2948267
6298821 9737080
-284748 5283265
-5049842 -2596505
1307010 4721577
50370 -2050464
-6586014 8974120
-2475078 681519
-6735752 1080813
1627657 -4974710
4816978 -8857708
-7925326 -2432782
8800768 -6621107
-5729281 -2132504
-2943936 8063926
-4718413 8362799
7843514 895443
7658414 764938
4420331 7982779
5884654 -6960850
-9614901 -148167
-2118065 76239
-1231986 510048
7108399 8901692
-6288974 3911440
1199059 -3307899
-2361734 -993059
3145458 -4185954
-3244215 -1163690
-7851706 -9434777
-5523752 175863
4606687 9147123
-4882794 -4810415
5163351 -7661102
9438198 9375711
-6665746 -6451700
-3001203 8943403
9660841 -1739144
3193608 2268131
-6705165 -6663819
-2888 5999240
-9233259 -8278984
1973025 -587732
-9168038 4112784
-3002662 4480464
4190547 -567210
-6663584 9800642
-7300269 6316714
4849119 9502857
-448085 9663471
-6232848 3943023
7392980 -4860936
7696766 3097750
-9536974 5013315
9492382 -3160703
8939843 2695378
723624 -6111344
-8333181 6663058
-6829390 -7236427
2880873 4465168
-9643963 -6927506
6553538 -4198768
-6248731 -2096942
2566512 -615355
-4246989 3965546
-6667980 -3872008
191683 4748374
8290043 -441908
-710297 -2015360
1787168 6629905
-9718984 -3391497
4709184 5807319
-2066548 2915011
7066379 5124501
-1621178 2169544
9813310 -8146474
9207108 -1050352
1700647 -2496116
4454666 3016719
236846 1152554
4429544 2260804
-6616062 5715795
-3745084 -9967463
5080633 6999756
1704716 5684887
-7236914 7426142
8606538 345866
-1095736 2488995
-1190439 -3643937
61549 5206780
-607283 3318034
1404433 -3624251
-7232882 -5083398
7200035 3642045
4654980 -2059992
9330404 3978494
-8206439 9409056
1975298 -2517291
7017315 3365879
5177068 2113369
-909343 4295776
2022026 101682
1187847 8955665
-2528664 3205961
5856809 6723982
-5766092 1364016
-6335428 5894443
-8694985 7027648
9198250 -9442828
-940273 6277963
-4260135 3791327
2538194 5123693
-577708 -1356860
6442245 -8186945
7453178 3388091
2943518 -6365285
7048572 6886806
3360243 -6876546
-2398880 -3141335
1254434 4159630
-7482348 -3246367
6020133 2123558
-5145031 3168688
-3364976 -3733741
-8404527 -8314657
-4196836 3948254
4920424 3729555
6850768 -6072987
8351800 -6132849
3424319 6327168
-3170401 -4915965
-7204536 9706466
8658272 6835684
448843 -8273037
-2835010 -7654943
-1580753 -792374
-6730050 -3432077
-5546899 -7529564
-3335572 8789351
-2168964 7637859
1094183 189661
2200568 -9628363
-5312509 -1851951
-4544778 -3556134
961465 -2626103
8776991 -4849402
-639966 -4086698
-343034 9092528
-2020564 -6957857
-6958378 -7597193
6156828 -8479995
5780133 2512934
-5722896 4841169
3855073 765949
7417491 5690502
5260375 -2635129
-3533453 -5458925
9463939 471188
3214652 -5305392
-3580721 2893015
-7306317 5022236
-9924387 -3572600
-7767812 -4327932
-9134500 5825727
-692623 -6020535
-4874693 -9136596
7074767 5598367
8374851 -48747
7114882 -2553301
-4397465 3715838
-9747238 3417074
4962202 3449820
3250132 8979946
-6734998 -6315236
9106077 6861558
-2793974 -333018
2165812 8329534
-3811724 -6062671
-4257171 -6607573
-3352682 2185200
-3530823 -1398910
1299945 6403536
9486500 -1670245
7642536 -5194448
-475504 -9639964
-8821956 434731
-6594698 3514701
1695913 -1781948
5475410 -1133081
-5663661 -3104684
-2736117 8709603
-6948601 -3834993
2822391 4983557
-2955354 -3197782
5711305 9778236
-4073738 5654969
8588092 -8619721
-3918354 8100790
-2111850 4185968
-6282324 -4732857
-2995905 -2364228
-6482921 -4428234
-5995533 -1429653
9293910 -7283600
9880125 -9103602
5234136 -2104418
486618 4455009
9109651 6727965
188429 -9800623
3103998 1447832
1330763 2542734
1731350 -8286895
2802658 -5554008
-3073724 -5728931
-9022448 2508644
1438132 794620
-3671098 9253730
1718635 -1212898
892407 762280
-4518107 3157758
-9755579 3718058
7369641 4273492
3891593 -7609314
1458439 913389
-968671 -9403929
7385587 -8701569
-1500064 -9399203
-7653880 3878591
6586095 1103360
-7806889 1215011
6505200 6257372
4422725 8069274
2255866 -3455130
1643117 -6043163
-4633599 8862614
4926882 -8137446
-5335118 -511129
-7384975 7639438
-9749182 -9175269
-2613619 333846
4307343 -4442800
5379001 4180863
3647427 3037778
-4120877 -3889588
-2185311 -6207152
3273990 8567566
2020728 -1634910
-3591672 -531448
9786568 4007010
801449 -2653338
6917478 -8780241
9376148 -9932767
4490932 -9632548
3542550 6525914
-1948516 -236019
-7319269 8114073
-8116748 -8469951
3183650 -4537079
8239380 -9006082
-8964784 8307043
4296823 -609151
6577258 -6930671
266465 -2801209
-6128718 7971727
6152744 3167520
-7556757 -9509965
-2475513 -6635809
1285425 3208325
-2437489 -9805169
-9893727 9977892
-8198632 133449
8499012 -541420
-6709375 2848421
-5006933 -3938092
3445370 -1118967
-9271213 -3934233
3182427 -5012360
3173600 7186906
-1162539 3652676
3731506 -8812253
2905807 2056813
5233628 9437933
2119256 8586756
370848 5481551
-4728721 -4319991
-439692 -9843700
-7987044 3910490
-346079 -1941293
-90594 -2967323
9021761 -5341610
-2645189 -8447044
7249242 7796057
-4170800 -9671
3353018 -7890933
9315853 267293
365056 8491393
-382872 1848800
8034132 -6576289
-7382388 -9099943
5326075 -2269660
-6188408 8249504
2100296 -9020927
-7576317 2933163
346524 -1922267
-4921472 7436009
-3403707 7620969
6922610 -2807422
-9909974 -2169926
8348863 4717327
-932141 2460075
1555938 -6160133
-1200435 8975217
1107502 3285157
7414619 -2427069
-2739581 -9360225
4468995 3009804
-2321390 -5318857
-7637476 -1385984
5503638 -8383975
-749844 -4382858
1356377 -8495964
1835119 9736883
8651407 -8190741
-7475477 -8181658
1110110 6967564
6921907 5433218
-6398698 6218166
-7688733 129671
-7013195 -5677306
-7305008 6950460
-8832057 -8770581
-9069146 385399
-7731313 7012071
-1942111 7051175
8803131 -7059085
7243267 7725349
8174244 103827
4959498 -1846846
2946145 -2364644
-8664290 1087648
5294012 739823
-1902907 3657956
1982533 -1340489
4672449 -9496309
-6652989 7251551
-6292762 457760
6082015 -1460852
6927272 -4747244
5767170 5416909
3644316 -9121955
-2228020 -1496782
4774456 -1016838
1118751 -8362988
-3304479 9547333
-6175253 8582525
-24813 -1242372
-1818604 -4436889
-345340 -9595730
-9934593 5534990
-6203385 -2626506
-3090103 -23134
-1513145 -8483008
3526995 6001786
6681852 4891297
-6351675 -6264527
1346974 -5972817
6214918 4487140
4957977 -7349934
4921935 9063630
-7167540 9336519
-172184 -9500616
3764444 2875593
8679651 4886066
9662561 7100369
-494996 3947611
-2533675 -732426
-607142 5692376
1071688 3455749
9808749 -4522339
-4455611 9897557
-2065330 3325421
-6866595 9688127
-1838828 -3143713
-3292503 -9940125
8074456 8837997
-2775940 1712640
8302297 4811978
5956267 -7554455
5610337 -1313885
3464306 -3974539
-4873382 -7177744
4346739 -4620226
2801250 -9148009
6360956 -9665415
-2966360 -7554798
3856154 -1124786
-7687955 -6856256
587789 -1116644
1611532 4987657
-8298170 -6999158
7578567 3465259
9046556 955329
-6898994 7046845
-901484 -4109324
-455311 8635104
2303930 1562191
2482615 -5764296
-4042125 -4918607
-3642173 -6359222
1817269 -9286856
141172 -1243857
-3806058 8882416
7316911 1118397
7115769 -7720616
-4338175 -3288195
2191681 1560756
-6257308 -5763667
8882101 -4413496
-8200508 8736487
7514337 7715248
5998016 -8328348
-1406712 -5897246
-8503230 -1414990
6213257 -3373326
8839257 -1986208
2425786 2464081
2610978 4138474
2988946 -5513062
-7215351 8566342
-2651621 3869505
5902704 -4645023
6496669 3370209
4579948 1296167
-9427364 792477
5933735 -4924677
9279696 -5338853
-6970265 -6674585
-2513890 -9405916
-6058209 8889836
-5375079 -9825573
1311868 6089592
8208448 -7053268
3294677 -5005427
1816379 -4176559
4802760 -6989928
9478310 1166711
7633971 -8649122
9905469 -4616375
-9472741 806678
-3846731 7672742
-8192456 3580479
-4263263 -8654910
922749 8967203
8191156 3360716
3447658 -2803019
1757846 -4501348
1300568 -3188733
-9757875 5281633
840003 3092080
4012173 -8074890
-7301197 -9281910
2796128 5113413
-7736372 2261607
7870100 6191893
7317453 -9835552
85175 893605
-9290139 -908549
977990 -5880592
3321109 -2296942
3313860 -3706215
-7805960 -3241540
-5760008 3261661
9724940 -8204830
-7411410 4886814
4677907 1943183
1786286 -8193241
7556948 1372558
-1640163 4207228
1326531 -8367128
-6685724 -1033584
-5942404 8438188
-8487462 2683689
9295220 -5322234
4405637 1858909
1928229 9188038
3340677 5456630
8394422 7771581
-3440162 -2980311
7905880 5444364
-6594910 -46656
8389300 1956780
9193606 -7205506
8514207 -6067026
-3632681 -7377279
-2989427 6160715
5837303 664
748700 -6118655
4440960 -6573189
928471 4794694
757841 7013395
-4028263 7281099
-7914671 -3989946
997366 -1346268
8793953 -749179
-5183791 -6030490
4135781 2197426
283291 -984382
2748126 1145351
285343 -6634729
2428560 8945719
1850352 4849628
-4893062 3251372
9417780 7394663
-1469740 -1503403
-5462042 -6307049
-3278770 87708
-6673976 -4297863
-7790998 7392889
-1247383 2654148
-5722786 6683027
8316435 1590370
-3264498 -868253
-3218104 -3853550
-5544225 -2726742
4856268 9246824
2468773 2432655
-7730317 3687243
-2288268 9485980
-8790990 -948373
1275687 104425
6942693 -6467400
7897064 -2238449
6094471 7199985
4510295 -5311688
-4470727 -3329233
-2965594 5315280
-9839713 -5411628
5534241 4201607
2493846 2365027
8332953 -1776270
-4612917 -4791273
9533661 8226631
9201324 2082480
-2122291 9328520
8327806 -8001194
-628743 3908955
4022661 7624992
-260222 -3983446
3337038 4503266
845341 -7547983
7358423 -3624774
2313764 6286474
-3247843 -1930135
-8373662 8677500
6117157 7142463
3670533 2425613
-3034730 7405598
-8581582 6337928
-3616253 7819989
-9154287 -5605593
9547311 -3193337
7381372 743599
-4083356 4558642
8862599 9001297
9093045 8604437
-9578636 7253815
4072397 602009
6707490 -5752986
588932 -1972728
9423161 -2512332
-8293814 6001998
2821347 7508404
9064909 -2670251
-6867016 2619606
3983182 6414035
-3341428 -9355191
-7037582 5907358
-8089340 -9428089
3197954 -4965268
-6142417 -1497705
-2088494 -4659599
-1108046 -3694773
-7612969 9101683
-1219706 6211282
-4531595 -2766339
-6248563 723178
5485219 3156261
6437023 4396290
-4605809 -5736865
2834717 -8631033
-8953854 -8687926
6594030 -6023936
-8037776 -5804100
62268 -2765419
6465816 6635226
9756655 3005378
-2003367 1098608
-9270232 -7506611
-2791121 7474173
7632897 -6634297
-8182400 -8036852
-8733750 -2257764
6871234 -3286931
-9445848 -8803294
10553 -8941402
-4087825 9735147
-9057690 -7766733
-4902248 9413784
1681069 9645272
2803266 4660879
-523616 4622569
1868573 -2756649
-1575528 6748680
624058 6353822
1834972 7278506
1396306 279871
-7710047 3173786
144492 -5662136
8827771 5673337
-836459 4992670
4303523 -8421738
1750369 -9756282
6903298 -6273952
2317888 -4693786
-8180748 -347283
-5412132 9667154
-94474 -7965363
-4525798 -5690105
454866 -7396221
9962821 -4051864
8952080 7658519
-9482405 -1057273
-4931061 6831326
6018461 -5898224
2917610 -272557
-1596772 -9116835
9749234 -1285745
4989835 6275299
6103927 5554886
1301895 -954842
-4139878 -2120974
-5784460 -6292981
9990352 -2954678
4508242 328920
-1178043 3986333
7191211 -4181192
-4748363 6737424
-5005130 6299700
-3082964 -459803
3913485 -928144
-6622879 -8518502
2020901 1269874
-5107212 -3453804
-392037 8377510
-1625873 3544368
2740398 -8318559
1840426 -1413673
1384793 7487826
3860020 3631672
1183148 -9812963
2716200 6452680
9288246 -2125760
-4473031 -1912366
7299551 -9663158
7475483 -3064887
-3525736 3807227
-7829348 5076727
1111599 -8149835
2891325 -507900
-4797270 7632109
-3474333 4737698
2560453 -2093768
-1759019 -6476259
-1102053 -3330649
2170163 1181426
-8096635 8450347
-6413983 -9828117
5543997 7626096
-9019761 7542052
-8043240 2710428
-1927876 5469899
9252145 -6767781
-7487999 2119597
7087883 5269318
8686376 -2502890
-5751736 1810576
73579 6700296
-3366267 -5369020
8357766 -6222357
615106 -3609873
6578945 1357824
3955081 -4272251
-5724290 1481837
-4055059 -1533982
641 444 393209398
641 552 863161964
269 477 911085060
269 925 79274381
264 365 924660327
264 521 500704374
444 521 423734645
487 925 652405063
487 534 994134083
365 534 988750918
477 276 708209937
276 552 456289258
970 208 189455769
684 369 538602906
155 573 655460634
942 365 809499948
709 342 956722291
580 971 347737925
454 598 54551761
887 653 949671682
751 621 959305530
583 637 814554454
886 264 8458753
454 409 432340969
375 611 343746359
640 653 614036880
948 210 385168098
326 503 374156706
83 645 619630923
798 117 988710155
783 588 23106196
751 557 725029485
792 455 748341317
118 413 634536164
692 114 245508943
357 668 952710711
522 458 570839342
230 562 213619618
93 969 786003766
952 298 119632238
487 755 614330474
760 481 513040066
299 803 517538154
669 504 954975525
888 636 480156005
596 151 812164029
889 883 634775071
728 919 660912380
951 917 95198149
431 955 119973228
652 664 976640287
323 93 102039361
887 909 209848198
234 432 750507009
304 458 526091205
379 240 824707736
662 636 983543807
638 693 165391467
78 161 890538248
932 557 389047966
707 967 715201271
144 962 921781035
876 571 426817384
395 351 924383505
401 239 143115910
347 119 167414730
483 476 535789540
941 361 615866909
59 767 3961023
308 532 920504
6 901 438525199
716 303 129143089
259 10 475671530
526 426 603520349
394 892 801240862
828 257 658959121
172 84 552770665
244 214 402301330
694 140 126182327
70 53 106268477
285 659 421632055
365 666 747655109
816 674 912589963
529 470 571292864
471 62 319771108
827 696 315177135
560 829 413692620
576 938 453548774
526 567 301039592
299 300 100942009
66 519 20255730
108 276 61887657
139 926 763766051
392 895 32519215
819 521 15849940
186 190 101969352
635 950 106948758
946 676 43963167
805 413 154573201
740 446 530318161
763 546 739427222
600 34 65454965
430 578 589969491
580 262 685237038
151 67 897840629
173 575 713597554
96 175 811663407
631 245 810747302
709 78 446156096
678 557 606343568
648 195 621815732
553 610 127831195
875 719 975247365
481 72 313527828
18 413 611068878
45 934 967832592
912 661 247489543
949 7 954658382
329 47 19357714
319 473 1318274
99 901 681394648
313 868 743301309
395 796 752717361
150 847 94513447
560 943 423338369
177 615 434645272
587 915 417461234
94 438 441876686
397 381 623001873
747 946 735950159
199 238 682257417
346 557 211465959
920 366 22937128
421 297 30995660
861 725 179264819
475 394 608049349
974 176 684465990
174 913 823738775
380 621 824252636
527 704 870788279
55 388 237542445
834 943 203764939
395 570 514646228
601 293 668765704
744 834 15770327
444 353 911388905
215 665 786205704
906 310 292387137
531 20 708027223
836 701 606648934
948 327 770019606
295 718 983052817
189 452 503248721
160 167 236910138
896 723 313999425
252 358 594760894
875 190 683710497
526 118 944626527
488 582 895870074
466 882 880484601
803 182 879734414
387 877 271378100
553 192 870193892
125 417 985106774
738 972 664374072
67 629 293797124
910 439 783358615
535 904 759744372
203 759 85886739
845 119 389403186
800 520 242924466
533 433 465087115
885 589 952408549
357 879 861111725
174 824 812464942
388 52 323510745
490 6 890230431
268 203 584285168
829 514 711842669
318 456 308332043
138 689 258598087
173 530 824880101
258 907 679174299
559 441 310694009
875 679 227721583
191 915 500778124
495 64 589509072
942 568 463159266
132 118 763305111
699 85 875426819
594 250 888081336
563 688 971667502
967 115 276312503
360 470 50842880
896 464 891534478
73 342 480442367
222 406 256341046
633 220 471755837
963 777 290719332
955 704 594507596
771 99 721489901
377 634 314353322
576 872 526502831
745 764 226704750
127 91 590743472
771 655 808633823
800 958 358403122
739 241 785370139
73 229 207689888
814 822 983012838
903 518 905063492
271 519 775429940
763 637 646481357
256 278 218655103
719 611 591787701
924 797 105371223
74 127 373878010
576 400 230554545
493 741 869730224
409 361 708423059
107 887 817013645
694 517 537892597
59 940 528465733
532 851 134235258
75 302 160410033
172 610 919439243
639 686 796766709
698 493 623797295
25 590 145964008
793 394 790749179
33 629 418893590
88 732 893172264
407 270 635548518
15 544 80281848
906 515 677289020
909 911 459488217
380 529 267260104
318 322 378511824
422 129 801663554
888 140 246950800
219 827 489947773
499 136 26167986
660 595 644934891
329 242 496221138
930 3 235923242
461 48 907107529
588 53 769821447
347 452 873819974
910 823 725383009
775 411 247559841
448 933 756869930
814 151 93530506
487 391 9176335
891 604 681573181
307 183 522679969
435 333 400380930
285 349 62274232
867 923 818481135
683 397 505935087
753 200 289498509
500 785 477238485
188 402 95787447
745 512 360619899
778 139 739790659
700 428 805031507
73 171 538097034
944 465 743212921
829 301 340930472
634 62 532064305
287 793 282859624
216 433 566639530
197 586 494348089
138 398 967835000
332 594 287960799
593 195 402741875
385 891 14237781
654 525 923700450
407 613 474178987
271 194 214420492
685 177 287649378
546 149 537406649
335 203 951072285
409 524 951100971
422 68 359484749
460 206 988677432
672 540 546880962
392 80 198310771
41 544 114499650
216 626 250261435
275 827 297206992
20 24 110951622
705 168 748105358
54 369 963740545
466 221 191923914
886 324 144784804
154 181 299228777
416 887 805095589
366 301 977342889
960 58 99519520
429 830 808553451
387 815 81324338
86 736 513216644
631 224 264059129
340 615 266824578
15 905 574819107
608 646 529536916
627 368 754714044
644 155 366776503
46 190 60868804
558 819 819772856
889 324 741053464
731 497 554150268
734 48 110945009
108 891 636952264
703 433 50712350
918 720 845192011
922 211 611545796
127 214 393450427
319 499 619169073
85 484 742589969
43 435 608394443
268 145 42009907
23 152 612128910
388 975 530171013
670 696 674564088
597 666 832454503
553 22 206871716
71 502 116906319
843 337 970708252
226 233 260316702
838 492 718613172
388 868 283542673
753 201 235484015
55 32 881334349
164 790 317940057
341 719 679224263
667 165 772862613
772 66 447089408
766 237 186399403
355 12 709867072
601 670 390469792
946 142 989510736
630 928 593569181
314 651 242497726
956 371 809052296
486 964 949227892
196 565 17158878
967 822 626445445
916 850 630006294
744 768 347661725
691 461 921342008
683 736 564291763
506 957 763867186
556 567 658544933
317 846 33963890
864 830 674182548
16 123 862362664
100 872 362160245
565 792 858582117
791 911 173274403
367 681 235057486
907 192 314990142
235 350 492126739
592 801 140835953
395 159 502874674
419 642 392744746
964 617 569956968
83 354 415945329
297 129 733873518
399 837 139890482
287 184 718470929
234 126 40356622
384 790 742655326
331 807 633099315
559 64 792449740
490 415 9201486
392 969 30552618
761 635 249259093
739 894 630722578
859 364 575078451
803 759 593364230
881 839 832298766
266 58 810617024
970 496 404065800
461 460 790608786
757 363 206800490
459 940 624936831
251 564 887277519
958 865 346808662
692 424 542555873
541 534 520983946
590 884 886343200
816 916 749836581
330 177 716344954
234 341 816316796
811 914 637111513
486 774 579726646
737 515 332424480
848 103 379519286
816 713 554208212
670 544 940842045
886 613 810157454
953 818 196265575
154 106 100628830
752 515 125365394
292 128 334719251
680 586 293038241
208 460 913705513
173 643 275883219
446 840 352059457
537 418 745837911
55 856 435714235
469 307 129902972
927 937 362114825
638 586 95208177
962 764 288513824
345 642 33765042
170 163 553378086
657 489 947558069
902 72 943472951
314 455 316637584
523 254 263397022
598 869 949952287
215 401 380913988
371 274 372636206
382 434 834391187
204 11 544456596
3 389 254180702
660 402 670076228
700 115 566910725
338 182 757346756
741 257 591352323
2 358 304174345
575 194 173394732
216 293 109943342
78 892 981804171
124 767 992091869
746 99 178412591
131 850 693245725
626 676 208373277
469 809 657571702
646 921 856748052
721 908 486656829
728 825 549855404
21 362 797633584
462 52 160971487
243 46 692128613
914 884 760416312
699 482 641772487
115 843 533571952
584 675 925820812
21 506 677622946
624 937 703064978
735 578 958051049
294 642 131586934
271 462 747176748
740 503 388977804
930 478 609721957
148 789 878701235
620 377 86616226
352 607 838739540
466 411 612781469
379 865 760311891
959 365 947229491
367 248 789780026
226 68 236474875
572 221 514735352
219 755 19180721
235 554 247830797
928 334 247671823
900 339 797012872
965 512 466083138
953 29 512697934
619 369 136034747
163 696 339650598
480 732 496058457
867 935 722960742
163 882 338707665
738 292 754310878
849 436 33216482
324 880 997398174
215 18 13761936
231 840 442366300
168 109 262009783
532 241 183196304
284 102 562473354
327 209 266638181
878 919 663270198
871 153 614609661
466 410 348221954
958 113 673434400
622 497 99390883
797 81 794035039
840 390 883509612
268 4 370363299
44 389 214615464
657 383 343309908
853 840 794806091
249 44 957678694
474 445 315867390
264 228 203639943
891 767 561322103
357 167 244923850
30 960 782737475
149 122 198637919
111 911 244166968
737 94 946723583
155 125 876910455
188 489 53739421
684 299 181566780
100 675 18609073
356 646 303819273
338 37 648142165
607 940 214567748
140 890 615088920
145 434 886935202
322 169 423896857
515 894 157468273
587 952 869411207
781 489 715421861
854 50 334278274
655 669 397730566
762 213 614771475
677 776 920346205
416 950 141493733
731 303 820764899
180 748 234442585
355 11 717775674
124 455 166357492
531 925 83160173
180 423 734906834
882 813 326963318
255 529 935566373
817 697 188767677
625 939 785000720
599 704 441315696
8 732 858119354
330 7 985551250
667 135 618481036
729 199 989912169
624 481 898002671
787 153 215811978
965 291 52026060
96 425 376137688
402 184 627998868
582 198 968591295
49 462 114100578
584 424 334957660
3 122 5002606
705 884 326936809
273 571 490038014
741 550 469106650
587 929 862990010
881 777 168537829
631 920 84353207
412 645 385134626
235 822 441938721
556 935 591882294
315 567 621462354
346 87 631066494
928 344 986565545
143 901 485876328
856 585 316876979
782 233 784646811
827 605 935618074
947 833 934070221
912 487 812744777
364 193 731730296
146 24 625971923
976 463 187723208
639 371 410479413
63 558 136278304
336 740 138137399
138 593 245442586
556 85 911198839
287 681 812991913
812 325 590369350
640 467 963216310
733 899 903709093
528 455 560624240
16 629 327100468
863 413 19420953
908 890 290948590
225 84 152679508
854 943 915266211
457 415 453844816
576 217 981650192
687 430 551650463
2 755 902427542
512 622 496441457
680 785 717590801
320 919 280422452
42 526 407279019
60 445 34347521
115 833 679417824
895 963 804816869
232 720 631366654
568 551 662645548
786 554 233523491
133 64 302939941
298 179 901603174
30 102 599923783
334 428 483289813
427 241 868725734
331 564 559170533
39 606 590708859
623 715 226893132
549 206 535654276
680 789 489960105
133 906 233431910
849 926 911230125
863 274 265073891
531 878 142060336
307 333 679985108
202 327 675482646
480 136 164523053
583 711 253756259
591 504 994067258
242 552 939364966
867 697 680952642
855 337 830690828
359 577 629548646
343 521 172156150
435 134 767932138
457 913 258716493
931 282 667446096
698 821 385705368
724 262 370723103
887 181 893132174
209 777 402561893
810 636 210497374
798 643 923798209
613 873 220070710
641 446 761582836
207 890 920188532
540 725 505173454
462 968 373634560
269 284 433866092
286 425 206684856
474 799 197567366
844 67 505002100
416 137 714921756
875 682 518948127
698 688 615509464
765 428 438825446
706 344 880418721
512 172 288635748
421 136 655410775
976 178 362277051
222 697 674248509
186 343 897218964
657 828 10013930
568 467 800397044
655 24 435553700
849 259 653025101
13 148 677686110
376 397 690928906
623 404 998035410
156 137 545867076
623 511 337797945
500 470 497032367
780 727 985347163
380 954 409616297
502 452 662273221
469 585 418274543
361 152 152517343
603 137 337251107
165 769 970002513
523 176 210121387
186 104 696219065
429 602 789174776
908 47 801447957
148 423 918370912
46 842 21196768
850 227 845536198
365 722 459847911
197 532 943928044
628 66 63193296
561 12 159054027
537 305 677633098
780 505 873689642
537 31 682368328
951 557 137590509
760 383 717530364
240 836 338408020
131 466 13144657
846 667 805176382
673 48 231242300
64 689 617676854
950 758 358927177
91 254 207491013
949 443 861746183
399 746 738382313
365 92 757280402
162 547 549874065
340 800 37535591
804 931 574219139
9 68 109559555
492 436 973955406
251 124 74409385
79 742 763042738
773 182 760691102
942 904 965200723
853 949 37082023
373 257 467302931
713 706 612664238
898 498 937502525
874 905 517411233
162 268 969297925
885 706 179270930
472 419 86955366
951 35 96206175
620 671 955738858
864 371 999040266
796 418 768856593
34 610 763646149
910 690 164801544
69 326 639387202
832 278 172526023
223 366 541936708
459 76 852096026
357 101 683200559
827 729 835445761
787 236 15079218
195 278 33338177
716 468 895242392
948 98 205465620
95 486 106970964
532 972 417179409
509 551 219608
626 562 469726186
704 89 538113327
286 945 511469283
525 283 960942264
328 932 405855381
322 719 803325595
491 181 263586476
173 282 912880195
238 508 80512970
359 465 266789180
838 152 295770871
820 224 670119512
213 610 220651493
783 929 859117902
627 538 588278310
443 756 178836979
212 2 309733673
528 50 193481783
13 305 558085323
971 411 605195389
714 265 639379299
60 147 39708705
606 933 590532542
408 210 484750380
249 756 720421766
501 180 615810973
810 826 137578091
702 769 508829442
947 451 616540937
49 11 594922981
302 916 186672832
209 818 777242987
665 796 631357658
885 198 511449776
783 732 633079711
548 581 462973716
806 642 865983328
280 668 11367750
694 480 410522591
770 36 861962546
441 710 79827960
217 742 564986169
749 303 623588769
478 777 936243223
277 465 827167392
382 404 466968490
120 753 360415065
725 254 518371092
733 764 995520785
607 464 672739718
60 375 235038971
296 345 3816941
492 164 800551397
832 111 882280924
536 943 120907133
592 373 566654269
507 887 742066462
858 38 399738478
479 755 2010107
400 110 497863417
685 121 994160807
54 350 364167766
794 71 239240809
82 558 830881276
658 311 609182711
109 862 405536705
105 376 816038777
897 943 259413474
405 502 570445705
374 972 40213500
538 711 484687519
412 943 737650359
83 857 266481179
695 299 172021231
439 208 647840555
506 498 514117595
393 210 373965461
378 736 626601678
505 576 34597258
43 3 581788693
720 573 629510057
663 11 597332650
936 68 957540649
448 420 143228722
309 220 989695787
379 414 482504271
492 237 551023222
592 167 24056063
594 826 583325205
476 406 683871880
471 67 502208416
766 715 488602136
98 272 540020196
643 458 853541950
14 256 288791690
437 966 408891610
599 863 293618870
120 294 465780335
187 103 792188627
910 315 989376009
171 116 476704542
750 128 785492261
936 687 112702291
261 447 106828183
316 650 164942789
295 971 865808270
699 647 290393415
607 57 485529694
761 494 933450282
562 872 57098012
652 865 794839299
453 69 442063726
65 776 545366086
608 966 507593603
963 902 246889510
965 856 533588566
502 272 131318890
297 841 537136938
932 279 712998398
797 673 405324926
475 831 477902998
389 193 526847606
48 420 652637461
784 445 605079975
712 481 170321053
168 345 184329236
543 17 276300251
398 281 918673743
808 23 815918495
138 516 385309143
641 103 153828873
312 270 905290943
566 323 303240006
363 382 576086511
688 957 355967878
903 217 936418424
579 167 550545129
201 558 578681600
832 56 436258018
492 788 679329265
559 725 390139176
37 736 801556741
157 765 599228356
469 555 606416686
483 36 87844537
280 290 8117643
386 11 68014317
387 27 655317212
612 685 546490041
717 227 70560868
205 564 505535332
542 113 13275569
787 461 857922315
586 288 895142247
350 450 459056271
73 26 523736446
922 785 976720693
677 125 379681180
919 440 53926796
510 569 109561338
657 893 142863130
902 659 213908564
726 515 273610070
876 545 801958263
654 361 905157669
213 97 210787535
95 212 431825019
858 365 262100893
163 166 640748654
900 447 505879897
857 112 435662003
601 316 325781571
895 616 401305771
228 860 573691390
539 606 903358524
852 944 37320175
909 447 174947898
260 519 444200540
292 130 983184904
321 808 575751283
543 77 90499999
301 27 615061117
511 973 419658585
778 17 865532944
734 1 972883272
923 835 308664246
677 206 473233194
531 656 424596490
306 574 105048449
396 670 317724509
284 667 277734498
506 45 327992728
158 714 897793971
309 311 188637204
141 397 739616253
263 319 21265108
356 771 920384754
804 463 581851137
284 306 605272945
289 711 192342373
273 351 735365873
472 348 525830623
802 149 740064953
220 418 46373244
442 462 932281467
474 5 813927357
542 90 206257709
868 19 534708905
791 246 707245464
40 85 352518900
754 134 951503647
944 855 684817744
820 265 293208908
569 183 560888715
743 581 477156095
870 376 858550767
614 303 720116776
743 959 858561564
812 423 901573552
267 504 102066829
96 260 671494470
779 750 780992305
174 847 717619671
157 730 765648945
566 372 539805791
625 500 471262586
457 795 590584363
253 436 281964104
885 218 548020419
449 608 21820150
808 708 585299237
592 370 575422772
609 177 378149219
399 513 76062033
632 424 621818666
120 403 177151337
571 61 970177814
258 247 415244417
618 399 764805593
28 256 324224029
392 866 295334381
772 185 850224847
485 296 372807988
646 649 500305790
51 493 167192702
961 390 25382011
662 140 319954948
655 901 183750545
74 244 213917026
805 18 415822501
454 361 816978566
347 189 453255538
172 22 741322854
568 365 786820704
967 814 965015726
391 541 149054511
604 276 119492152
626 293 407380316
533 676 663095973
775 466 287623701
845 189 105853310
191 587 960121454
777 839 569153820
6 143 876089002
269 531 206230959
402 161 85113252
308 241 274309059
336 326 738697924
350 554 693045361
411 882 62080999
912 252 792039575
705 914 631742692
271 52 540273676
541 142 818813016
99 655 715149936
258 192 59002093
231 390 584473961
879 668 663652746
107 911 511551272
299 759 191439336
774 964 590416946
299 369 689420459
745 962 341628621
764 497 454702893
332 250 370956398
85 567 519153945
662 890 194295854
475 892 281532915
24 901 817219661
229 342 779169635
886 873 148776039
628 313 807922365
340 7 212088574
424 114 823551022
891 276 889913436
226 9 625250917
619 300 954677248
679 682 336438576
540 861 198695878
472 642 144542058
760 937 514355646
660 550 79912920
813 544 919167065
709 161 517246761
947 115 352500668
32 856 645078423
255 87 261863482
760 927 945540868
78 342 326372273
830 602 665549470
729 508 721358487
889 880 253161871
583 546 726452787
154 156 486726691
336 446 650284214
331 124 782505115
383 828 373613577
197 851 81204811
100 938 83400809
553 907 484308792
80 9 814845014
880 343 596933379
622 172 689443893
304
-1878172 -2098605
6027378 3476598
1917070 2267563
-7568241 -1815550
6763275 8608397
-8548859 -5650917
-9681068 -8371615
2949716 -2554469
-9037774 5830806
-8842513 -3875735
1871350 -3493561
2691752 -3045572
5818439 4074194
-9334594 -5472476
-1032396 3338308
5776958 9363044
-9405175 -7599432
-4224073 7776618
498429 2255069
3224815 4950279
3755438 -7992539
-8164213 -3415325
-7003709 -6818037
2930627 -2268483
813118 -7231704
-5369615 1728269
144644 -3109200
134051 -511573
6328136 694879
-7543701 9224706
-6338043 2080721
3169939 5861903
-8005208 -323063
3558176 8235642
8453513 -2599192
1974331 1293369
-3763939 -5737016
8364517 6893882
-3966783 -3051244
-9230946 -9537991
7988652 -8302633
-1728566 3598011
-4633609 8695487
-9938864 -6046524
4579911 662684
-6755884 3908924
2689079 -7822948
-7777646 -9042319
9724324 1512313
3224808 4833572
9122610 3753306
-3689580 -325706
-715304 -5897828
-5026797 3406703
-8756665 -6068522
-3891754 -6445257
6424967 2470348
8819445 6232081
-8117251 3146854
-795835 5369691
8270359 9915110
-3138356 -8227188
1867562 -6944414
6332063 6479078
8762355 -9992497
-4310440 1241703
-9105226 -3907445
-9257494 5881234
-4227513 -9890627
1875110 -504351
7288961 -7031760
3421674 2026514
-4746222 2582272
3359548 1509702
-511319 -9485078
-5846744 -9465770
-2444457 -6495916
-2054700 1345569
-9515141 -9357959
3238950 1677622
-8147791 -8387583
-4521986 -1832742
-1210569 -787396
6723333 -383259
-4653624 -6577725
7796659 -3871842
7100132 -9618049
7148664 3259608
7689836 7058549
-6053723 3999836
5330633 -5934163
6449279 9682848
6869804 -7241733
6711087 -5506773
4564632 4783100
3775327 5168803
3692156 -7869087
-513004 2348673
-9092569 8117463
9136427 -4856594
-6009478 5034449
-6562800 -2267309
481507 -1179942
-7858334 -421668
-7951817 -6134294
-5474238 9484283
1209303 8295159
5262156 7220658
9062087 -9950142
5096311 9588789
-8528995 7092292
-907282 -1212261
-9157412 2068688
1631028 -8524836
-3286373 -7261347
-1828958 2170229
2278593 -2800789
5544564 -2913648
-4693748 1445769
8743543 -5045632
7964651 9789010
4911707 -2272558
-7453176 5360380
-7733646 7941692
5240785 9305203
1894983 -7693799
-4729174 8136536
8579016 -604298
-6714882 -9425296
-4576077 -7795364
-5785291 -192328
-6863823 -3928293
1617270 1076363
1742586 -74008
-5193915 4440981
-6211603 -249779
-9097096 -7765387
-3707069 6786723
1309859 -7598033
-790445 -4388711
-9713638 6172523
-5605243 -4684741
-7743474 3330503
-4971195 -5380206
4363123 9840046
-328033 312803
-6716389 5392877
-3447163 -224589
-7199561 -7032339
-6312092 -3295903
-6877873 775472
2297142 7895605
-6689293 -807631
7821422 -9146026
-7266059 -739068
-3891767 -6664691
-8793869 -9182965
-5916593 696175
-5828942 8739767
-8302183 5829715
-7102726 -5185559
4394459 -5389068
-4097995 -640529
6509279 -5476376
-6377728 -2600018
8160904 -3332363
2505653 99116
-5640552 3971659
-6625917 647047
-8657401 -3536949
-4015643 -1376054
7623087 9114572
9143669 -3567013
-7542723 5602378
5400304 966793
6634291 8329781
5126931 2403500
9222570 -2095401
-326690 2810422
4526264 2162842
-1459156 -4237214
7695074 -5262371
-2110824 1356554
-5530550 6344505
-5172077 -9863536
-4413202 134721
-9326792 5236252
-6679902 -3544714
5975283 -9075206
-1113590 3464827
4779552 4345431
-6527559 8011523
-5231697 -8387907
-9963370 3544861
5220412 8086125
4261987 -4078793
974089 8845587
4061824 3527922
1501253 -2030832
1097175 -9726705
7329356 9585405
-5189977 -9659098
-388767 3121552
-4571670 6064206
269567 9194538
8448722 -2831713
7620368 3565016
2777449 -7767734
-3015416 -9163413
1562098 -2983586
3980071 -5732032
-8229465 3732250
3682102 3785471
-4978780 7626870
-7578655 3780635
-5981125 -107716
-9756195 -6622959
-9862905 6194528
2973547 -3421738
5624790 742848
-4132155 7261100
6397198 -2635386
-4255245 5698737
-755247 5167577
3161427 3289989
-3507770 4714879
1168769 9417889
9226626 5873865
-7659594 8191683
-7856648 7847350
5156331 -5222829
162430 -5233562
396867 1241048
-43870 -412907
-1209569 -4043268
-4063622 -4964938
-571965 -5194329
-2517274 -6060616
8577624 -3922947
-8886295 2855899
6195589 746043
9431669 365
457563 -2204796
7499800 4230549
9425012 8535967
-1618046 -5411749
-3973559 3474429
5601626 -7239816
-1218572 5199537
-1573051 8235182
724806 -6318709
5902554 -7157905
-9366455 930136
-7356192 9713131
-5980857 4389649
-5943907 3243124
-8446424 7778751
-3794006 -9335879
-6990262 -1583341
-4149008 4983573
1374385 -6891058
-50606 6789758
-7894645 -8590174
2425224 -6980981
-6154586 -5327865
973226 -5670948
-5156393 -7162666
-9093510 -7701537
5711614 -5097399
918946 5265659
5887485 476273
-8863776 3546
-6283852 9729227
3631931 3499137
-602284 7050495
-927560 -826035
-444397 -8638359
-4620404 9869172
7507477 -7223843
6335123 -2291271
-850900 3119872
7326168 -3856530
3542358 3299598
-2575430 -56076
-4863042 6051824
-7132474 -3406338
3536764 9628116
-9862335 -4297622
-4087664 -7633893
-1390775 1045271
992615 -917033
-4541406 -7098092
-7586395 -5888101
-2105889 4022478
4546484 814532
-3528065 4812087
9289115 -7586962
4656198 -1656807
5444248 -3052003
-1921916 5284733
5339812 7846292
7440696 -5699519
-3663546 -4319129
-4305364 6285268
