70
2 -30 -31
2 8 44
1 50 -13
1 -33 16
1 29 -49
1 -19 49
2 -30 38
1 17 36
1 -45 24
1 -16 -25
2 24 -3
1 -20 5
2 -26 6
2 18 8
1 49 -27
1 -32 3
2 -10 9
1 24 -38
1 -40 47
2 -18 45
1 -37 -23
1 25 16
2 35 15
1 -47 11
2 -45 -31
2 49 13
1 23 -24
2 -31 -28
2 -41 -44
2 -33 -6
2 -36 -37
1 -16 47
1 10 -7
2 49 -45
2 -50 16
2 -17 26
1 -12 -49
1 27 -46
2 12 -49
1 42 33
2 -9 48
1 50 19
1 19 -22
1 11 21
1 40 -15
2 22 9
1 -25 20
1 10 -22
1 -18 -2
1 38 47
1 40 -29
1 12 -48
2 38 -26
2 9 -43
1 -4 -4
1 22 29
2 20 -43
2 -7 -20
1 29 -21
1 -45 -28
1 32 -42
1 47 1
1 -33 -45
2 -32 -21
1 49 9
1 21 -28
2 2 -2
1 29 -30
2 49 5
1 -36 -23
