279
2 45 -99
2 -82 77
2 38 -48
1 24 -14
1 18 -89
1 58 65
2 83 36
1 92 -56
1 -16 -74
1 8 -5
2 44 82
1 -77 53
1 -98 -45
2 11 51
2 100 -68
2 -68 -29
2 3 38
1 100 -33
2 15 -78
2 -72 -4
2 -69 -16
1 -35 83
2 10 -21
2 -34 -97
2 -78 -6
1 92 7
2 -48 -45
1 -58 8
1 -28 -87
1 23 -77
2 55 35
1 80 71
2 -92 -72
2 -20 -83
1 -12 -33
2 46 -16
2 7 83
2 69 41
2 79 -28
2 -46 70
1 40 -77
2 11 66
1 59 94
2 -73 -18
1 7 16
1 29 35
2 -11 73
2 92 61
1 -33 -58
1 18 46
2 80 -4
2 19 -83
2 43 7
1 -20 79
1 -63 -63
2 -45 43
1 80 -17
2 -84 72
1 -52 -45
1 -45 17
2 79 -60
2 47 -61
1 -53 88
1 43 69
2 -34 52
2 9 83
2 99 -43
1 95 -16
2 -96 52
1 -48 -35
1 29 -24
2 7 96
1 31 67
2 50 49
1 28 92
2 91 -17
1 64 -89
1 3 39
2 6 -36
1 -11 37
2 -70 -15
2 4 22
1 41 -91
1 -31 10
2 80 -26
2 37 78
2 22 -40
1 87 -15
1 -47 73
1 -76 -90
2 89 50
2 75 -93
1 -63 87
1 31 -96
1 42 92
1 21 -17
2 -67 76
1 45 73
1 -73 88
2 -87 75
2 -86 -17
1 -26 -29
1 -89 -21
2 -37 57
1 -28 0
2 50 37
2 -48 -82
2 -27 49
2 -31 61
2 57 21
1 -92 -51
2 -60 77
1 -76 53
2 53 -66
2 -29 -86
2 38 -51
2 -29 55
2 93 85
1 -8 -32
1 85 -93
2 4 18
2 61 -95
1 73 -40
2 -37 36
1 -6 -94
2 -84 12
1 32 -54
1 83 95
2 -50 49
1 -4 50
1 -13 89
2 72 -54
1 36 -94
2 -41 29
2 66 -58
2 -5 -95
1 67 -50
1 23 -71
1 -13 -95
2 0 -43
1 -38 76
1 63 -40
2 -37 13
2 30 -90
2 32 37
1 -92 32
1 -10 -87
2 -11 26
1 -28 88
1 23 -42
2 -13 0
2 62 -87
2 68 38
1 5 -94
2 -49 -45
1 61 -7
1 -96 -11
2 -66 1
1 -65 35
1 0 17
1 26 -58
1 99 7
2 69 11
1 -19 -66
1 47 -14
1 -76 88
2 92 99
1 99 69
1 85 50
2 -77 -47
1 -35 -20
1 -58 13
2 40 34
1 -26 -100
1 -10 3
1 54 -82
1 52 -85
1 53 97
1 21 96
1 -56 49
1 -98 60
1 -2 67
1 -4 -96
1 26 80
2 0 43
1 -72 53
1 -38 -100
2 -74 59
1 -53 60
2 29 -86
1 16 -25
2 -23 23
2 49 -67
2 -29 -16
1 -36 -71
1 22 -13
1 -21 3
1 -97 84
2 -1 9
1 88 -37
2 90 -74
2 -44 -7
1 70 -88
2 3 22
1 46 -87
1 26 77
2 18 38
1 -5 88
2 70 -24
1 -17 -44
1 -17 64
2 72 -85
1 2 -84
1 -24 -55
2 89 -86
2 76 34
2 52 62
2 6 97
1 93 46
2 55 92
2 55 57
1 55 11
2 -84 -15
1 -2 -88
1 72 -15
1 -12 -4
2 -12 7
1 6 -4
2 -90 -48
1 -22 27
1 53 -55
2 43 9
2 -57 58
2 51 -2
1 24 63
2 28 85
1 98 73
2 28 -87
2 96 -64
2 38 -59
1 -85 -77
2 -96 -62
2 -81 -56
2 -4 -82
1 -72 23
1 73 -67
2 85 85
2 -92 -30
2 -10 -89
1 -73 -63
1 -38 -98
2 -46 -64
2 40 6
1 -88 19
1 43 76
2 -87 30
2 48 12
2 11 85
2 86 93
1 51 29
2 -93 61
1 31 69
2 -72 -83
1 31 1
1 87 63
1 -58 32
1 -51 91
1 -20 -41
2 83 -93
1 -4 2
2 92 9
1 1 12
1 -49 -62
1 -44 39
1 28 24
1 14 2
1 -81 -98
1 -68 73
2 62 -74
