229
1 -63 -7
1 58 -46
1 69 -9
1 -58 61
2 86 39
2 94 81
2 42 89
2 -21 95
1 21 27
2 8 51
1 -5 -52
2 -9 40
1 15 -8
1 35 -40
1 50 -16
2 -100 26
1 35 1
2 -94 45
1 27 -35
1 -49 64
2 19 15
2 -100 51
1 55 47
2 -87 24
1 15 -26
1 83 81
2 62 38
2 -70 33
2 -36 98
1 20 -96
1 11 -100
2 22 5
2 -1 27
2 31 -56
1 65 -27
1 13 -11
1 -47 17
1 48 -29
1 100 -7
1 -13 -96
1 71 -59
1 17 -81
1 -39 26
2 -3 39
1 -37 -69
2 -27 -58
1 94 70
2 -47 -89
2 7 41
2 6 -2
1 69 92
1 79 -5
1 -2 -18
2 76 -58
2 -53 91
1 -31 -40
1 -66 -80
1 8 -8
2 79 79
2 -98 96
2 64 97
2 100 -36
2 76 38
2 31 97
1 69 -16
2 -3 30
2 -65 93
1 10 54
1 -66 84
2 75 63
2 -53 -20
1 -37 -23
1 -46 38
1 49 -62
2 -98 -19
1 -89 98
1 11 -1
2 53 52
1 35 23
2 -6 32
1 63 -69
2 -47 11
2 12 48
1 73 23
1 -6 19
1 -56 -84
1 -67 -59
1 83 43
1 79 -81
2 -16 29
1 -24 -59
2 -47 -57
2 98 -5
2 -37 18
2 2 59
1 -2 67
2 -91 78
1 24 -22
2 -25 30
1 67 38
2 61 -82
1 -69 7
2 69 -64
1 52 -54
2 -11 -37
2 -96 -5
2 -79 -55
1 -54 -17
1 46 20
1 -94 -88
1 -93 -38
2 -83 -100
2 66 -39
2 33 -69
1 -10 96
2 28 8
1 62 -55
1 69 -54
1 -61 30
1 72 81
1 -30 64
1 -14 28
1 24 7
1 90 -4
1 -33 86
2 -64 -66
2 -80 64
1 99 -92
2 -64 3
2 -4 71
2 39 83
1 -9 77
2 -66 68
2 -87 71
1 -6 -40
1 -72 51
1 -8 -76
1 -71 -56
2 -70 13
2 42 85
1 59 51
1 -28 38
2 -35 83
1 47 -75
2 34 1
1 -19 34
2 -11 -80
2 -44 -18
1 -15 2
2 88 22
1 15 -21
1 69 -68
2 -84 -11
2 41 20
1 -100 21
2 -80 -88
1 -47 20
2 -33 6
1 -64 61
2 90 65
1 92 38
1 86 75
1 -23 -52
2 -35 -11
2 42 -33
2 32 73
2 6 92
2 62 43
1 56 77
2 -72 9
1 -29 53
2 -28 -43
1 -47 90
2 11 21
2 3 -94
1 -60 -14
2 -63 -14
2 -14 3
1 -40 -86
1 89 1
2 -98 -29
2 38 85
2 81 20
1 -34 -2
1 -55 65
2 -55 76
1 40 -79
2 66 64
2 33 -72
1 -65 -77
2 -55 -3
2 30 69
1 41 -27
2 62 -30
2 -65 -82
2 -77 51
2 37 -97
1 -61 26
2 -78 50
2 -34 -85
1 6 -81
1 -46 84
2 87 2
2 49 69
1 68 55
1 18 -10
1 -86 -56
1 -44 -61
1 -46 -42
2 -5 64
1 -41 -75
1 9 -59
2 -14 -92
1 42 4
1 -16 -91
2 -33 -93
1 76 -64
2 -17 -32
2 78 -84
1 -79 24
2 35 93
2 0 28
1 -77 -32
2 -50 58
1 43 37
1 -78 -51
2 40 -30
2 -81 39
1 -4 39
