140
1 -33 63
2 71 86
1 33 92
2 51 -82
1 -93 -28
1 90 2
1 5 -82
2 -90 25
1 -27 40
1 -9 -67
2 2 53
1 -2 28
2 40 -56
2 26 -93
1 12 -55
1 92 46
2 76 -35
2 23 96
1 97 -53
2 49 -48
1 81 -29
1 85 64
2 -81 -91
1 -98 65
1 -18 54
1 -4 -57
2 -17 37
2 97 96
2 -23 -90
2 -23 88
1 32 -94
1 -47 64
1 -28 -75
2 -18 51
2 -82 -51
2 -77 -80
2 39 35
1 70 -7
2 -75 57
2 -72 -74
1 51 -46
1 -85 -39
1 48 -84
1 95 -77
1 95 5
2 58 -3
1 -35 -11
2 -15 5
1 41 -79
2 91 -77
1 53 20
1 93 2
1 59 -17
2 -2 -26
1 99 33
2 -66 73
2 -9 -4
1 67 8
2 4 -70
1 -85 32
2 18 -81
1 -90 17
2 -11 -76
1 66 84
1 27 32
1 -50 61
1 49 -51
2 -91 0
1 -16 41
2 91 -23
2 -74 39
1 -13 95
2 93 51
1 6 48
1 95 56
2 -48 -28
2 92 -44
2 -58 9
1 85 94
2 62 55
1 -4 84
2 -88 -65
1 94 -15
2 -53 -89
1 97 69
2 15 31
1 -61 82
1 19 -86
1 65 -28
1 52 21
2 -5 78
1 67 44
1 19 -53
2 57 -94
2 -45 -86
1 -29 -65
2 50 72
2 80 85
1 88 -39
2 45 59
1 78 -41
1 -93 37
2 68 34
1 54 88
1 -89 8
1 69 -5
1 -90 -9
1 79 71
2 -17 -99
1 -3 52
2 -5 64
1 1 -39
1 32 -90
1 -97 36
1 -92 -67
2 32 23
1 45 68
1 38 27
1 -62 -88
2 61 70
1 -89 -3
1 18 -19
2 69 -22
1 37 56
2 -40 69
1 -93 -4
1 -31 36
2 81 93
2 -74 -77
1 -35 -32
1 79 13
2 69 -92
2 -99 35
2 40 -82
1 -11 96
1 -73 86
1 -95 -38
2 22 70
2 1 -17
1 92 -93
