235
2 60 -68
2 41 -36
1 -87 -100
2 -99 -89
1 -74 -100
2 69 34
1 100 83
2 -34 96
1 -53 -56
2 -8 -25
1 -83 82
1 21 70
2 -72 22
1 86 39
1 -40 -89
2 -45 58
1 -71 11
1 -5 -63
2 28 -53
2 45 42
1 4 45
2 28 -71
2 6 85
1 64 -61
2 3 -29
1 44 -63
1 -8 -13
1 95 -56
1 -34 -60
1 2 4
2 76 8
2 1 -82
2 -28 -4
2 -51 16
2 81 -74
1 49 -21
2 74 -73
1 -74 -1
1 -56 59
2 -51 50
2 -1 -47
2 -93 -44
1 93 -74
1 -47 44
1 -87 57
1 56 -25
2 21 45
1 -29 -7
1 -86 14
2 86 52
2 -92 30
1 67 -19
1 84 -90
2 -28 -23
2 -85 -93
2 -48 -93
2 -99 -21
1 76 27
2 57 94
1 19 32
2 -35 -14
1 -82 -94
2 67 -43
1 -28 14
1 20 84
1 -45 60
1 97 -41
1 55 34
1 -74 -84
2 65 81
2 62 -50
1 90 -2
2 -44 80
1 54 -22
2 -88 -26
1 -16 48
1 -13 48
2 -48 88
1 97 -49
2 -48 81
1 -44 85
1 -82 -62
1 41 -88
2 53 40
2 -77 22
1 -82 90
2 33 64
2 1 1
1 27 74
2 -96 73
2 89 48
2 -60 -83
1 83 53
2 97 -56
2 33 26
2 74 -34
1 50 -86
1 -84 -39
1 44 -84
2 28 -6
1 12 93
1 55 -54
1 1 88
1 -52 72
2 -34 85
2 32 95
2 -60 -81
2 -44 -21
1 64 0
2 36 93
1 -76 -8
2 -26 -54
1 -24 -58
1 35 -67
1 -27 55
1 -97 -63
1 -4 -68
1 43 -91
2 68 -3
2 23 -61
2 -46 73
1 -2 27
1 -47 6
1 17 13
2 2 -44
1 83 97
1 81 -27
1 -33 84
2 -59 -43
1 -51 23
1 92 47
2 7 -36
1 13 62
1 13 100
2 57 -11
1 -82 49
1 91 33
1 24 -63
1 -52 -11
1 21 -3
2 87 17
1 37 -4
1 -100 74
1 -100 79
1 42 -85
1 -84 -8
1 77 45
1 -83 -26
1 -86 -11
1 -10 12
2 -50 -41
1 18 -99
1 32 -52
1 59 68
2 -84 76
1 26 29
2 -48 -36
1 -35 78
1 -51 53
2 21 -63
1 29 -54
1 66 -5
2 -95 -4
1 46 93
2 15 -66
1 -57 -55
2 -54 -2
1 -25 53
2 -13 -54
2 59 49
1 54 13
1 17 76
2 -94 37
2 97 -13
1 90 79
2 76 52
1 83 -62
2 -28 -20
2 -27 -3
1 -34 -58
1 68 -44
2 -78 57
2 -60 -37
1 37 -52
1 69 -10
2 80 92
2 9 -49
2 34 -69
1 37 17
2 -91 68
1 -38 -98
1 -83 -89
1 -99 100
2 0 -71
2 -75 -38
1 -97 -69
2 -88 23
1 66 -70
2 -80 36
2 -96 6
1 -41 34
2 -54 16
2 41 -46
1 86 42
1 -37 81
1 20 54
2 -27 -31
2 20 -48
1 76 -62
1 36 47
2 51 53
2 34 -9
1 89 -98
1 -12 -77
1 -65 -28
2 88 20
2 -40 -74
1 -14 79
2 21 4
1 -62 -58
1 -25 32
2 12 67
2 90 20
1 -61 100
1 -62 -24
1 60 -19
2 30 -1
1 -81 76
2 -94 -82
1 -47 -68
2 -62 -94
1 50 25
1 4 -78
2 -93 -32
1 -86 -2
