184
1 -52 -39
2 1 45
2 -24 -34
1 55 -13
1 -2 -50
2 66 74
2 -56 -28
2 62 19
1 -82 39
2 -68 65
2 -3 82
1 51 62
1 -20 -43
1 91 -20
1 -66 54
1 40 -43
1 -99 35
2 58 -63
1 -68 51
2 7 -59
1 -95 -48
1 59 -22
2 13 17
2 -97 -37
2 -84 -75
2 19 53
2 44 20
1 97 -14
2 -77 33
1 -82 -78
2 -63 -79
1 -57 -2
2 85 -17
1 -37 17
2 -86 16
2 -35 -73
1 -30 -70
2 18 15
1 8 77
1 35 92
2 -98 30
1 4 -55
1 -73 -79
2 57 -65
2 -57 64
2 -61 10
2 -26 -50
1 43 -100
1 65 -77
2 -66 -69
2 32 -46
2 -90 19
1 48 -32
2 -35 -98
1 2 100
1 21 -41
1 40 99
1 87 40
2 61 -13
1 56 -87
1 80 72
1 -74 -34
1 59 30
1 -78 -3
1 11 -58
1 91 49
2 16 -71
2 77 95
2 90 -27
1 -82 40
1 -21 95
1 47 -72
2 66 96
1 -95 -21
1 35 -35
1 -80 55
2 -71 -77
2 54 21
2 -81 -45
2 95 13
1 -87 11
2 70 83
1 19 -53
2 -37 -61
1 96 -14
2 -4 9
1 21 19
1 96 -34
2 -30 30
2 61 75
2 44 92
1 82 -61
2 44 60
1 36 43
2 -41 -17
2 -74 6
1 -81 90
2 84 71
2 -77 -66
1 -47 31
2 -72 51
2 -100 4
2 -19 33
2 -10 -39
1 56 95
2 30 67
1 -67 -99
1 -21 57
2 -34 -50
2 84 49
1 27 19
2 -61 -89
2 -64 -71
1 -6 -59
2 -2 -91
2 -22 -24
2 79 42
1 32 -59
1 92 33
1 33 74
1 -7 53
1 11 -35
2 -2 15
2 93 29
1 47 -60
1 80 25
2 61 -25
1 13 27
2 90 10
1 65 -74
2 -63 3
1 25 -96
2 -98 -8
1 54 -38
1 -94 -29
2 89 10
1 16 8
2 -67 26
1 -19 47
2 -51 98
2 28 46
1 -2 61
2 84 4
2 -7 -70
2 38 22
2 66 36
1 22 26
1 -95 11
2 -65 -23
1 93 2
2 -18 38
2 93 -87
1 21 -13
1 -5 82
2 75 99
2 1 -43
1 -53 -70
1 -89 100
2 -45 -71
1 40 -39
2 47 48
2 -46 -53
1 -73 -47
1 -56 21
2 15 49
2 -29 -92
1 49 -55
2 47 -81
2 -38 29
2 52 21
2 -90 -3
2 86 13
2 -49 95
2 -71 54
1 25 84
1 -34 -18
2 -37 61
1 54 18
2 -86 15
1 100 -94
2 -96 18
1 10 7
1 -93 75
2 27 -2
