299
2 91 -2
2 -11 84
2 -12 -35
1 -36 1
2 18 52
1 -29 -14
1 51 63
2 -44 -93
2 -7 14
1 -22 85
2 -58 -12
2 57 68
2 -2 82
2 -86 40
1 -20 -11
2 -31 -18
1 6 22
2 14 -89
1 -26 -71
1 59 -63
2 -85 53
1 -75 -54
2 88 68
2 9 -57
1 98 6
1 51 24
1 55 -69
1 86 29
1 -46 -73
1 88 -48
2 81 -37
1 -60 -30
2 -4 -39
1 -82 -3
2 6 -4
1 56 50
2 35 -17
1 -65 -96
2 -53 -94
2 87 -41
1 -72 92
2 4 -10
1 9 75
2 63 -28
2 47 53
2 -93 36
2 63 -7
1 -86 -8
2 -22 28
2 -31 39
2 59 -16
2 91 35
1 57 68
1 48 -82
1 42 54
2 -42 15
1 -60 95
2 77 84
1 83 86
1 48 -27
1 47 -17
2 -75 7
2 96 -44
1 -3 86
1 98 -90
2 18 21
1 97 -17
2 -12 -29
2 71 28
1 100 -69
2 -94 -86
1 -38 63
1 73 -69
2 -61 -31
2 66 -61
2 -54 45
1 36 89
2 97 70
2 -24 6
2 32 10
1 -55 0
1 7 75
2 23 43
2 99 -9
2 -93 -1
2 17 -92
1 26 -37
2 15 24
2 5 96
2 -15 13
1 8 -63
2 65 56
1 39 36
2 84 -87
2 94 -28
2 33 48
2 97 -63
1 -65 -94
2 -25 51
1 75 94
2 -49 27
1 95 -46
1 24 91
2 5 -86
1 35 -32
1 5 11
2 -75 -54
1 -34 38
1 82 25
2 8 -73
1 -98 -67
1 37 -31
1 -81 -8
1 0 33
1 35 67
1 22 -2
1 -92 88
1 43 65
1 -98 40
1 -39 31
1 -55 75
1 16 51
1 -16 96
2 54 -4
2 98 35
1 48 37
1 -86 -97
2 97 17
1 79 25
1 65 10
1 28 -96
2 64 -6
2 52 -47
1 15 -56
1 -47 42
1 18 41
2 83 -95
2 -2 -76
1 10 13
1 -8 -6
2 -6 33
1 50 -84
1 50 55
2 -31 -96
1 57 53
2 -59 68
2 58 -42
2 -74 50
2 -77 -73
2 -25 89
2 -98 58
1 27 -73
2 63 61
1 16 56
1 5 -8
1 -54 97
1 -4 100
1 -33 -90
2 13 21
2 5 20
1 12 -35
2 -96 66
2 74 -92
2 -28 -92
1 -57 50
2 9 -14
2 60 -20
2 -31 -23
2 -52 -32
1 15 -46
2 -12 -93
2 -6 -95
1 -4 7
2 58 30
2 -48 -84
1 61 53
1 12 56
2 -89 -53
1 13 50
2 70 47
2 29 -44
1 30 -18
1 21 -44
1 -4 17
2 -43 -66
2 52 -31
2 -17 8
1 38 32
2 56 -68
1 -93 -45
2 62 -91
2 72 72
1 32 -50
2 -9 -17
2 -48 -23
2 -1 -94
2 31 70
2 -70 -42
2 76 -20
1 -9 -60
1 84 -14
2 -97 -30
2 13 -69
1 14 85
2 52 -78
2 98 -49
2 -98 -100
2 -20 36
1 13 -23
1 1 -84
2 16 81
2 91 66
2 -40 -34
2 -55 -22
2 59 -5
2 -49 -91
2 59 -88
1 42 6
2 55 -26
2 -9 -94
1 -71 -5
2 49 -18
2 -18 43
2 65 -86
2 -52 -13
1 44 -98
2 27 66
2 100 -97
2 -21 39
2 -66 2
2 -49 -26
1 94 -82
2 -3 78
2 -38 30
2 67 56
1 -86 -65
2 30 36
2 -22 75
1 47 89
1 33 -70
2 95 -2
1 -31 -14
1 -35 90
1 -75 -23
2 14 8
2 -7 -29
1 -59 30
2 -95 26
1 -88 -2
1 -13 63
1 -57 -91
1 74 40
2 55 15
2 -97 -65
2 86 -22
2 16 12
2 56 -29
1 25 -41
1 -27 -15
2 -33 75
2 70 -66
1 -29 96
2 -30 -29
1 71 -48
1 99 57
1 -73 15
2 44 -18
2 -8 -94
2 18 -69
2 -60 63
1 -16 -33
2 93 -86
2 30 6
1 -2 -33
1 6 13
1 -27 6
2 72 8
2 -89 -56
1 59 65
2 28 77
1 -52 20
1 65 -32
1 -11 -24
2 -30 -34
1 -5 35
2 -12 87
2 23 -47
2 73 50
2 -16 80
1 -66 -94
1 -71 33
2 -1 88
2 68 -44
1 26 -13
1 96 -14
2 3 81
2 70 -89
2 14 83
2 42 -30
