227
1 96 -87
1 -97 53
1 77 -35
1 -85 -51
2 6 70
2 -100 89
1 62 -33
1 75 -81
1 68 88
1 91 20
2 -7 50
2 -94 -66
1 -34 -89
1 29 0
1 19 10
2 -9 38
1 -52 81
2 -16 30
2 32 56
1 -53 -33
2 -32 64
2 24 93
2 55 -76
1 -25 91
2 -68 65
2 -42 -83
1 35 3
2 93 32
2 40 -86
2 4 -72
1 -39 -31
1 -71 37
1 -50 23
1 30 88
1 -41 -5
1 33 6
1 91 97
2 -39 -74
2 0 16
2 64 11
2 4 -62
1 95 -95
2 93 69
2 92 -44
2 48 45
1 -31 17
2 -24 -66
1 74 -71
2 86 -74
2 -46 23
1 98 -20
2 9 90
1 87 -48
2 -27 -86
2 36 -79
1 -15 -27
2 -14 75
1 -2 -53
1 -3 -36
1 -79 80
1 -68 2
2 86 100
1 -4 -55
1 13 13
2 88 35
1 -93 -3
1 -29 -16
1 -50 8
2 55 73
2 74 81
2 58 100
1 -21 64
2 35 27
2 -17 33
1 70 20
2 -43 -4
1 54 -73
1 2 41
2 19 32
2 0 31
1 80 -85
2 34 -32
2 -3 6
1 -71 79
1 35 -75
2 -83 -49
2 -62 -22
1 20 -52
1 86 53
2 84 -59
1 81 33
2 -80 44
2 -30 81
2 -83 -35
2 53 48
2 87 8
2 -16 -85
2 -74 57
1 -8 75
1 -40 -2
1 -60 41
2 64 35
1 -59 -19
1 -52 99
2 -8 -68
1 -85 -47
2 -26 87
2 -9 -74
1 72 11
2 43 88
2 81 -73
2 9 -50
2 34 -100
1 30 -96
2 -60 -7
1 98 49
1 -72 87
1 84 -2
1 -44 -61
2 -74 -40
1 0 -55
1 -7 68
2 77 -90
1 -82 -80
2 -6 -26
1 77 96
2 77 -22
2 60 -22
1 -56 53
1 96 -49
1 -66 -96
1 -83 -56
2 -59 62
2 11 -21
1 76 55
1 98 -95
2 -96 -20
1 34 42
1 -48 6
2 -30 -48
1 35 -26
2 18 -57
2 -50 -73
1 17 30
1 -60 -80
1 -18 94
2 64 72
2 -28 -39
2 73 14
1 82 8
2 53 -88
2 49 -53
1 -92 -36
1 5 8
1 24 -20
2 -85 49
2 -20 25
1 5 54
2 -59 -65
2 77 47
2 94 -58
1 -54 27
1 75 34
2 56 -23
2 70 9
1 -42 8
2 -74 5
2 -8 73
2 45 15
2 6 71
1 83 -37
2 58 51
2 83 -53
2 -25 -19
1 -63 22
2 81 57
1 98 96
1 -41 88
2 5 11
1 3 12
1 -52 67
1 78 91
1 47 18
2 36 -4
1 66 -8
1 -36 -50
2 23 -25
2 -24 -19
2 57 -57
2 79 -6
1 99 34
2 38 66
1 91 -64
1 79 -11
1 -62 -11
1 26 -72
1 38 -92
1 -45 -19
2 -26 29
2 -40 40
2 -58 -48
2 39 14
2 90 0
2 18 10
2 52 -37
1 58 73
1 60 -25
2 -82 11
2 -4 -53
2 -26 0
1 88 -76
1 19 84
1 87 50
2 -23 90
1 47 41
2 -86 -42
2 -22 -40
2 -67 -63
2 96 -19
2 51 69
2 -28 -58
2 -26 -55
1 -93 38
1 100 34
1 -87 -9
2 61 -30
2 -60 -4
