185
2 -68 96
2 -86 -94
2 77 -29
1 44 -26
2 -61 90
1 -9 11
2 -84 -64
2 60 -39
2 -12 50
2 -52 -15
1 -79 -68
2 -28 -31
2 85 -57
1 -26 -77
2 -31 68
2 -63 49
1 25 73
1 73 -49
2 41 -27
1 11 33
1 23 61
2 59 -48
1 50 -33
1 -32 42
2 27 82
2 -54 -60
1 -15 99
1 -68 3
2 7 -69
2 58 -74
1 -14 -7
1 -57 16
2 36 -78
2 -29 34
1 0 -3
2 24 2
2 -80 -89
1 -97 -21
1 -66 -69
2 -11 -69
2 -44 -11
1 78 -66
2 9 83
1 65 60
2 71 61
2 -97 66
2 44 84
2 4 -94
1 18 77
1 -22 30
1 -55 33
1 85 80
1 97 44
1 -4 -77
2 95 -17
1 34 -90
2 23 72
2 64 87
2 -60 68
2 -8 -60
2 -97 45
2 20 -75
2 17 -3
2 52 -59
1 -56 33
1 62 -52
2 66 -67
1 -59 -50
1 7 42
2 -24 -4
1 87 -57
1 -82 -95
2 73 -87
2 11 -22
2 -50 -24
1 30 9
1 86 -33
1 28 75
1 -49 7
2 -46 8
1 49 -60
1 63 -64
1 2 -11
2 -63 -52
2 -5 -67
1 -93 -6
2 85 47
1 81 -27
1 13 40
2 -75 21
1 8 -32
1 19 71
1 -79 23
2 63 -96
1 -83 49
2 96 -87
1 17 42
1 -57 -56
2 67 93
1 -3 -93
2 74 -66
1 -95 35
1 -46 -5
2 94 -98
1 -76 -50
2 73 -35
1 -34 21
2 25 69
2 -70 61
2 1 98
2 2 -58
1 -9 -89
1 -18 -23
1 -18 -62
1 -2 5
2 76 39
1 -56 0
2 -20 -43
2 -25 34
2 56 56
1 -54 -53
1 -12 51
2 87 -29
1 90 -86
2 62 69
1 49 10
1 -83 30
1 -96 100
2 -70 82
2 47 3
1 -25 -29
1 18 -54
1 -86 -68
1 -67 28
2 25 -28
2 -61 17
2 55 -59
1 -55 56
1 -72 -100
2 93 80
1 60 64
1 -67 -21
2 -45 7
2 -47 11
1 64 11
1 -79 -42
2 -54 -70
2 -43 -100
1 41 -10
1 10 71
1 100 8
2 47 75
2 -80 -8
1 -69 -83
2 7 -86
1 -57 22
1 -81 -75
1 16 85
1 46 -96
1 -96 -76
2 41 -82
1 -65 -80
1 38 -59
1 -13 -18
1 -8 42
2 -36 -76
2 39 -48
1 -94 -14
1 66 -26
2 40 82
1 85 49
1 20 50
2 -74 -94
1 74 75
1 -60 13
2 44 -2
2 -31 -69
2 -85 -34
1 56 -25
2 22 -74
1 -94 99
2 63 24
1 70 47
1 66 -79
2 72 79
