817
2 152 582
1 -7 683
1 573 959
2 -750 863
2 647 -874
1 -296 -537
2 295 493
1 -358 -828
1 -399 281
2 883 -767
2 -242 -673
1 -796 118
2 -9 -431
1 -354 951
1 -773 -614
1 449 -717
1 307 -546
1 -672 -765
2 859 924
1 -55 -548
2 886 -469
1 430 916
2 809 561
2 420 941
2 -398 126
2 -73 141
1 957 -892
1 528 -858
1 -106 -882
2 155 -151
1 259 -361
1 429 -785
2 510 -239
2 -651 992
1 -32 220
1 -576 159
2 630 798
1 -125 -65
2 378 34
2 -88 759
1 494 -313
1 -916 -607
2 769 -432
2 906 892
1 483 802
1 1 -217
2 199 -332
2 806 829
2 -963 -143
2 -436 -220
1 557 669
1 -779 429
2 -731 -601
1 667 -258
1 -184 -227
2 446 955
2 -984 -769
2 -355 895
1 -401 -965
2 -811 -887
1 -847 977
2 -516 255
2 205 591
1 -561 -841
2 -415 939
1 509 -767
1 -212 -59
1 -37 -698
2 195 479
1 -155 231
1 -20 -170
2 -359 622
1 -747 -541
1 592 448
1 32 -489
2 519 -682
2 761 -674
2 -730 -827
2 313 -199
1 83 -45
1 285 -834
2 190 -329
2 -598 -531
2 811 -582
2 71 259
1 729 -630
2 -708 -161
1 -457 -157
1 -291 962
2 429 -998
1 -324 -688
2 57 969
2 71 903
2 630 -825
1 338 244
2 -43 57
1 513 -344
1 -192 814
2 -23 418
2 -411 -489
2 848 -485
1 -922 816
2 -960 -274
1 -853 -866
2 -948 -998
2 728 -401
1 432 -196
1 -238 160
2 -778 85
2 -436 -521
2 338 605
2 5 687
1 216 794
2 -505 376
1 -947 973
2 -463 -710
1 -799 -896
1 -923 -582
1 970 -852
2 839 -82
1 -601 383
2 -743 905
2 637 848
1 -475 -612
1 632 -701
1 -807 22
1 -592 41
2 -360 -893
1 -558 115
1 907 706
1 575 224
2 124 207
1 126 614
1 633 257
2 -523 -447
2 550 -212
1 29 -860
2 393 788
1 986 -664
1 -215 967
1 -729 569
1 483 517
2 -282 -329
2 442 332
1 989 799
2 -95 -396
2 -816 215
1 -728 -373
2 -597 210
1 -944 821
1 818 437
1 856 -37
1 231 -885
1 922 -692
1 -549 109
2 -169 181
1 930 -17
1 -44 751
2 -355 364
2 374 -598
1 -890 9
2 310 985
2 869 -400
1 -943 -103
1 624 679
1 85 239
2 314 810
2 -825 355
1 -97 -914
2 -151 783
2 793 757
2 -737 -121
2 479 804
2 373 -553
2 545 -736
1 -77 -641
1 423 -685
2 -353 -367
2 -801 568
1 486 -741
1 -769 -910
2 33 70
2 -643 -650
1 -309 -366
1 -505 -876
1 -312 569
2 -245 -264
2 -466 728
2 263 -904
1 -877 94
1 504 562
1 -187 454
1 -2 -515
2 -558 419
1 -729 -654
1 223 -784
1 -321 -252
1 -334 -95
2 -839 -779
1 -22 -22
2 -872 628
2 -328 -558
2 -395 942
2 923 683
2 -692 -341
1 -655 474
1 -887 -132
1 416 406
1 189 132
1 509 426
1 -320 868
1 -671 -109
2 -508 -144
1 -343 168
2 112 238
2 352 629
2 -603 -333
2 -435 127
1 -405 911
2 -911 -48
2 -200 -119
2 -841 802
1 985 33
2 -137 -851
1 19 -157
1 935 -783
1 151 -785
2 -981 409
1 183 -374
2 856 604
1 -856 41
2 -25 -768
1 324 -399
2 -894 536
2 -725 -869
2 -349 -995
2 447 563
2 -844 471
2 -164 606
2 -507 32
1 772 -281
1 -746 -450
1 693 -28
2 250 295
2 -66 -878
2 355 767
1 878 -365
2 532 177
1 -602 718
2 -505 703
1 -621 -418
1 840 -317
1 182 788
2 -424 921
2 -194 -869
2 593 348
1 -999 -47
1 312 -859
1 -690 -622
2 -111 -155
1 231 -683
2 -576 242
2 211 76
1 554 481
2 -39 -283
1 173 -750
2 -627 978
2 204 928
2 379 -680
2 884 -868
1 791 -408
1 -282 -510
2 575 59
1 201 286
1 755 776
1 -994 31
2 723 -34
1 381 -728
2 765 473
1 -7 495
1 -242 -17
1 484 -681
2 -982 -203
2 266 -302
2 -826 214
2 -883 -111
2 821 -444
1 852 459
1 269 223
1 -932 416
2 -894 37
2 -776 -938
1 -536 559
1 961 174
1 -946 797
1 946 737
1 362 -830
2 502 752
2 837 974
1 -392 376
2 -335 -921
2 718 -618
1 -516 863
1 243 -922
1 -642 -197
1 -73 460
1 -888 -263
2 -899 -536
2 764 995
2 139 -916
2 410 988
2 -896 -197
2 -118 960
1 -636 -579
2 852 -649
1 123 375
2 125 940
2 -333 -585
1 -740 979
2 -448 430
2 -848 -915
2 304 19
2 218 73
2 -287 271
2 118 957
1 722 -752
1 -794 -399
1 421 -495
2 -395 917
1 124 -524
2 -232 568
2 784 -466
1 604 928
1 499 42
1 350 490
2 -432 157
1 174 465
2 -123 -869
1 867 -435
1 -488 -914
1 -979 -184
1 596 -469
2 -715 -726
2 -469 -474
1 635 722
2 907 -580
2 -430 -995
1 -572 976
1 -458 -853
2 505 -929
2 -673 835
1 273 -275
1 808 217
1 377 -22
1 -317 -649
1 -774 410
1 -624 -128
1 392 -544
2 -784 -580
2 -223 -271
2 204 552
2 617 -169
2 304 540
2 -248 -762
1 -553 -911
1 -707 769
1 -119 -8
2 -923 -851
2 736 -184
2 -703 -360
1 673 -118
1 32 875
1 -982 -615
1 850 -309
2 487 139
2 -113 -222
1 290 -794
1 735 -290
1 -864 -20
1 -906 614
2 562 171
2 753 842
1 -849 194
2 516 917
1 -320 -557
1 345 722
2 -434 -786
1 259 -125
1 518 -251
2 784 213
2 -795 918
2 -931 -998
1 754 845
2 873 582
2 450 -46
1 748 -137
1 -874 393
1 -559 -500
1 119 -907
2 476 296
2 357 -551
1 733 -835
2 551 -763
2 -73 -244
1 246 304
1 70 -655
2 -201 -433
2 -150 -888
2 -601 419
1 463 274
2 784 595
2 779 -110
2 676 106
2 368 -773
1 713 386
1 231 647
2 424 636
1 658 -422
1 235 956
1 -267 -121
1 -592 -106
2 -471 -301
1 -548 -327
1 414 -875
1 -705 -211
2 -462 -335
2 -291 926
1 954 -382
2 -981 -693
1 198 -398
1 -905 210
2 889 545
1 665 -505
1 -674 -448
2 870 519
2 -358 553
2 660 -9
2 -618 -440
1 -190 -132
1 611 -164
1 -97 918
2 10 309
1 -680 -736
2 791 -210
1 514 970
1 -760 421
1 568 -78
2 -933 -920
2 -751 -709
1 66 934
1 101 797
2 646 134
1 965 116
1 -569 348
2 900 -353
1 -587 -141
1 -674 524
2 234 -593
2 -880 801
2 -759 -34
1 308 -94
1 -814 340
1 -540 659
2 51 434
1 -269 490
2 -723 -784
1 -958 466
2 -994 871
2 -730 8
2 -148 729
1 486 -39
1 767 -463
1 -191 530
2 -14 424
1 -506 505
2 -800 -953
1 -791 -982
1 -242 -709
1 -762 -616
1 -169 -924
1 -67 -411
2 952 -24
1 864 144
2 -22 -491
1 -444 907
2 605 -469
1 -491 515
1 408 -559
2 -644 -795
1 -227 739
1 -369 891
2 342 -735
1 -661 252
2 -907 155
1 171 -801
1 -475 861
2 -963 -141
2 -766 -249
1 824 -529
2 -802 510
2 77 563
1 -942 135
1 8 -58
1 -415 -108
1 -716 -100
1 400 -518
1 971 196
2 -694 767
2 614 851
1 -419 -289
2 406 -910
2 -696 -285
2 821 80
1 785 -874
1 -350 917
1 656 57
1 -607 260
2 -96 -282
1 -988 -906
1 354 560
1 918 439
1 744 -977
1 498 44
1 -908 -358
2 35 -763
1 785 -554
2 -701 707
1 565 780
1 368 608
2 781 251
1 -58 661
1 -232 766
1 10 350
1 -451 840
1 -699 619
1 -297 561
1 613 -256
2 735 -799
2 -82 384
1 288 767
1 -76 -640
1 885 698
1 593 -450
1 894 -247
1 579 415
2 -821 -845
2 -502 -560
2 -179 862
2 374 -619
1 -32 910
2 -461 -592
2 747 162
2 730 -702
2 -412 852
2 -3 424
2 533 -208
1 -302 525
2 693 565
2 -830 99
1 -856 665
1 109 -20
1 -293 291
2 590 448
2 -382 221
1 722 561
2 -303 -301
2 -217 -866
2 368 978
2 602 985
2 392 -182
2 -341 -740
1 -343 856
1 -759 -437
2 -335 671
2 -613 -351
2 627 0
2 -22 935
2 -470 -936
1 -992 -967
1 -324 -823
1 -242 559
2 285 416
2 -9 933
1 -418 85
1 -588 204
1 197 698
2 417 -218
2 165 347
2 -194 -715
2 185 -392
1 150 -813
2 704 393
2 600 34
2 -780 976
1 75 -103
2 133 824
1 -368 384
2 197 -80
1 -925 827
1 263 -578
1 354 887
2 664 228
2 -886 -722
2 622 -922
2 686 -143
1 270 -988
1 553 265
2 -980 -785
1 419 -983
2 -594 -221
2 -257 -847
1 -161 391
1 -51 -666
1 -12 435
1 -56 -462
2 -174 -881
2 645 934
2 179 500
2 -783 878
1 -400 357
1 851 -539
2 -480 561
2 -797 -920
2 -549 -388
1 -936 630
1 514 -140
2 678 114
1 606 -164
2 655 357
2 -721 670
1 -277 439
2 -461 825
1 -849 -73
1 203 215
2 -321 12
1 295 -668
1 -433 -476
2 122 181
1 -995 -279
1 740 -259
2 -67 -196
2 -798 483
1 973 -4
1 -133 272
1 809 -93
2 -894 -361
2 0 -357
2 71 419
2 758 -385
1 -85 -250
1 726 -492
1 37 -637
1 150 88
1 946 -406
2 -562 276
2 -73 -574
1 655 533
2 233 844
2 518 -33
1 802 -825
2 867 -338
1 807 -775
1 577 -183
2 -470 6
1 741 -388
2 -255 327
1 -281 961
1 194 196
1 -110 38
2 -530 -692
1 622 864
1 -916 -246
1 -507 357
2 -865 -293
1 838 433
1 45 751
2 -251 -751
1 -474 -435
1 -544 -788
1 649 279
2 24 821
1 709 759
2 -182 68
1 -773 -709
1 -732 530
2 829 -215
2 -422 -505
1 -983 -560
1 -411 -253
2 -84 -374
2 108 211
1 -549 -266
2 214 656
2 883 467
2 840 637
2 970 -867
2 -148 964
1 239 176
1 -164 907
1 581 156
1 740 -825
2 -457 -196
2 921 -53
1 -247 -446
1 -611 -574
1 -892 -114
1 499 -325
2 -765 253
1 -309 143
1 328 199
2 -344 -208
2 -549 -959
1 220 -566
1 -789 982
2 820 -619
1 280 216
2 -148 -339
1 -923 926
1 865 -31
2 800 591
1 137 18
1 825 230
2 -617 -112
1 -188 451
1 272 -180
1 -198 -853
2 -934 805
1 694 759
1 994 -210
2 -887 179
1 -370 866
1 666 587
1 -676 -473
2 -917 -722
1 812 -242
1 8 23
2 495 -613
2 -136 -270
2 -246 607
1 834 944
2 861 -44
2 -541 -207
1 -528 -362
2 -63 -469
2 -792 -847
2 415 -414
2 829 -742
2 -575 401
2 861 -144
1 673 -252
2 758 167
2 183 190
1 794 -512
1 514 31
2 -346 819
1 798 -500
2 955 -823
2 -656 -911
2 -214 785
1 -317 579
1 238 -366
1 -673 37
2 -715 243
2 -899 -753
1 180 436
1 767 732
2 648 -212
1 -156 -851
2 50 -968
2 -978 -627
2 -866 90
1 455 219
1 -908 780
1 858 -933
2 -777 -301
1 429 -527
2 -385 945
2 551 359
1 -85 -605
1 -117 -828
2 -665 -56
2 -593 -654
2 -139 207
2 908 419
1 -735 -146
2 95 -101
2 396 765
2 972 210
2 -692 866
1 -688 -119
1 -689 -495
2 -250 259
1 777 -525
1 -654 -187
2 -480 81
1 -153 274
2 829 430
1 -705 946
1 -516 626
2 -217 367
1 -283 -710
2 -889 606
1 934 -181
1 777 -36
2 -29 -305
2 -279 295
2 542 747
1 996 627
2 -720 -455
2 900 286
2 402 821
1 556 874
1 46 749
2 -607 -983
1 -236 588
2 -868 -703
2 42 -206
