1335
1 160 284
2 -549 786
2 978 -411
1 712 76
2 -64 606
2 -210 -364
1 921 -453
2 833 650
1 946 -721
1 94 730
2 179 835
2 -621 29
1 268 493
1 648 -790
1 -701 -568
1 403 -808
1 576 -735
2 402 -549
1 -567 213
2 -273 -442
1 -121 439
1 217 -136
1 -931 -788
2 701 -893
2 821 303
1 639 873
2 -913 682
1 571 -308
1 19 165
1 -847 629
2 -699 850
1 -130 252
1 -687 657
2 682 883
1 654 -274
1 983 -838
2 739 -581
2 -166 310
2 12 346
2 -271 614
2 -971 854
1 741 -141
2 -946 216
2 -89 179
2 -437 703
1 775 -141
2 666 -440
1 923 787
2 942 -500
2 -642 104
1 276 253
1 -123 375
2 -679 380
2 -346 -482
2 -627 925
1 811 -654
1 -635 603
2 -960 588
2 -76 150
1 924 466
2 555 -164
2 689 536
1 -173 -955
1 326 -947
1 -494 -729
2 77 298
1 95 388
2 397 557
2 356 -611
1 -942 775
2 52 -203
2 121 451
1 997 -517
1 211 820
2 -285 781
2 432 -162
1 880 -554
1 42 9
1 -765 630
1 2 87
1 -585 879
2 46 422
2 -214 -486
2 354 -304
2 449 818
1 -337 309
2 -351 -232
1 768 250
2 -708 237
1 -602 898
1 -433 953
2 -76 110
2 -671 -195
2 215 -909
1 -71 -384
1 -284 -43
1 910 342
2 882 -619
1 -653 749
1 657 835
1 645 732
1 613 -660
1 -464 580
1 -138 963
2 334 542
1 -527 -623
2 76 372
1 186 -345
2 371 -680
2 -887 718
1 -552 -874
1 417 -54
1 306 323
1 465 -881
1 -79 841
1 526 818
1 -662 319
2 -543 988
2 -851 319
2 -487 735
1 -988 908
1 282 -807
1 -939 -52
2 322 -845
2 -856 519
1 -948 454
1 -742 406
1 71 852
2 -530 498
2 -504 -124
2 -441 -855
1 -83 -975
1 775 324
2 -350 546
1 -76 850
2 616 -58
2 630 -299
1 86 -698
2 583 603
2 594 99
1 -840 35
2 -809 195
1 -329 -394
1 892 81
2 48 -668
2 640 913
1 133 -899
2 435 -959
2 661 -58
1 340 748
2 -982 -891
2 -158 657
2 400 622
1 -61 -999
2 44 -253
1 -409 115
1 635 -546
1 210 -202
2 -91 -135
1 -439 752
1 -398 -718
1 -22 385
1 139 386
2 797 -216
2 768 362
2 508 -307
2 -439 -356
1 -364 511
2 -93 -107
1 -217 -763
1 -912 -56
2 420 -24
2 825 -882
2 206 290
1 858 -925
2 549 124
2 -577 -618
2 -600 -640
1 -25 241
2 244 69
2 -702 -494
1 -783 99
2 324 695
2 -122 -290
2 622 -661
2 690 -564
1 271 -442
1 -887 -750
1 994 -410
2 539 -979
2 192 -919
1 -380 -179
2 972 -355
1 -743 996
2 -267 -962
2 -207 747
2 -704 -843
1 926 531
2 -960 -236
2 457 -322
2 -178 204
2 260 -578
1 -972 267
1 227 860
2 729 86
2 -444 -565
2 -576 -871
1 58 580
2 417 -123
2 166 -377
2 211 -813
2 -129 -780
1 187 -94
1 -724 -456
2 -738 -209
2 -799 -573
2 746 722
1 -430 286
2 -294 318
1 900 -284
2 -714 -45
2 701 -673
1 949 -16
2 570 -113
1 -549 212
1 33 -514
2 729 325
1 -991 414
2 -751 739
1 779 926
2 -901 -790
2 664 -409
2 -278 440
1 -683 -110
2 24 -825
2 302 648
2 945 835
1 870 -958
2 -840 976
2 -945 769
2 -770 234
1 -770 657
2 15 648
1 962 626
2 184 983
2 66 -428
1 612 -901
2 -199 150
1 274 -128
1 944 526
1 -750 -550
1 432 753
1 105 722
2 200 -296
2 -428 519
1 -476 281
2 -659 231
2 -795 -763
1 -875 482
1 235 -985
2 -687 -347
1 697 348
2 -670 -72
1 -355 412
2 606 -497
2 564 -67
1 703 143
2 -398 205
2 -374 567
1 241 778
1 -846 373
2 -438 378
2 161 624
2 -560 -236
1 143 799
1 -934 -570
1 -611 -817
2 104 -904
1 778 38
2 -494 -368
2 16 821
1 -574 -573
1 37 -493
2 567 -123
1 -39 -869
2 985 -441
1 729 794
2 -299 854
2 345 408
2 809 33
2 -911 237
2 447 -120
2 812 314
1 699 -390
1 918 -658
1 -278 445
1 54 723
1 641 -215
1 -276 -964
2 828 754
1 -180 -359
2 939 627
2 386 525
1 550 -630
2 -69 637
2 740 -671
1 -732 206
2 -751 -793
2 583 938
2 440 -701
2 -375 954
1 -265 -262
1 23 -435
1 -854 963
1 70 -449
1 621 76
2 477 122
2 -121 -119
2 104 84
1 -187 -258
1 -227 783
1 -982 -935
1 573 133
1 188 669
2 -514 -818
2 -395 -47
1 -36 25
2 982 588
2 -793 338
2 -628 -568
1 -698 824
2 423 510
1 516 -530
1 -486 38
1 -220 -708
1 -966 -267
1 861 898
2 -613 405
1 -216 508
2 -458 -322
1 251 234
2 -500 -309
1 362 -345
2 -929 252
1 418 143
2 610 910
2 71 966
2 -972 963
1 201 -930
2 -879 948
1 -963 -311
2 35 -288
2 -361 -423
1 -348 561
2 -357 -688
1 -283 707
2 -423 -604
2 -605 -675
2 209 438
1 938 -39
2 660 314
1 426 374
2 -273 492
2 -813 110
1 342 317
1 -991 914
2 -664 -935
2 994 -170
2 -193 791
1 -872 21
2 181 530
2 354 -370
2 142 878
1 -345 95
1 -74 -958
2 416 -546
2 100 739
1 -843 711
2 945 66
2 425 -667
1 -574 613
2 938 62
2 203 -943
1 -654 530
1 -619 -733
1 -138 347
2 849 -554
2 659 746
2 -868 110
2 -474 -720
1 -982 -676
2 769 468
2 726 701
2 555 -209
1 -35 843
1 459 -645
1 720 556
2 -52 387
2 -565 -238
2 -807 219
2 -597 622
1 558 32
2 992 -422
1 -123 865
2 28 -344
1 -155 189
2 -758 804
2 568 21
1 -410 -357
1 -663 -332
2 -364 -864
2 263 -667
2 -118 -601
2 -889 77
2 -26 680
1 -911 -394
2 -764 -900
1 -233 -824
2 919 449
2 -771 -831
1 -538 25
2 -312 790
1 -884 -481
2 -431 -168
1 -255 40
1 -325 527
1 902 -349
2 -698 713
1 812 188
2 134 326
2 -537 -135
2 260 -400
1 502 716
2 940 -791
2 -51 770
1 989 580
2 -169 149
1 418 44
2 616 -180
1 -409 637
2 398 245
2 409 734
1 -607 -813
1 245 -480
2 425 -309
1 -708 541
2 104 391
1 303 192
1 987 -322
1 -103 -114
2 -73 578
2 294 851
2 280 676
2 236 233
1 347 639
2 691 276
2 697 273
1 994 79
2 -163 797
2 979 392
2 -229 499
1 -234 -124
1 896 -171
1 843 -117
1 855 754
1 818 -130
1 -819 58
2 78 429
2 72 -189
2 685 872
1 -33 649
1 -836 796
2 -931 103
1 -732 342
1 240 -977
2 -355 937
1 427 -201
1 -367 -54
1 -969 -691
1 684 -18
1 -690 233
2 -304 -477
1 -821 -700
2 -271 20
2 -54 -271
2 -240 -974
2 -530 928
1 974 -357
1 -730 -470
1 -294 992
2 -842 940
1 -274 -254
2 974 785
2 639 -909
2 268 777
2 -167 -361
1 -162 940
1 676 63
1 -873 884
1 -909 -303
1 -830 771
1 332 -495
1 81 452
1 37 -29
1 933 451
1 -283 -127
2 196 -877
1 956 549
1 1000 716
2 -548 952
2 507 -100
2 41 446
2 866 -180
2 939 -715
1 100 -60
1 -301 -99
2 779 885
2 840 -944
1 -304 18
1 -205 -658
1 -37 251
2 955 141
2 118 -782
2 -333 -119
1 -8 51
1 -897 -481
2 841 894
1 -775 469
2 -153 283
1 800 -421
1 49 338
2 -743 -438
1 -105 27
1 -491 -661
1 788 787
2 654 106
1 798 237
1 206 98
1 -126 -522
1 776 -249
2 979 -663
1 291 112
1 86 -824
1 135 -176
1 -532 988
1 34 -169
2 -112 -262
1 -986 365
1 674 -714
1 -506 -432
2 -884 -837
1 188 -535
1 23 105
1 -281 55
1 -48 492
1 -361 4
2 -589 -192
2 -504 -238
1 305 554
2 -116 -933
2 -306 -985
2 190 873
2 944 316
1 -978 -51
1 754 244
1 479 -733
1 -540 -607
2 135 88
2 642 -10
2 -893 -534
2 -407 -343
2 -158 396
1 -365 -322
2 -75 -291
1 -976 -98
1 -615 -864
2 105 -483
1 399 897
1 851 408
2 -844 626
1 -391 -445
1 -586 424
1 826 -860
2 -427 -796
2 596 158
1 362 -312
2 -401 293
1 819 359
2 -715 867
2 629 863
2 116 826
1 -133 354
1 443 -347
2 -640 308
2 652 394
1 -495 696
2 -83 -153
1 -891 242
1 -394 349
1 875 216
2 558 65
1 -37 -967
2 88 610
2 -89 266
1 -792 -224
2 -205 -631
1 156 -531
1 738 -518
2 356 -175
1 -668 -721
1 -883 -652
2 -478 212
2 -706 680
2 -47 669
1 562 -801
1 -117 -888
1 675 -956
1 404 320
1 -269 -471
1 -620 450
1 -850 621
2 922 -312
2 -976 335
1 -387 215
1 -171 -30
2 -273 526
2 517 520
2 700 -406
1 -979 -219
1 309 181
1 -886 -497
1 10 533
1 959 366
1 573 690
2 -411 -581
2 288 343
2 65 322
1 -337 -661
1 871 -9
2 -308 26
2 629 -709
2 534 -967
2 465 469
2 -225 -49
1 232 -229
2 702 -729
2 -295 744
2 518 -790
1 -31 -582
2 -672 -120
2 972 -148
2 530 -791
2 -359 -538
1 542 -757
2 899 -147
2 -907 160
1 673 -125
2 -205 190
2 -272 -990
2 915 887
1 923 74
1 634 391
1 -821 642
2 478 -626
1 -156 943
1 28 -734
2 690 -399
2 -514 584
1 47 465
2 -772 25
1 235 -210
1 231 604
1 -66 -154
2 -539 238
1 73 90
1 448 -193
1 528 -107
1 323 -119
2 306 829
2 -689 -74
2 -539 455
1 -375 -997
1 -645 573
1 13 -496
1 79 -334
2 -790 -173
2 -413 6
1 -19 763
2 888 -276
2 834 -706
2 -216 -685
1 663 776
1 172 435
2 -639 204
1 -800 -503
2 441 -847
1 -297 -764
1 609 -758
1 135 621
1 647 -644
1 202 -818
2 729 603
1 -388 773
1 -471 460
1 -814 -763
2 382 -784
1 -986 793
1 -858 -304
1 -274 -777
1 306 666
1 -107 334
2 403 356
1 -678 -904
2 -153 -255
2 887 -154
2 779 542
1 330 -353
2 -842 -215
2 -504 -562
2 683 174
2 -788 -764
2 -453 -302
1 777 158
1 433 966
1 -331 -44
1 -951 -271
2 -811 -811
1 570 -448
2 -860 964
2 815 589
2 -67 171
2 592 -732
2 -758 -568
2 742 -870
1 641 -109
2 990 724
2 -997 -374
2 -126 615
1 139 277
2 245 167
2 -811 35
2 975 -855
2 -745 787
2 -108 -854
2 66 918
1 -576 249
1 41 327
1 448 338
1 -285 -598
1 298 -575
1 63 -672
2 859 -902
2 944 151
2 -257 887
1 -934 786
1 977 -739
1 688 859
1 -668 173
1 847 -551
1 603 -446
1 -829 -567
1 652 -132
2 843 497
2 -846 82
1 -913 851
1 1000 -191
2 -223 845
2 -33 -526
2 7 -77
1 -822 400
2 -667 588
1 542 -960
2 979 6
2 -794 913
2 18 86
1 9 121
2 64 287
1 -155 -153
1 951 808
2 -962 -974
2 696 -162
1 520 419
1 277 -508
1 780 980
2 -299 -697
1 -350 790
1 962 -902
2 634 -922
2 889 387
2 856 75
2 -656 11
2 361 774
1 -180 -960
1 35 -937
1 -900 -767
2 772 247
1 296 -529
1 470 615
1 -420 -400
2 704 -37
2 -790 194
1 -619 213
2 -118 -935
1 18 -558
1 -302 761
2 -630 -669
2 99 608
1 70 -474
2 -91 -59
1 499 -800
2 976 33
2 -435 60
1 801 287
2 -614 -689
1 781 587
2 -520 -679
2 -247 387
2 -484 -27
2 267 -224
2 -529 285
2 779 -466
1 730 10
1 -991 787
2 597 -763
2 550 532
2 -316 201
1 -1 527
2 817 -653
2 -203 776
1 862 -323
2 662 -731
1 -976 -700
1 -251 -224
1 -503 572
2 975 160
2 556 547
1 519 -372
2 208 932
2 329 -744
2 -65 -119
2 -719 742
2 -242 925
2 -974 -936
1 870 -246
1 -803 602
2 515 349
2 -97 -492
2 -741 -871
2 499 352
2 643 664
1 128 54
2 46 195
2 574 713
2 -443 -611
2 33 533
1 432 930
2 372 -620
2 -676 127
2 -799 -569
2 -490 724
1 -988 509
1 595 391
2 722 -109
2 425 -588
2 -87 317
1 885 -840
2 -532 -772
2 -744 676
1 897 -630
2 854 -9
2 -31 653
1 862 -250
1 328 -267
2 601 -320
2 493 -109
2 -475 -86
2 439 -883
1 867 576
2 -380 -67
2 -678 -692
2 609 611
2 -222 810
1 -941 300
2 961 -301
1 -77 707
2 569 330
1 983 224
1 -501 -52
2 858 370
1 543 593
1 -402 -12
2 744 900
1 881 958
1 205 -595
2 -304 -155
2 -53 555
2 -511 -431
2 -431 -848
1 181 -627
1 -859 866
1 -744 570
1 -116 -403
2 128 93
1 -100 314
2 11 -754
1 650 930
1 -419 -66
2 792 -280
2 -20 660
2 945 -979
2 -178 -709
1 -877 231
1 198 395
1 -527 321
2 -415 -783
2 -605 -904
1 -261 -970
2 -982 14
2 217 356
1 140 133
2 376 676
2 -773 384
2 794 -77
2 407 -598
1 74 362
1 -380 -474
1 -953 13
1 614 -15
1 820 429
1 107 17
2 880 358
1 -105 897
2 328 873
2 -220 8
2 636 -297
1 189 458
1 436 146
1 -766 -442
2 477 441
2 -362 633
2 694 356
2 776 745
1 -188 -299
1 230 724
1 180 -659
1 -985 -20
2 546 639
1 252 637
2 262 -700
2 565 -186
2 107 -149
1 -554 -81
2 -48 443
1 690 340
2 -379 412
2 213 922
2 789 -733
2 -764 -74
1 321 665
1 -661 -310
2 -432 851
2 -20 -935
1 -972 817
1 -544 -638
1 860 594
2 695 134
2 269 -203
1 -690 -220
1 -848 -241
1 -784 -88
1 -69 -358
2 -331 -204
2 -784 662
1 500 -453
2 -909 -411
2 -351 -454
2 -958 -166
2 -463 -113
1 -696 11
2 -975 552
2 -708 -554
1 655 501
1 -892 627
1 -50 -601
1 -639 735
2 890 -232
1 -359 -896
1 -474 18
1 -751 -977
2 322 841
1 -424 626
1 546 -20
2 812 514
2 -670 -739
1 -540 554
1 -314 797
2 396 -795
1 469 -781
1 922 -199
2 -494 341
1 412 898
1 -380 749
1 -514 -10
2 -341 -588
2 -668 765
2 557 185
1 518 935
1 198 753
2 -713 -966
2 -648 353
2 -288 767
2 136 366
1 344 -846
1 856 -951
2 696 -966
1 342 -266
1 865 437
1 335 587
1 967 -152
2 -820 728
2 465 -700
1 -48 701
2 -976 -797
1 -470 -915
1 83 -570
2 -114 450
2 55 1000
1 -437 -784
2 458 7
1 -362 -823
1 -835 -743
2 -579 -703
2 350 354
2 636 701
2 292 996
1 675 519
2 -446 -101
1 315 -559
2 -728 -837
2 837 325
2 -649 126
2 825 -996
1 747 119
1 935 581
2 -525 -917
1 -258 -759
1 472 586
2 -627 603
2 379 413
2 811 137
1 503 -535
1 -148 -166
2 534 -87
2 795 -208
2 106 -48
1 145 -362
2 929 813
2 -501 986
2 133 -812
2 120 107
2 -139 116
1 781 450
1 607 12
1 -981 754
2 -136 113
2 510 335
2 -781 46
1 -324 590
2 -149 -852
2 -151 558
1 613 960
1 655 401
2 -366 -802
1 -512 -280
1 111 -347
2 39 85
1 711 40
1 52 -791
2 -959 -893
2 -866 676
1 -883 704
1 70 -502
1 -368 -482
2 -772 792
2 946 635
1 635 471
1 868 857
2 307 166
1 -435 762
1 636 -673
1 129 774
1 755 31
2 198 396
2 927 -509
1 742 955
2 549 -225
2 857 121
1 34 459
1 -536 -342
1 131 608
2 -363 -400
2 -965 -348
2 -211 82
2 -963 -718
1 601 -692
1 -428 -949
1 462 144
1 -192 -617
2 189 967
2 662 887
1 -512 -560
1 483 581
1 -957 -579
1 -205 -570
1 -421 745
1 -482 908
1 870 -379
1 -500 260
2 503 621
1 -257 568
1 -557 511
1 -150 -257
2 548 -972
1 830 272
2 -838 486
1 95 -978
2 268 909
1 45 364
2 163 -917
1 -922 518
1 -862 -630
1 -277 -670
2 -110 -742
2 -541 -418
1 385 877
2 -672 -945
1 -19 -360
1 -364 -198
1 503 -929
1 9 -640
2 -382 -306
1 -577 -552
1 765 -152
2 -669 -929
2 500 204
1 754 -955
2 -425 -185
2 -607 224
2 327 -228
1 -368 -193
2 795 567
1 163 845
1 720 211
2 766 -61
1 622 -115
2 -620 151
2 -207 829
1 400 -436
1 -502 48
1 888 729
1 817 -971
1 -626 156
2 -693 401
1 -964 -955
2 925 996
2 754 -789
1 496 669
2 757 -781
1 414 -84
1 865 843
2 940 -89
2 695 -329
2 162 -972
1 609 420
1 -359 -352
1 862 845
2 632 -395
2 -983 979
2 -6 107
2 -649 -249
2 -447 9
1 -640 564
2 -192 179
2 208 -918
2 -933 -210
2 37 313
1 495 -339
1 -312 866
1 -630 -425
1 -479 -490
2 852 182
1 -757 -169
1 -255 684
1 -751 -576
2 466 892
2 846 914
1 -941 744
2 -908 767
1 -603 277
1 -748 -582
1 -953 -467
2 883 336
1 -978 -877
2 821 979
2 800 -43
2 200 -26
1 340 603
2 380 841
2 144 340
1 -453 253
1 -936 -879
1 957 -988
2 -36 934
2 -415 -331
2 -999 686
2 758 -729
2 486 -77
2 346 -179
2 661 388
1 869 -94
1 510 -578
1 -334 -246
1 -450 -651
2 -584 -401
2 -458 -64
1 -62 105
2 -291 300
2 -969 -220
2 -859 -724
2 -177 273
1 921 -349
1 -625 -49
1 -478 418
2 715 378
1 513 -319
2 -270 -596
1 -649 -672
2 642 557
2 806 273
1 631 -626
1 948 -285
2 1 792
1 27 531
2 -448 464
1 901 6
2 -412 -206
1 -819 -227
1 -108 -800
1 -534 43
2 85 -218
1 232 857
2 402 947
2 -728 -333
1 -319 119
1 -874 88
1 -2 932
1 356 -34
2 630 993
2 383 -113
2 -158 -277
2 -221 -523
2 -750 -695
2 -339 -257
1 -907 -142
1 256 766
2 572 -925
2 -896 402
1 201 -189
1 113 168
1 59 -992
2 -670 713
1 -26 460
2 533 -399
2 791 188
2 893 965
2 824 -704
2 579 789
1 411 -986
1 -985 -216
1 -65 -487
1 165 -508
2 116 -742
1 -746 540
1 240 7
1 921 -27
2 -799 152
1 497 63
1 216 773
1 -330 427
1 420 353
2 341 -160
1 -883 -755
2 914 -782
2 -77 890
1 -568 281
1 -414 963
1 -175 -911
1 -419 31
1 -22 -380
1 -761 -335
1 -303 -814
2 -884 288
2 389 384
2 653 526
1 -690 587
1 980 -6
1 -14 15
1 543 -708
1 -910 20
1 945 -86
2 -638 158
2 -216 -401
2 64 993
2 56 -644
1 532 217
1 -966 781
2 -355 -760
1 362 116
1 766 -959
1 75 169
1 -408 -85
1 -101 977
2 -999 724
2 -966 -977
2 -900 989
1 -459 99
2 51 301
1 -357 348
2 721 631
2 804 -103
2 -739 28
2 201 967
2 -862 710
1 290 996
1 -984 -686
