1780
2 839 859
1 863 946
1 816 -204
1 -9 384
2 502 -719
1 -35 979
1 712 842
1 578 -264
2 -133 -453
2 104 -698
1 220 372
1 -992 -907
1 229 983
1 155 -861
1 292 741
2 -940 -758
1 -488 1
2 -814 -868
2 -227 -522
1 -182 -67
1 -92 915
2 682 958
2 -663 105
1 -550 739
1 357 243
2 35 974
2 796 -401
2 872 551
1 -593 674
1 -275 -220
2 268 880
1 390 -582
2 -189 -463
1 -587 987
1 862 -693
1 -41 242
1 838 248
1 -133 -298
1 918 -557
1 253 -835
1 -313 89
1 -862 672
1 -253 -506
2 -166 572
1 -527 374
2 592 -869
1 -120 641
1 580 112
1 -999 338
2 638 -709
1 -995 -346
1 908 193
2 59 -657
1 771 -522
1 -958 861
1 897 26
2 -298 256
1 584 810
1 392 -880
2 869 447
2 321 752
1 -332 469
2 764 856
1 485 -971
1 897 -910
2 -765 731
2 563 -613
1 -495 989
1 -719 815
1 -210 288
2 263 -729
1 -564 -324
1 -445 291
2 164 448
2 70 547
1 631 396
2 -628 987
2 -461 707
2 518 655
1 -367 918
2 979 354
1 -623 -906
2 -868 -104
2 -696 954
1 -500 738
2 272 -352
1 -179 364
1 -898 646
1 931 -404
1 999 410
1 165 557
2 732 726
2 -977 794
1 -453 626
1 -626 296
2 691 -681
2 -211 651
2 -965 -703
2 504 200
2 601 -563
1 516 215
2 386 700
1 564 359
2 16 -636
1 -255 953
2 427 -936
1 969 4
1 980 48
2 -523 346
2 783 682
2 15 -194
1 -85 544
2 -128 -327
1 84 146
1 -253 492
2 380 524
2 -477 276
1 119 125
1 524 -669
2 -321 -655
2 -933 472
2 -962 -196
2 713 497
1 505 -951
1 -198 -521
2 606 107
2 956 -863
1 -795 322
1 989 333
2 -117 682
2 248 679
2 260 -785
1 -528 550
1 648 -935
1 -669 -810
2 -786 870
1 -688 801
1 -550 880
2 -99 938
1 -999 -158
2 -669 456
1 -607 84
2 -870 221
1 -776 -928
2 829 119
2 -177 -706
2 -149 964
1 -154 508
2 -784 946
1 637 227
2 105 226
2 -976 598
2 -491 -156
1 914 619
2 226 -884
1 -265 918
1 -602 -390
2 -364 626
2 48 58
1 -740 -676
2 -703 954
2 -441 -941
1 -355 -404
1 996 -804
2 5 210
1 343 -506
2 74 396
1 -185 127
1 83 -100
1 -5 202
1 143 -573
2 872 -626
2 838 -979
1 723 483
1 -524 -199
2 982 205
1 -255 727
2 314 -643
2 -979 657
2 -621 744
2 870 -338
1 -91 511
2 20 956
1 670 69
1 -563 424
1 -272 -28
2 -355 601
2 -773 -277
2 794 -9
2 -179 -151
1 653 -545
2 372 -480
1 -186 -605
1 -930 -284
2 665 76
2 -934 -6
2 341 -42
1 835 979
1 -520 -185
1 -664 37
1 -539 -452
1 285 204
2 256 -421
1 -861 -978
1 331 -131
1 25 410
1 531 -556
1 -305 -260
2 787 -762
1 -466 589
2 -168 188
2 435 339
2 133 -905
2 454 295
1 351 -155
2 240 -905
2 621 -994
1 491 319
1 954 64
2 216 226
1 257 -673
2 -702 -653
1 -379 201
1 -254 -16
1 -944 -756
2 -258 -888
2 630 784
1 240 -410
2 -350 282
2 -55 814
1 -224 -816
2 -969 -556
1 870 20
2 784 39
2 -924 -710
2 731 -988
1 -723 883
1 169 898
1 -217 600
1 -414 1000
1 744 689
2 116 -175
2 -628 -141
2 204 223
1 977 123
1 774 -921
2 -175 298
1 -96 125
1 383 206
2 -508 -88
1 -446 -321
2 -429 -785
1 172 -71
2 -124 217
2 -452 -784
1 -300 433
1 85 370
1 -649 591
1 309 -103
1 664 -862
1 735 -738
2 -457 972
1 -982 145
1 -781 -976
2 936 -234
1 -24 -505
1 -548 -210
1 739 -755
2 -515 -385
1 621 708
2 218 -614
2 296 719
2 749 991
2 278 523
1 402 814
1 760 -664
1 625 -679
1 -546 -998
1 666 -166
2 -607 -955
2 185 -569
2 -620 755
2 589 -89
2 979 582
2 -266 -484
2 840 991
1 -91 -261
1 -194 -222
2 -380 -839
1 -455 0
2 -278 417
1 745 -947
1 773 -731
1 764 -387
1 27 -52
1 814 77
2 -328 -242
1 9 -807
2 -525 93
1 -899 -211
1 525 -340
2 -227 278
2 -3 861
2 -269 -752
1 488 696
1 -405 -876
2 150 158
2 -519 917
2 -501 -673
1 598 317
2 -993 -210
2 145 -154
1 -868 -877
2 915 -634
2 -616 907
1 -146 -823
1 -467 596
1 443 -285
2 900 836
2 -415 -746
2 -932 -474
1 404 408
1 449 -616
1 735 759
2 -71 -132
1 -284 -859
2 -108 691
2 373 499
2 -746 -884
2 278 672
2 -129 -481
1 520 -403
2 981 899
2 862 476
2 -491 -790
1 -407 -24
1 -780 -841
1 -732 491
1 368 933
2 561 141
2 888 -829
1 -873 775
1 -144 -770
1 -272 -600
2 -277 945
2 19 333
1 -836 234
2 133 -969
2 -268 266
2 814 -85
2 762 -382
2 -487 867
2 -354 411
2 -526 418
1 -373 -903
1 -122 -165
1 956 -868
1 -396 -305
2 -441 592
1 437 507
1 -353 530
1 520 -274
1 -183 222
2 355 -485
2 -571 -563
1 895 686
1 -791 -630
2 -544 250
1 -560 -707
2 -255 663
2 -534 878
2 -359 66
2 -128 -923
2 791 -847
2 -596 -764
2 -259 -878
2 -792 78
2 206 934
2 -268 -232
1 -988 105
2 -17 -265
2 -621 -56
1 329 260
2 -179 -868
1 -413 -509
1 533 -829
2 128 867
2 669 -377
1 -859 -45
2 376 -686
1 33 2
1 -791 707
1 -76 -593
2 -248 -44
2 628 838
1 -924 929
2 97 817
2 728 -251
2 -31 -174
1 -18 899
1 -18 -645
1 796 -495
1 758 46
1 380 640
2 841 -349
2 729 -604
1 -415 607
2 284 815
2 -279 -64
2 -536 895
2 224 686
1 513 475
2 769 -670
2 -898 -884
2 57 650
2 79 -139
1 -232 727
2 510 306
1 420 -918
1 547 777
2 651 -446
1 863 -820
2 926 -47
2 -557 -367
2 -524 906
1 -80 852
2 -532 -857
2 891 387
1 -504 -22
2 -158 -768
2 -193 -348
1 424 698
2 70 644
2 -439 -497
2 -659 264
1 516 -324
1 348 -629
1 -240 -649
1 999 -697
1 335 660
2 -9 467
2 836 379
2 -990 -545
1 406 -602
2 -15 -335
2 395 -469
2 886 -34
2 -540 -95
1 47 103
2 490 -999
2 -981 793
1 -880 -957
2 14 865
2 -377 845
2 -604 -414
2 -728 -424
1 51 777
1 -322 968
2 -88 -98
1 -128 818
1 824 -702
1 -358 772
2 922 67
1 670 -468
2 -103 -866
2 -234 819
1 889 478
1 -92 996
2 -272 472
2 938 717
2 -969 555
2 -907 -659
1 -267 981
1 -153 288
2 380 -430
1 536 -370
2 -341 -220
2 -766 679
2 963 -894
2 350 -298
2 294 633
2 65 -320
1 332 -231
1 965 672
2 -267 3
2 853 -152
2 -942 -753
2 402 -859
2 -283 593
2 158 -783
2 -348 -506
2 87 -810
1 -971 28
2 -506 -689
1 -686 -948
1 -409 -927
1 229 -797
2 -262 -142
1 -546 597
1 443 -247
1 798 -388
1 -992 513
2 -330 285
2 -302 49
2 376 309
2 383 561
1 -708 -354
1 513 -436
1 419 562
2 624 -779
1 3 -992
2 880 -438
1 -121 -954
1 -137 551
1 444 999
1 963 -999
1 -505 583
2 -470 -36
1 -731 -9
2 -384 -887
1 -282 408
1 -988 -585
1 -581 -205
2 -256 817
1 -869 121
1 -943 -162
2 -775 -551
1 -122 394
1 116 793
1 310 933
1 -481 434
1 -381 627
2 929 8
1 -558 -527
1 857 561
1 568 -220
1 -650 242
2 -841 81
2 216 -107
2 -364 -570
2 -887 772
1 561 481
2 -536 -473
1 638 590
1 -661 -522
2 -418 838
1 263 -41
2 -752 -549
2 866 -102
1 -117 881
2 -747 28
1 -575 894
2 -574 338
1 -450 -805
2 615 282
2 864 192
2 744 -782
2 634 564
1 -987 340
1 -343 424
1 534 -41
1 -209 780
2 -310 134
1 -507 -876
1 165 371
2 -481 620
1 96 270
2 727 817
1 59 244
1 -461 -114
1 -454 569
2 -670 99
2 312 712
2 242 768
2 -41 534
2 427 815
1 -517 561
2 32 -643
1 -478 -165
1 -86 966
2 296 843
1 809 -511
2 976 290
1 -52 859
2 404 -81
1 -99 -838
2 373 796
2 678 201
1 -272 -31
1 -49 983
1 253 821
1 -153 -307
2 -655 781
2 -887 -765
2 67 -605
2 426 823
1 902 533
2 -107 108
2 139 152
1 959 -491
2 -99 474
2 4 -766
1 -756 384
1 -457 409
2 757 -635
2 134 -477
1 310 426
1 -646 -136
1 44 -117
2 326 -862
1 407 -276
2 422 -897
1 454 577
2 -282 604
1 -172 518
2 -737 954
2 -771 152
2 297 -485
1 727 716
2 639 -716
2 653 330
1 -636 556
2 -346 200
1 -339 589
1 842 916
2 -978 -293
2 100 -738
2 -877 -175
2 858 607
1 616 782
1 401 -122
2 618 -751
1 -122 -562
1 920 146
1 563 -732
2 -960 -30
2 231 -549
1 689 -6
1 -234 -676
1 992 877
2 805 599
2 930 71
1 -399 -575
1 801 395
1 518 -252
1 -710 -949
2 -130 517
1 965 531
1 -138 -454
1 95 364
2 -289 335
2 -973 -850
1 336 -994
2 -479 57
2 207 390
1 -607 -69
2 199 -826
1 997 433
2 468 923
1 -971 402
2 -639 483
2 870 961
1 -519 -41
2 916 -798
2 490 -433
2 -726 -615
2 281 971
1 -416 -689
1 0 94
2 -41 102
2 -184 95
1 760 238
1 -447 783
2 -213 -580
2 -282 119
1 -228 -998
1 127 722
1 -876 -430
1 452 -157
1 547 -634
1 669 -316
2 -432 -691
1 931 -766
2 10 139
2 -693 647
1 194 -44
1 727 698
2 -668 755
2 -374 -919
1 187 -604
1 989 -568
1 64 -273
2 486 -859
2 236 199
2 -492 -820
2 -30 9
2 -809 -164
2 -312 27
2 -294 839
2 -447 -399
2 -954 532
2 -190 -181
1 -416 513
1 273 -730
2 -717 663
1 -375 954
2 98 -243
2 -156 638
1 -822 209
2 -714 765
2 -153 338
2 -482 868
2 611 480
1 299 339
2 501 -217
2 798 -664
1 -766 -420
1 -312 858
1 868 686
1 -782 -513
1 928 -104
1 424 -406
2 493 -439
1 -451 -512
2 -162 -905
2 509 -228
1 95 -716
2 -724 568
2 -182 -596
1 187 410
1 983 -147
1 144 651
2 -738 -983
1 324 12
2 -756 -85
2 -203 -711
1 388 183
2 -564 -692
2 -80 -620
1 503 133
2 919 386
2 -942 -6
2 299 -339
2 907 -850
2 -293 -896
1 -570 -311
2 -939 180
1 289 147
2 -205 -351
2 797 964
2 886 415
1 -225 -112
2 91 -825
1 -5 -348
2 -338 610
2 -910 -889
1 734 -969
1 -21 147
1 -176 951
2 444 -230
2 409 -731
2 885 -72
2 616 -457
2 -44 -223
1 -657 -514
1 -216 792
1 311 -6
2 -270 722
1 168 -708
2 -658 -888
1 387 -123
2 873 154
1 55 -607
2 858 -152
2 765 312
2 238 -58
2 -783 43
1 390 204
1 5 -278
2 -225 505
2 845 -913
1 -615 803
2 -460 -44
1 -135 -454
1 725 57
2 754 680
2 -432 617
1 -121 -535
2 990 36
1 755 -18
2 400 295
1 -439 -823
2 -658 162
1 829 969
2 894 139
2 183 337
2 730 -103
1 -932 680
2 893 174
1 -164 -215
1 495 -766
2 87 -740
1 -284 703
1 281 54
1 271 -48
2 516 577
2 40 863
1 -86 577
1 -933 -127
1 920 -748
1 148 52
1 155 -999
2 68 823
1 -106 -846
2 406 88
1 90 -499
2 790 976
1 -475 -958
1 879 831
2 -728 -247
1 373 917
2 142 -836
1 536 141
2 -560 -547
2 -365 622
2 -872 -574
2 -615 -824
2 987 749
1 418 -148
1 -203 -191
2 -471 138
1 995 139
1 -254 -256
2 -310 592
2 -346 604
1 853 -867
2 -541 -856
1 -853 684
2 535 -848
1 -587 893
2 815 -494
1 -507 512
1 -223 -885
2 -623 17
2 681 -616
2 758 -834
1 23 -998
1 -6 -512
1 -711 -113
2 -284 -872
1 -463 384
1 -558 -206
1 -949 -74
2 -857 -165
1 -115 307
1 987 -448
2 -961 -449
2 -847 915
2 -165 -379
2 901 -368
1 -172 -284
1 233 312
2 124 668
2 -763 -296
2 -482 -610
1 -188 -650
2 358 -622
1 442 -188
2 426 866
2 -453 -47
2 -477 -626
2 -278 -851
2 -437 615
1 -509 806
2 -534 -878
1 -535 124
2 344 18
2 -831 40
1 -656 -177
2 -232 -122
2 -129 797
1 368 -743
1 99 328
2 -162 -413
2 -593 -440
1 412 163
2 293 724
1 439 -970
1 558 -580
2 -397 725
1 -64 -957
2 -407 -573
2 -575 -941
2 -574 374
2 -796 -743
2 279 -208
2 461 -531
2 341 503
1 86 145
1 933 -643
1 -354 905
1 -50 174
2 900 -35
1 -554 -309
1 99 594
2 -294 263
1 -301 -710
2 676 203
1 712 -31
1 103 709
1 4 983
2 262 900
1 -580 563
2 906 -177
2 -740 -625
2 855 364
1 696 928
1 -110 -576
2 -166 462
1 -786 -940
1 509 -80
2 629 83
2 32 262
2 -947 377
2 -215 -206
2 -247 688
1 536 -607
1 -325 929
2 -65 -458
1 -43 -288
2 -336 517
2 434 367
2 -678 392
1 -81 -659
1 -891 328
1 85 -376
1 486 462
2 -593 -4
1 105 -766
1 528 -35
1 405 -553
1 -824 576
1 -265 -948
2 653 -450
1 -397 476
1 927 605
1 678 662
2 -660 966
1 -247 -928
1 715 857
1 451 -426
1 -775 -694
2 -813 -476
1 918 -544
1 254 -203
2 177 -505
1 349 -274
1 20 -411
2 -938 350
2 -915 631
2 -577 -220
2 -47 355
1 993 908
2 -490 -840
1 882 -409
1 29 -924
2 -131 792
2 -309 -874
2 -49 -766
2 -702 -271
2 825 -391
1 -116 -801
2 290 395
2 -722 537
1 423 -26
1 -490 -854
1 899 -140
1 333 -88
1 -29 -908
1 -732 -924
2 815 -372
1 193 -555
1 764 480
1 -150 202
2 -143 551
2 -175 605
2 488 -409
1 672 -433
1 -279 -627
2 -399 -141
1 -803 338
2 -340 309
1 797 742
1 732 -325
1 -495 -359
1 -514 -392
1 821 -109
2 -910 -275
2 -780 582
2 903 -551
1 -273 598
1 -148 -57
2 777 -876
1 -183 -281
1 737 279
1 110 749
1 491 187
1 -398 998
1 687 -472
1 802 494
1 960 -13
1 -269 -884
1 -561 491
1 974 11
2 -751 -441
1 396 137
1 -972 992
1 665 -684
2 -821 199
1 -193 -580
2 -960 -595
1 192 405
2 463 202
2 -267 675
2 373 -271
1 528 568
1 681 -1000
1 -339 -160
1 727 583
1 957 432
2 -198 -286
2 -754 -851
1 -354 -435
1 392 -747
1 -647 465
1 863 -613
2 -186 -89
1 454 15
1 495 -239
1 679 489
2 -24 -418
1 -733 584
1 -512 314
2 -907 -372
2 -72 767
1 -134 524
2 -748 905
2 -235 997
1 44 976
1 418 129
1 -303 950
2 943 949
1 494 344
1 351 -629
1 577 -734
2 696 -31
1 962 23
2 -758 682
1 778 549
1 -833 -213
2 323 747
2 -668 849
1 414 -977
2 -646 555
1 735 -714
1 -433 579
2 -440 310
1 565 -825
1 -664 90
1 -806 114
1 310 66
2 -259 -151
2 328 529
1 211 639
1 -883 -277
2 88 -677
1 9 -737
1 -387 -462
2 -822 791
2 -712 -324
1 181 -782
2 970 172
1 -723 -976
1 56 -1000
2 -842 -605
2 961 -338
2 37 755
2 500 122
1 -135 -427
2 39 260
2 505 360
1 952 -232
2 -642 -972
2 -102 736
1 -638 778
2 731 23
2 -419 351
2 -919 980
1 171 -396
1 -829 -225
1 744 -436
1 187 -812
1 -807 279
2 430 419
2 -779 887
2 945 62
1 -266 -820
1 326 31
1 876 -591
2 883 195
1 -315 274
1 -314 -773
1 -532 696
1 239 -714
1 516 865
2 561 -844
2 -452 497
2 -534 -342
1 -929 -896
1 -899 -176
1 -174 902
2 -694 -59
2 542 44
1 765 108
2 420 -489
2 364 -471
2 -627 -918
2 295 872
2 -370 633
2 604 580
1 -402 -70
2 -12 129
1 493 14
2 784 45
1 -821 -177
1 -925 -290
2 850 -704
2 -436 -662
2 991 -56
2 -718 -463
1 -675 -317
1 681 517
2 614 -318
1 -930 -922
1 -548 314
2 636 -210
2 763 750
1 -878 858
2 -564 128
1 -689 378
1 -401 929
2 -118 423
1 -967 -211
1 554 -771
1 823 325
1 957 -361
2 -566 -586
1 139 -125
2 475 -186
1 -595 -681
2 -82 -221
1 323 18
1 -140 -24
2 144 951
1 263 69
2 731 -703
1 -125 -922
2 53 348
1 987 535
2 -560 -560
1 -29 710
2 -290 582
1 605 -15
1 696 338
1 324 253
2 586 678
1 765 419
2 -166 271
1 -975 286
2 -955 -207
1 -829 964
2 250 -933
1 -565 -117
2 850 -462
1 882 801
1 -792 564
1 -874 242
2 -321 -869
2 -859 474
2 545 -363
1 349 185
2 175 536
2 -132 -52
1 603 -572
1 -204 -563
2 -140 -445
1 -996 -370
1 833 383
1 -117 -363
2 -433 123
2 -193 -869
2 -652 35
1 -558 986
1 288 316
1 -839 -459
1 -366 -687
1 685 166
1 996 -224
1 -431 641
1 615 -511
2 87 336
2 -11 -607
1 131 -213
1 -50 -181
1 470 464
1 98 -942
2 -175 1000
2 -555 250
1 -269 380
2 604 671
1 -261 990
2 -59 -397
2 265 -869
1 -511 -972
1 -834 180
2 -108 -530
1 -413 604
2 -552 -100
2 354 -680
2 788 878
2 41 -654
2 385 -219
1 -133 342
2 -567 -977
2 -886 -585
2 134 -32
1 -603 -363
1 909 970
2 -455 -28
1 -174 382
2 297 -417
2 608 -789
2 -30 356
2 -344 935
2 197 -875
1 -137 357
1 -479 -186
2 279 -952
2 -187 -847
1 315 -682
1 276 -99
2 825 540
2 746 -567
1 -926 15
2 162 -933
2 -563 -575
1 496 -240
2 100 524
1 -646 896
2 352 -22
2 880 -655
2 -272 89
1 713 330
2 329 603
2 -918 495
2 416 551
1 -924 -352
1 -151 -345
2 -39 445
2 580 886
2 957 -932
2 355 61
1 490 -284
2 -115 -156
1 877 917
1 264 -913
1 -223 503
2 776 -172
1 -496 820
1 384 -821
1 -930 5
2 679 -925
1 -408 343
2 251 -265
2 -785 -536
2 -172 -72
2 854 625
2 113 -314
2 868 -956
1 596 333
2 532 319
1 -118 598
2 -829 372
1 171 -834
2 -82 93
2 790 550
1 -424 907
1 565 -2
2 42 585
1 384 -544
1 -434 924
1 394 760
2 510 -532
1 640 -294
2 325 -396
2 376 -435
2 -115 344
1 -183 -777
1 -298 -276
1 950 19
1 531 944
2 39 992
2 -738 -838
2 623 -706
2 -70 -913
1 -993 -68
1 941 -1
2 -561 296
1 475 -529
2 -492 -210
2 742 -296
1 64 -735
2 947 983
1 -989 98
1 -51 306
2 -540 -970
2 -72 406
1 -891 144
1 802 -308
2 748 -400
1 -389 -717
1 -897 687
1 -379 -459
2 689 -496
2 -878 -926
2 -212 797
1 278 32
2 -159 755
2 -721 672
1 -36 -714
2 -777 -531
2 290 -893
2 -805 -154
1 56 580
1 -770 399
2 -999 -932
2 -796 593
1 317 626
2 257 234
1 713 -4
1 -937 837
1 -553 -114
2 -693 352
1 405 -269
1 -797 295
1 68 139
1 40 -52
2 907 102
1 21 -757
2 -594 765
1 316 -69
2 -396 -404
1 -148 874
1 -297 651
1 -470 513
2 172 -15
2 132 -63
1 -670 655
2 936 -404
1 104 419
1 -7 250
2 -323 -868
2 723 650
1 865 -285
1 864 831
1 9 -261
1 21 -12
1 -221 532
2 -52 -308
2 385 -752
1 350 -954
1 136 -439
2 696 342
2 918 -479
2 536 -310
2 -390 130
1 -243 673
2 -932 826
1 -747 -773
2 -666 618
2 -239 -415
2 -624 464
1 532 516
2 -353 698
2 -686 -270
2 -528 -923
1 -934 -92
2 56 450
1 -475 -130
1 -936 -233
2 -10 759
2 257 -376
2 764 234
1 749 772
2 -605 624
1 240 389
2 939 -630
2 383 437
1 -757 -643
1 -731 675
2 -222 -72
1 41 -164
1 -707 769
1 -126 447
1 -570 333
2 387 -170
2 210 475
2 -90 642
1 669 404
1 -533 378
1 639 -412
1 -245 -699
2 217 366
2 -723 -920
1 540 -668
1 -360 -702
1 579 77
1 -828 422
1 -771 537
2 213 109
2 774 440
2 325 608
2 405 -232
1 960 518
2 590 -548
1 -9 289
2 648 634
1 -98 214
1 -494 895
2 109 218
1 -141 -392
2 -560 213
2 -545 113
1 969 -861
1 702 -686
1 859 14
1 577 -272
2 -628 203
1 -551 95
2 645 71
1 -726 22
2 -261 -899
1 -182 -327
1 -785 -48
2 935 203
1 -721 -620
2 -959 346
1 -794 732
2 949 -698
1 -662 -84
2 459 -190
2 968 -251
1 476 77
2 -261 287
1 -626 766
1 200 15
2 -131 -29
2 -210 412
1 351 83
1 650 -396
1 628 -21
1 -551 969
2 298 576
1 212 352
1 -354 -367
2 422 246
2 -898 -223
1 211 -42
1 921 409
2 -676 160
2 -855 -627
2 -728 567
2 -305 -305
2 -501 214
1 396 -128
1 -589 576
1 -220 152
2 268 -374
1 173 -302
1 614 311
1 -162 98
2 730 331
2 -160 -535
2 -790 857
1 860 830
1 407 -441
1 -573 -455
2 439 489
2 865 998
2 -205 -146
2 405 -261
1 410 -800
1 969 30
1 -436 -535
2 -328 24
2 445 479
1 -757 -918
1 -684 -935
2 789 995
1 -528 563
2 -485 -643
1 708 832
1 315 11
2 -992 -148
2 -433 324
1 181 -410
2 736 37
1 285 581
1 -468 865
2 -3 464
2 519 652
1 449 -394
2 877 675
1 845 -936
2 836 602
2 -769 498
2 -630 470
1 -933 668
1 984 -564
1 172 811
1 -517 914
2 -131 203
2 820 -372
2 -78 -456
1 -592 -792
2 -260 -828
1 984 688
1 319 -653
1 147 560
2 -826 -904
2 422 -675
2 368 -520
1 68 -143
2 -782 -837
1 -148 -509
1 285 575
2 -748 -477
1 721 -636
2 -926 629
2 -864 -700
1 56 -846
2 -305 -24
2 836 -618
1 -238 899
2 -610 759
2 129 -739
1 -153 -784
2 -672 -482
1 -842 179
1 906 310
2 -624 262
1 936 778
1 -490 -345
1 838 830
1 974 -158
1 117 970
1 -405 -384
1 21 435
2 -651 -106
1 -684 60
1 759 178
1 499 216
2 164 432
2 -355 -488
1 -391 84
1 -507 281
2 539 -745
1 242 479
2 25 -939
1 -184 -180
2 883 -111
2 537 622
1 -683 -611
1 485 79
2 797 -514
2 429 138
1 922 -825
1 -460 -768
2 649 -31
1 -843 -496
1 791 438
1 -428 -626
2 6 864
1 641 963
2 892 -521
2 -103 577
1 -45 -100
1 540 593
1 -464 906
2 -822 -184
2 291 728
2 507 -966
1 264 474
2 -528 -104
2 800 614
2 550 946
1 -63 -23
2 363 669
2 664 -483
1 808 783
2 342 -212
2 -534 -325
1 -989 335
2 267 465
2 199 -402
1 92 -159
2 -265 953
2 -919 -762
2 -9 -772
1 459 582
2 431 518
2 792 186
2 792 -342
1 277 945
1 166 -233
1 564 84
1 -177 -936
1 526 -425
2 705 828
2 309 -950
2 -940 -700
1 678 328
1 -778 629
1 527 -138
1 413 543
1 530 -968
1 -783 763
1 -646 -236
2 576 989
2 -253 625
1 -421 370
2 251 178
1 -577 649
2 -414 -279
1 -426 999
1 -980 685
1 -321 200
1 949 -1
1 330 -572
2 -155 -305
2 744 14
2 486 -775
1 -368 267
1 -702 -944
1 -607 54
2 153 980
1 956 -768
2 -763 177
1 -151 980
1 307 -201
2 266 -286
1 -265 123
2 -532 433
1 868 996
2 -978 579
2 -75 -113
2 -346 -808
1 229 805
1 346 372
1 375 -693
1 754 259
1 -268 826
2 -502 728
1 891 -870
2 -413 507
2 -256 206
1 -850 768
2 521 -622
2 510 422
1 421 -294
2 887 571
2 133 405
2 858 -437
2 562 583
1 706 -589
1 650 -839
1 439 19
1 -997 493
1 -650 339
2 524 790
2 407 -699
1 261 -797
1 324 -367
2 -560 810
2 -627 209
2 -107 -920
2 210 -463
2 -992 902
2 527 678
2 355 746
1 898 -945
2 -535 -370
1 780 -865
1 92 -189
2 506 -948
2 -462 -645
2 -300 256
2 66 -910
2 -205 -23
1 241 -108
1 349 -915
2 -658 688
2 431 810
2 810 678
2 -945 935
2 556 -22
2 433 143
2 877 390
1 297 216
2 276 -760
2 -55 -275
2 53 -884
2 934 -650
2 23 499
1 -111 -565
2 350 -125
1 -118 362
1 -692 51
2 731 -301
1 -901 -144
2 -831 -270
2 483 185
2 -578 -730
2 108 -212
2 -472 -730
2 137 -774
2 473 32
2 -664 -102
2 -738 930
1 -132 626
1 752 -952
1 -723 921
2 -562 -550
2 374 -863
1 167 -970
2 -434 944
1 819 753
2 -613 -456
2 466 -59
1 534 186
2 715 799
1 -891 838
2 124 888
2 -91 -908
2 41 635
2 -129 296
1 66 -615
1 950 -712
2 -408 210
1 -816 -972
2 -333 -412
2 962 -464
1 -449 -548
2 -597 -29
2 307 315
1 34 668
1 329 -672
2 157 132
1 980 -670
2 969 168
2 -935 543
2 796 406
1 -476 587
2 810 -755
2 -591 -577
2 633 -875
2 -854 -211
1 -941 509
2 -662 553
2 329 908
