1457
1 -893 -157
2 688 0
1 -248 -250
2 874 688
1 -613 -65
2 -291 614
2 -383 229
1 818 -296
2 -150 -219
1 992 -221
1 788 342
2 670 523
2 -26 -745
1 -57 718
1 -326 -311
1 -808 -755
2 -418 427
2 -428 -940
1 546 -334
2 875 -544
1 -779 378
1 -21 993
1 276 480
1 252 552
1 131 -833
1 -488 -299
2 -174 329
1 -513 -298
1 366 -613
1 775 -980
2 809 -88
1 963 -810
1 644 9
1 -573 -513
2 116 -681
1 697 184
1 22 -702
1 -733 -138
2 291 251
2 218 -510
2 -143 577
2 494 82
2 480 -212
1 66 197
2 513 -843
2 -955 -817
1 -455 -714
1 155 -96
1 -287 991
1 254 -407
1 409 13
1 954 -178
1 -425 68
1 256 935
2 180 670
1 -64 848
1 -921 786
1 623 5
2 -850 -289
1 -342 791
1 176 872
1 -457 -117
1 -216 761
2 817 -643
1 -617 815
2 408 -423
2 765 522
2 -3 -416
2 646 -36
2 -853 -336
1 -998 -869
2 893 820
1 -66 769
2 -527 -93
1 205 -823
1 -644 381
2 -390 195
1 -555 -945
1 142 -831
1 455 -883
2 939 -110
1 -321 566
2 790 142
1 -77 690
2 -379 755
1 103 507
1 451 -954
2 -199 -870
2 514 840
2 -144 510
2 641 -101
1 -338 878
1 590 -766
2 -679 525
2 -212 -786
1 348 224
1 981 51
2 -530 160
2 858 -893
2 961 913
1 -329 162
2 -974 283
2 214 557
1 -623 61
1 56 735
1 -366 984
2 -614 -689
1 552 563
2 -851 -273
2 98 -686
1 358 295
1 -536 123
1 592 197
1 470 808
2 -402 -144
2 708 -427
1 -143 86
2 403 738
2 -441 -838
1 214 199
1 322 844
1 227 -758
2 -89 -129
1 517 -146
1 -461 582
2 743 915
2 784 -549
1 -633 312
1 405 354
2 892 217
1 10 168
2 -956 -614
1 402 -561
2 912 -803
1 834 948
1 -517 -596
2 -1 71
2 -290 -708
2 206 597
2 302 657
1 78 903
2 -807 945
2 -218 -669
1 -273 -212
1 -963 373
2 -429 569
2 -931 868
2 -877 -951
1 -35 958
1 129 -206
2 -129 952
1 -577 -900
2 127 -782
2 -403 -195
2 -393 -802
1 -383 -246
1 -459 796
2 630 847
1 -250 551
2 -108 50
2 695 398
1 690 -164
2 329 938
2 687 848
2 -804 824
1 482 11
2 -792 -18
2 -162 759
2 -334 38
2 -496 688
1 -384 669
1 623 -349
1 -190 -507
2 -430 -280
1 -844 409
2 479 -979
2 -492 -741
1 157 662
2 -272 -40
2 -985 -654
2 39 117
1 216 646
2 -558 716
1 346 889
2 -752 901
2 -156 -760
1 -417 -509
2 -680 925
1 4 178
2 -460 906
2 -719 758
2 111 -423
2 -86 -641
1 440 -223
2 766 -186
1 -443 -694
1 909 -110
2 784 442
2 826 21
2 -663 931
2 -785 550
1 249 577
1 388 153
1 -562 99
2 850 456
1 59 753
1 -428 -528
2 -603 -514
1 -519 -947
2 -303 -668
2 -886 -278
2 -68 -376
2 -767 -807
1 -983 230
2 423 338
1 188 157
1 891 -82
2 26 419
1 -369 -877
1 64 288
1 54 705
2 548 -422
2 169 881
1 -336 -909
1 -720 333
1 -21 -357
2 342 988
1 321 793
2 -481 -934
2 83 -123
2 -921 -899
2 173 142
2 555 492
1 852 -715
1 770 98
1 224 986
2 317 692
1 865 637
2 -238 315
2 -4 234
2 -582 -390
1 65 -193
1 -859 167
1 45 -624
1 -454 -109
1 -263 -134
2 -913 -42
2 -217 438
1 967 -491
2 -299 -932
2 -62 967
1 -62 -129
1 160 808
1 -458 -504
1 423 -660
1 994 -330
1 -417 -77
1 -107 -480
2 624 941
1 934 -12
2 -52 -310
1 641 -573
2 -259 602
1 -668 59
1 -616 -133
2 -952 -72
2 827 573
1 929 -334
2 -800 824
1 653 -344
1 -411 -864
1 -930 81
2 894 -861
2 -635 -642
2 406 85
1 -990 562
2 910 -812
1 -690 -979
1 37 152
1 49 -830
2 80 -963
1 447 942
1 327 -326
2 -147 -748
1 -516 722
2 -856 -336
1 277 -433
2 464 558
2 102 620
2 941 -605
2 -20 -412
1 -656 728
1 -30 446
1 252 -382
2 -584 -993
1 -252 -461
1 92 -315
1 297 -291
2 467 -242
1 442 -589
2 -287 204
2 802 405
1 -942 -625
1 -404 808
1 -540 992
1 -373 -995
2 -213 978
2 637 -802
1 -312 -217
1 -312 -987
1 780 -478
1 234 -237
1 -924 310
2 322 325
1 637 -660
2 661 347
2 -940 -890
2 867 -326
2 640 858
2 -277 220
1 428 -700
2 524 -614
2 74 739
2 -88 -899
1 -867 826
1 -830 521
2 233 -217
2 -95 125
2 697 746
2 63 -2
2 -465 64
1 956 67
2 402 262
1 -923 863
2 -729 816
1 836 -594
2 -480 -98
2 -947 -204
1 140 368
2 -642 -286
1 695 -392
1 -454 840
1 -499 6
2 1000 919
2 281 393
1 882 -448
2 289 -803
1 820 42
1 -277 363
2 315 -997
1 32 704
1 102 -161
1 -429 -486
1 -337 330
1 -214 -9
1 32 373
2 -742 209
1 528 -771
2 11 -82
2 -499 -950
2 482 -157
1 691 -462
1 342 978
1 -91 496
2 896 727
1 314 151
1 502 130
2 867 958
1 -374 108
1 -717 -937
1 525 235
2 -637 -894
2 -260 95
2 647 -40
1 -284 -629
2 -800 -879
1 144 -557
1 -400 738
2 975 542
2 -324 161
2 801 907
2 921 -888
1 643 551
2 -365 -162
1 -208 634
2 -122 523
1 739 727
1 325 38
1 -114 -920
2 -728 -676
2 256 -830
1 586 -845
1 413 516
2 187 918
1 -849 -299
2 -575 -373
1 -998 9
2 106 547
2 490 -955
1 604 -1000
2 -406 -369
2 507 -974
1 -851 -828
2 17 -661
2 -644 -85
2 434 697
2 319 785
1 -680 450
2 319 569
2 983 871
1 648 547
1 -564 -984
2 -575 630
1 30 1
1 -518 -670
1 -337 -767
2 -333 -671
2 505 -256
1 -83 -370
1 2 742
1 509 -888
2 596 -742
2 -393 -29
2 524 737
2 -266 695
2 -785 -910
2 642 594
2 -603 109
2 -627 555
2 -471 -102
2 112 892
1 -352 -572
2 73 -613
2 -546 56
2 -422 10
2 -537 -36
2 340 -238
1 543 -785
2 -772 -981
1 -287 23
2 -380 -753
2 76 489
2 733 -145
1 -623 447
1 156 -716
1 394 447
2 -53 667
2 -328 -621
2 -733 313
1 -27 -657
1 -379 -219
1 783 -926
1 692 482
2 -580 -501
1 604 40
1 -247 -244
1 -413 88
2 -671 -862
1 -605 -80
2 972 -656
2 -227 996
2 -220 -468
1 -403 -382
1 -877 866
1 483 -419
1 516 82
1 -842 673
1 -755 -810
2 -681 898
2 335 -100
2 -518 448
1 -440 -91
2 136 -380
1 396 432
2 32 952
2 -711 -58
1 -271 133
2 -440 75
1 -328 -525
2 -628 -382
1 -690 152
2 -475 758
1 -330 -233
1 -210 -203
2 -945 88
2 329 49
2 -441 173
1 -389 -517
2 378 -349
1 293 -895
2 -630 556
1 110 -726
1 366 709
2 -164 -145
2 724 417
1 -467 493
2 695 -765
2 634 -57
1 -48 531
2 62 733
1 325 -398
1 540 539
2 -303 44
2 280 466
2 -625 -771
1 129 -825
1 -94 -28
1 737 -212
1 -479 -21
2 628 -119
2 69 -242
2 -820 405
2 -380 786
2 220 379
2 -696 538
1 566 -634
1 221 -607
1 186 -214
2 266 -651
1 -589 575
2 -115 980
1 933 -510
1 -917 187
2 732 -409
1 72 -152
1 -542 -349
2 -343 -84
2 695 753
2 142 -828
2 553 -242
2 -322 180
1 -466 161
1 664 -961
1 -689 -952
2 481 485
1 -450 528
1 -389 -846
2 -806 181
2 -73 225
2 136 376
2 -793 -47
2 494 -237
1 -574 920
2 149 897
2 -985 -312
2 -343 676
1 -397 516
2 -524 796
2 -801 769
1 339 189
1 525 -660
1 -370 -273
2 954 519
1 -367 -916
2 269 -616
2 107 152
1 180 -33
2 -387 -878
1 640 897
2 -647 -8
2 -894 -47
1 444 -461
1 845 902
2 134 705
1 434 769
1 92 -55
2 -364 -204
2 -161 -525
2 -165 219
1 444 29
2 -732 85
2 284 -863
1 927 70
2 -849 809
2 631 -966
2 -940 -246
1 3 837
1 -34 282
1 542 -548
1 252 606
2 681 -409
1 656 -264
2 690 -956
2 899 412
2 658 -757
2 -990 -21
1 11 893
1 -57 613
2 -101 -704
2 277 -329
2 -232 -377
2 558 -18
2 -633 -535
1 181 692
1 -42 831
2 -44 -875
2 -536 -800
2 370 872
1 -992 -9
2 868 303
1 -613 711
1 267 -588
1 -892 -243
1 782 -931
2 -232 971
1 -295 596
2 502 -726
2 -502 -585
2 781 -580
1 -952 -184
1 848 -515
2 811 -409
2 -540 543
1 98 890
1 775 203
1 501 -335
1 -756 792
2 513 -623
2 -31 86
2 -348 26
1 853 -78
2 137 492
2 -912 -885
2 -684 32
1 -104 -211
1 516 333
1 276 -37
1 356 -877
1 165 -2
2 944 -703
2 -72 809
1 160 536
1 383 -545
2 -433 -279
1 127 -283
2 -799 594
2 -92 -988
1 32 -811
2 132 53
1 -43 -763
2 167 -472
2 397 133
2 121 -361
1 587 190
1 948 582
1 -837 832
1 149 409
2 -326 -745
1 885 641
2 -57 619
1 935 325
2 -6 -197
1 -811 822
2 -279 451
2 -67 453
2 -216 629
2 -470 -417
1 784 -710
2 -495 -80
1 -566 898
2 -40 354
1 469 406
2 -541 338
1 -679 449
2 -234 -951
2 802 -757
1 -607 -718
2 -236 -741
2 915 504
2 685 8
2 267 -63
2 -256 -356
1 -972 673
1 264 719
1 670 -802
1 647 458
2 -574 -157
1 476 251
2 -591 -590
2 607 -407
2 -227 -649
2 -407 -367
2 -534 581
2 862 -160
1 106 161
2 834 -91
2 -346 -934
2 240 929
1 193 -99
1 498 -710
2 65 -524
1 -82 -440
2 -190 -717
1 -700 -39
1 -643 655
1 690 -90
1 655 362
2 -994 892
2 685 -610
1 -926 -855
2 425 128
2 367 401
1 -639 -649
2 -885 606
1 -709 -314
2 -189 -560
2 -712 914
1 657 -847
1 876 -391
2 -605 783
1 579 -561
2 -16 -839
1 -184 -115
2 -455 -842
1 -973 543
1 665 -583
1 -737 -761
2 -311 675
2 -882 -225
1 -931 793
2 53 -250
1 793 -722
2 224 -97
1 854 -802
2 -825 296
2 -821 -839
1 -142 -836
1 -678 767
2 -933 552
1 462 -717
2 -261 -736
1 756 126
2 226 441
2 291 -473
2 548 689
1 891 -904
2 -236 -662
2 252 -690
2 15 84
2 206 -516
2 -169 -659
2 -338 -21
1 282 343
1 -312 -371
1 -817 25
1 -874 198
1 -828 -617
1 575 398
2 -178 499
1 184 -946
1 -328 -722
2 -860 -531
1 414 816
2 -27 235
2 456 765
2 772 -529
2 -908 -453
2 -648 124
2 282 152
2 464 -659
1 -821 -792
1 -473 -811
1 -819 595
2 -68 201
1 28 557
2 174 462
1 -358 -784
1 931 -437
1 142 -805
1 342 596
2 -27 892
2 -430 379
2 88 -175
1 672 357
2 852 691
1 765 289
1 -541 116
1 444 470
1 -414 -383
1 824 308
1 -945 401
2 448 -563
1 717 972
2 -538 122
2 -25 183
1 -909 965
2 482 540
1 -705 -616
2 -802 -310
1 683 -702
2 21 757
2 -167 42
1 -730 -281
2 -922 765
2 -187 345
2 -256 463
1 831 -907
2 -918 -830
2 831 561
2 -596 -435
2 -471 -541
1 -920 676
2 613 -460
2 844 -66
1 488 -120
2 371 483
2 119 -392
1 124 -269
1 857 637
1 -840 -34
2 4 -386
2 -32 -93
1 -191 944
2 329 -462
1 -639 -601
1 -84 172
2 532 321
1 94 -123
1 165 -75
2 497 -901
2 -663 -184
1 -876 -534
1 -800 391
1 -644 675
2 -630 640
2 244 -327
1 -641 -597
1 -673 -760
2 -978 -987
2 -931 -884
2 -720 519
1 -577 -359
1 -325 210
1 662 -25
2 697 -476
2 135 -262
1 995 991
1 129 -181
2 175 -70
1 -380 950
1 -956 -396
2 -307 895
2 722 174
2 -13 -62
2 -197 877
1 -39 990
2 -998 -16
1 -165 -441
1 382 -929
1 -305 -59
2 -479 919
2 -991 706
2 15 -96
1 -373 795
1 488 694
1 624 -109
2 774 990
1 -33 -56
1 -110 -938
2 567 364
1 258 -506
1 -195 437
2 -27 556
2 539 157
1 902 325
1 -286 700
1 -392 803
2 -37 -388
1 -234 -721
1 570 45
2 345 493
1 -121 -193
1 -704 -879
1 -422 609
1 -9 72
2 552 759
2 226 288
1 -961 264
1 176 250
1 66 -171
1 -796 -847
1 867 31
1 -735 -862
2 -862 -358
2 -939 -965
1 -12 731
1 138 -814
2 981 389
1 164 409
1 797 -885
2 200 -897
1 -1000 396
1 -397 -683
2 858 848
1 804 969
1 -821 272
2 255 -971
2 -739 -472
2 499 -705
2 -313 -674
1 659 620
1 -972 -405
1 -882 -454
1 671 969
1 536 861
2 -35 878
1 102 594
2 -971 -985
1 61 -445
1 -803 -906
1 -929 886
1 -734 661
1 -578 -304
1 458 -465
1 -23 360
2 -995 -128
2 -183 -740
1 -953 -620
1 58 -871
2 -776 0
1 -704 529
1 533 753
1 805 -652
2 114 920
1 59 917
1 -825 -582
1 -965 805
1 4 555
2 209 -809
2 618 797
1 50 -231
2 -916 606
1 -865 -165
2 474 -355
1 -477 -424
1 560 -610
1 -238 13
2 -627 -853
1 438 480
2 103 -96
2 572 972
2 -567 437
1 84 621
2 -136 292
2 -472 -442
2 533 -532
1 131 771
2 -950 -943
1 78 66
1 -986 -176
1 -498 -995
2 -321 624
2 -591 494
2 -574 -626
1 -533 -140
2 112 525
2 -676 280
1 355 -588
1 865 113
1 -726 -728
2 123 461
1 636 661
2 -191 -492
2 714 716
1 381 -327
1 593 972
1 925 -955
2 366 102
1 972 312
2 -5 374
1 834 -627
2 -785 739
1 -798 -162
1 117 -941
1 506 -16
1 -499 951
1 -725 -582
2 975 466
2 -229 503
1 -417 291
1 -330 984
1 -813 -799
2 737 568
1 -927 -799
1 -241 707
2 -78 -169
1 -287 -900
2 130 -494
2 -96 634
1 415 781
2 -423 -822
1 -220 375
2 548 -572
1 184 779
1 -173 763
1 758 983
2 -32 -105
2 653 483
2 -527 467
2 -944 432
1 -493 -782
1 666 -183
2 289 -572
1 -759 658
2 -361 -100
2 172 -422
1 -475 -400
1 -163 -821
2 29 -964
2 -449 891
2 -557 -804
1 -181 947
2 24 -481
1 663 -40
1 933 305
2 169 542
1 -199 778
2 -10 478
2 888 -389
2 1000 -119
2 820 -781
1 726 819
1 -194 -525
2 -221 -539
1 -379 -108
2 683 635
1 895 -798
1 -149 674
2 274 -946
1 426 -977
2 69 803
1 -174 705
1 44 413
1 -878 -297
2 147 -139
2 41 19
1 369 -157
1 16 538
1 97 -809
2 420 -876
2 357 984
2 -76 434
2 -840 -103
1 795 -856
1 -855 830
2 396 244
2 -583 276
2 707 701
1 958 412
2 -404 -10
1 -312 -237
1 -837 -529
2 944 -183
1 635 -839
2 -504 -766
1 561 -985
2 -624 35
1 110 41
2 -892 0
2 771 -431
1 261 -765
1 -935 -537
2 -814 439
1 948 -691
2 -267 642
2 -187 -759
1 -404 506
1 -599 -765
1 417 902
2 639 189
1 -836 -696
2 301 -222
2 -395 171
2 -351 -453
2 -722 -997
2 -350 820
2 -39 -493
2 -364 -258
2 -996 -452
1 -981 815
2 933 915
1 -882 -497
2 49 582
2 -285 -478
1 773 -600
2 392 639
1 -420 -801
2 569 -677
2 -336 -176
2 -920 -263
1 -606 705
1 810 442
2 63 85
2 -500 -645
2 121 -624
2 355 241
2 659 851
1 -420 -60
1 583 -20
2 -306 -147
2 -253 914
2 172 -742
2 51 810
1 -638 250
1 309 914
2 915 509
1 -441 115
2 80 258
1 681 329
2 -283 915
2 448 -402
1 -696 14
1 -27 -105
2 -451 -765
1 -162 -90
1 -474 -577
1 604 167
1 -631 200
1 198 -433
1 962 -378
1 -925 -404
1 700 332
1 264 -496
1 -853 -657
2 -877 -683
1 653 502
1 -695 -652
2 -561 -304
2 473 -42
2 -937 87
1 208 -443
2 -492 -914
2 -965 -620
1 -896 -954
1 214 -411
2 -395 -227
2 386 136
2 -294 200
2 496 469
1 -953 253
2 -346 742
2 -811 -575
2 939 -87
2 -488 -928
2 837 -771
1 -607 385
1 -800 188
1 -110 53
2 884 320
1 355 387
2 -195 570
2 -158 29
2 -90 574
2 451 -811
2 -936 744
2 -796 -879
1 940 -954
1 873 30
1 -984 729
2 -965 270
1 -64 6
1 672 683
1 155 322
2 -499 -55
1 -338 102
1 -838 966
2 -554 151
2 -682 379
2 -669 364
2 812 -122
1 -692 -201
2 -544 -835
1 -343 -175
2 322 -198
2 -218 -1000
1 -740 -733
1 -891 793
2 648 -625
1 175 -528
1 324 -738
2 -832 -27
1 -224 157
1 388 -10
1 969 493
1 325 904
2 -353 -836
2 -362 658
1 -994 747
2 695 513
1 944 374
2 118 -295
1 154 332
2 -459 353
1 298 -522
1 92 679
1 353 -648
1 -844 -592
2 169 882
1 -152 -953
2 -7 72
2 853 -324
1 -289 365
1 844 -584
2 458 -156
1 -984 -337
2 593 334
2 -607 -80
2 100 -450
2 871 -925
1 814 -721
1 -870 -443
2 188 857
1 350 -496
2 -304 -415
1 -492 518
1 957 -560
2 -580 -679
1 530 535
1 -968 298
1 -188 361
2 -636 864
1 -47 -238
2 413 -900
2 -923 414
2 695 363
2 -71 893
2 -243 372
2 566 -743
2 367 115
1 -367 -386
1 -150 348
2 670 963
1 648 -738
2 656 143
2 -512 -720
2 618 -78
2 132 -617
2 -347 -297
2 -302 603
1 -17 291
1 -883 668
2 378 914
2 -2 969
1 -801 461
2 646 216
2 -337 -901
2 372 999
1 492 -249
1 742 -271
1 -824 -457
1 850 537
2 -967 685
2 772 -975
1 -636 -255
1 54 -781
1 -132 -293
2 -680 -575
2 -126 316
1 545 917
2 -255 -368
1 -340 690
2 4 816
2 677 952
2 -704 218
1 997 -936
2 419 -557
2 911 -511
2 482 806
2 -63 648
2 725 696
1 238 -131
1 141 211
1 -666 -640
2 -324 104
1 79 -7
1 695 -854
1 -904 820
2 -153 919
1 635 -782
2 -735 884
1 547 201
2 -106 -674
2 -424 160
1 717 825
1 177 116
2 752 731
2 324 -184
1 513 474
1 -116 -831
1 -711 118
2 200 770
1 441 513
2 642 -319
1 -787 181
2 783 -538
2 -198 -200
2 -709 823
1 -965 -320
2 -406 380
2 116 521
2 551 848
1 421 -640
2 124 -111
2 423 -44
1 -719 -68
2 88 575
1 866 -182
1 966 -159
2 -975 -620
2 587 890
1 -56 385
2 21 603
1 987 -945
1 840 -402
2 450 400
2 583 -39
2 -702 786
1 -716 -827
2 453 -638
1 258 920
1 984 517
2 -109 884
2 431 290
2 994 -583
2 -719 -123
1 3 -413
1 576 -411
1 -226 -961
2 908 -897
2 -960 147
1 -421 704
1 -265 614
2 244 -575
2 -617 -377
2 642 -286
2 -861 767
2 -692 -909
1 578 -849
1 -317 -65
1 -767 -388
1 -819 640
2 905 -859
1 -962 -840
2 -793 169
1 -424 -784
2 -51 577
1 113 76
1 664 224
2 96 352
1 -36 230
2 -114 891
2 -311 -717
1 373 -136
2 166 764
2 -455 892
1 270 28
1 987 978
1 660 -366
1 -750 -359
2 -337 586
2 -244 355
2 147 700
2 651 475
1 930 -282
2 499 643
1 767 838
2 -634 646
2 -824 -241
2 -743 686
1 -660 114
1 8 178
1 342 186
2 127 -237
1 635 -551
2 -345 -92
1 240 -658
1 -912 136
2 680 333
2 689 304
2 -723 968
2 804 -798
2 -307 250
1 -796 624
1 -162 -425
1 -881 304
1 -1 -647
2 -718 -636
2 790 368
2 197 705
1 -426 -260
2 -393 -373
1 759 -798
1 48 97
2 -666 511
1 -214 -865
1 688 -135
2 -779 -551
2 683 -498
1 -772 319
2 -911 51
1 173 -53
1 831 939
2 209 270
1 -249 -242
1 594 -879
2 290 792
1 -464 -398
1 281 -299
1 -11 -707
1 -459 -225
2 -521 68
2 362 868
1 818 695
2 -890 444
1 -84 984
1 -459 670
2 -634 -778
2 -729 918
1 -687 -341
2 -422 -855
1 482 -386
2 990 -960
1 84 593
1 273 -617
2 -70 255
2 135 -491
2 930 474
2 51 362
2 507 -429
2 -563 -737
2 -360 702
1 -921 493
2 -827 979
2 673 -854
2 -731 -964
1 51 903
1 503 856
2 153 -282
1 -272 241
1 -484 -700
2 -951 757
2 909 549
1 -944 -89
1 38 -656
2 -138 171
1 -334 793
2 -911 -350
1 -379 207
1 -11 -799
2 229 784
1 100 -356
1 873 -394
2 -605 113
2 102 774
2 156 -453
2 13 118
1 -993 762
