1069
2 -96 -655
1 472 -370
2 348 76
1 226 -214
1 -204 -662
1 241 -693
2 -301 -576
2 -281 -981
1 -859 467
1 640 -463
2 113 687
1 -406 -571
2 -760 462
2 436 -123
2 -377 316
2 -248 -802
1 -144 696
1 896 608
1 333 936
1 -693 439
2 -731 673
1 -657 -287
2 -80 -468
2 -934 -732
2 -280 -454
2 -329 -874
2 356 -202
2 352 384
1 806 -901
1 -702 -897
1 -245 741
2 -536 -751
1 454 744
2 -14 257
2 126 -642
1 187 -233
1 125 -338
2 607 -568
1 670 457
2 561 -180
2 -872 -725
2 848 -46
1 834 271
1 -14 801
2 -251 -44
1 -818 300
2 681 63
1 103 -837
2 -630 495
2 950 868
2 313 205
1 927 502
1 34 -190
1 -195 198
2 -643 -943
2 -991 -483
2 679 122
2 106 -341
1 950 -463
1 -335 874
1 -980 125
1 767 776
1 120 23
2 -128 537
1 631 282
1 978 909
1 613 -355
2 324 -990
2 144 688
1 -23 -963
2 968 -730
2 645 423
1 540 -621
1 -281 880
1 85 456
1 -631 -905
2 874 399
2 399 581
2 -443 -938
1 -958 -426
1 191 256
1 284 -523
2 -716 -243
1 -525 455
2 -575 -421
2 519 393
2 -931 -872
2 -542 815
2 -846 902
1 698 916
1 -853 254
2 777 147
2 -28 -279
1 -412 -995
1 709 403
1 -292 784
1 24 457
2 -543 -995
2 334 -936
1 506 -617
1 718 -695
1 -51 -376
2 804 -198
1 428 949
1 -929 -192
1 -561 639
2 -440 423
1 -729 -74
1 760 134
2 -497 -158
1 479 423
2 876 724
1 -854 -720
1 481 -40
2 720 475
1 -804 934
2 919 989
1 534 -954
2 902 968
2 427 71
1 302 -507
2 694 -109
2 -363 -17
2 689 -837
1 -926 192
1 -114 -971
2 -267 -730
2 357 -484
1 249 -838
1 88 -39
2 453 117
2 384 180
2 -51 -846
1 -319 28
2 -948 -269
1 606 -240
2 408 -154
2 975 -192
2 965 283
1 -944 686
1 -931 135
1 -381 -27
1 -425 316
1 -206 847
1 703 -517
2 961 427
2 -879 286
2 623 -90
1 332 -278
2 -176 -736
1 -829 772
1 987 -358
2 -437 -146
2 239 779
2 -587 121
1 40 -735
2 614 -841
2 283 -559
1 613 -462
1 509 470
2 -407 248
1 -774 225
2 68 -105
2 79 -985
2 -896 929
2 -527 -377
2 296 -491
2 909 -312
2 -35 -43
2 -271 316
2 708 -14
1 391 -444
2 941 -361
1 -563 349
1 289 363
1 -820 -36
1 228 205
2 -595 -172
2 676 -996
1 -51 -400
1 731 -140
1 327 347
2 -266 754
1 910 -365
1 109 -793
2 -197 375
1 405 -608
2 571 59
1 -648 -930
2 217 812
1 -164 819
2 487 390
2 203 -98
2 -290 -880
2 -447 775
2 62 853
1 800 -423
2 869 -151
1 419 145
2 -95 -361
2 -704 167
1 143 127
2 325 -585
1 860 -628
1 253 -110
1 -718 -213
1 -414 -420
2 364 -788
1 -373 -232
1 958 -177
2 733 436
2 -828 369
2 969 498
1 581 199
1 350 684
1 767 903
2 -985 -507
1 514 -589
1 101 -738
2 -166 -157
2 -454 -737
1 -843 479
2 96 -607
2 -65 480
2 270 -780
2 -849 186
1 478 -937
2 366 -253
1 748 788
1 405 -244
2 -102 -928
2 810 846
1 -964 -39
1 932 -585
1 -443 651
1 395 -668
2 -525 -805
2 -199 255
1 370 -506
1 -232 -449
1 -547 583
1 -380 -470
1 -961 -174
1 689 411
1 -236 -466
1 -137 -365
1 35 968
2 25 -693
1 -42 442
2 -544 219
1 747 411
2 -543 -356
1 464 -623
2 705 -61
2 -492 -717
1 958 -877
1 -556 -18
1 863 -109
2 480 -972
2 -778 472
1 -69 -223
1 -334 -256
1 -39 -957
2 -71 -883
2 229 820
2 627 -558
2 863 544
2 710 725
2 -864 -894
2 -986 52
1 -950 526
1 -454 -508
2 255 642
1 639 438
1 -120 427
1 -44 -225
1 -518 15
1 -844 -567
1 -889 -105
1 467 -986
2 492 -965
2 848 -304
2 763 145
2 881 150
1 -651 190
1 270 217
2 -384 743
1 537 509
1 718 -667
1 -199 -998
1 -736 548
1 -917 -213
2 118 826
1 243 -480
1 136 852
1 -663 444
2 -930 952
1 -214 523
2 701 221
2 -786 -898
2 905 94
1 616 437
2 188 50
1 -719 367
2 999 -353
2 145 -136
2 -571 -560
2 152 435
1 21 -440
2 -456 -120
2 198 -162
2 581 -579
1 -787 -693
1 756 515
2 -444 827
1 -787 499
2 -985 -406
1 761 172
1 -380 -714
2 -912 -151
1 166 -815
2 837 -279
2 -119 -394
2 104 863
1 -351 927
1 -982 951
1 114 17
2 508 -636
1 25 -34
1 -962 -44
2 199 317
1 -910 247
2 704 -455
1 -998 728
2 -955 -795
1 177 -719
2 319 -702
1 728 -963
2 -866 -889
2 271 490
1 -891 -708
2 -901 600
2 52 203
2 855 649
2 -37 751
2 419 -612
2 -719 739
1 -644 -844
2 -563 608
1 -754 61
1 -270 743
1 -244 -327
1 -2 -679
2 -420 269
2 712 -832
2 653 699
2 -339 -452
1 311 214
2 709 -895
1 -385 -194
1 -967 457
2 393 -430
1 848 723
1 -941 914
1 668 -484
1 -168 -604
2 181 -976
1 -764 675
2 -879 -286
1 -656 -888
2 808 713
2 318 -272
1 -534 -994
1 -568 -947
2 -528 377
1 -917 -618
2 662 399
2 -869 718
1 482 -827
1 -985 -228
1 263 801
1 923 902
2 -298 477
2 -54 993
1 293 -296
1 -303 953
1 507 838
2 -80 352
1 131 -642
2 -666 -822
2 -237 -851
1 -225 -547
2 185 582
2 355 -421
1 9 914
2 -471 670
1 36 430
2 -990 -719
2 239 -753
2 -325 636
1 486 516
1 -521 -853
2 -725 762
2 309 399
2 281 -637
2 288 299
2 22 -789
2 218 110
1 -873 -359
2 -448 22
2 -836 -439
2 -79 -656
1 -881 -46
1 -160 237
2 -67 -117
1 340 990
2 119 -230
1 950 210
2 -579 -76
1 603 377
1 -298 130
2 675 461
2 152 4
1 300 -465
1 517 -280
1 -3 871
2 -838 -888
2 46 642
1 870 726
2 466 74
1 -949 652
1 -213 -719
1 -142 87
1 502 -911
1 920 356
1 -50 -122
2 792 378
2 89 941
2 312 -49
2 651 155
1 761 -133
2 706 -208
1 -935 -709
1 -86 -195
1 -403 704
1 647 876
2 808 652
2 -132 -661
2 102 -842
1 -936 -604
1 479 -714
1 673 318
1 -283 2
1 -261 331
2 -878 560
1 385 476
1 -596 72
2 -236 1000
1 -843 305
2 252 -730
2 -732 -141
1 -558 -343
2 -813 373
1 -244 410
2 180 472
1 -459 -489
2 338 -945
2 -625 -894
2 -878 102
2 306 789
2 572 -754
2 345 -556
1 -671 20
1 536 169
1 674 875
2 -705 18
1 -84 -134
2 49 -983
2 663 319
2 289 -473
2 596 168
2 140 83
2 -184 199
1 83 -328
2 -990 12
1 46 -416
2 840 340
1 723 -741
2 -466 850
1 -988 978
2 -432 69
2 -453 347
1 -108 -945
1 304 835
1 662 582
2 863 729
2 -162 -374
1 577 564
1 43 -930
2 -901 388
2 -109 793
1 -162 271
2 -418 -403
2 -46 121
2 -595 -252
1 362 -712
1 -329 643
1 795 -344
2 250 -57
1 404 -971
2 -429 965
1 -859 110
1 194 -66
1 -295 770
2 698 -395
1 398 -291
1 82 380
2 802 -702
2 82 -408
2 4 -823
2 -129 212
2 -325 -205
1 799 -614
2 980 68
2 -212 499
2 -862 453
2 62 828
2 -153 -393
2 971 -66
2 301 -626
2 782 392
1 769 248
1 842 134
2 250 3
2 -48 356
1 328 -429
2 338 532
2 -301 -370
2 897 616
1 -160 -96
1 -618 957
2 657 -701
2 94 911
2 57 -69
1 -479 -409
1 904 -571
1 660 -653
1 -577 8
2 -518 -893
2 -8 431
2 -823 -349
1 -461 -117
1 252 696
1 414 349
2 -862 -411
1 416 742
1 -542 779
2 -17 -212
2 580 -374
1 -885 943
2 -905 96
1 365 738
2 189 -461
1 -33 -402
2 -339 -868
1 170 197
1 758 -529
2 448 -586
1 454 141
1 901 -864
2 -6 -193
2 880 173
1 755 772
1 -332 887
2 -79 -682
1 -882 236
1 418 -549
2 917 -706
2 -870 134
2 277 337
1 834 765
1 -549 933
2 -400 -487
1 939 -171
1 807 -602
2 559 -787
2 -607 338
2 -918 -530
1 514 462
2 -326 -105
1 -765 635
1 -907 996
2 340 265
2 -194 509
2 165 -172
1 -86 523
1 27 500
2 138 209
2 779 905
2 -923 -773
1 -214 -750
2 881 -757
1 98 729
2 674 -24
1 -390 -784
1 -900 7
1 388 391
1 868 575
2 -342 514
2 -130 841
1 290 583
2 -491 957
1 108 -826
1 551 -774
1 20 888
1 657 433
1 925 -674
1 287 -764
1 -949 814
2 -168 -372
2 -459 -718
2 306 986
2 -171 -504
1 58 -450
1 811 145
2 168 875
2 -142 888
1 -39 56
2 540 -263
2 -480 371
1 632 -938
2 856 -905
1 -198 128
1 297 15
1 261 535
2 438 212
2 32 905
1 566 -364
2 462 270
2 -625 880
2 -659 -165
2 -277 -229
1 266 -318
1 971 -342
1 780 356
1 249 -62
2 -78 -480
1 35 460
1 976 177
2 703 -778
2 -350 -93
2 440 -339
2 42 349
2 -826 -195
1 -601 -766
2 -742 592
1 299 -753
2 -375 394
2 686 -562
1 -136 -644
1 520 -664
2 -316 -531
2 -525 -517
2 -374 -379
1 611 391
2 321 -389
1 83 -750
2 781 554
2 -955 886
1 797 -494
1 921 835
1 360 -446
1 -811 465
2 -92 350
1 64 -510
2 46 -346
2 -93 -997
2 466 -538
2 -991 -473
2 439 -840
2 -913 -650
1 307 -985
2 877 -691
1 963 798
2 92 -615
2 -103 -286
2 68 -421
1 365 -709
1 -11 276
2 -762 -810
1 -746 23
2 42 117
2 -87 698
2 -578 -925
1 979 -386
2 -678 -351
1 -810 245
2 994 860
2 -320 670
2 -438 -76
1 -726 -606
2 491 -45
2 258 -303
2 988 -47
1 656 985
2 -876 606
1 -650 941
2 -891 4
2 -377 -103
1 -559 559
1 899 233
1 912 -500
1 81 -864
1 -954 -779
1 832 796
2 115 -822
1 855 -706
2 -44 907
1 733 197
1 489 167
1 879 -446
2 533 1000
2 -309 -155
1 -461 885
1 687 31
1 -260 292
2 45 763
2 331 -577
1 -668 -336
1 -672 -742
2 830 705
1 -812 252
1 -130 -478
1 815 671
2 -171 388
2 -292 -622
1 153 -937
1 22 127
1 -396 308
2 -811 -852
2 372 424
2 -839 -18
1 229 805
2 -752 -110
2 -575 520
1 519 -26
2 -117 885
2 101 -178
1 -414 159
1 303 -659
2 -616 -664
2 427 -840
1 253 -815
1 -744 101
1 793 -987
1 -892 -208
1 752 469
2 -265 -476
1 -25 -618
2 752 717
1 889 915
2 -341 -428
2 834 792
1 -252 979
2 48 719
1 88 926
1 590 78
2 -82 260
1 542 351
2 -646 -292
1 726 558
1 -330 -846
2 465 368
1 -31 337
1 583 695
1 -558 54
1 -449 133
2 354 -897
2 -565 -592
1 -993 -569
1 -185 -264
1 -713 -80
2 429 -78
2 384 -704
1 -316 909
1 246 507
2 461 -93
1 247 855
1 -687 939
1 -775 -293
1 -316 -217
1 418 -582
2 -760 -44
1 247 -583
2 930 195
1 819 767
2 -371 -522
1 -917 -35
1 -522 902
1 643 -811
2 99 -941
1 -436 -858
1 482 981
2 53 197
2 -467 705
1 943 118
1 -922 -30
2 -664 339
2 132 571
2 959 293
2 865 823
2 203 -755
1 -679 614
2 221 710
1 -279 -289
2 -831 858
2 -773 -576
1 544 93
1 -27 433
2 -425 -260
1 -713 -134
1 -942 -624
1 179 507
1 232 -116
1 274 214
2 -194 -603
1 196 287
1 489 -342
2 -894 439
2 -455 -476
2 -201 -230
1 0 984
1 -383 -739
2 773 -865
1 -272 342
1 -755 267
2 625 -767
2 650 -781
1 -561 -97
2 -982 665
1 -879 743
1 372 823
1 -394 281
2 507 505
1 -262 191
2 184 600
1 999 427
2 -95 -57
2 157 -964
2 -866 362
2 -477 -490
2 814 515
1 -417 244
1 -747 -328
1 845 608
1 184 -228
1 -961 -753
2 -423 -49
2 716 -463
1 -669 593
1 163 966
1 -935 -531
2 -689 5
1 102 -66
2 -305 576
2 103 832
2 944 365
1 -934 -571
2 -314 367
1 -561 968
1 851 589
2 377 -226
2 771 -896
2 -770 -831
2 682 -107
2 807 698
2 -522 -997
1 781 457
1 -855 -842
2 -650 -766
1 -991 -411
1 -307 -672
2 39 -610
2 -719 -596
2 327 -320
2 -880 571
1 -526 -969
2 -569 -202
1 938 93
2 -216 768
1 -745 608
2 799 74
1 411 -146
1 143 647
2 339 -894
1 743 -371
1 -204 -412
1 -92 -705
2 -272 723
2 -723 -258
1 -664 -501
2 167 227
2 258 -271
1 -210 542
2 -552 623
1 830 -845
1 -481 -519
2 665 428
1 -1000 -491
2 757 627
1 827 -636
1 851 -459
2 732 917
1 692 496
2 -639 972
1 180 -42
2 -513 -201
1 -103 -450
1 753 -596
1 339 -75
2 -675 -963
2 -194 -418
2 -353 -784
2 -430 -477
1 -784 911
2 -965 392
2 -394 -440
2 -866 -958
1 -438 782
2 -488 622
2 -247 181
2 233 -451
1 904 475
1 -183 377
1 117 -359
2 -4 779
2 -536 -2
1 -306 -928
1 -215 -478
1 -505 -291
2 286 -985
2 -21 212
2 -959 -393
1 -810 423
1 876 864
2 40 -428
2 115 -368
2 784 -874
2 649 249
1 514 694
2 -800 -260
1 16 819
2 843 716
1 -500 963
1 -5 411
2 -467 304
1 564 365
1 -93 374
2 686 819
1 312 199
2 -578 -843
1 -378 -883
1 923 526
2 -211 -978
2 741 536
2 389 645
2 81 -449
1 320 -422
1 -105 195
2 -608 -518
2 12 655
2 561 -327
2 919 718
2 -234 -638
2 -88 -113
1 971 -476
2 -406 131
1 608 43
2 795 230
2 75 -672
1 361 -977
2 563 476
2 206 -778
1 504 721
1 -79 69
1 -920 551
2 -51 974
2 373 -592
1 463 533
1 -214 362
1 947 524
1 984 614
1 751 -980
1 -102 680
1 934 -474
1 -277 416
1 -389 -299
2 -106 -148
1 728 -558
1 -959 497
1 841 -362
2 319 -391
2 -686 128
1 -913 297
2 -995 907
1 338 636
2 595 -860
2 -295 -573
2 934 950
1 -494 -528
1 -480 128
1 184 59
2 -744 -331
2 539 636
2 633 829
2 -178 -545
1 835 -117
1 341 331
1 698 872
1 -672 -511
2 89 801
1 -600 760
2 224 241
2 -617 -140
2 -597 431
2 -622 -587
2 741 -862
2 -288 -668
1 192 -486
2 -370 230
2 -490 -70
1 -103 923
2 -996 352
2 -137 993
1 973 799
1 731 73
2 26 588
2 -162 -93
1 830 739
1 -380 421
1 885 -180
1 199 -54
2 -602 231
1 38 -369
1 353 285
2 710 -552
1 96 -508
2 -575 -603
2 -108 11
1 444 801
2 -865 732
2 675 85
2 828 782
2 -251 -865
2 -317 -404
1 -921 648
1 438 78
2 163 287
1 -497 671
1 854 -553
1 322 -847
1 982 186
1 -483 -489
2 -497 72
1 -445 563
1 374 -509
1 627 -33
1 -319 -228
1 -229 -105
