1390
2 -445 -856
2 -243 -409
2 -150 47
1 -677 636
1 -243 946
1 -680 873
2 -246 963
1 -738 46
2 342 -891
1 388 -175
1 99 -2
2 51 -351
1 -598 442
2 -650 -882
2 816 211
1 817 48
2 48 918
1 900 508
1 316 -276
2 906 127
2 -564 -606
1 -18 -445
1 819 -990
2 89 -695
2 36 443
1 227 502
1 141 329
2 112 -948
2 -777 449
2 -704 371
1 -129 -781
1 -326 -824
2 -994 -462
1 -348 -556
1 572 -817
1 -296 -46
1 -528 -904
2 293 56
2 859 894
1 -547 -118
2 548 466
1 209 -717
2 -247 523
1 54 -181
2 107 -222
2 -22 -113
1 486 -738
2 937 -468
1 361 23
1 -212 -244
2 2 656
1 609 259
1 50 -329
1 267 -874
1 -346 169
2 42 755
2 829 -723
1 519 -592
1 484 273
1 163 -372
2 480 -351
1 -784 777
1 898 904
2 -276 885
2 980 -688
2 -720 851
2 -650 877
1 407 343
1 -913 -167
2 -204 -825
2 713 -789
1 403 -253
2 23 940
1 -869 -81
1 614 -336
2 -488 -510
1 -715 -458
1 -587 38
2 45 -848
1 581 -172
2 231 611
2 -473 -328
2 -934 232
2 -115 675
2 30 820
1 416 680
1 -36 319
1 668 784
2 -203 -165
1 418 683
2 38 -17
2 -824 -361
2 512 828
2 427 -557
1 816 911
2 -921 401
2 -459 625
1 -541 375
2 -743 -252
2 -841 -653
1 -165 -945
2 -610 59
1 -790 -27
2 -862 -853
2 -126 -282
2 470 -822
1 622 113
1 804 77
1 127 488
1 -844 -434
2 37 -940
2 877 598
1 633 -733
1 -997 168
1 288 12
1 -85 -249
1 -62 976
2 -802 -997
1 224 -457
2 774 736
1 840 -516
2 -533 489
2 868 322
2 -619 -232
2 730 -583
1 -156 615
2 -416 -463
2 -841 670
2 -409 -436
1 524 658
1 341 -605
1 780 -413
1 -217 -540
2 -679 -189
1 738 97
2 -608 230
1 630 148
1 -282 835
2 629 110
2 370 300
2 -319 246
1 -114 683
1 -690 -426
2 -342 212
2 315 -743
2 -64 17
1 -302 270
1 -228 -50
2 581 644
1 650 218
2 -207 -901
1 531 -920
1 140 114
2 629 999
1 331 188
2 -380 -27
1 -725 -678
2 962 366
1 13 -450
2 413 571
2 -201 312
1 -960 -864
1 17 -168
1 -32 -67
1 -863 -376
2 -524 679
2 862 -175
1 795 -689
2 -43 190
1 -713 -687
2 37 505
2 -153 424
2 -936 -354
2 850 -710
1 -700 -515
1 876 -44
1 -120 -952
1 -179 -638
1 666 -102
2 -27 522
1 820 -585
2 208 -186
1 144 943
1 -222 536
2 -336 -511
1 -141 628
2 -254 821
1 -790 -538
1 -862 407
2 422 127
2 268 -407
2 -442 186
1 785 446
2 160 -513
2 566 -135
1 -5 -98
1 214 -842
1 799 888
1 -506 -804
2 -554 182
1 331 -522
2 -236 -819
1 278 -552
1 11 -783
1 716 -242
1 -737 -748
1 -385 -87
2 -290 -488
2 48 907
1 486 -801
2 -72 -268
1 -789 142
2 451 15
1 -185 265
1 -131 83
2 925 473
1 525 373
1 -457 -245
2 -980 -714
1 -336 -41
2 291 8
2 -390 178
1 253 -489
2 -674 774
2 -885 -871
2 253 323
1 85 8
1 671 459
1 66 -195
1 -182 727
1 438 534
2 -441 -478
1 338 -69
2 544 553
2 28 -170
2 -578 -292
1 -970 297
2 60 539
2 665 -369
2 207 -206
2 -648 796
1 -937 -297
1 730 -157
1 -611 -273
1 133 984
2 -520 541
1 182 -806
1 -750 761
2 -73 -829
2 -349 124
2 -213 -548
1 -497 551
1 -739 166
1 -403 -783
2 -403 -774
1 459 615
1 465 197
2 -77 261
1 -311 -638
1 -874 -284
1 549 -984
1 -449 -374
2 406 -666
2 971 -269
2 -772 -36
1 471 61
2 229 411
1 -742 -415
2 -100 121
2 -641 -912
1 241 886
1 430 -371
2 917 -631
2 414 101
1 545 -604
2 486 -107
2 -887 -347
1 -824 -78
2 -634 -930
1 -223 -448
2 -920 -354
1 329 -908
2 998 -173
1 137 -268
2 -251 -838
1 -609 -591
1 874 -204
1 518 239
2 -752 -213
1 -599 -508
1 -141 -341
1 -779 -431
2 -517 385
2 -961 793
1 682 165
1 354 -740
2 -828 -754
2 590 -85
2 709 -75
2 947 501
1 -474 -783
2 -180 638
1 -843 203
1 745 -361
2 687 -388
2 949 115
1 -827 -790
2 54 172
2 -794 693
2 -63 341
2 -229 65
1 346 98
1 877 -920
1 619 454
1 -85 272
1 63 641
2 -473 462
1 -319 155
2 972 -964
2 124 825
1 596 565
2 -92 66
1 112 20
1 -79 -313
1 693 -411
2 -701 800
2 -755 882
1 -894 251
2 -310 -643
1 920 -176
1 -253 79
1 -412 -538
2 -37 688
1 -226 620
2 -283 -419
2 -24 921
1 876 -161
1 593 252
2 -332 835
2 342 129
1 -650 -631
1 -932 -292
1 -885 850
1 871 231
1 791 -326
2 -29 -807
2 -370 77
1 721 -564
2 572 228
2 -706 -427
1 622 -791
1 529 273
1 -698 198
1 -139 -908
1 660 -707
1 153 612
2 370 469
2 968 212
1 943 199
1 454 659
2 360 697
1 -203 263
2 590 -90
2 935 -232
1 292 591
2 -655 -445
2 51 -590
2 615 211
2 329 -732
2 549 -354
2 -692 -765
2 295 735
1 -403 214
2 -202 -954
1 -286 35
1 -653 -959
1 793 -624
1 795 402
2 634 534
1 -609 -160
2 -164 724
2 -528 235
2 201 -242
1 927 -424
1 568 -41
1 753 -279
2 -630 -455
2 401 -284
2 -321 397
1 -1000 -529
1 218 -741
1 -340 307
1 -663 426
2 -206 601
2 -651 539
1 916 -996
2 897 999
2 357 196
2 -285 546
2 -396 575
2 -465 696
1 772 -819
2 -839 741
2 549 -810
2 239 907
1 942 638
1 779 -878
2 648 510
2 -305 -117
1 199 950
1 776 -368
2 -85 -871
1 -693 745
2 295 140
1 -188 -528
1 86 -175
2 -123 -922
2 98 474
2 -818 884
2 -532 -603
2 790 22
1 -480 697
2 -441 -17
1 343 -474
2 623 459
1 -741 619
2 -777 -882
2 -960 841
2 510 -300
2 486 -232
1 -750 -414
1 588 -645
1 812 333
1 903 -76
1 844 -403
2 933 718
1 -541 99
2 646 191
2 -810 401
1 448 -409
2 -544 -738
2 -847 -726
2 -173 -243
1 -502 -658
2 597 -307
1 -680 267
2 70 -705
1 -526 -753
1 -947 -319
2 347 -255
2 306 -761
1 401 570
1 223 -607
1 -611 621
2 668 118
1 325 -995
1 -48 285
1 338 -789
1 -954 640
1 9 -240
1 721 -458
2 815 -318
2 728 779
2 613 883
2 17 946
2 -906 930
1 592 -21
1 -4 -392
2 773 532
2 279 590
1 -607 -530
2 706 -303
1 -711 361
1 268 -216
2 -917 480
2 -614 -605
2 374 689
1 -487 918
2 821 178
2 -389 418
2 721 -19
2 647 797
2 -487 104
2 658 508
2 326 -732
1 -909 285
2 -442 -680
2 816 974
2 406 -994
1 -796 -826
2 -11 364
1 -833 -631
2 81 -577
1 835 863
2 834 -390
1 928 -692
2 50 135
2 -696 -275
2 -80 905
1 845 223
1 978 340
1 -628 730
1 493 283
1 363 -704
2 -184 -810
2 849 320
1 624 668
2 390 493
2 262 291
2 371 53
2 -301 388
1 -239 -36
1 -401 81
1 -119 94
1 -907 632
2 -254 -685
1 -389 970
1 203 154
2 -183 -1000
1 -725 91
1 330 760
2 -471 -49
2 821 211
1 -834 -29
2 -431 98
2 523 178
2 531 -236
2 625 956
1 594 836
1 -307 995
1 -483 -369
2 424 -672
1 -231 506
1 168 547
1 -237 -444
1 -836 188
1 501 732
1 111 519
1 -311 195
1 630 173
2 890 -128
1 -421 -328
1 522 335
1 834 -56
1 -259 117
1 227 397
2 858 -715
1 700 -35
1 -738 -360
1 -417 10
2 537 -474
1 -364 -392
1 886 -185
2 240 -167
2 31 582
1 984 -64
2 -785 -321
1 -355 833
2 741 346
2 355 -355
2 740 -101
1 346 547
2 -867 -286
1 -753 649
2 561 -706
2 419 -460
1 259 709
2 -489 -899
2 519 887
1 127 -428
1 -262 923
2 -557 -293
1 -547 389
1 -51 -196
2 -305 177
2 33 231
2 151 239
1 34 526
2 275 -229
1 996 360
2 699 428
1 522 -884
2 399 -998
2 -9 -356
1 -510 837
2 -367 341
2 -356 -296
1 -976 -584
1 -586 -319
1 766 -197
1 26 -853
2 569 -756
1 -980 78
2 -931 -418
2 -565 582
1 -460 -798
1 -876 753
1 354 853
2 292 -783
1 -987 468
1 714 815
2 -921 647
1 -254 272
2 -980 -705
1 810 851
2 -32 961
2 -283 642
2 759 484
1 708 -173
2 -486 19
2 432 -640
1 197 690
2 -541 124
1 907 -633
1 -290 977
1 -204 801
1 102 431
2 -63 788
1 928 592
1 360 -319
2 782 863
1 -56 250
2 -620 196
2 424 -228
2 633 -630
2 965 -230
1 92 257
1 -111 192
1 252 -598
1 -11 -710
1 507 504
2 -650 657
1 -420 324
2 131 663
1 316 99
2 -315 172
2 -814 -59
1 602 -475
2 420 -52
1 772 -959
2 -306 -237
2 0 -935
2 395 -228
1 -372 -860
2 630 -449
1 -542 -113
1 617 -79
2 -647 50
2 504 570
2 753 -789
1 463 222
2 225 -628
2 -190 109
1 178 -200
1 -61 -620
1 569 -174
2 -18 -201
2 -709 61
2 261 312
1 -385 -287
2 -807 -754
2 -418 28
2 -294 -419
2 -801 104
1 -760 -197
1 -632 -415
1 101 748
1 240 -967
1 77 400
1 -216 964
2 -73 892
1 -201 706
2 33 907
2 -584 553
1 12 463
2 -64 -172
1 -976 836
2 142 700
2 -321 -527
2 357 -846
2 -143 669
2 -467 925
2 -668 269
1 -128 428
2 -42 748
1 -560 -916
1 -528 638
1 -274 542
2 641 -909
1 679 -199
2 -310 -185
2 -310 704
1 -176 -277
1 -878 140
1 -98 704
2 -913 921
1 391 -32
1 -629 -920
2 -958 344
1 -52 184
2 405 154
2 559 -839
2 433 -40
1 425 -595
2 973 -841
1 553 945
2 -661 713
2 -918 261
1 -912 -6
1 716 115
1 -969 -716
2 -134 -980
2 668 -553
1 -118 -815
2 523 -3
2 484 815
2 830 939
2 -295 97
1 894 220
2 -744 -982
1 -845 122
2 118 180
2 -431 -473
1 -277 651
2 980 -739
1 200 -300
2 423 -136
1 -682 538
1 -624 954
1 906 352
2 474 -960
1 -111 -131
2 -6 855
2 970 444
2 645 911
2 744 -263
2 -771 943
2 -97 -163
2 -78 -930
2 771 -520
2 633 906
2 -618 -5
2 -976 -331
2 873 570
2 788 -947
1 -906 671
2 272 -540
2 -442 -503
1 886 -401
1 -714 -291
1 -811 341
2 841 -495
2 -348 647
1 -175 -596
1 -7 -919
1 354 777
2 666 -615
1 -106 -491
2 -372 -600
1 -17 728
2 127 -764
2 707 701
2 257 206
1 496 732
2 706 -85
2 895 -500
1 340 -606
1 277 -187
2 793 -599
2 -671 -729
2 -764 -920
2 -172 -400
2 -204 218
1 -512 -361
2 242 -251
1 -563 136
1 -673 52
2 415 149
2 -970 880
1 -403 414
2 10 186
1 -669 748
1 360 561
2 -71 44
1 -606 423
1 672 508
1 874 518
1 840 699
1 -277 -606
1 -111 47
1 -913 326
1 491 987
1 -729 75
1 81 611
2 788 445
1 -300 -104
2 348 648
2 -720 238
2 562 466
2 576 -544
1 629 -49
1 -865 421
1 924 607
1 -904 -537
1 -353 562
1 824 -180
2 -675 35
2 -795 -353
2 845 -252
2 -303 153
1 446 -439
2 115 933
2 721 218
1 -971 -608
2 871 394
2 -564 -922
2 -338 -504
2 -11 -984
2 163 -293
1 -285 -962
1 -487 120
2 -803 -218
2 -266 -636
2 94 -233
1 470 -57
2 185 916
2 901 373
1 -325 919
2 477 -636
2 -116 -396
1 863 -728
2 476 514
1 801 469
1 968 -776
2 -413 278
1 42 -291
1 894 382
2 886 266
1 -457 -51
1 243 -935
1 -685 915
1 -683 -192
1 -261 -975
1 716 783
1 -179 -123
1 366 548
2 -128 903
2 -971 -321
2 904 4
2 -626 572
2 766 713
2 814 184
1 -924 -668
2 -721 -51
2 -378 59
2 -119 517
1 625 897
1 -588 408
1 597 215
1 143 -984
2 -752 -21
2 762 -200
1 883 -744
2 -952 -730
2 349 -475
1 -175 -193
1 683 -148
2 -20 947
1 800 -178
1 829 383
1 354 -162
1 -894 -303
1 774 -230
1 -304 -423
2 86 811
1 946 483
1 -927 402
2 75 540
2 -768 -884
1 -970 -823
2 -785 -735
2 -238 621
1 -155 92
2 889 707
2 32 272
2 853 -62
2 737 525
1 -457 -780
2 450 964
1 -865 -609
2 -163 994
1 -440 -663
2 -733 378
1 -341 -142
2 734 -340
2 373 -75
2 60 -634
2 786 529
1 171 557
2 -31 -68
2 609 -995
1 179 82
1 -137 382
1 723 -570
2 -316 -646
1 705 695
2 -551 -666
2 -966 -910
2 -926 -511
1 184 -16
2 480 -715
1 761 246
1 -411 -376
1 -664 -535
2 -609 -206
2 526 53
2 -373 -582
1 811 -70
2 603 -516
2 -447 662
2 358 -832
1 -616 376
1 98 203
1 -229 341
2 795 -64
2 -791 -744
2 831 281
2 107 -466
2 32 -355
1 113 244
2 -261 321
2 -210 -554
1 53 -799
1 -789 -288
2 -450 270
2 -697 -940
1 243 -359
1 178 -163
2 -657 -205
2 724 945
2 806 305
2 878 577
1 -517 623
1 586 -225
1 -182 589
1 500 -13
2 140 -93
1 -254 719
1 893 -482
1 -915 804
2 898 125
1 -881 393
2 207 104
2 32 -509
1 461 223
2 -456 -922
2 -733 745
2 434 -434
2 -72 -137
2 918 -318
2 153 969
1 955 359
2 337 -508
2 -723 579
2 511 141
2 808 580
1 -504 991
1 -146 -192
2 856 -252
2 -200 -467
1 -61 473
2 479 -126
1 324 937
2 864 131
2 -659 -891
2 586 -37
2 -976 -238
1 -322 -132
2 -809 427
2 748 360
1 289 -978
1 108 715
2 613 -521
1 192 -166
1 -691 600
2 -124 -604
1 -391 776
1 -138 -800
2 -305 315
2 -280 -869
2 62 -538
1 -148 968
2 -85 38
2 -292 116
2 274 -945
2 -931 -119
2 -247 -818
2 -51 924
1 27 -534
2 489 305
1 -385 -11
2 -63 400
2 -825 972
2 126 -343
1 -443 782
2 -134 316
2 964 -611
1 864 -452
1 -999 467
1 -584 868
1 -783 337
2 622 -770
2 -562 -519
1 -333 -924
2 463 -844
1 -876 -513
1 288 10
1 787 477
1 498 751
2 991 79
2 -746 185
1 -681 -446
1 -64 331
1 420 126
2 569 986
1 257 147
1 821 -59
1 341 996
2 -258 632
1 -545 921
1 565 495
1 830 371
1 -124 549
1 543 -45
2 -940 -869
1 663 -556
2 684 213
2 -473 -274
2 165 497
1 -362 624
2 -335 -886
2 -884 707
1 101 -165
2 -323 984
2 606 952
1 -597 -612
2 -692 870
1 -426 109
2 -238 -332
2 648 -208
2 -902 633
1 921 641
2 -101 -861
1 -448 255
1 -660 -591
2 168 -755
2 -6 317
2 437 -500
2 397 834
2 663 -181
1 179 -446
2 -328 -837
1 463 287
1 -318 -136
2 478 -246
2 -140 316
1 -321 248
2 -415 378
2 -276 -330
1 433 -244
2 807 420
1 -6 -504
1 454 -610
1 807 -775
2 839 287
1 393 -553
2 999 491
2 -410 -953
1 -477 -855
1 -801 129
2 379 -5
1 -80 -178
2 304 -586
2 -929 37
1 -921 510
2 696 -304
2 912 -712
1 692 902
1 -369 989
2 469 351
2 -691 58
2 102 -954
1 21 -929
2 -325 -772
1 -7 685
2 -732 -357
2 234 609
2 -869 -494
1 -297 -916
1 -142 -115
2 680 -862
1 -52 329
1 437 -711
2 811 -822
1 904 39
2 751 61
1 507 -503
1 -469 351
1 246 -844
1 542 759
2 -213 -342
1 684 414
2 -99 185
2 -448 500
1 481 219
2 910 -337
1 -48 -371
1 986 -827
1 -559 424
1 488 -150
1 680 -188
2 -471 -19
1 719 271
1 -856 745
2 -416 673
2 132 251
2 623 988
2 -716 996
1 -404 -541
1 715 788
2 359 411
1 799 855
2 438 -318
2 -561 -82
1 716 35
1 837 -914
1 -319 80
1 993 142
2 463 741
1 -903 -289
1 725 160
2 744 862
1 -171 -394
2 592 -589
2 -714 779
1 448 25
1 16 -619
1 376 578
2 -897 -436
1 766 699
1 610 374
1 563 869
2 -579 726
2 763 -851
1 557 -710
1 -118 -761
2 629 -995
2 -183 -681
2 486 -1000
1 311 -884
1 -280 -628
2 -431 -188
1 533 -30
2 403 64
2 -256 -648
2 -415 -63
2 -744 40
2 -657 -175
2 -323 -316
1 57 593
1 -441 260
1 -509 715
1 -254 442
1 514 251
1 -612 34
2 376 -404
1 683 -346
1 905 628
1 270 152
1 371 -227
2 -726 -306
2 724 97
1 -997 -580
1 813 271
1 -407 275
1 551 -217
2 965 -999
1 428 -465
2 -654 -629
1 -289 -746
2 47 -193
1 460 -72
2 -188 -256
2 717 -753
1 -565 100
2 -35 983
2 -508 332
1 -819 -931
1 799 -846
1 -265 -539
2 738 -898
2 827 -732
2 -699 -378
1 -349 839
2 -93 -916
2 851 762
1 -312 -456
1 -10 922
1 -672 686
1 -837 373
2 -939 967
2 -504 222
1 -482 -940
2 -197 935
1 -331 -519
2 75 -319
2 877 -161
1 -116 559
2 -502 -747
1 260 -787
1 -978 -756
1 -768 -871
2 408 -282
2 888 -363
1 29 -889
1 691 -94
1 942 832
1 -526 94
2 499 -522
2 340 -377
2 -67 -370
1 -467 -242
1 -394 647
1 -361 498
1 719 -102
2 -716 263
2 -633 130
2 651 -691
2 726 -163
2 59 -143
1 369 -34
1 84 -563
1 753 -775
2 254 -803
1 -615 -950
2 -801 185
1 214 -665
1 701 -341
2 722 -556
1 -822 -454
1 396 -19
1 111 423
1 -167 137
1 935 277
1 413 105
2 -932 94
2 -201 -502
1 269 67
2 -657 -199
2 745 83
2 -839 545
1 -726 -416
2 -711 586
1 -447 678
2 633 -294
2 -12 448
2 -369 942
1 498 -136
1 409 125
2 27 726
2 836 870
2 -327 74
2 611 -655
2 345 326
2 404 -35
2 -457 875
1 -283 462
2 16 207
1 -347 -694
1 -566 -7
2 477 -252
1 291 536
1 648 -167
2 89 -428
2 -556 216
2 -454 -410
2 -844 182
2 -83 623
1 44 150
2 213 582
2 -433 799
2 -135 801
1 -573 593
1 -428 -771
1 573 -228
2 633 401
1 -950 185
1 -305 644
2 596 595
1 -261 -579
1 -471 489
2 112 -735
1 -749 -136
2 824 -729
1 -126 199
1 81 910
2 460 -79
1 484 655
2 -85 -723
1 -908 258
2 568 -931
2 -641 -702
2 -784 529
2 903 355
2 171 13
1 -82 -591
2 964 55
2 459 562
1 -632 945
2 -65 -36
1 -21 -674
1 833 96
2 -728 -394
2 564 -30
1 -806 829
1 -748 -767
1 -220 -54
1 616 37
1 -793 -13
1 -75 733
2 508 -522
2 -139 391
2 -233 -296
2 61 532
1 -136 -385
1 -854 394
1 604 878
2 401 336
2 252 -478
2 900 735
2 -868 -952
1 -416 -137
1 -710 368
2 903 271
2 -990 501
1 342 293
1 -382 809
1 -666 -145
2 806 529
1 626 640
1 -54 -928
1 -351 879
1 28 896
2 279 479
2 928 -832
1 -899 819
1 774 251
2 -544 -594
1 474 -620
1 -376 -535
1 -499 -535
2 819 425
2 676 -732
2 634 376
2 552 -960
2 -670 178
1 -102 765
2 -786 -244
1 -674 -711
1 891 -373
1 494 344
1 -879 -308
2 -131 -41
2 774 636
1 323 -147
2 -871 755
2 -934 -593
1 -468 -358
1 -752 80
1 918 824
1 -969 -952
1 88 760
1 -976 499
1 795 -219
1 466 -314
2 -567 895
1 -883 -162
1 878 480
1 -814 -583
1 -978 932
