974
1 -197 -3
1 -15 -259
1 978 761
1 261 -610
2 650 -75
2 511 -74
1 -294 971
2 4 161
1 -709 -332
1 -573 -804
1 179 223
2 422 -635
2 918 -329
2 589 -36
1 217 387
2 624 -241
1 -800 -555
2 -245 468
1 -873 -858
1 156 490
1 327 -4
2 -18 -675
1 -869 -397
2 -874 553
2 -904 -699
2 -566 361
1 -513 169
2 -732 337
2 -492 -132
1 601 40
2 -513 -906
1 131 467
2 746 -824
1 -524 -918
1 -410 -268
2 290 694
2 -898 378
1 -303 77
2 -712 44
2 -310 534
2 -903 -723
2 339 -960
2 955 -649
2 -193 24
2 -436 206
2 319 582
2 882 941
2 414 672
2 948 -555
1 -81 -176
2 977 -403
1 -964 231
1 655 631
1 728 -906
1 90 182
2 845 -264
1 -614 261
2 -910 303
2 60 -385
1 -190 58
1 382 955
2 750 -3
2 456 639
1 194 964
1 418 -460
1 -941 -392
2 -740 539
1 -665 -941
1 -531 -282
1 528 752
2 -934 693
1 57 -277
2 -105 -299
2 554 -293
2 919 715
2 961 571
1 559 43
2 438 534
2 730 443
1 -1 -771
1 335 437
1 337 -980
1 -417 916
2 -48 -571
1 -746 -827
1 -128 -678
1 422 913
2 -217 664
1 206 867
1 -576 816
2 -760 240
1 335 751
2 619 742
2 276 657
1 -442 402
2 -633 -7
1 -233 188
1 403 806
1 848 148
2 -815 980
1 -881 391
1 -385 -153
1 -153 131
2 -459 771
2 30 -916
2 85 310
2 248 677
1 -639 820
1 674 -630
2 35 -744
1 -183 -172
1 -200 12
1 59 910
1 -945 385
1 -236 -657
1 465 348
2 598 359
1 -829 72
2 -274 -499
2 -232 -462
2 -722 953
1 -303 331
1 574 547
1 176 165
2 -510 -729
1 576 -140
2 -546 -403
2 92 823
1 -774 -222
2 -799 -995
1 -247 488
1 925 -290
2 -67 804
2 823 628
2 988 -172
1 -47 426
2 475 -583
2 373 -200
2 751 -326
1 689 -960
2 812 -874
2 -938 379
2 120 -247
2 900 875
1 -116 -815
2 182 -932
2 50 163
1 436 130
2 414 -955
1 -662 -442
1 -802 616
1 -618 241
2 -587 -330
2 -987 709
1 560 -250
2 906 -686
2 530 462
2 -256 943
1 -648 686
1 -651 -35
2 -686 -35
1 -302 886
2 537 72
1 -573 672
1 -568 976
1 -372 733
1 -912 -293
1 828 -677
2 -63 319
2 626 85
2 -265 -233
2 965 -918
2 -823 722
2 -78 -437
2 -840 563
1 209 -919
2 639 322
2 -169 -133
1 -76 -978
2 -646 -176
1 667 24
2 -904 -540
1 471 206
2 1 87
1 413 -188
2 38 -421
2 248 -568
2 832 -857
2 425 -354
1 931 468
1 691 293
2 -618 -623
1 -989 354
2 627 820
2 190 911
1 -3 67
2 502 -579
2 510 873
2 -389 -550
1 787 373
2 -794 908
2 -245 -755
1 -341 -215
1 588 57
1 749 -65
1 369 668
2 518 -333
1 -571 692
2 917 -616
1 -71 529
2 -689 -348
2 846 -624
2 -462 545
2 -530 -360
1 -192 359
2 982 -62
1 579 -946
2 855 -155
1 432 -411
1 499 776
1 -484 -8
2 578 785
2 137 -493
2 767 598
1 959 -609
1 -655 -283
1 -416 -360
1 -73 -428
2 -898 -486
1 -397 -702
2 -618 -548
2 359 -387
2 -177 -949
2 396 -785
1 667 526
2 -68 -314
1 -932 49
1 977 -490
2 119 -324
2 -751 540
1 -252 676
1 187 -605
1 987 21
1 432 597
1 -785 -680
1 194 138
1 795 282
2 70 -780
2 -442 -222
2 246 -332
2 -464 -233
1 -576 345
2 790 491
1 -531 -473
1 -257 599
1 -833 -829
2 528 -755
1 -38 -185
2 566 541
2 355 432
2 -799 -700
2 -515 -635
1 -969 -765
2 338 -210
2 122 843
1 -971 -700
1 32 -606
2 324 928
1 119 395
2 -646 441
2 -477 497
1 -789 -106
1 48 178
1 555 -577
2 687 -982
1 871 -532
1 -168 351
2 -721 788
1 -167 771
2 383 -763
1 -665 -174
2 -570 -990
2 507 -730
1 -899 694
1 96 593
2 -310 -752
1 -248 61
2 867 -988
1 804 -100
2 951 367
2 -531 -364
1 949 885
1 19 -723
2 -256 -139
2 -324 -730
2 389 -686
1 -301 -31
2 984 877
2 22 161
2 300 815
1 -859 -9
2 -120 880
2 -720 -729
1 461 17
2 -754 764
2 543 -450
1 -243 -532
2 -91 -535
1 586 366
2 -181 -639
2 -31 -98
1 237 -647
2 -200 514
2 -752 -790
1 -40 -997
1 -923 465
2 666 608
1 419 -453
2 471 -653
2 228 -103
1 139 -88
1 388 79
1 -10 -310
1 562 72
1 -575 -356
2 -835 174
1 399 -62
1 765 -691
1 125 78
2 212 830
1 -769 706
1 -213 303
2 -113 -120
1 -78 434
2 849 -833
2 -280 -332
2 -218 -172
1 688 -895
2 -245 -366
1 -717 -913
1 905 317
1 78 -473
1 771 -494
1 -824 332
2 -603 -991
1 -265 -327
1 327 -363
2 426 -197
1 521 -325
2 -69 -361
1 -204 -100
1 -899 -268
1 -839 902
1 -373 -417
2 253 -832
1 369 -316
1 826 785
1 -464 -98
1 -342 -138
2 -488 -717
1 902 156
1 -875 673
2 -289 -38
1 591 513
1 995 387
2 -259 -107
2 -622 -15
1 -630 945
1 -465 277
1 498 667
2 309 -161
1 -349 -425
2 -945 590
1 347 417
1 -962 -158
2 -792 461
1 -139 313
1 -908 981
1 -273 154
2 -179 424
2 261 -816
1 909 998
2 42 -537
2 149 438
2 362 246
2 -433 -747
1 -770 -700
2 350 910
1 539 612
2 186 43
2 547 731
1 -20 -526
2 761 162
1 448 481
1 762 215
2 -122 642
1 323 464
2 -599 -843
2 922 54
1 -756 -945
2 532 -196
1 854 987
2 -452 -363
1 -524 -935
1 -448 -381
1 -26 484
2 -488 740
2 -487 -285
1 477 -580
2 -114 799
2 -704 -435
1 -855 346
2 -305 616
2 421 733
1 -808 295
2 -801 -283
1 961 577
2 -399 617
2 -197 -518
2 498 -374
2 249 864
1 -337 666
1 -696 -572
2 706 677
2 991 -304
1 27 731
1 666 387
1 -631 -420
1 623 -226
1 921 995
2 -31 -713
1 887 -123
1 140 -817
1 -814 77
1 541 -674
2 16 494
1 651 -141
1 -724 769
1 32 -445
2 -431 774
1 -80 -368
1 -312 -273
1 724 -857
2 383 530
2 323 -797
1 67 -530
2 461 210
1 -332 42
2 311 548
1 -687 658
1 329 -181
2 112 601
2 569 -276
1 652 -568
2 85 188
2 234 859
2 181 -919
1 488 -939
1 955 -271
1 -171 330
2 965 -169
2 984 649
1 -569 438
1 556 -109
1 -254 10
2 -332 -627
2 318 432
2 -835 -215
2 744 456
2 -143 -216
1 -597 542
2 -538 -673
2 -477 -923
1 363 103
2 866 -440
1 678 914
1 810 -335
2 -638 -279
2 -659 229
2 -420 -666
2 477 -466
1 -962 -26
1 296 791
1 587 986
1 -922 -930
1 -119 416
1 -44 -243
1 892 782
2 525 -926
1 -388 555
2 245 550
1 -977 -923
1 -424 212
2 -218 487
1 -57 18
1 -202 -998
2 228 711
2 25 22
1 -484 155
2 665 535
1 -369 497
2 794 108
2 -316 801
2 -70 59
2 995 512
1 -631 -197
1 -381 -728
2 -807 445
1 208 -879
1 -118 718
2 -639 444
2 963 -373
2 646 233
2 41 199
1 -300 352
1 -276 -885
2 -754 153
2 -928 -86
2 -275 -638
2 880 526
1 -650 -486
2 770 -198
1 -131 18
1 -608 132
2 -485 -915
2 -965 -182
2 779 -893
1 -830 206
1 -969 -813
2 926 957
2 -581 223
2 -714 409
1 -437 54
1 881 241
1 -455 730
1 -436 -534
1 382 -814
1 824 -316
2 -155 737
1 715 264
1 870 -445
1 -906 -831
1 -597 256
2 -408 -963
1 -645 875
2 -911 961
1 149 273
2 0 190
1 92 120
1 -466 544
2 -463 419
1 -284 -934
2 -308 -284
1 -106 -885
2 -204 739
2 657 -93
2 315 741
2 791 142
2 157 448
1 102 556
1 -512 182
1 -981 177
1 800 335
1 978 366
1 47 740
2 367 -356
2 180 -347
2 -714 -267
2 195 780
1 313 -458
2 839 485
2 122 436
1 802 -59
2 -270 -274
2 11 -113
2 -339 -862
2 -348 906
2 227 -284
1 287 -872
1 762 679
1 882 395
1 192 -127
1 254 -744
2 749 422
1 -756 -948
1 537 -276
2 838 -22
1 -609 668
1 -619 -932
1 447 -558
2 -828 110
1 -94 -28
2 -635 -444
1 -89 727
1 55 129
1 -123 480
1 -979 524
1 361 -27
2 -986 745
2 -312 -540
1 -788 810
1 339 159
2 -392 725
1 483 1000
1 -643 328
2 694 475
1 775 -285
2 110 -915
1 -920 407
1 610 100
1 -292 354
1 -719 753
1 -991 858
1 -599 575
2 -880 -159
2 962 -44
1 -717 -329
2 -705 -226
1 781 336
1 -987 834
2 -159 -871
2 488 641
1 363 251
2 -993 559
2 890 -250
2 -34 -991
2 -969 881
2 -309 632
1 -647 -307
1 -9 262
1 -216 991
1 -257 -600
1 332 822
2 889 -141
1 -676 59
2 240 -190
1 464 -922
1 -319 -545
2 427 591
1 590 878
2 659 120
2 270 231
1 628 998
1 448 -775
2 -260 716
2 -909 -777
1 141 844
1 813 901
1 -945 569
1 -821 416
2 -617 -765
1 832 -798
2 -67 -163
2 -181 -138
2 877 965
2 -589 -816
1 -323 -902
1 -951 -23
1 -212 -940
2 73 113
1 -33 -227
1 3 896
1 -189 -809
2 501 -591
2 869 -861
1 692 -919
2 456 659
2 -487 -671
1 564 -509
1 -353 -865
2 168 -333
2 -632 940
1 -96 -986
1 35 -312
1 877 -761
2 40 98
2 883 259
2 344 -723
1 236 567
2 -395 861
1 678 68
1 -543 485
1 580 831
2 -280 917
1 -493 227
2 761 429
1 -396 740
2 499 -192
2 255 -578
2 -588 541
1 -105 812
1 97 -409
1 -365 -256
2 -73 -623
2 493 -600
2 -719 -194
2 -839 -331
2 -543 747
2 817 -688
1 -109 -188
1 -487 846
1 -995 -384
2 -514 -723
1 978 -539
1 -21 -821
1 -760 -49
1 -565 336
1 104 465
1 -776 -606
2 -391 596
1 803 -628
2 304 57
2 -266 461
2 315 591
1 855 375
1 -121 557
1 -430 109
1 -394 -887
1 -438 270
1 563 -718
2 -132 -130
2 -438 951
2 -509 -220
1 54 516
1 -509 -244
2 -283 692
2 898 581
1 850 937
2 481 797
2 882 638
1 106 524
1 405 -120
2 -718 -132
2 -575 906
1 509 418
2 272 250
2 614 567
1 -159 909
2 -625 504
1 -164 -462
1 299 387
2 349 86
1 -202 -809
2 491 -423
1 242 -931
2 -840 41
1 474 604
2 956 -451
2 -126 187
1 883 190
2 -516 -397
2 14 31
1 -606 -264
2 -486 414
1 601 342
2 729 594
2 357 920
1 -830 -42
1 -909 120
2 713 -141
2 -649 -353
2 551 -195
2 -188 786
2 -62 343
1 -740 561
1 -126 438
2 425 126
1 -463 -280
1 889 128
2 252 52
2 -766 530
1 -175 -559
1 89 290
2 -113 -766
2 259 -548
1 -42 105
2 595 117
2 -846 -52
1 -36 -349
2 347 506
2 -9 868
1 676 -298
2 -704 -945
1 499 -375
1 307 611
2 945 -978
2 -491 619
2 627 -752
2 83 311
2 795 195
1 -548 -341
1 986 169
1 -44 -818
1 182 836
2 889 604
1 -583 -400
2 -92 436
2 -267 453
2 186 544
1 -274 475
1 -528 -375
2 -199 -963
1 -846 -834
2 961 57
1 -208 902
2 -324 -760
1 294 -779
1 -522 -525
2 -677 557
2 -722 787
2 -980 591
1 837 778
1 440 -935
2 -411 247
1 760 651
1 529 -201
1 61 748
1 938 -344
1 -53 131
1 353 -230
2 256 980
2 -169 -819
1 -896 260
2 51 383
1 -434 479
2 486 -576
1 -105 -392
2 550 -691
1 263 779
2 123 -947
1 -115 627
2 678 -856
2 626 -453
1 -303 439
2 162 76
2 160 661
2 512 -729
1 725 -35
2 76 -543
1 670 -271
1 760 919
1 -874 6
2 -267 -451
1 -363 -555
1 686 -308
2 434 163
2 744 597
1 -948 81
2 -365 347
1 143 171
1 -69 657
2 141 -113
1 -864 -428
2 -296 -734
1 348 -151
1 418 -794
2 698 158
2 408 102
1 683 -299
1 217 -834
2 191 72
2 -374 -97
2 304 513
2 -166 170
2 191 -308
2 739 -809
2 193 -416
1 567 -380
2 149 -791
2 800 -231
2 -624 43
2 294 -888
2 -867 -296
2 -423 -653
2 950 -166
2 -724 579
2 992 -778
1 279 -303
2 -805 656
2 -935 316
1 604 -429
2 -472 -635
1 -754 397
1 -450 642
2 -529 82
1 941 -519
2 699 699
1 876 -33
1 34 -702
1 979 -957
2 -627 826
2 -844 -758
2 -103 -582
1 52 -404
2 453 -125
2 282 452
1 834 758
1 -879 643
1 866 -197
2 924 206
2 593 -341
2 499 -217
1 -511 -326
2 169 948
2 -138 -62
2 682 100
2 -420 17
2 236 124
1 -672 974
2 360 -29
1 912 -886
1 622 34
2 340 -993
2 -878 -162
1 935 -647
1 -612 412
2 -351 217
1 -267 -966
1 535 -15
1 720 -684
1 913 642
1 -125 812
2 760 815
1 54 -770
1 -451 363
1 77 311
2 -17 647
2 575 -718
2 308 -32
1 126 424
1 285 585
1 -361 918
2 460 674
2 589 535
1 115 396
2 -875 -952
2 -139 985
1 -226 -619
1 901 505
2 -398 139
2 -870 139
1 -362 -340
1 134 -112
2 -837 -554
2 545 -634
2 919 875
1 633 -271
1 -891 -475
1 -643 242
1 154 41
2 250 -19
2 -217 143
1 976 -427
1 363 -768
2 546 921
2 836 997
2 -973 48
2 358 -618
2 -282 -70
2 239 922
1 -533 -323
2 -799 -963
2 895 62
2 730 493
1 -720 -922
1 -687 -769
1 -373 -2
1 402 -872
2 -166 -387
1 -313 725
1 837 -964
2 -233 329
1 -392 914
1 668 -649
