1359
2 -7110 752
1 2365 -8139
2 9107 6381
2 2081 4375
2 -426 -713
1 -5395 -6013
2 -7222 -1883
1 -9010 -9104
2 -6957 -5459
2 -4203 1318
2 7390 -914
2 7604 6541
2 -7455 6645
1 -3663 -2416
1 8150 -204
1 2933 4153
1 9659 1248
1 7487 8276
2 3803 -7389
2 -4961 7274
2 290 -4142
2 -528 472
1 -7063 4201
2 -4631 -3343
1 8387 9987
2 1252 8012
2 -814 -6435
1 4359 2669
2 2570 9760
2 -4511 1865
2 -2149 7512
1 -250 -8070
1 6887 5495
1 7220 -3504
2 2177 8567
1 1327 557
1 -5858 -7135
1 -8368 201
2 -6594 -6278
2 3518 -1360
2 5601 -4840
2 -9905 1479
1 6916 -3313
2 9752 -6634
2 -5884 -8281
2 -5986 -806
1 1672 -8520
1 -4514 -5867
1 1888 -6260
1 2706 -5657
2 6795 3073
2 9873 -8196
1 8219 -8161
1 -8680 9850
1 -6018 -4024
2 8321 3723
2 -5749 6599
1 -5728 -2454
1 6786 -3314
1 2068 76
2 8468 -5411
1 -7236 3208
1 6572 -7851
1 6791 4741
1 -7340 1883
2 2652 -5493
1 -9789 -8327
2 -9438 -122
2 4716 -7791
2 5108 -962
2 5701 8030
2 9823 -7718
2 9388 -4799
1 -5883 -9920
1 8989 3231
1 -4457 -2791
1 -8732 4974
2 2309 1823
2 2632 403
2 6586 8522
1 3619 6852
1 -6374 2441
2 -885 -9344
1 -6908 -9563
2 -2205 -5478
2 5182 4026
1 8159 -5239
2 -9895 3533
1 -8386 -297
1 -6303 6717
2 -5817 -7627
2 -7479 605
1 6841 8436
1 -4639 -56
2 -6727 -594
1 9636 1365
1 6538 -6267
1 -5488 572
2 1898 -346
2 1725 5258
2 -7347 -3054
1 -8245 5607
1 2104 -7880
2 1630 -6249
2 -9706 7050
1 7089 -1781
1 -4757 9284
2 7421 -5118
2 -9423 -726
2 7066 -4510
2 -9138 2034
2 -8569 -5403
2 4506 1237
2 -2458 -3968
2 2185 7736
2 -9274 3068
1 8290 4935
2 8251 2746
1 7276 2603
1 3658 448
2 -4482 -9396
2 7443 2528
1 1709 951
2 -1365 5746
2 -4614 7760
1 -607 -2077
1 -4496 -6242
1 1380 2910
2 9333 -6747
2 -8847 1983
1 -2574 -1027
1 -3338 5823
2 9144 -2373
2 -7923 3702
2 -5089 7730
2 3648 -614
1 -2938 -5160
1 -7059 -9024
2 876 -7034
1 3198 2180
2 6875 -2650
1 2779 2853
1 7584 9471
1 4727 -6562
1 -7380 -3470
2 -9106 -1192
1 -1088 -6857
2 -2771 8472
1 -1846 -8680
1 9112 2050
2 -9134 8550
2 -9608 7030
1 -7646 7785
1 -3820 -1208
1 -398 2496
1 -5253 1447
1 -5750 8541
2 -8552 1616
1 -4608 -6535
1 2229 -762
1 -9763 -1896
1 3941 -2266
2 5009 223
2 6451 -4733
2 -7638 -8214
1 -2422 6521
2 -4775 3041
2 8518 7853
2 9580 3201
2 4010 -4957
2 6379 -2954
1 106 8506
1 -2288 7858
1 6706 8243
1 -7070 -7300
2 3177 8719
1 -5171 -6828
1 -7162 -3740
2 -134 1150
2 6998 -8296
2 -4511 -7361
2 -750 -5545
1 3345 -5510
1 -95 2429
1 6186 10
1 -1467 4447
2 -1196 -1790
2 -6316 -2084
1 9120 -9534
2 -5886 -8356
1 -3486 4502
2 3641 -4241
1 3897 4385
2 8802 9209
2 8127 2127
1 7617 -7441
1 -458 -2811
1 -6288 6583
1 -2260 5489
1 -8552 5338
2 -3230 -2117
2 4638 -9800
1 8057 -8345
1 -559 -3709
2 9085 6197
1 -5161 1388
1 -5066 -514
2 4104 7082
1 -4391 3913
2 8177 -6649
1 8350 809
1 3079 -2567
1 7900 1838
1 -5885 -7316
1 -8802 7036
2 6656 -6672
1 5112 8848
1 -1059 6303
1 -2406 -91
1 3883 -9800
1 -6116 -1845
1 -4989 -7579
2 1671 463
1 -5687 6478
2 -8855 4330
2 9226 -6316
1 -7574 -9942
1 6583 -128
2 -9288 -714
1 -5434 -8776
1 5485 2228
1 147 -3392
2 -1867 -3067
1 -7052 -2996
2 -1358 8111
2 -363 -3705
2 -5826 -6724
2 4915 -3979
1 -4124 -8943
1 -4558 -6039
1 -1189 8645
1 3481 -6014
1 7752 1050
1 -5264 5303
2 4339 -6028
1 2596 -4911
1 -9616 -7730
1 -8558 5450
1 1155 -4578
2 -7078 704
1 1615 4919
2 -1328 2198
1 -694 -6777
2 3043 -4895
1 9793 -6906
1 1730 -4019
1 9548 9276
2 6643 6799
1 6040 -7831
1 -3785 4044
2 -2432 -8310
1 4463 -7557
2 -7341 -1435
2 7268 1477
2 7592 7886
2 8437 -5443
2 5965 -9324
2 2581 876
1 9879 7108
1 460 -4602
2 5504 2491
1 -4239 -2998
1 -4245 -8446
2 8344 2387
2 -3221 -5723
1 5343 -906
1 -8040 458
1 5175 9656
1 4895 231
2 -5585 -2025
2 7174 3762
1 -7068 -8750
1 -6352 9193
1 -4769 3662
1 3903 9140
1 255 -2987
2 6182 7730
2 -5093 6115
1 -5037 -7989
1 -9788 9513
1 -3115 -9704
2 2768 1945
1 -1009 3250
1 1826 3962
2 5997 8527
1 -3983 2162
1 -1751 4859
2 -8501 8348
1 -7042 7779
1 9015 -2551
1 -3334 8639
2 -6532 6144
1 -2081 -7740
1 -9863 1157
1 -7056 -3173
1 9768 3938
2 -30 -5996
1 -1546 -5625
2 -6017 9953
1 -6359 8648
1 4704 1697
1 2552 8202
2 -8293 4459
2 -2936 -9538
2 -3650 1263
2 4267 3124
2 -4110 7753
1 3210 -7542
1 895 7442
2 6956 -517
1 -9413 -4414
2 4588 3596
1 1970 2513
1 6070 5849
1 8774 9851
1 2187 -5668
1 -5483 -7844
1 6051 -1464
1 8399 7003
2 710 5378
1 4471 1803
2 -3428 7347
1 6729 9707
1 1267 3742
1 6603 4712
1 -570 7451
1 3900 -1521
1 7004 -5291
1 3368 7929
1 9273 -1001
2 -7213 -6674
2 -6951 161
2 6526 789
1 -3945 2177
1 3561 4967
2 -6913 6519
2 -721 1791
2 -2211 4365
1 -1897 -4591
1 6503 -8868
1 4956 7005
1 9280 1728
2 7423 -2976
1 -7229 8429
1 5943 -9952
1 3118 -7987
1 52 -2639
2 -8113 3710
2 8889 609
1 464 -3389
2 1859 -541
1 -1238 -9178
1 -8923 -123
1 1167 -1875
2 543 775
2 -4218 -1403
1 8412 -9186
2 2566 2449
2 -2748 8925
1 -7493 3112
2 -8231 1761
2 -2456 -2107
2 -6365 1765
2 -5612 5267
1 -1747 -6950
1 -9105 5293
2 -6893 9402
2 5770 -5962
2 -7708 2938
1 6834 5116
2 -7477 8162
1 2133 -730
1 3341 2791
1 3540 6013
1 1667 -4187
1 1886 -5418
1 -8076 -4900
2 2023 -901
1 4650 -9326
1 9955 3207
1 307 -2692
1 -3277 6441
2 -9354 -8602
1 9686 -1745
2 -4701 6332
1 -4259 -764
2 -489 -4822
2 -5224 -1874
1 -3512 396
1 -5181 -1353
1 5723 6741
2 -8681 -619
1 7351 1839
1 -4171 -1909
1 -242 8461
1 -4052 -7166
2 -429 3240
2 -7125 -4721
1 7220 -5316
1 4882 -1420
2 5413 -7450
1 -2218 7542
2 -2093 1582
2 245 -91
1 1849 922
1 2647 8485
1 9874 4614
2 2562 -6317
2 6201 8714
2 -8005 6533
1 7486 1324
1 -4021 -2502
1 -5952 1610
2 -5571 -8681
2 6088 -1652
2 9244 -3167
1 5434 3518
1 8636 -1732
1 -5687 -3063
2 3370 -1008
1 2357 7239
2 3694 -1888
2 8414 9735
2 2048 5345
1 -9369 -4786
1 -1568 27
2 -3331 -3909
2 -5230 2796
1 -4363 -5882
1 -6309 9818
1 8680 2534
1 -578 -7256
2 -4234 7447
2 7764 8421
2 -4854 5967
1 -2994 3178
1 -2460 -2838
2 -7208 -4010
2 8032 -8724
2 -5240 -802
1 -5103 -9742
2 4719 -6377
2 9847 8277
1 9678 5251
2 1548 -9952
1 8883 7034
2 5429 6310
1 -3653 -9495
2 -8715 -4788
1 9225 2717
1 7128 -2237
1 -2821 -8454
2 4729 662
1 4463 -3612
2 4350 377
2 -8091 -2085
1 -6712 -6347
1 -756 -1277
2 -956 6077
2 -8863 -7317
2 -7451 -3493
1 -2530 -3668
2 -3916 5445
1 9472 -2324
2 680 6649
2 -5090 -1761
2 1970 7755
1 290 -8639
2 -1122 -1548
1 7748 -5754
1 -1173 -493
1 -7485 -9463
2 4336 3469
1 -3884 -1731
1 -6383 -9461
1 -9023 -3889
1 -3859 6187
2 1784 -6426
2 4758 719
1 -3370 -3322
1 -3221 7509
2 8085 -3194
2 4815 -1844
2 -3185 4627
1 -5608 -5362
2 2932 -5565
1 -9911 1244
2 7761 -2320
2 9386 -2088
1 7672 700
1 2324 98
2 1404 -8400
2 2352 7202
2 5418 -4154
2 4778 4203
2 3011 -6332
2 -2451 1626
1 8744 -1377
2 -9449 5266
2 1054 6712
1 -7611 719
1 7379 -4765
2 6971 -6266
1 2887 -6903
2 2194 -1479
1 4658 3277
1 6041 1565
2 -9820 -4819
2 9314 6871
2 -7374 -6123
2 -8763 -776
2 5822 5371
2 8957 3037
2 3650 -2273
2 -2241 182
2 2754 4434
2 1140 -9149
2 4781 -5352
1 -2437 -214
1 -3499 -8538
1 8072 -3541
1 -9669 -1119
1 -7701 -8317
2 -8336 -3031
1 6626 3695
2 9833 -9880
2 9948 82
2 2266 4260
2 6425 -403
1 6004 4066
2 932 -5190
1 -4213 -7704
2 7722 -3450
1 1811 -6868
2 9233 3681
2 2988 -5798
2 -9637 -6865
2 9978 -5939
2 3909 -3222
2 7381 6565
1 -4925 -9788
2 -3491 -7304
2 5707 -5817
1 8396 -2443
2 -7035 -8561
1 6020 8032
1 5669 -1962
2 9916 -60
2 6695 -3170
1 -8229 -345
2 8290 3486
2 5257 9915
1 414 -9119
1 -8451 -5983
1 9995 -7559
1 7417 -7355
1 -3841 41
2 8583 9176
2 -2844 -5426
1 9335 5210
2 9030 547
1 334 -6569
2 6919 1243
1 -9150 8568
1 8765 -3280
2 8453 5851
1 -922 -2804
1 -7426 -2666
1 7663 -960
2 -9642 -8606
1 1760 -8820
2 5996 -7544
1 6273 8328
1 -3786 5326
2 -8569 7343
1 4157 -3225
2 -6969 -7741
2 9519 -1722
1 4468 -5474
1 -3161 7014
1 -6891 -9884
2 -3775 447
1 -711 2204
1 -3061 -725
2 1928 2563
2 4527 7993
2 -8540 -1637
2 2475 9960
2 -7166 -7096
2 8998 4121
2 1730 -1050
1 -4017 2790
2 -9001 -6357
2 3925 -2733
2 2010 -943
1 -1226 -1244
2 4847 5005
2 -9862 -7339
1 -2344 3349
1 -4608 -1417
1 -7900 -6133
1 -9868 -3185
2 1517 -1357
2 9822 1986
1 737 3848
1 5591 -3393
1 -1743 -7745
1 -6787 3877
2 -2998 -6851
1 2014 9166
2 1026 8292
1 -7521 8795
2 170 -5765
1 8741 -2320
1 2581 -8274
2 -7856 -4070
2 -7208 -699
1 -5581 7802
1 7634 1893
1 -1966 1435
1 9010 1822
2 7326 3241
2 6472 -6924
2 3164 -3888
2 -654 6398
2 -7905 -6735
2 2040 -9164
2 4649 -4451
1 -8004 6789
2 -4596 -2059
2 -5097 256
2 -3823 -8849
1 8661 9068
1 -2370 9578
1 -6003 8557
1 -668 -3878
2 1589 1261
2 1522 -3848
1 -7086 7779
2 -6307 -3209
2 -7353 -1441
2 -8984 -6105
2 -1999 3900
2 -2933 3725
1 -7190 -1129
2 9114 555
2 -349 6787
1 -611 4025
2 8707 9137
2 -3808 -3647
2 9638 -1397
2 -2891 7753
2 -163 2619
1 8541 3229
2 6377 4852
2 7390 -7158
1 341 7947
1 -6232 -8373
2 -7094 3510
1 6603 5786
1 8033 -2444
1 7584 9237
2 -7873 -201
2 5741 9897
1 -68 -8510
1 8363 7280
1 -1274 -9565
2 7979 7193
1 6282 7546
1 -9185 8160
1 642 -5147
1 6757 9192
2 8836 -397
1 5399 6603
1 2730 -2180
2 -4003 995
1 -8957 8308
1 2649 -562
2 4035 -4942
2 -9478 -3919
1 -2929 -2189
2 -5865 -8905
2 9322 -3817
2 2460 -5935
1 -573 1423
1 9375 -1705
2 9071 923
2 -7932 -6076
1 -7728 6619
1 1565 -3543
2 6994 -1313
1 9404 -4670
1 -8650 1359
1 -1919 -8516
2 -9410 8420
2 4100 5523
1 -3389 3781
2 -8442 1100
2 1711 -2246
1 2439 9646
2 2201 -6815
2 3570 -6121
2 -9784 -4940
1 2580 -3119
2 9746 -9986
2 2249 3192
1 -2175 4929
1 -2117 -6414
2 9867 4920
1 6782 3680
1 3230 5289
1 -2689 9872
2 481 -3532
2 -7022 -6567
1 759 677
2 -5769 -3305
1 5295 6546
2 -8689 -4366
2 8911 4452
1 7034 -6918
1 -1777 -9570
1 -5631 884
1 -8003 -774
1 -6842 6386
1 -3916 1678
2 6854 7714
2 4382 5957
1 -3278 7937
2 7647 -2628
1 -8657 7846
2 -5952 -4164
2 8448 -1990
2 -3041 -6771
2 -6508 5498
1 9350 2466
1 7989 -4503
2 7614 6903
2 4326 -6778
2 -6010 -1358
2 -8046 -7234
2 -9396 -3679
2 -6647 3490
2 -4887 7646
1 6729 -9259
1 -2374 4809
1 6145 6834
2 3173 9934
2 1909 1956
2 -2160 -7144
2 1530 -1518
1 5968 -8442
2 -7682 7359
1 -3674 7484
2 5994 -178
2 8089 -166
2 -4181 -2256
2 7693 6212
1 -8621 856
2 7636 -2201
1 9468 4029
1 3102 -4065
2 4135 3391
2 -3932 5749
1 -2339 6442
2 -2454 3726
1 -701 -9679
1 -5583 6067
1 6693 4200
2 -3723 -8686
2 -7005 -1515
2 7581 -2564
2 -3043 -6175
1 -8184 -6187
2 -6362 2232
1 6444 3705
2 -9937 2578
2 -4315 -1311
2 -4838 -2477
1 -6430 9515
2 8942 -4740
2 8522 -7702
1 708 4328
1 8397 -3592
1 3945 -3853
1 -8885 -306
1 -1008 -653
2 -3811 3072
1 -5611 -7284
2 -6378 -5408
2 5008 4241
1 -5402 7488
1 7050 94
1 -785 -7231
2 -5726 -4531
2 -7627 5901
2 8806 -5237
2 -798 9017
1 4795 5793
1 -5076 -5564
2 8352 5277
1 950 -939
2 -7313 -3825
1 6091 -3995
2 9588 -538
1 696 1511
1 4050 9219
1 -2648 -3442
1 -2765 3254
1 2642 -5354
2 2509 6224
2 -566 -7502
1 -3362 -4334
2 -8753 -1490
1 6758 -1618
2 -4658 -5481
2 -9388 -8270
1 -4708 -2004
1 -5595 2304
2 -9889 2901
1 -4964 7796
1 6523 -7550
2 -4657 -4498
2 4043 -1401
2 6767 9317
2 -4002 7428
1 -2653 4091
2 -8975 6984
1 6131 8152
2 -3011 1822
1 -2672 -3351
2 -6165 -8554
1 -1899 8607
2 68 1198
1 -191 -5752
2 -3536 -2339
1 -7439 6623
1 3779 -5230
2 2118 -5862
1 7251 -4759
1 -7203 6535
2 1565 518
2 -4517 3068
1 2946 5841
2 4670 -5192
2 -7152 2784
2 -9237 -744
1 -1465 -7765
2 1734 -3594
1 -3553 176
1 454 3226
1 -3786 -3082
1 3811 1572
2 -2255 -2621
2 -304 1990
1 8273 -9091
2 9704 5265
2 -916 6939
2 -3365 -9614
1 1544 8999
1 -5994 814
2 -7600 -9925
2 -3196 5102
2 -8067 6934
2 -3606 3389
2 -3344 5639
2 -3913 -7674
1 1808 -8785
1 3136 -3869
1 -3002 -8294
2 1087 6230
1 9384 -6759
2 -6986 -2111
1 -2719 1354
1 -4657 -816
1 6123 -4860
2 -1694 1927
1 -2214 3047
1 1973 47
1 2587 9737
2 7819 9879
2 7442 912
2 -9519 4325
2 -362 -5839
2 228 -1856
2 -6297 -8647
1 883 5389
2 -87 -5108
1 3170 9435
2 -2792 -9430
2 1434 -6731
1 -7617 8928
2 5470 6337
1 8533 -8106
2 8577 6162
1 -2337 -1922
1 941 5154
1 -1983 -1226
2 -5722 -4841
2 3494 -4582
1 4245 -1594
2 -8627 -430
2 -8866 -1229
2 400 -5754
2 1494 -9566
1 -3622 -7875
2 180 9509
1 -8724 -2539
2 6109 7198
2 -1815 7662
2 7105 7660
2 567 -9241
2 -9639 7412
2 -3371 1154
2 -2386 -7585
2 3126 -4658
1 -1880 6552
1 946 -4712
1 3617 -1041
2 -7807 478
2 -8488 3950
2 -505 -6658
2 471 -8055
2 9914 -4526
1 -430 5692
1 9735 -874
1 1311 -7814
2 66 8863
2 412 -1329
1 7174 4362
2 -2812 -5322
2 1543 -8131
2 -4251 2443
2 808 4466
2 -5654 1454
1 -4292 9700
2 5984 -831
1 7791 -8529
2 -7116 6627
1 -5939 2666
1 1418 -3223
2 -4832 -9290
1 -4532 1597
2 9698 9861
2 9310 8447
2 9121 8989
2 9670 -6954
2 5324 291
2 6516 -33
2 -5318 6973
2 -8893 -2314
2 6654 -6394
2 9924 8861
2 -9450 -4248
1 -2177 -8801
2 -4599 -9234
1 -7298 -5144
2 -4110 318
2 -6286 698
1 -8436 -240
2 3300 -5299
2 -3025 1604
2 1381 1383
1 9463 -4014
2 -3858 449
2 7147 -4079
2 4737 -3290
2 -6429 -1600
2 1952 -8006
2 -1293 3627
1 -5703 -9826
1 -46 6689
2 -922 3027
2 3428 2509
1 7877 6339
2 -7406 -1092
1 -3432 3744
2 -6156 8507
2 1268 5319
2 -5085 -2739
2 8012 4753
2 -3839 -6677
1 6000 3072
1 -8251 -1609
2 -7599 -2393
2 -130 -2984
1 -6579 -2339
1 4534 9977
2 8406 5675
1 219 -115
2 2026 7787
1 -9753 3973
2 -9327 6824
2 9662 3120
2 -4415 5240
1 -5592 5707
1 -52 -650
1 7197 5640
1 2566 6539
1 -8744 -8036
2 7441 5806
1 -8688 -3814
2 -6625 -9476
2 9478 -8697
2 -3002 -4719
2 -8627 -737
1 1182 1340
2 8442 8216
2 5903 -6915
2 -5520 5045
2 2346 4073
1 9200 -7770
1 3959 -1764
1 7857 4073
2 -1598 7880
2 5849 9770
1 -8294 4904
2 -3282 -3584
2 9307 -3474
2 7853 -1852
1 -7469 -5643
1 5038 -5851
1 6362 -7236
1 4850 2920
1 570 -83
1 2951 -5245
1 1174 -6908
2 6269 -8036
1 9301 -8223
2 -4004 6437
1 -5977 7333
1 -5230 7043
2 -3139 -667
1 -7813 -5656
2 7738 9512
1 -6031 1302
2 1911 1583
2 4492 -5584
2 6337 1369
1 -5369 -514
2 -5989 7435
2 -9239 -340
2 4528 3623
1 1522 3580
1 -7860 8408
2 -2798 250
2 -2236 4730
2 -3623 6771
2 -9046 8196
1 2338 9841
2 -9700 -1296
1 -3871 -913
2 -9347 9725
2 1215 2080
2 6100 -8939
1 -2657 5049
2 4475 -9612
1 -1972 3567
2 4904 -1385
1 218 -5922
1 -739 -6813
2 2985 937
2 5877 7857
1 6894 -8775
1 -6672 -6990
1 -9283 6277
1 -1605 2479
2 3116 8783
1 1214 309
1 -6562 -3529
2 5437 -1783
2 4905 -922
2 6342 -2595
1 7466 -195
1 5711 3758
1 -6524 -3673
1 -8039 7728
1 1622 2244
2 2945 -2848
2 -7911 -1876
1 1877 -2386
2 -9763 -2022
2 4032 986
2 -7097 5628
2 -9464 2794
1 924 3102
1 53 -9871
2 -8255 -6947
1 -7958 -7982
1 5379 -9317
1 8894 6183
1 -719 -4500
2 -9640 7175
2 -7165 335
2 -9534 8211
2 -7177 1227
2 -7182 2837
2 4127 -1095
1 -1738 -6558
2 -9641 -1460
1 3259 -6702
1 4038 2004
1 -2073 -2833
2 -41 5532
1 -2234 -507
2 4546 -4382
1 1385 -5265
1 -4543 3521
1 -4505 7056
2 6297 3782
2 5073 -3965
2 3816 4056
2 -6644 2850
2 -5648 -5392
2 8953 6279
2 2732 -4759
1 1948 3217
2 9360 4614
1 9727 3969
2 -9689 2907
2 8777 -7197
2 4717 -1602
1 -3476 4937
2 2551 7784
2 -2130 2957
1 -9937 -5178
2 6372 2273
2 8505 1013
2 -1239 2324
1 -742 -8301
2 -6613 -7624
2 -7425 -2241
2 1544 -6673
1 -5578 9376
2 3106 -8606
1 9233 2436
2 -8483 -9515
1 7095 -8841
1 -5323 503
1 -4071 50
1 4843 3046
1 -9245 -8213
1 -460 8364
1 9087 -199
1 2299 -1714
2 -4387 -5986
1 5496 -725
1 3298 3200
2 -4671 -3523
1 1897 4921
1 -5743 -307
1 4468 -8308
1 1927 -8546
2 -770 -6621
1 -4175 -9239
1 -2157 -3587
1 -3657 -6354
1 -5893 -7582
1 -3844 122
1 3189 7486
2 -1691 -254
1 3673 9319
2 4271 -4678
1 -5013 -4781
2 1704 -957
1 -9761 9407
2 2988 -5199
2 -5830 -130
1 355 -7026
1 -9917 785
2 2733 -4587
1 4891 -7723
2 5421 3994
1 3384 -7705
1 6787 9325
1 8280 -3760
1 7100 7575
2 3323 9074
1 -167 -3210
2 1055 5239
2 -3132 3176
1 9461 3956
2 5352 -7773
2 -2736 -2639
2 1923 -2212
2 8575 3147
1 588 -1393
2 -7506 6061
2 -2201 9230
2 1121 -3621
1 -3791 1968
1 -5295 -9348
1 -8242 9273
2 -5058 -8306
2 -2319 9474
1 9940 -9263
2 4227 5259
2 -8256 2634
1 -9837 1513
2 -9567 -3272
1 6037 3141
1 1338 2774
1 -5392 -2131
1 -8629 -7286
1 -2369 6297
2 -6353 2834
2 1842 -2464
2 2501 5695
2 -9283 7422
2 3005 6302
2 -672 7646
2 7935 -8896
1 2500 224
1 2597 -9021
2 -9467 2115
1 -8860 -2689
1 -4110 6328
2 -7183 -211
2 1565 3439
2 7838 7989
2 -3970 6655
1 -7569 -3027
2 592 5528
2 6923 5744
2 -7887 -6371
1 898 -5076
1 9782 -2647
2 9109 -1904
1 -3361 1477
2 -7736 -874
2 1017 8704
2 -5870 -4392
1 -5357 5585
1 8558 -2549
2 2561 4116
2 -6194 -1900
2 -1231 -4570
1 1215 -2047
1 -148 -1018
1 -1732 -6283
1 3551 -6645
1 -2166 -7557
1 9238 -5268
1 194 664
2 -2842 9260
1 -9223 -7482
2 3593 -9005
2 -1026 8020
2 -4380 225
2 -13 -7304
2 5278 2864
1 6095 -2313
1 -9683 5775
1 -1101 9235
2 -3909 2484
2 -963 2728
2 -2927 -6520
1 5840 5764
1 -6671 5785
2 -9828 -8286
2 1096 -7535
2 5054 9303
2 -5831 8425
2 -2204 -4498
2 -8968 -85
1 -1089 4441
1 -777 -1303
2 -82 -1351
2 5095 2243
1 -9752 -8297
2 2124 -8991
2 -7875 -2751
2 126 1272
2 -7172 1837
1 -8372 -3361
2 4334 9984
1 8970 2026
2 5498 -7970
2 8477 9944
1 -6030 -5809
1 8317 -7515
2 8376 -7806
2 -412 7100
2 1454 -3686
1 -22 -9318
2 8904 6896
2 2180 9604
1 -2615 -4169
1 9120 7547
1 7993 7626
2 -8401 -5963
2 5324 -772
2 -9576 4452
2 4404 -746
2 -3759 5085
1 299 5132
2 -9097 6169
1 5291 -4425
2 -8423 1200
2 734 -1774
2 5710 5739
1 8231 -3045
1 -2153 -4034
1 3921 95
2 243 9017
2 6298 -1225
1 -1812 -7907
1 3929 7428
2 1481 -5970
2 296 -5078
1 5407 -7061
2 -9853 4603
2 -170 -6299
2 6553 6526
1 6868 -3475
1 1133 4522
1 9977 572
1 3024 4103
1 6844 4228
1 -5866 8313
1 -7997 7303
1 3510 5306
1 417 -6985
2 7539 4934
2 112 2472
2 2341 -4372
1 -6099 3782
1 3711 -9209
1 -6482 -5569
1 -4465 -5020
2 188 -9740
1 -4881 -4692
2 1119 -7065
2 915 -7811
2 -21 -7732
1 -6282 -8522
1 4753 1477
2 -2370 -5080
1 -9362 -171
2 -1611 -7459
1 3659 -2593
1 -3309 -425
1 -9897 3506
2 9091 6988
1 1972 4555
2 1403 -4892
2 593 1297
1 5862 1549
1 4220 1945
1 8055 -9748
