1311
1 -9343 -6200
1 -2452 -3425
2 6854 -9961
2 4948 9257
1 -1745 6774
2 -6220 -7981
1 -9276 889
1 -361 -9049
2 -4114 6137
2 8742 873
1 3393 -4473
2 -4203 7947
2 -239 8230
2 -7104 -9492
2 -4157 -4554
2 -9161 -4626
1 6947 4078
2 2834 -5796
2 -4771 -3471
2 -8629 862
2 -7453 2738
1 1402 -5603
1 2229 -4547
1 -5833 7381
1 2141 4135
2 -3491 6658
2 5528 -9432
2 -4892 -3009
2 -5727 3707
1 -6042 -1449
2 -6398 -9226
1 9841 8756
2 6167 9271
2 8364 359
1 6341 6536
2 -7430 8156
1 6435 6314
2 -544 -2554
1 5727 9817
1 -8036 -6573
2 -8604 -5840
2 -9132 711
1 -5545 7191
2 5719 9167
2 2487 -8997
1 7688 5013
2 5714 9046
1 8562 6143
2 -5087 -9542
1 -3312 3992
1 -4607 1509
1 6771 -2301
2 7277 4609
2 4479 -5457
2 -3800 8775
2 5905 -5376
1 -4113 -3927
1 -78 -4439
2 838 550
1 9757 -2035
2 -378 -8026
1 4581 6092
1 8999 -3049
2 5984 804
2 -6707 6793
1 -4059 -9517
1 4737 5236
2 5945 -1040
2 -973 2705
2 3004 6454
2 9120 1738
1 3059 5017
1 -6771 346
1 -7711 6242
2 -9242 -8170
1 8387 7553
2 3109 -3007
2 7258 3631
2 -3237 -8128
1 -5534 -3844
1 9990 -4301
1 3870 -7088
1 9962 -648
1 -254 4515
1 7978 777
1 5926 -3006
2 3695 42
2 -137 -5077
1 -1174 7182
1 -82 791
2 -5729 -5216
1 -622 7816
1 5550 -3546
1 -3613 -7536
2 -7425 214
2 -178 2701
1 -2461 6331
1 4802 5862
1 -240 -354
2 1363 6843
1 1861 981
2 -8323 7368
2 -4751 5680
1 -7611 4346
2 221 1226
2 5795 -2968
2 9599 5867
2 -9094 -2280
2 1987 -1871
2 -6158 -617
2 -1770 6863
1 9412 -8623
1 -5325 -841
2 5030 -3484
1 2286 3275
1 -7610 5708
1 9837 -2412
1 -9486 4372
1 -4448 -8568
2 7506 1013
2 4451 4213
1 5888 4733
2 -2153 -755
1 -2785 6982
2 -8996 -2112
2 -9267 -983
1 2484 -3285
1 1146 26
1 6560 2183
2 1870 -8518
2 2472 6097
2 -2081 -2587
2 -3383 3511
1 -1390 -8692
2 -2686 -5874
2 6336 -496
2 -406 -8080
2 -9785 -4874
1 6049 -6659
2 9457 9259
2 1476 -2227
1 5102 9431
2 -6764 8382
1 2894 594
2 6705 1052
1 -1305 -7935
2 6414 4431
1 -3916 5726
1 -4298 3216
2 1315 -4450
1 1651 -6286
1 9018 -589
1 -437 7598
1 -4758 3075
1 -4506 9387
1 1497 -3102
2 -5945 6229
1 -2922 3987
1 -1822 2246
1 -2774 2264
1 9220 -8231
2 9697 9695
1 -8700 2998
2 5744 -8993
1 -6208 7249
1 5935 5122
2 -5942 2667
2 -926 -4799
1 -8304 -2091
1 8156 9227
2 7669 2028
1 793 8481
1 5693 -8715
2 7401 -3726
2 6313 1317
2 -2131 -9831
2 -8137 -6109
2 2094 -1103
2 6866 2372
2 -4484 -2097
1 -8500 6336
1 -4218 -7451
2 7292 1031
2 -2818 -7985
1 -1495 -9583
2 9865 -7192
2 3033 -6985
2 9310 288
1 -9428 6226
1 4718 9034
1 -1179 2947
2 -5053 -1406
2 928 -5479
1 5748 6871
2 -2474 -6947
1 9879 -123
1 -2849 5234
2 6629 1733
2 8156 9012
2 8523 9149
2 -585 -5246
2 5042 7231
2 3450 4728
2 -3882 -5439
2 6170 6240
2 -9001 7642
1 -4910 9308
1 -2169 -400
2 -7226 4080
1 -5957 1061
1 9342 -5011
1 -6237 -5783
1 -2951 -1146
2 1744 -8445
1 419 -6716
2 4427 -4609
2 9372 501
1 -8656 678
2 -801 -8927
1 792 9541
2 -9412 -380
1 -2589 6422
2 1839 7121
1 9473 794
1 -7432 -1765
1 -7825 -2314
2 -5893 4937
1 1982 181
2 -7214 -3711
1 6497 -273
1 548 -4991
2 -2775 1375
1 8391 -3779
2 -1130 5732
1 2021 -9730
2 2670 -8741
2 2550 -3755
2 -832 -6587
1 7294 -1173
2 6852 1924
1 -6276 2042
1 2412 6517
2 -9870 -2658
2 -9486 -9163
2 7269 7760
1 1385 6759
2 -2824 -213
2 -845 -3640
2 6642 8702
1 4742 6297
1 -7491 1837
1 6904 2613
1 7598 -5346
2 -7749 2214
1 6598 1799
2 6423 9607
2 1521 5933
1 -6292 782
2 5546 7813
1 -5428 -6037
1 -2106 -7415
1 9937 2576
2 5084 -5096
1 -3676 -1466
1 2356 9677
2 -4425 5562
2 -7242 3498
2 8086 -8127
1 1069 2217
1 -7339 -6020
1 2247 6708
1 -7057 -7700
1 -6640 9463
1 8156 1823
1 5034 -997
1 5403 4274
2 -8708 -8195
1 -488 3057
1 -8394 4934
1 -4615 -1036
2 -9869 6906
1 9171 5019
1 8079 -4967
2 9214 -5603
1 -9032 4905
2 6205 -3536
1 5925 -9352
2 4611 -4724
2 1933 9573
2 -3079 9180
2 -1027 -1235
2 7439 -4383
2 5128 3379
2 -9137 7209
1 6624 -2216
1 -6997 5890
1 -4053 7896
2 7276 7487
1 -3509 7304
2 -9571 7386
2 1986 9589
2 7914 -53
2 -235 9261
2 -792 6794
2 -1009 -2169
1 6486 -1179
1 9311 1421
2 6288 -8343
1 7071 788
2 2148 -1908
2 3812 4460
1 173 -7830
1 -7302 1147
1 9854 4203
1 -8282 -6438
1 4428 3373
1 9520 6453
2 -5773 -5411
2 -291 5116
1 -1795 -3154
1 6626 3751
2 -34 -5945
1 -2305 -3078
2 6029 -3340
1 5446 9310
1 8790 -3281
1 -3950 67
1 4987 9590
2 9648 -4895
1 279 -4808
2 9757 1578
2 2151 -5952
1 520 2827
1 5806 9887
1 -1031 -8974
2 -7747 6996
1 9579 2816
1 4612 -6745
2 -5960 6521
2 -8141 4777
1 6607 8756
2 2670 -7693
2 2542 3633
1 -4093 7983
2 -2848 736
1 4763 5088
2 6891 -4072
1 -7572 7531
1 9754 7531
2 2917 7968
2 -7829 2117
1 686 7686
2 -6614 -9461
1 -3106 3401
1 7444 -8985
1 9970 -1742
2 5695 7208
2 717 -8794
1 4599 -4836
2 -5214 -8132
2 2623 8211
1 9931 -7810
2 1386 -7460
2 7790 -9083
2 -3598 -4561
2 -7209 7509
2 -1904 -4564
2 -8827 -6817
1 7039 8792
1 -8357 -10000
1 9196 9802
1 6537 7037
2 -1402 -481
1 418 8281
1 -4280 2016
2 5 2996
1 9981 -5879
2 -4465 1690
1 630 -8982
1 8831 6658
1 1928 5156
2 -3430 -1219
2 -7361 4244
1 -6626 -6285
1 -4521 -8277
1 838 -6205
1 -7861 4556
2 9087 -9412
2 4611 8735
2 -8108 619
2 6454 8349
1 9452 3749
1 8847 -1838
2 824 9363
2 -3434 739
2 3496 -584
1 -4428 2680
1 9853 9349
2 -1847 3131
1 -6970 -4487
1 5699 -4583
2 -6882 -7780
2 -7267 5931
1 7510 -3054
2 3296 -9651
2 7326 68
1 -6150 -2034
2 8352 2344
2 5411 4510
2 -78 6676
1 6555 9190
1 3497 3508
1 6484 1661
2 -768 8038
2 8659 -4648
1 5463 -9327
1 -282 5055
1 -1655 -7404
2 7800 5647
1 -5856 690
2 9898 -8504
1 5864 8624
1 5272 -3789
2 -4537 -3602
1 -961 -7206
1 -4185 -8655
2 -7413 -4816
2 -840 -1905
2 -8728 -1954
1 2521 510
2 -1133 1871
2 -6662 -4318
1 -1540 999
2 8875 -5764
2 -5230 7563
2 -5610 1221
2 4215 929
1 -6223 9201
1 -5619 7259
2 -5029 5458
1 -3887 -3780
2 -7546 4284
1 -8560 -4263
2 5998 6889
1 -8113 -418
2 7155 -1885
1 -4031 8739
2 -3515 8816
2 -2506 8261
2 -2311 -4567
2 -5988 -8926
1 -7803 -1752
2 -7354 6591
1 4246 -3059
2 1234 2332
1 3417 -7346
1 -9095 -9956
1 -5489 -7575
1 7431 -95
2 -8514 -2542
1 6610 -6196
1 1642 -9603
1 -5043 -2217
1 8742 4069
2 -2506 -932
2 -5650 26
2 -9173 -1886
1 -7846 136
2 8506 -5589
2 -5376 -5343
1 -132 8319
2 -5510 -8162
1 -8149 3955
2 3587 -2318
2 -6899 6296
1 5695 -8665
1 2076 -7541
2 8054 7436
2 9297 7596
1 -6794 -4047
2 6666 6667
2 1563 -6377
2 -1758 8582
2 7219 781
1 -3086 -2553
1 39 -3151
2 -5869 6918
2 4334 -4975
2 4582 -3078
2 5868 -4650
2 -9537 3025
2 -9169 -7791
2 5094 -6432
1 7086 5552
2 -997 4875
2 -7183 6256
1 -1757 6044
2 -6187 955
2 -1349 3395
1 6180 3639
2 -4059 -3202
2 7934 2096
1 774 -6078
2 574 2626
1 371 -9409
2 2896 -3802
2 1548 1405
1 -7795 8375
1 -4792 8048
2 -4568 9898
2 4442 5930
1 2058 -2303
1 -2804 -6128
1 9329 -1248
1 8083 8820
1 5519 -7197
1 -8098 -4099
1 -8797 8925
2 1150 -7785
1 -5510 5135
1 -491 6318
2 4590 -101
2 2593 -1331
1 1393 5124
1 5910 -1070
1 6194 -3052
2 -481 -1715
2 -5451 -4963
2 2140 3435
2 6217 1269
1 9135 4145
2 -8785 5138
1 -9313 -3299
1 -4582 -4303
2 -7023 -9944
2 -2114 -8921
2 -8101 -3692
1 -5898 -3747
1 -4615 -4616
2 1146 -8839
1 -7141 5871
2 4317 7810
2 -2223 -5772
1 -3453 9443
2 4900 -5523
2 -510 7075
1 4350 1617
1 -4647 -6040
1 -1681 -9775
1 7725 7548
1 6539 -5917
2 4807 -9837
2 -7289 7888
1 8997 9808
1 -9732 2897
2 5907 3832
1 -611 -7500
1 -6290 1365
1 7095 968
2 -284 -2460
1 -6902 126
1 -6559 -5042
2 4907 4037
2 1938 -8978
2 -2931 6968
2 9122 -3209
2 -6937 -1945
2 3254 2832
1 -8555 -9910
1 2417 2803
1 -8712 -1815
1 1592 -8659
2 -4910 7520
2 -2873 7219
1 4980 -4674
2 8401 2428
2 -6912 -3974
1 -1151 8318
1 -1833 -3954
2 -5452 -2274
2 -5712 1073
1 -7712 7988
1 1344 -9603
1 6085 -4015
2 4243 5814
1 8571 -3039
2 -2501 6172
2 -1553 -849
2 3955 -1653
2 746 8640
2 1854 -6628
1 -7316 1178
2 -3630 9799
2 -406 7535
1 8994 7593
2 1320 9539
2 -8250 7360
1 541 4794
1 5202 5443
2 -827 2251
1 3754 -6834
2 -9908 9127
2 1571 -4121
1 -796 638
1 -2574 6613
1 -6759 -7438
1 3964 -241
1 471 -5175
1 -1992 6242
2 9688 933
1 -8431 2193
2 -2299 -2708
2 -2845 -9685
2 -6194 -1365
2 7062 -2074
2 -6356 -5137
1 -9860 -6718
1 -4040 -4872
1 -743 -5746
2 4236 -9595
2 -3072 -3749
2 3442 1556
1 5717 4238
2 -1810 257
2 -9872 -3381
1 3630 7846
1 2756 2084
1 6776 8215
1 -3882 -6876
2 2369 5594
1 3231 -6928
1 -2972 -4227
2 4150 4221
1 426 2907
2 1118 8953
2 3966 4726
1 1449 8747
2 -2187 -1432
2 5223 -8730
2 9797 1648
2 317 909
1 -5631 6242
1 -5936 3588
1 -521 -9694
2 1646 -3647
2 8137 -3268
2 1010 6927
1 6439 -8715
1 -6505 765
1 -7659 2929
1 7695 9524
1 1457 9032
1 -3469 4588
2 2950 -8098
1 -5919 -8601
2 2961 5449
2 -1861 3297
2 1743 -5898
2 -9675 5144
1 -3318 4016
2 -8786 -2045
1 -7943 -5283
1 -2386 -1545
2 -6472 -2697
2 166 9001
2 6811 409
2 -3546 1678
1 6399 8929
2 -8106 -9529
2 -3278 8374
1 1096 5088
1 -4459 -1419
2 304 3863
2 -5789 5593
1 6534 -5936
1 3975 6101
1 -4835 6796
1 -2003 -6850
1 -9710 -5950
1 -5097 -1637
2 -9639 -7143
1 6813 9916
2 9416 6060
1 -2435 -5341
1 8032 -7761
1 -449 683
2 14 -431
1 -1065 -3069
1 9226 6873
2 8667 -9844
2 8887 -6821
1 4707 1283
2 4944 -4394
2 -6453 1773
2 -200 -706
2 6691 3700
1 -368 -9735
1 -5760 -9877
2 -2633 -8750
2 338 1113
1 -3591 65
1 -3244 7586
1 3324 4802
2 -9927 4306
1 -7911 -7315
1 6027 -7124
1 1320 8251
2 9339 -8107
1 8617 3131
2 185 -7621
1 4015 -1406
2 6108 5703
1 3280 -5753
2 79 562
1 6575 -4586
2 3684 -2292
1 5318 -9834
2 -5301 8999
2 6247 7823
1 -7104 6111
1 1213 -63
2 -2328 1005
2 -9705 140
1 2775 -5224
2 -4864 -2010
2 5761 -392
2 7179 5151
2 9136 -6779
1 7157 -1612
2 -4828 -1894
1 9805 -6176
2 1698 7046
1 1621 6770
1 102 -5889
1 5986 1509
2 -2977 2821
2 187 -6704
2 -313 -2237
2 -7951 -3797
2 -2733 -4213
2 1886 1926
1 7071 1557
2 -2298 6708
1 9984 5183
1 666 -2293
2 9775 -1437
1 855 -8645
1 7835 -7353
1 9901 -1812
2 -3009 -3036
2 7019 2510
2 -9352 -3173
1 -3662 -1189
2 5792 1511
1 -342 -2380
1 3784 -3374
1 -1817 -4132
1 1380 -5118
2 -6094 -467
2 -2600 7073
1 -9277 -2611
2 -1725 -9869
2 -9524 -9393
1 8147 2292
1 -8445 -2317
1 -9038 -2198
1 -2406 7755
1 -1782 6958
1 469 383
1 9659 2050
2 -3416 3222
1 9603 -9079
1 8578 -1480
1 -1085 3329
2 -4988 -7634
1 1386 -6369
2 -5717 -4082
2 3692 -5601
1 297 2392
1 -4874 8626
2 4795 3985
1 319 4602
1 -2462 -148
2 -9349 2389
1 8283 -3582
2 -1409 -3551
1 -8386 5783
1 -1864 4486
2 -9563 -1487
1 -2859 7435
1 -9745 -4445
1 6498 -7758
1 -6468 -7980
2 9440 -6122
1 6824 -9980
1 -3483 -9022
1 -5201 -6712
1 5709 -2409
2 -1871 -4109
2 9238 -4700
2 6468 3626
1 7320 -947
2 6181 -940
1 -9109 -636
2 -6127 690
1 -6416 -9809
1 -630 9983
1 3315 -6960
2 -8290 -6267
2 -7389 5829
1 1492 9463
1 6508 -3873
1 9428 2475
1 -7682 -8095
2 7906 -5964
1 -3098 -8197
1 5715 -2288
1 6344 -8010
2 7834 -8571
2 3872 -2320
1 -1363 -990
1 -5538 -9931
1 -7136 9775
1 1846 1587
2 -3991 1682
2 -4819 -3203
2 -9554 -1814
1 1364 1561
1 -6322 -4890
2 3841 3236
1 -5587 3915
2 8372 4253
2 4450 -2215
1 3620 -821
1 7122 5572
2 4213 6868
2 -1482 -9558
1 8970 1562
1 8326 -7576
1 -7045 2079
2 -1135 4291
2 7703 9480
1 239 2161
1 3393 5889
2 1235 -1836
1 2312 6833
1 -936 -4343
1 9625 3991
1 4421 3084
1 -2041 -2615
2 -883 -2344
2 5670 9182
1 -3667 -8138
1 2680 3660
2 1924 8870
1 5262 -4958
2 9279 -9980
2 1861 -3574
1 9829 9683
1 -1481 9477
1 -3775 7856
1 1446 5872
2 -4600 -6104
1 9871 8632
2 7468 -9057
2 2382 -3308
1 -2367 -9140
2 1399 -7036
1 2765 -9173
1 8614 -5877
1 555 -1363
1 -3377 -7266
2 702 8339
1 1064 2204
2 -8127 2703
2 1764 7956
1 -6691 -3133
1 857 8485
2 5268 -6916
2 2935 4434
1 -5758 -9081
2 -8994 -1553
1 130 8703
2 -2389 -3664
1 -2297 7407
2 651 -8188
2 -1899 -268
1 4530 5333
2 -4875 -6820
1 3028 5469
2 -2498 4874
1 6839 -497
2 -6394 2137
1 4953 4869
1 6683 8668
2 8094 1042
2 -2461 4897
2 3243 8677
2 -426 3895
2 -4981 7186
2 -4053 -2013
2 714 -1926
2 5403 6938
1 -5992 8792
1 82 -5779
2 3345 -1686
1 -6447 9711
1 5265 5069
1 9172 -3299
1 -4745 -8742
2 -6030 -1163
2 -9701 -315
2 9412 -4944
2 9177 4721
2 -4153 7487
1 -8404 8936
1 -1915 -579
2 -3195 -3321
1 8663 9728
2 -6040 -5393
2 -7343 -548
2 7950 6125
1 5467 -4477
2 -9246 7567
1 7301 7109
1 -1424 7064
1 9369 9406
1 -3787 -920
2 -6504 -6290
1 -895 -3888
2 8086 6023
2 5642 4551
2 3153 4367
2 -6160 8993
1 7652 -773
1 6512 -3808
1 -6855 7951
2 869 1458
2 9689 6830
2 179 -4933
2 3448 5411
1 6998 1413
1 -5958 -8977
1 -9597 7022
1 -5773 -1444
1 5823 -3479
1 -141 1880
1 -5198 2192
2 -8652 -2849
1 -4741 762
2 7931 -5283
1 -7613 6927
2 9831 4869
1 9376 5432
1 -9549 -5195
2 -3429 -7032
2 9080 -5624
2 6966 -2863
1 -2411 1699
1 9226 4394
2 8461 -4340
1 4512 -5851
2 -8466 4043
2 5779 8882
1 2247 5722
2 1785 -8443
1 8883 2782
2 -9607 9212
1 8960 -6012
2 -9695 -7357
1 1475 9102
1 4630 3431
1 -4784 4829
1 9649 -1747
2 -5859 4687
1 5343 5440
1 -2869 -4773
1 -1676 9032
1 9284 4148
1 7895 -503
2 -9480 -5353
2 1599 -9372
2 9170 9371
2 5461 2441
2 9080 -9432
2 4977 3848
2 -6055 -5507
1 -8477 -3700
1 -7605 -8982
1 -4574 -4995
2 6368 -7672
1 -1147 -6043
1 4893 5530
1 865 -18
1 -342 -8303
1 7013 -2275
1 3008 -4675
2 -9383 -4620
1 -9240 -5183
2 843 1749
2 5199 -8571
2 9939 1750
2 -8037 2275
2 -5365 -4344
2 -7415 1497
2 2284 -494
2 9627 4845
1 587 572
2 5366 -5649
1 -508 -2266
2 3312 -7319
2 -7656 -7815
2 -4425 8340
1 -8250 -9090
2 3563 5185
2 2606 8644
1 2367 -6276
1 -7427 5525
2 4568 3510
1 -5917 3892
2 4241 -4318
2 -2145 -4393
2 -4127 2517
2 113 -5887
2 -9855 8527
1 -8688 1708
1 3529 7781
1 -5017 -1236
2 -1352 -6577
2 -8915 -6627
2 -2843 -4018
1 6797 9262
2 -3150 3568
2 6965 -3703
2 7298 -6007
1 6600 -1306
1 5921 8886
2 -5462 2722
2 -761 -8662
2 7819 8029
1 2343 -3980
1 8531 2978
2 -6033 -7240
2 -9802 -2064
1 -4627 -9773
1 1032 5929
2 6229 1823
2 7983 -4419
1 -3293 4128
2 -23 -6576
2 8496 8317
1 -9102 -9422
2 7295 5833
2 -6311 9243
1 -1328 -4865
2 -3825 -3483
2 -1348 2985
1 6302 4919
2 -9216 9473
1 6838 -1585
1 -46 183
1 -4954 2210
1 8931 -35
1 -9710 8298
2 4095 -2868
1 327 7538
1 -4734 1086
1 -4725 -6425
2 -5291 265
1 8634 390
1 563 -7144
2 321 -8483
1 -9975 1867
2 1948 -4590
2 3724 -3855
2 4213 2610
1 -6338 -1094
1 -6725 4587
2 3152 6020
2 -1493 -6166
1 -9611 -5585
1 -881 -6977
2 6121 9129
1 -7104 6483
2 3138 856
1 4509 1269
2 -1609 -9785
1 -2618 5346
2 980 2314
2 -7652 -2139
2 7861 9268
1 -3479 7689
2 6525 -1991
1 5869 7585
2 7816 -5916
1 -7789 -6706
1 -5179 4197
1 9147 7200
2 -8700 2811
2 6777 9270
2 668 2883
2 -9250 5962
1 7 2595
1 1341 -4633
1 7710 -5725
1 -9760 -4642
2 -9764 -1361
2 2832 -182
1 7238 -5383
1 -5227 1873
2 1515 1255
2 -7925 -1425
1 8912 2308
2 -9200 1705
2 2365 4604
1 -3709 114
2 1227 -98
1 8017 -1436
2 -196 -178
2 -2196 7128
1 -7538 9565
2 -1701 -9795
2 2036 -9240
2 8347 33
2 -6435 6035
2 -116 -7199
1 4740 -8160
1 -819 1247
1 4052 1163
2 -3517 -371
1 -1434 4324
2 -6805 -8054
1 -6074 858
1 -7280 -817
1 -1829 -4340
1 -4600 4955
2 -9211 856
2 6598 2469
2 6239 -9942
2 4428 -7048
2 1481 -9507
1 7588 -1553
1 -9112 -3700
1 -3141 -7035
2 6736 -9681
2 -9553 6790
1 8519 -6003
2 4271 -6861
2 1551 8525
2 9608 -2641
2 886 4864
2 7374 1947
2 2651 -4108
1 -6823 -9319
1 4896 6140
2 5386 2545
2 -5957 1201
1 9341 -2693
2 -5 -6507
2 -4304 -6225
2 8133 -4023
1 -5826 3136
2 1762 -4473
1 -2679 -7474
2 -9669 -3705
2 -148 -3012
1 -9968 9665
2 -7251 6387
2 -6891 -7307
1 1946 4763
2 -1831 -6945
1 -4340 -5049
2 -4649 2832
2 8375 7672
1 6320 9469
1 -7744 -9523
1 6964 -1262
1 -8804 6557
2 9770 9394
1 -3496 -8096
1 -8035 8872
2 -7286 -4016
2 -3832 -3326
2 -9190 -7237
1 1211 2942
2 1539 177
1 -1020 2121
2 -4164 -1155
2 -5278 -1962
2 -5250 7982
2 -1840 -5294
2 9634 6082
2 -8937 1343
1 812 9329
2 9912 3672
2 -3106 4188
2 -8437 9565
2 6022 -7172
1 -9916 -5299
1 -5220 -441
1 4978 4192
2 9532 -1181
1 -1588 5017
2 9059 -9574
1 -3268 2945
1 -4390 5606
2 9672 -7733
2 6285 -3747
1 -3902 3121
2 -4966 1727
1 -4133 3899
2 8569 -4469
1 9231 8727
2 -6839 3465
2 1708 -353
1 -4388 -7433
2 -4657 9492
2 -6182 7780
2 -7026 -3772
1 -4399 7202
1 -5592 -7154
1 9283 5453
2 -6539 1927
2 2712 -828
2 6275 9708
1 -719 2448
2 1654 7589
2 422 5604
2 -3771 9870
1 290 -4358
1 -5011 75
1 -1577 7652
1 -6040 -3479
2 -6729 8582
1 7850 9475
1 7024 6631
1 -1554 -4787
2 -260 9400
2 937 -141
2 -6962 -931
1 6546 3809
2 752 9976
1 -5771 7762
1 3091 -7955
2 5475 -2667
2 -8386 -3022
1 7036 -6086
1 -3027 -7621
1 -4902 -767
2 -3552 2922
2 1090 8932
2 -7082 1745
2 9369 842
2 7159 -4655
2 -5824 -933
2 1357 4148
2 841 -936
2 8061 4850
2 -7642 1989
2 -2255 -3778
1 -4108 5981
2 -7033 -5107
2 8937 1574
2 -1821 403
1 -8202 8917
1 3290 -2840
1 4530 -5399
1 -1940 -4161
1 -1125 -3356
1 -6108 6896
2 -9906 5286
1 3944 3700
1 1299 -6649
2 1923 -1351
2 9600 8797
2 4203 8811
1 7169 8811
1 1659 -7679
2 -3446 -9570
1 2240 -652
1 -3586 6974
2 6730 3014
1 1884 -2612
2 -1472 -6268
1 -6477 7088
2 -2832 -7763
1 6753 -6646
2 -7560 1891
2 -7675 4907
2 -4650 -6034
1 -886 5495
2 6870 1091
2 -369 5141
1 -6350 7672
1 -5867 4554
1 9880 6818
1 1792 -9283
1 7940 -1289
1 2244 8898
1 3558 -1937
2 5056 8760
1 3738 584
2 -6329 -6243
2 4620 -9769
2 7717 6092
1 9264 -5996
2 -9215 -8344
1 5684 8079
2 1663 -7148
2 8639 2693
1 6580 -5665
