2296
1 4092 -3523
1 3144 1908
2 -1365 5005
2 9338 -4754
1 -4801 917
2 -1038 954
2 -8128 -2747
1 4378 9457
1 1828 -2816
2 4805 -5874
1 7109 -28
1 -3610 5345
1 1281 -93
1 -9886 -9059
2 6737 3208
1 6180 2655
1 6128 6131
1 -3995 6707
1 6045 5637
2 9160 -2957
2 -1895 6089
1 -5074 5515
1 6862 6605
1 -880 -8651
1 -8457 4277
2 7727 6157
2 3602 -2259
2 9886 9724
2 4155 -3812
1 3455 -8567
2 6138 9297
2 2445 2252
2 -7152 5910
1 4417 -5055
1 6455 914
2 -868 -5945
1 958 -8885
2 -8039 -5111
1 -9284 5461
1 -641 4858
2 -4528 -488
1 8634 4145
1 9772 -5157
2 8181 1643
2 9270 -9870
1 -2854 -655
1 -7523 5110
1 -2506 -9899
2 6734 4983
1 -512 1614
2 4228 -9820
2 1707 9357
2 4838 5991
1 -7229 7703
2 6217 4009
1 1222 -9964
1 -4311 -7365
2 -8399 -3397
2 -8075 6808
2 6689 6313
1 -7441 1894
2 8691 -5772
1 4093 8512
2 6776 -6823
1 5902 -135
1 1905 349
2 -575 -3387
2 503 -2623
1 8450 9490
2 2462 -2556
1 2373 6472
2 8182 6844
2 3743 -8926
2 -1136 5832
1 7662 -7684
1 9378 8375
2 -3594 -8613
2 8110 3014
1 -5886 -479
2 3046 -2487
2 -2696 4284
2 8557 -4604
2 604 2591
2 -4876 4184
1 -4467 5076
2 2476 6453
1 827 -289
2 -3276 8768
2 -8267 6841
1 5211 9018
1 -743 -4387
2 7544 -9586
1 -2999 5078
2 -3531 1631
2 -2824 -6940
2 1269 -2601
1 6842 -7088
2 -4106 -941
2 3749 -9498
1 -4442 -5297
1 -9148 1234
1 -5294 7333
1 -2179 4434
1 760 -6820
2 -5819 6973
1 -9889 4083
2 1664 2311
2 -1882 -1931
2 -3728 -8483
1 -3309 7606
2 1612 -4767
1 -1267 -1473
2 -5572 -5759
2 4154 -7970
1 -3493 -3929
1 4817 -3320
1 -1772 5690
2 -9668 5176
2 4388 9359
1 4463 -8175
2 5175 -7277
2 2629 7775
1 3933 3228
1 5709 -1847
1 5704 -3857
2 -5114 -5956
2 -6465 -6731
2 -8197 -1016
2 5796 2128
1 3776 -3724
2 -2285 4706
1 -2467 1898
1 4289 -5558
1 2824 -7718
2 1084 2635
1 6394 1930
2 -2203 8086
1 -6731 -2403
1 1491 2775
1 -8016 -2064
2 -2439 4732
1 711 -5786
1 7393 7388
1 -3927 4176
2 7922 4376
2 1278 -7821
1 7066 -4332
2 3552 -9917
2 -678 6274
1 -1123 -6460
1 9848 5424
2 41 -5694
1 6092 -2724
1 -1380 9618
1 3594 -1572
1 2236 -1123
2 -3220 -2444
1 -5803 -8155
2 4618 -5966
2 -2460 3366
1 1131 7950
1 -3021 3544
2 -6979 -9744
2 -3745 -3512
1 3757 6967
2 -7802 1863
1 -9191 9980
1 -1443 6543
2 9452 8595
2 -787 -2369
1 2836 -4375
1 2557 7805
1 4561 6681
2 -5260 -9337
1 -4047 9647
2 -7931 -2148
2 4873 -5642
2 3002 9726
1 -5762 -9947
2 2631 -7840
1 3884 -3864
1 -5638 -1173
2 3859 -6425
1 2030 -750
2 8229 2538
1 -2342 -2200
1 245 -5191
2 -803 6150
2 83 -7670
1 -6837 1335
1 -9924 3425
1 8461 -5121
1 -4451 -2442
1 -3075 -7247
1 6342 1306
2 6047 1858
1 -9410 9854
1 1219 8573
2 -1308 4237
2 5832 -5774
1 -433 3845
1 -1251 -8092
2 -7184 -9731
1 3700 -1889
2 3400 6681
2 -5774 992
2 -4090 -2797
1 -5864 589
1 3465 9620
1 -4427 -1756
2 -7619 5212
1 -8955 2641
1 -3036 -3337
2 9815 9441
1 -5590 8184
1 2424 -28
2 -1433 9310
2 -430 -3709
2 1583 -5136
1 -367 9416
1 -882 -3080
2 -2054 -1864
2 -4388 -9697
2 3611 -7165
2 4547 -3169
1 -1062 -9121
1 -1944 -7693
1 6888 -13
1 2043 -4363
2 6419 4846
1 8826 6168
1 -1008 -2127
1 -9182 8426
2 8754 -4844
2 -4305 -9387
1 9294 -9915
2 8842 -4465
1 -2365 -9405
1 -5044 7204
2 -8309 -833
1 -2776 6038
1 8641 -443
2 4553 -7603
2 4855 -7398
1 2406 8472
1 -6217 2776
1 -6968 -6238
2 29 -9658
2 -9547 8669
1 -9873 -2949
2 -797 -9215
2 999 1134
2 9902 9037
2 -8696 -6434
2 -2412 9171
1 -3775 -2737
1 -1405 6639
2 6826 -2239
1 9807 -5283
2 4394 4812
1 -1009 -6052
2 -9764 5799
2 6142 -1177
2 -7004 -4264
2 3056 -7598
1 -4446 -8551
1 4126 1282
1 -8018 9287
1 8719 -9941
2 -1286 2692
2 -5031 -9428
2 502 -7570
2 6261 3848
1 1297 848
2 -2092 -4523
1 7719 -8436
2 -7357 -9481
2 588 -6892
1 -5581 -3176
2 5834 -2436
2 -5362 -1462
2 -4958 -1046
2 -5301 4485
1 3321 -3227
2 5996 -7343
1 -9783 6463
1 -914 -6569
2 -4237 -9744
1 2769 -4035
2 5926 -5040
2 7208 4392
1 5508 -9151
1 -9553 -3421
1 -5232 2755
2 2800 -2514
2 -919 1093
2 5995 5433
1 -8232 4460
2 -3582 5912
2 2458 4937
2 1754 -6849
2 -3580 1056
2 8606 -9955
1 -4504 -9237
2 -8726 -5719
1 9378 6410
2 9246 -8143
1 596 -7067
1 3545 -5784
1 8761 -8027
1 -3705 8348
1 -3996 2731
2 -5076 -4831
2 -1654 2448
1 8668 5260
1 -4411 -488
2 -5373 4220
2 -3196 -8819
1 1709 -7780
1 5787 -7650
1 2034 8550
2 -9334 9305
1 -3848 -4705
1 3857 -8250
2 1852 5427
2 -2801 -6714
2 -3093 2883
1 7988 6142
2 -2988 -3465
1 514 -3912
2 3067 6754
1 1623 -3208
2 2567 -7291
1 -9059 8421
2 -7621 -455
2 2943 2841
2 2796 -9920
2 2908 9313
1 6865 -9147
2 -9286 5812
1 -8251 7010
1 918 -9761
2 663 2854
2 -6584 9865
1 8469 6932
1 2357 -5535
2 5209 1509
2 -2778 -4563
1 -7721 -5767
2 -8350 -8289
1 -9749 -1845
1 5944 445
1 3068 -2604
1 -6260 9242
1 3268 3979
1 -1806 3821
2 -5238 6223
1 74 9164
1 -9211 -1317
2 336 2847
2 -5590 8591
2 4574 4817
1 -9281 1275
1 4499 -7515
1 -6437 4779
1 6054 -2611
1 348 544
2 -2685 -7271
2 9963 -7479
1 -3179 -4909
2 -9400 2753
2 -2012 4731
2 5625 5430
2 -244 1439
1 -7436 697
1 3567 -6767
1 -239 -189
2 8700 -2747
1 -1037 -6684
2 6040 1002
1 -7692 1133
1 -1570 -1918
2 -5094 6987
2 -4893 -5603
2 -3555 8708
1 2126 6084
1 7602 -3839
2 -5522 -6400
2 6843 5439
1 -3124 1076
2 -5211 2588
1 8699 -5399
2 5592 -8588
2 -3155 710
2 -1693 -1822
1 2013 -8300
2 1965 6311
2 -5599 2147
2 -4862 -3819
1 -1612 2175
1 -4543 -8413
2 -7436 -9773
1 -5608 9846
1 -4880 7922
2 -4895 -9820
1 -6944 -6944
2 8411 -1885
1 6698 1707
1 7801 8685
2 4644 -1744
2 4434 -2326
2 4280 2795
1 1634 5520
1 -8453 5451
1 344 1114
1 -2372 -2085
2 -2895 -6417
1 -1952 -7577
1 49 7681
1 -9354 2748
2 8524 -7324
2 9911 -9566
2 -8612 -9127
1 -2867 1123
1 4839 9347
1 398 9773
2 -7021 -3566
2 4728 -2035
1 -1196 -7340
1 -6050 9108
1 5161 -8872
2 5033 912
1 -1636 6975
2 -6005 5353
1 5113 4347
2 9498 -1322
2 -4392 5186
2 -4688 -1376
2 5292 8688
1 8295 9497
2 6851 1481
2 6838 3686
1 -9638 -607
1 -7184 8641
2 2232 -6982
1 -2007 -3304
1 -7356 -8600
2 5363 -6686
1 8770 9979
1 1472 823
2 -3258 843
2 8547 -2118
2 -6849 2105
2 -799 -1102
2 -6654 -7926
1 8868 -3903
2 7545 -7006
1 9853 3681
1 -1445 -9642
2 -5971 3921
1 -7931 -6566
1 -8996 -6122
1 -6322 -4138
1 -7825 -8006
1 3254 2080
2 7999 -7842
1 9198 3698
1 -1925 -8415
1 6455 8811
2 -434 4519
1 -2361 -3689
1 1277 3940
2 -9330 -363
1 -1059 571
1 2480 2899
1 6933 -3395
2 4369 6466
2 -4763 6641
2 8508 9229
2 -3530 8192
1 1117 -534
2 -5246 -5100
1 1019 5968
2 2639 -2692
2 638 -1825
2 8949 -7957
2 9346 2799
1 -380 9037
1 -8011 4700
2 8836 -4868
1 8527 -3526
2 8864 4995
2 8305 5719
1 -9977 4283
2 4294 4093
1 6677 371
2 -5816 -2228
1 -6864 -9641
1 1951 -494
1 -4771 2718
2 4061 1386
1 5472 5621
1 9000 9540
1 -3305 2849
1 -8372 -5706
1 9867 9232
2 4418 6518
2 -5292 -655
1 944 -3894
1 -4205 5420
2 1786 -6512
1 1228 1354
1 2205 -1424
2 6934 9116
1 9253 356
1 -7262 5578
2 -3360 -1565
2 2764 -6942
1 -2598 4037
1 -3 9482
1 -4350 4677
2 8159 1236
1 2837 1479
1 -5934 3478
1 9958 -7075
1 8901 -3518
2 5609 3952
2 -3834 -1123
2 -5093 1951
1 -2180 968
1 -453 836
2 -2389 -5018
1 2870 -8239
2 -3668 -7848
2 6237 -833
2 -4892 -8292
2 5194 4453
1 -8913 6893
2 4080 -541
1 2717 -4292
2 1841 1078
1 4957 1159
1 -2935 -3643
1 -2993 1917
1 8252 -6000
1 2393 -6026
1 -6170 7784
1 2992 2907
1 -2980 837
2 -3668 -1953
2 8166 -5554
2 -4832 5714
2 -8754 -4858
1 -4501 9992
2 -8618 9646
2 990 4376
2 -7723 -1715
1 9725 -5939
2 5021 8120
2 -6237 -4434
1 7846 4272
1 8412 -2657
2 3189 870
2 -133 -9280
2 811 7845
1 -2258 3194
2 -7968 2012
1 -5000 4096
1 -3861 9858
2 -7450 -5300
2 2490 5257
2 4230 4419
2 8311 6089
2 5590 -7928
2 -9243 8715
2 -2981 8109
1 -164 9473
2 -7056 1083
1 7494 1188
1 -7542 -6897
2 5496 5597
2 -8948 2431
1 1802 -2764
1 -9639 -7546
1 -1974 261
1 8639 2321
2 214 -719
1 7701 905
2 5208 -9471
2 3404 5995
2 -9943 -5600
1 -6863 -7646
1 -9366 252
2 3547 -6551
2 3128 -4089
2 -5683 2068
1 -4699 -475
1 -1191 7830
1 453 -1077
1 -479 248
1 4429 -2617
1 -5833 1919
2 -5038 -6139
2 -3866 -7663
1 -2605 -8992
2 -6355 -6963
1 1259 4754
1 1086 -2569
1 -6559 4628
1 993 -4965
2 191 -6931
2 -600 -8962
1 9899 -847
2 4775 4394
2 1802 1841
2 -1691 3846
1 4853 -569
1 -528 -1767
1 4031 6052
1 2388 -4689
2 -5487 -3039
1 -4549 -4413
1 1674 5153
1 1600 -7886
1 3133 -3385
1 390 -329
1 3018 -4861
2 1073 -7272
1 8588 3998
1 6278 -6704
2 6740 -9442
2 -5612 -1491
2 8618 -5474
2 1534 6972
2 8591 -4445
1 1674 -1441
1 -6483 -209
2 219 4043
1 -4867 8602
2 3263 -1223
2 854 9160
1 -4420 -4992
1 -248 -5048
1 4455 -5558
1 -9755 1692
1 8106 -5891
2 3513 -6317
1 -6181 5422
2 8716 3702
1 2157 -2943
2 -8463 -5040
2 -1555 775
2 8818 -6710
1 -3729 -9932
2 -143 227
1 6446 5700
2 -7412 -2130
2 -7693 7233
2 8267 6275
2 -988 -5193
2 -8895 1120
1 2580 -2367
1 -6808 7946
2 -4531 2297
2 -8963 -8472
1 -6981 -3883
2 5391 7921
2 6270 -5414
1 6933 -3324
2 -4959 -7337
2 -5372 -8077
2 9348 -1147
1 -8007 118
2 4411 7956
1 4346 978
1 -4908 -5608
1 -6215 6658
2 -8000 9603
2 7712 1343
1 1920 -8123
2 6858 8090
1 -9033 7362
2 -8911 7983
2 -1746 -6445
1 6616 -9708
2 -2583 4414
2 -4819 -7962
2 2411 -1094
1 -5822 -1566
2 1464 1830
1 -1314 -3694
1 9740 6198
2 7875 7538
2 -7024 -24
2 -1769 9710
2 -7533 2843
1 332 -8198
2 7098 -7982
1 2560 -2687
1 -2405 6513
1 2382 4556
2 -4429 -8727
1 5768 1819
1 -8586 1248
2 34 -7220
2 -1334 3142
1 -800 -2247
2 -6450 3630
1 -8200 8131
2 3757 3647
2 -467 -8350
2 -7299 -5406
1 -5393 8511
1 3415 9715
2 1857 9404
2 -2581 -1625
2 -6644 -7445
2 -7992 -391
1 5073 -8683
1 4927 9757
1 4759 4355
2 -5522 1731
1 4764 368
2 -3942 -8036
2 1482 262
2 8815 -1978
1 2607 -5433
2 -6125 556
2 -8914 -8594
1 -1948 6790
2 -3067 -9593
1 5215 1632
1 -3443 3267
1 -5334 -228
1 4915 -7295
1 5453 4305
1 4918 -2606
2 6580 4490
1 5211 7493
2 -8221 4703
1 -7602 1419
2 2132 -6568
1 2219 6485
2 -2497 -5507
2 892 9689
1 -1174 911
2 -6179 1132
2 -208 1697
1 -6488 -6827
2 -1236 -9601
1 1856 6076
2 4635 -73
2 1709 6669
1 -6789 494
2 692 -7090
2 -8169 -7610
1 -1225 -2676
1 -5966 -1693
2 -7297 -9283
1 -3692 -4287
1 2677 6963
2 -4824 546
2 -5151 8788
1 8741 -4420
1 3449 -2450
2 -3363 -8022
1 -9606 3810
2 -5770 6561
1 1739 2144
2 -7697 -4321
1 823 -6768
2 -6004 2818
1 8614 462
1 5680 621
1 -7291 9771
2 -6277 -8968
1 7069 -4143
1 7106 -3143
2 3503 2259
2 -6907 -1051
1 -6306 5715
1 7676 5987
1 -3415 -8021
1 5799 -5034
1 -7789 -743
1 5629 -1095
2 -1470 -8567
2 818 4022
1 499 -1614
2 -5844 -7946
2 -3847 -1986
2 -9079 8461
2 -485 6845
1 -2401 8211
1 1379 7006
2 -1579 2801
1 -8947 -205
1 -1558 -6543
1 -512 -8716
2 6548 2083
2 8132 1754
2 -3387 -4306
2 7821 -7123
1 9690 6882
1 1463 -6603
1 -5600 -2519
1 -1267 -613
2 341 -9283
2 3389 1293
1 -2404 127
1 -1712 3152
1 -7407 9148
1 -3791 -5113
2 -2253 -8056
1 825 8644
2 -9723 5340
1 9452 -6173
2 2268 -1371
1 -7915 -7522
2 891 -443
1 -2488 -31
1 2397 -5
2 3423 4356
1 8242 -4706
2 -9461 -7689
2 -3755 -821
1 -7659 5180
1 -5551 9782
2 982 -3759
1 1420 6183
1 -4067 7679
1 6441 1393
2 -3503 -7216
2 2056 -2078
2 -547 931
1 -6090 -6998
1 -2974 -2333
1 -3052 5902
2 -7473 3611
2 504 7936
1 -3962 -8926
2 -2183 9100
2 -4502 -4568
1 -5638 8670
2 -6888 -8020
2 5103 2560
2 -8612 -7676
2 -4313 -180
2 -6403 5773
1 436 9673
2 -9556 -2307
1 -9901 817
2 5124 -8089
2 5752 -5644
1 -3566 8931
1 4288 -983
1 -5043 -8782
2 1286 -422
1 350 -380
1 8905 8628
1 2525 -296
2 8675 5864
1 3828 -3610
1 4448 3638
1 1590 6096
1 8779 1443
1 -8279 -6482
1 -8609 -936
2 6233 4273
2 -246 925
2 6502 9117
1 -3040 5837
2 8331 3341
1 -539 8520
2 -6260 9672
2 -3776 2217
2 7812 8452
2 -4694 -1750
2 -3190 2400
1 7972 411
1 3274 7703
1 -8911 -116
2 2755 -6775
2 3271 7583
2 7911 5512
2 -7269 -7521
1 -758 -5448
1 7942 -7750
1 -1372 -4308
1 4393 5885
1 2631 -2223
1 1824 9336
2 1370 2748
2 -5111 2667
1 7161 3079
1 -2356 8367
2 2646 -4787
2 9929 -8415
2 -6531 127
1 3285 9970
2 -2347 -1405
2 -7410 8707
2 2165 -420
1 3081 1122
1 -6735 6124
1 1223 7965
1 353 5801
1 3893 -2059
2 1859 -6952
2 -7782 -7847
2 -7151 3751
1 2310 -6214
2 5816 3822
2 3219 -19
1 2519 -281
1 3105 -550
2 -499 -222
2 386 -8067
2 -1495 1555
2 -8202 -2189
1 3851 2209
1 -3976 1748
1 -7989 -6991
1 5971 5379
2 -5891 1759
2 -762 4841
1 5104 -5378
2 984 -1055
1 1861 -9373
1 6734 6627
1 7279 -6821
2 -8069 -4805
1 -4532 7028
2 4606 8429
2 6131 8308
2 3760 7306
1 3375 -5281
2 -994 9223
2 -4736 -1945
1 6093 3420
2 -6689 -444
1 1135 -8091
2 5466 -810
2 -2441 -6086
2 3859 5936
1 563 1684
1 -2212 1347
2 2851 5371
2 7536 -7085
1 -5774 -4803
1 5730 -7355
1 -3246 8756
2 -7595 3000
1 -309 -8499
1 9387 -4811
1 -8692 1693
2 -9652 -9853
2 -5367 7475
1 3605 6584
2 908 -1571
1 -1630 6584
1 -5051 -9305
1 -2498 -1887
2 -599 -8346
1 -5235 293
1 788 3676
2 2879 -2295
2 2587 -6956
1 7077 -7884
1 -2890 5731
2 -4514 318
2 6550 6594
1 -2608 -8179
2 7573 -6520
2 3855 -9522
1 -3190 -7287
2 -5111 7902
1 -3552 4980
1 -4935 -4430
1 -9574 -7403
2 -2848 7686
1 -7112 5993
1 -7553 9031
2 5672 7127
2 2953 -7184
1 -4359 -7105
2 -4554 -3481
1 2824 -5813
2 -9469 7250
2 5439 -6470
1 -7873 -8970
2 9603 -8819
1 -4878 2396
2 5877 8974
1 1997 -1054
2 7563 8159
1 -6514 4341
1 -112 -5528
1 -5771 -1813
1 53 9060
1 5387 6408
1 -4058 79
2 -8027 -529
2 -5714 -3399
2 -9994 -5111
2 -2136 6588
2 -5848 4770
1 1189 273
2 -617 -2574
2 6041 3773
1 1554 9557
1 2079 -903
1 -4272 9437
2 8984 -8833
1 8419 4390
1 768 -7740
2 4793 -9955
2 -7497 786
1 7889 8051
1 1030 -9436
1 8020 5338
2 -997 -221
1 7969 809
2 5159 -6589
1 -3248 5023
1 5875 8620
2 -4829 -5346
1 3344 -469
1 6117 -3088
2 -3645 813
1 -1445 9833
1 7128 4286
2 9255 -9846
2 -4886 5128
2 8122 1753
1 -2585 -5046
2 5628 1212
2 -3758 -6439
1 6648 7436
2 -5644 2074
1 -1601 -1162
1 -7774 -6995
1 7170 -2307
1 3924 -1433
1 3990 7952
1 -9168 -6828
2 -5227 5881
2 7824 -6079
1 -367 9489
1 1808 8232
2 -3838 355
2 998 -3584
1 6125 3910
2 7087 -3988
2 -8699 -5013
2 2425 7972
1 -7010 -6045
1 6513 2475
2 -2389 1862
2 -4117 -7667
1 4394 4676
2 6570 2609
2 4726 8164
2 -30 -6140
1 5541 -6441
2 -6108 6214
2 1759 7686
1 8220 5173
1 996 2906
1 -9632 4948
1 -7979 1316
1 -6464 5639
1 -4209 -2828
2 2031 -5738
1 4573 1010
1 -5485 -7803
1 -8491 -8135
2 -9037 7542
1 2707 9084
2 -1253 -4442
2 -6775 -5307
1 1484 -6255
1 9728 -6638
2 2556 2726
1 6931 1091
1 -1014 589
2 -242 -8656
2 -8379 -5419
2 -9591 121
1 7187 8305
1 2541 2034
1 6563 3695
1 2349 8887
2 9714 -2979
1 2364 -8996
2 -8854 2126
2 4607 -7646
1 1824 107
1 -9250 4579
1 -341 8290
2 -4368 3524
1 9621 -7266
2 -244 401
2 4635 -8792
2 2717 -2060
2 5816 -4386
1 5254 1106
1 -6842 6853
2 5722 3091
1 -1283 -3723
1 -1623 7123
2 5880 -3433
2 -694 474
2 -9075 -2240
1 -2039 -3833
2 -4494 -5826
1 7264 -7809
1 -5429 -8349
2 -2207 -3903
2 3572 4020
2 -7455 -2379
1 2577 -3952
1 9650 -2011
1 8970 -6449
2 -9657 -3093
1 5292 -8392
2 201 -2275
2 2419 -1469
1 257 -8925
1 -3448 -4340
2 4699 -7248
1 -4805 3739
2 3759 273
2 -8456 884
1 6661 -4129
2 -6901 1713
2 8930 -5421
1 -6245 1556
1 3699 2274
1 919 -1034
2 5934 5270
1 6047 7435
2 4719 5592
1 2777 -9316
1 -1861 9007
1 1162 6893
1 -5811 7015
2 4169 -1435
1 -3377 -2967
1 -4472 2790
1 -6098 3177
1 -5404 -797
2 9416 -1483
1 716 -6473
2 -2936 -4657
2 1605 -2861
1 -1544 -1735
1 -2043 4855
2 -9517 9210
2 -2568 7294
2 7237 2147
1 -1859 -421
2 7569 -578
1 7597 221
1 476 5506
1 3962 6823
2 -4079 2438
2 5790 2738
2 5108 656
1 9321 -8989
2 8687 -3596
2 -45 -3778
2 -2519 -9383
2 -492 -7740
2 6759 9225
1 5620 893
2 3532 4520
1 -8225 5453
1 2682 -8164
1 -7347 -2233
2 -359 8833
1 6543 6160
2 6237 4343
2 6685 -1305
2 -5855 -6825
2 2629 1917
1 -6651 3604
1 -5243 5258
2 -7657 -1489
1 -8269 -3517
2 -2498 -7325
2 9712 -7631
1 -2457 -7248
1 -7941 358
2 1995 6363
1 -3627 6757
1 -1777 7254
1 -495 2314
1 9602 6640
2 7505 -9380
1 -3857 2702
1 9984 -5813
2 150 549
2 4215 8099
1 -700 9002
2 8313 1374
1 2858 -8770
1 -5476 -4988
1 6381 3193
2 -9121 -3549
2 -8859 -2032
1 -4310 -3341
2 -1927 -9711
1 -9916 -9438
2 5799 -5458
1 3740 7940
1 -8822 -8091
2 1423 7161
2 -385 -4442
2 6086 417
2 -2623 -6070
1 -6538 -3861
1 -2911 -3015
2 536 3672
2 -4860 3441
1 -7827 -2723
1 7821 -8251
2 -3710 360
2 3170 8624
2 6273 -3929
2 8504 -2435
1 -9897 -2644
1 -6844 5088
1 7770 -6234
2 -9264 8964
2 9417 954
1 -9498 8418
2 6777 6613
1 2885 9509
1 2865 -3804
2 6050 -8256
1 259 -4130
1 -377 2247
2 -2986 1082
1 -9553 6774
2 -3140 5
2 8836 -4714
1 8615 4364
1 9222 8951
1 9686 3087
2 -8639 4443
2 -5720 7405
1 -2131 -9347
1 -6391 5989
2 6910 9078
1 8141 2475
2 6613 1419
2 -1363 -6411
1 -8008 -9359
1 -7027 4791
2 -6017 -4101
1 7453 1845
2 5515 5255
1 -1625 9170
1 -6122 -4691
2 -3855 6076
1 5279 -7194
1 1760 -705
1 2930 8433
2 -3705 7008
1 -8515 -8999
2 -6509 2072
1 -3613 1718
2 -5028 611
1 4026 5433
2 -3148 -8872
2 -8445 9430
1 9590 5373
1 3237 -5498
2 -7772 -171
1 3963 4329
1 9018 226
1 -1923 -6924
1 8895 419
2 -9751 -9084
1 -7259 391
2 -589 8019
2 -1541 -2445
1 -1532 -4715
1 -4335 8238
2 2765 4733
2 3638 -5907
1 -7343 4054
1 -5074 8683
2 784 -995
2 9420 -5931
2 -2858 9268
1 -2914 4309
2 3803 9786
2 5958 8711
1 -5872 8047
2 5540 2868
1 -8315 2614
1 -9627 1918
2 8572 -1405
2 7067 -5615
1 -1433 2702
2 -4163 -7468
2 2646 -7093
1 3713 2429
2 -7528 1724
1 -3850 8137
2 7979 -7177
2 3862 9624
1 -5567 -7003
2 63 -8384
1 5283 2281
1 -9795 -3484
2 3628 3491
2 -9511 -4155
2 -9380 -9621
2 -7575 -9313
2 -6814 2450
2 -2032 1979
1 8790 8920
2 9188 9758
2 462 7442
2 4814 7861
1 -1538 7070
2 -8901 -8791
1 2854 707
1 -594 -7192
1 3257 -548
2 3037 5297
2 -1729 6139
2 7551 -4754
2 8948 -6481
1 2220 -7026
1 9501 75
2 -1088 -1222
2 -7388 -126
2 -8749 -319
1 8181 6160
1 9101 -2879
1 -1507 8794
2 -5567 -3620
1 -7318 203
1 -557 -5036
1 2112 -9215
1 -4617 6713
2 -3392 -7732
1 -2224 2624
1 9864 -6146
2 7840 -4221
2 5194 5755
1 3365 9583
1 1371 3920
2 3295 -6170
2 -8828 7235
2 -3305 895
2 -2572 6048
2 -6726 5954
2 -1551 8478
1 -2007 -6225
2 -4150 -7656
2 -5827 -2795
1 8937 1284
1 5671 1175
2 5929 7325
2 -4263 -5171
1 -4264 -7737
1 -1090 6339
2 -6112 2597
1 -1439 2570
2 5336 187
2 -596 -4381
1 3224 -6727
1 5914 1512
1 -1632 8517
2 -4002 3973
1 -6843 -4078
2 2441 1490
2 4697 -5293
2 6603 -6282
1 -637 6985
2 -4144 -8222
1 -208 7131
2 5400 3133
1 6507 -5582
2 -9064 2047
2 5811 -4214
1 1192 8107
2 -1784 -6351
1 9555 -7060
2 -7502 2986
1 -8162 6339
2 4688 -7734
1 -934 6279
2 -4104 9324
2 -246 8909
2 -509 -1884
1 -2774 -3950
1 -1406 3565
2 -3898 -3731
1 9955 -3162
2 9145 4523
2 5254 5296
1 -6425 -6905
2 -9806 5134
1 -7503 -1309
1 -8427 6253
1 2824 -5513
1 -9 -4797
2 2818 -6543
2 2008 -7620
1 2473 3916
1 565 8726
2 409 -1544
1 -4990 -5131
1 6064 2504
1 -7937 3281
1 7440 3348
2 -4319 -5820
2 -1706 -6189
1 2477 4266
2 8317 9066
2 -926 433
1 3182 -9516
2 -3904 -7094
2 -4200 -7935
1 8308 9099
2 -1620 -7700
1 -7286 3627
1 5589 6462
2 3014 -8804
1 -643 247
1 3864 -866
2 5197 6704
2 708 869
2 1068 -8605
2 -7258 4309
2 9277 2822
1 -2268 5903
2 8285 -3225
1 -7902 -1665
1 1521 8524
2 9295 -7679
2 9795 1463
2 8855 -5301
1 5491 -4647
2 7877 -5473
2 -6509 821
2 881 7773
1 -5948 4764
1 -368 -1105
1 -5108 -3895
1 -9476 4526
2 -273 -9112
1 5678 -4306
1 5694 -3793
2 -8348 -5765
1 6809 7370
2 8587 -9855
2 -9807 -9919
1 2117 4411
1 508 8166
1 -7196 -4279
1 -2352 9412
1 3263 -7142
2 -3452 -7936
2 -3253 -4836
1 7881 6715
1 9853 -4649
2 -2789 9436
2 5968 -3148
1 -1130 7482
1 4699 9403
2 -4331 4791
1 -8290 1413
1 -1661 -2451
2 -5101 -3774
2 7243 7654
1 -6511 2008
2 -3641 7894
2 2444 -4849
2 -7412 9337
2 264 -4871
1 -4831 8826
2 -5789 5674
1 -507 -3494
2 8013 -7458
1 -910 -8480
1 8763 5332
2 3084 -8850
1 -5498 2881
1 7167 -5913
2 7526 -719
1 333 7582
1 7876 7377
1 1796 3023
2 -6507 2166
2 7341 -2830
2 -1495 9240
2 5928 -1556
1 -3462 9978
1 -5558 -7075
1 7244 -3917
2 -4466 -2627
2 -218 -4114
1 -1741 -1906
2 -5591 -4366
1 -486 -7169
1 6270 -4851
1 -5045 -6380
1 -1794 -4829
1 -3961 -3657
1 -4616 5261
2 -4115 5563
2 -2090 -4459
1 1588 -64
2 -6524 -6208
2 6061 3431
1 7605 1670
2 -1919 -5958
2 1961 -1409
1 2445 -4061
1 -3667 6645
2 -4725 -5903
1 8697 1402
1 -2410 -793
2 3219 -4434
1 -4219 -6475
2 -3014 3464
2 -4429 -3097
2 -1613 -2380
1 2936 -1136
1 9560 8380
2 -3288 1192
1 -5985 -7149
1 -1705 3480
2 -7597 9812
1 -5126 8926
2 -4560 -1270
1 556 1692
1 3670 -4881
1 6294 -8572
1 -1170 1843
1 -1766 3800
2 7980 8192
1 -9528 -4978
2 2691 9806
2 6486 -5414
1 -8730 5835
1 7472 -4184
1 -214 -1538
1 5949 2743
2 -4279 3686
1 -5316 5963
2 -8963 8433
1 -9334 3298
1 9517 -1989
1 -9803 8772
1 -3796 3404
1 6688 -6140
1 9380 361
1 246 5303
2 9926 -6581
2 4939 -9308
1 7371 -3736
2 -6063 -1620
1 -9110 7493
2 -2569 8931
1 -9532 -8658
2 -5798 -1204
2 -5589 9481
1 963 6230
2 3442 9943
1 1708 -1319
1 8580 7623
1 2642 1363
2 7885 -9406
1 5829 5247
2 -4773 -9585
1 3990 -3650
2 6464 -3506
1 1772 -5838
2 8727 6337
2 -2717 1498
1 -3165 2479
2 -2144 2032
2 6946 892
2 -9429 -9784
2 3807 1843
1 9047 -8698
1 6978 6888
1 -6038 1667
1 7836 3937
2 -9423 1004
2 5618 -1177
2 -7916 -2988
2 8766 4339
2 -5253 -8661
2 -9575 -1413
1 3177 7258
1 -1572 -7634
1 -2462 -6029
1 8813 -7320
1 2350 7094
2 -4729 8207
1 2153 -1578
1 7063 7761
2 6021 -7
2 -1820 6419
1 273 5754
2 4079 -2466
1 -1081 -3052
1 2261 9044
2 -8374 5401
2 -8974 -4499
2 6515 6263
2 -5349 1418
1 9193 1622
2 5062 7652
2 1468 -8080
2 -1842 119
2 -1855 2726
1 9111 -1988
2 -208 -293
1 3527 -4864
2 -5040 -9283
1 -8877 8448
1 -1395 -8084
1 -9308 6286
1 -3822 8568
1 7408 1552
1 -3734 -157
2 -539 -1954
1 -2638 -3454
2 -8097 4289
2 -7397 6337
1 1153 -9435
2 -8758 5820
2 5797 -9418
2 -1506 7253
1 5146 8581
1 9820 -365
2 7946 1628
2 -2433 5652
1 9996 -2411
1 -6450 -3578
1 196 4743
1 -2620 3082
1 -3769 9045
2 -6671 8466
1 4996 -616
1 -5383 5247
1 4073 1619
1 -5723 -5945
2 8406 -2181
1 7662 -224
2 7858 4095
2 -6278 -9143
2 -2107 5894
2 2873 7128
1 399 8300
1 2346 9719
1 2430 5744
1 3600 -7542
1 -2060 -3248
1 3820 -197
1 8795 -6887
1 4562 -9719
1 -2299 -691
2 -8241 -6373
1 3968 2974
1 -4669 6980
1 -2369 -8748
2 8274 7617
2 -64 9010
2 -6258 9318
2 -3671 4537
2 -1880 4246
1 -5719 9441
2 5103 -3208
2 -9286 3869
2 284 -8299
2 6490 -8117
2 -7877 -5311
2 -6504 -8973
1 -2848 -5845
2 -8641 -4636
1 8491 -2949
1 5667 2969
1 2915 5391
1 8098 -6331
1 -1080 -4436
2 5080 -5753
2 7948 5725
1 5457 -3977
2 -9704 435
1 -1504 6299
1 98 -5911
1 -2800 5226
2 -2286 4487
1 5847 -8237
1 -9908 -8147
2 -199 -2896
2 -2278 -6196
1 5052 9699
2 9071 -9254
2 -6795 -911
2 2981 -157
2 -4829 -939
2 9589 -3753
2 -2345 6795
2 -5425 7689
2 -8475 9800
2 -9696 7871
2 3949 3840
2 -6884 -6894
2 -1697 1405
1 1006 3643
1 -7973 4665
2 -1727 -120
2 8776 -6440
2 7688 -3027
2 -7186 -5544
1 9306 972
1 8060 -4779
2 1803 -231
2 -1467 2876
1 -960 5475
2 -2666 -2057
1 1503 -5011
1 8025 -9863
2 8903 -5139
2 -1077 -425
1 -8840 -3428
2 7415 -2640
1 -5549 6749
1 6712 7582
2 -4276 -7041
2 -9768 1328
1 -3821 -3369
2 -7093 -3699
2 3053 -7266
1 -694 8219
2 3215 10000
2 -3366 6181
2 4507 2487
1 2001 -6302
1 -4211 2337
2 2742 2525
1 -2765 5424
2 6213 -5883
2 9238 5110
2 -6774 -8019
2 -1920 6022
2 8675 -9785
2 387 5864
1 5755 444
2 -9609 -4654
2 4282 -1825
1 -3610 6826
1 -8417 -1834
1 8435 9901
1 2445 9717
1 -1019 8060
1 -1070 4219
2 -7806 -6390
1 -2309 -4437
1 -9474 -2028
1 -5817 1400
2 -7861 1803
1 -7530 4992
1 7907 1261
1 -3825 -8261
1 6940 4598
1 4856 7004
2 1086 -4459
1 -5693 3929
1 4833 9998
2 -4235 9960
1 -1207 6431
1 -5364 -5820
1 5047 -1159
1 5540 -8711
2 3461 6849
1 7975 5688
1 5848 2927
2 637 -425
1 7564 2486
1 -299 -1555
1 -9047 -4712
2 7817 5697
2 -5948 -9159
2 -6676 6176
1 8396 8438
2 -9852 -667
1 9943 6634
1 2775 -7980
2 -8610 -1894
2 5852 -5743
2 -6672 1088
2 -7758 -6296
2 2246 356
2 4487 9788
1 4643 7417
1 -3601 -5240
1 -1056 8825
2 -3130 -8060
2 -8963 8305
1 -813 -1872
1 -3898 -9757
1 4080 -5417
1 -671 2050
2 -5807 9154
1 3745 3017
2 6875 -2828
1 5202 3976
2 4072 -1265
2 3940 -172
2 -9296 3760
2 -5893 2831
2 3702 6604
2 -4752 -2476
1 1419 -7438
1 -4009 -1146
1 -8232 9648
2 -3038 6738
1 1744 8931
1 169 3684
1 -3243 -5255
2 6185 7116
1 -1684 1662
1 6028 8441
2 -1488 -3405
2 9094 8582
2 -8207 8200
2 -6864 -3456
1 2099 2774
2 -4664 -3261
2 9288 5405
1 527 -4267
1 -4687 -9024
1 7396 -5463
2 337 1896
2 7541 4666
2 2475 9531
2 -9001 6397
2 3172 8899
2 -2955 -6139
2 3131 -4254
2 4510 -2145
1 2526 9095
2 8828 5120
1 6681 -420
2 -9311 9481
1 6966 1699
1 -9021 5141
2 7851 7948
1 2714 -4772
2 5330 -1616
2 -2610 -182
1 953 -6158
2 2813 -7189
1 -2810 -9558
2 6296 -5450
2 -2078 3167
2 -4820 9286
2 1730 416
2 411 -8733
2 4539 1337
2 1798 -9530
2 7143 -7611
1 7862 9226
1 6102 8083
2 -8138 -9752
2 -6024 2714
2 -6941 5291
2 9004 4134
2 6582 3121
1 -6471 1236
2 -8160 692
2 -6199 328
1 2898 4858
2 -6874 9016
1 -3634 4819
1 5061 -5262
2 7799 8376
1 -120 -2557
1 -7339 -1858
2 2485 1810
1 9164 4983
1 1674 6982
1 -8549 9478
1 9516 -9999
1 -1626 -1293
2 235 -4879
2 -6012 -6931
1 7500 568
1 4401 -1657
1 -8861 2838
1 4744 6293
1 2836 -1702
1 -8451 -1521
1 -9636 -9465
2 7291 -9101
2 -4132 -8927
2 7080 9281
1 -6505 -4533
1 -2238 -4864
2 1084 2200
2 4963 -671
2 -7576 -5714
1 -8439 6060
1 2718 -5660
1 1656 7793
1 9850 2159
1 5191 -2878
2 -7659 -5646
1 6504 -7562
1 9773 6951
1 -611 -4950
1 -9628 6270
1 1515 -8133
1 8829 -4739
1 506 -4887
2 -4481 -6343
2 -6409 -8471
2 -7733 -3486
2 7715 -4166
2 -1360 -4098
2 -2946 -6593
1 -8565 -9433
1 -3585 -5653
2 1680 -631
1 4776 -1244
1 -1535 -1783
1 3450 -1757
1 2445 -9555
2 -8379 -7403
2 -5315 -9342
2 9792 4377
1 8074 -5228
1 -4711 7219
1 -8038 -8925
2 -1469 -3510
2 6369 1593
2 2713 -7335
2 -4814 -9946
1 -1944 -9811
2 9415 -5777
2 5412 -282
2 7297 4785
1 -7575 7229
1 5859 -2563
2 6766 -9860
2 6951 -7953
1 7928 -3687
2 -7442 1144
2 2524 -6521
1 6361 1002
1 -4614 -710
1 -1950 -5318
1 1211 7415
1 9532 2035
2 -3362 4356
2 -612 1059
2 -374 8256
1 3798 9267
1 -2943 6078
2 9469 1745
1 1085 -1972
1 -8610 -8299
1 4241 -800
1 7785 6361
2 -8835 -8106
1 4605 -5348
1 -1031 -2693
2 5525 -6274
1 4326 -3880
1 -22 4305
2 5679 -3789
1 -5178 9182
1 4401 -185
2 -4836 7409
1 -2171 -7438
1 -2268 -2050
2 2605 -6798
1 3290 -4640
1 -5143 8379
1 -69 -8186
2 6359 2502
1 6574 -1612
1 9643 -8136
1 -7255 7427
1 6126 685
1 7095 -7430
2 -9684 -4878
1 -5730 2194
2 1984 8176
1 1528 -5161
2 -1327 -6692
1 -2930 9643
2 -4980 3406
2 -6687 -2096
2 6766 864
1 7962 -5954
2 -4396 -5671
2 2528 9655
1 -1702 -9746
1 -1716 7363
2 -9274 -3281
2 -8075 2986
2 -5167 5799
2 3547 -8111
2 -4573 1075
2 -6145 1371
2 3598 1761
2 7185 -6661
2 203 -3296
2 4502 7168
2 -2274 -5096
1 5130 -3759
1 -2837 2421
1 -1270 -5636
1 4268 6585
2 3741 4907
2 8405 -3777
1 559 -1052
1 637 -8938
1 -9609 -3332
2 1133 -6645
2 2976 -6398
2 -1668 6490
1 8248 -3433
1 -6816 6673
2 -642 -5369
2 661 -6135
1 1527 8122
2 -7600 -4446
2 -4359 9367
2 7744 -894
2 -2535 7110
2 -1495 -2000
2 301 -6944
1 -9308 9840
2 -8333 -9235
1 1154 5453
2 -1650 2581
1 -3176 -3971
1 -4641 3998
2 7804 1004
1 1334 3561
2 -9027 -8126
1 -5662 3499
1 -9531 5479
1 3648 1838
2 2873 2407
1 -283 7233
1 3682 -3831
2 5182 -6236
1 -6803 639
2 -5842 3972
2 890 -5845
2 -5346 6755
2 -297 -9894
1 -8164 7705
2 9688 928
1 -6682 -3824
1 -9296 -9994
1 3164 8194
2 -7456 -3325
2 -3947 -9301
1 9180 -7518
1 7999 -5046
1 -3694 4352
1 5918 -5019
2 -2455 2419
1 4706 8722
1 -6935 -5374
1 -9085 -7659
2 8311 1114
2 -7752 -5539
2 -9501 9674
1 -1811 5000
2 7330 -159
2 -6062 -7516
1 7242 895
2 3781 8034
1 -9479 1410
1 -5554 1446
2 -2376 2199
1 -6136 -426
1 -5084 3047
1 1315 -3966
1 -1491 -5016
2 -1788 -9469
2 -5576 6395
2 -3272 3210
1 3700 7235
2 -2139 2659
2 8088 3724
2 -7512 4794
2 8966 6751
1 6901 -7083
1 9811 8874
1 831 -2631
2 -3306 -9846
1 5956 9233
1 9762 5052
1 -8389 415
2 4756 4709
1 -9691 6519
1 -2608 4880
1 -4124 9160
2 -4185 3786
2 8071 -2497
2 -6656 -5122
1 -1884 2096
2 7082 1224
1 -2934 -7328
2 -2802 -8500
2 3709 6030
2 4438 -9134
1 365 8002
2 -7676 7712
1 5122 -7893
1 -7356 5650
1 -8092 4717
1 -9303 4418
2 -4769 4565
1 757 -2636
2 8145 5962
2 -3014 -8711
1 -4444 -484
2 4437 -586
2 -1416 -4322
1 -5234 3868
1 -4861 9604
2 -8261 5498
1 -780 -5015
2 -6928 5932
1 -5753 8653
2 3963 4942
2 -2198 3358
1 -1798 -4271
2 4217 8179
2 -9837 -1116
2 -2282 5322
2 2026 1796
1 -739 -1877
2 -6963 -6771
1 -5323 -2986
1 -8036 4648
1 8458 9616
2 6833 7001
2 -6667 7394
1 -5180 8861
2 -9707 3921
2 -7984 -2997
1 -1703 1152
1 3510 -6952
2 -9462 -2755
1 -4897 4291
1 875 -3234
2 181 -3594
2 1359 -5005
2 -781 8559
2 -4307 -8796
1 -858 -5962
1 -2625 6134
2 -5073 -707
1 -4632 7681
2 9906 -3781
1 -6377 7202
2 -8586 -9494
1 6019 6714
1 3005 -4019
2 -6738 755
2 -7270 -986
1 -4155 -7135
2 -9443 -3307
1 -2909 -9967
1 466 -6898
1 7234 1565
1 -2136 1050
2 -1501 -1026
1 -8057 -2852
2 -9238 897
2 9346 -7590
1 -1484 -2737
2 -4234 193
2 -7249 -8522
1 3773 5017
2 5098 9803
2 2447 -1521
2 4549 9852
2 -6647 1652
1 8760 -1752
1 6354 2784
1 -8342 1529
1 6404 2931
2 8243 -4861
2 -5933 624
1 -4567 -8847
2 -2176 4650
2 8933 5230
2 4719 7615
2 1865 917
2 3469 -9020
1 -7132 3701
1 -6290 8176
2 5071 -3341
2 6758 -2353
1 4003 7272
1 -9655 -5759
1 9360 -9668
2 1208 -5342
1 -9937 4053
1 -7824 5066
1 4590 4493
2 7357 432
1 8540 -4391
1 4970 -9810
2 -8338 -9491
1 -3847 -671
2 -7385 1682
1 4659 -9661
1 -605 -3383
2 3329 9184
1 -24 -7567
2 4349 -6376
2 -3915 -8728
2 -7181 7323
2 -3351 468
1 8152 -4347
1 8717 9733
2 -8830 -3843
1 3970 3778
2 9912 345
1 9521 8710
1 9531 -5339
1 -8537 9655
1 7739 -2190
2 -7484 6383
1 -6905 4872
1 9643 6682
2 4293 7165
1 2141 1789
2 -3294 -1615
2 7840 -7763
2 3561 8224
1 -4426 12
1 -7425 -2003
1 6610 8773
1 -2356 -3291
2 -7042 9977
1 8325 -6076
1 -6457 1590
1 657 3990
2 1202 -2813
2 5373 -7247
1 -4943 2947
1 4879 -9079
2 2364 8438
2 7714 -5945
2 -9627 2661
2 6189 -469
1 -7432 4565
1 5312 -2780
2 -9220 -9141
2 2571 5020
2 -4806 -5416
1 1990 -1133
2 6226 -9086
1 6483 8204
1 -9008 8309
2 -7284 3075
2 8879 4933
2 -6345 -3239
2 -7867 3708
1 -9078 -9897
2 -4639 8747
1 2954 4452
1 -5927 8047
1 2068 -2250
2 -7210 2116
1 6853 3430
1 6852 -1192
2 -2979 -4922
2 6001 -3827
2 -4941 -1288
1 -9921 -9706
2 2054 -7076
