1906
2 -8447 1854
1 4909 6671
1 6819 -1557
2 -7143 1574
2 2706 -2353
2 3362 5159
1 -5559 -5959
2 7162 -820
1 8914 3418
2 5485 -4603
2 -1505 1811
2 -3170 2037
1 4561 9208
2 -5638 1272
1 4738 -2470
2 -3879 -5894
1 -6746 3211
2 2556 -1864
1 -479 -8039
2 3803 9863
1 6002 -7345
1 4307 -9976
2 -3770 1552
2 -7646 2694
1 -4634 3574
1 4168 3737
2 6780 -1507
1 -4546 -7940
1 -1068 -5984
2 8338 -7742
2 1001 8531
1 -4268 -5765
2 8137 -4238
1 -3378 9349
2 1775 3399
2 2257 -8991
2 7042 2942
2 4868 -9738
2 7806 -8499
1 -1631 7184
1 477 8749
1 1471 3918
1 -530 -5097
2 5463 3393
2 87 2837
2 615 6990
1 -1647 845
2 1093 -6372
2 -5462 -8594
2 4241 -2957
1 -1931 -8443
2 -9608 7340
1 4102 -8017
2 -1795 -123
1 -7433 -1053
2 2859 -5565
1 9193 3481
1 -4011 9540
2 -8863 2194
1 -9704 -6400
2 8369 7138
2 3041 -9975
2 7650 -2081
2 -8604 2450
2 -2199 4584
2 7267 -5034
2 9300 -1506
1 7532 -3741
2 -7887 2269
1 -675 7566
1 -6995 8329
2 -3969 -3418
1 2222 8801
2 8424 -3081
2 6484 -9787
1 -160 -9926
2 -8364 6650
1 -5839 1764
2 8319 604
1 2290 -439
2 531 9938
2 -8834 -355
1 9509 -402
1 6936 4344
2 377 -6979
1 9345 6568
2 -34 -7126
1 1291 752
1 3191 -7077
2 -8312 -9319
1 -3083 952
1 3344 -4663
1 2561 -6175
2 9265 -7575
1 4369 3992
2 3058 -185
2 2372 -4397
1 -9882 -4315
2 2437 1462
1 -7677 4888
2 7161 5275
1 -9727 7248
1 -6165 -5950
2 -6672 9024
2 927 -4235
1 2481 2656
1 -2544 9691
2 2456 9659
2 5428 162
2 4751 4626
2 -702 5736
1 -4966 4608
2 9748 -1123
1 9342 -2641
1 6167 2651
2 2270 4905
1 6282 -4742
1 -9916 6211
1 -6322 -796
2 536 6429
1 -5553 9191
2 -6022 7332
2 9601 9281
2 5125 2974
1 -6574 -375
2 -2273 2732
1 -4587 -7351
2 8447 -5742
1 5031 8425
1 1120 6970
1 -8070 6915
2 76 8911
2 -6310 8004
1 638 2059
1 758 -9070
2 -5590 -9900
2 840 -1573
2 7947 -3819
2 776 -5256
1 8982 -2006
2 -1197 -3444
2 5328 1423
1 -9641 -8815
1 -8839 -1885
1 -3151 -3941
2 -9734 3641
2 5171 635
1 2007 1410
1 -9133 -4732
2 6515 1889
1 1500 -5660
2 -234 5564
2 5543 -8290
1 8493 -4470
2 -4758 -1101
1 -4833 8715
1 -8850 -464
2 3009 6262
2 -1169 594
1 -2535 -2214
1 -9603 -2317
1 8802 -7738
1 435 -3418
2 9871 -9691
1 -5415 -6950
2 369 5881
2 -460 5099
1 -4566 1793
1 8148 -9669
1 -433 1444
1 -5404 3913
2 -1966 1686
2 3492 7800
2 -1601 9610
2 -2457 1943
2 -5124 3623
1 -8813 7398
1 -1408 -9766
1 9942 1299
2 -2775 9814
2 -3288 5275
2 7528 6415
2 -1352 70
1 6238 8239
1 1677 7212
2 -1110 9164
2 -4378 -4041
1 7655 8296
2 4752 -1768
2 4039 -183
2 -8800 -9268
2 -7038 3783
2 4316 -6006
1 8150 -4158
2 5413 5346
1 -2702 -4117
1 -4679 -9574
1 -7198 4242
2 6361 986
2 3728 5299
2 2616 -3171
2 8275 3253
1 9146 -6373
1 5439 2579
2 3376 3555
2 -8746 -231
1 8490 9240
1 5771 5926
1 -9008 8278
1 -4817 -698
2 8663 -4187
1 2884 -704
2 4080 3227
1 -3994 708
2 4414 7416
2 4661 3625
2 -6282 6456
1 -7631 8996
2 -5996 2626
1 -8209 -7378
2 7351 -4399
2 -6949 6417
2 -3851 -8922
1 -4046 6515
1 -6443 -6000
2 745 -7558
2 -8697 9406
2 3511 -478
1 -8300 6769
2 -3754 -5107
2 6932 1261
2 9463 7845
1 -523 -9976
2 6389 -8357
2 -1658 915
1 3167 -1327
1 1537 2507
1 9668 5652
1 -9762 5580
1 -7567 -8422
2 645 -1184
2 -1243 2924
1 -2969 5208
2 4271 -5605
1 1093 -7303
2 8179 7079
1 -5627 4380
2 3313 -4735
2 2174 2179
2 8583 1225
2 3045 -575
2 1835 -4593
2 -7432 2116
1 -3594 5595
2 -1549 -9402
1 -9275 -387
1 9812 5528
2 -6156 -4323
1 -2537 157
2 -4879 -2979
2 -2587 2689
2 -3098 -8169
1 6342 5545
1 -7887 5115
2 7644 -8901
1 -4676 -4367
2 -4624 8307
2 2792 1039
1 9213 -2903
1 5852 -4520
2 -5561 8104
1 -4437 6778
2 -3726 -7145
2 9266 9672
2 696 -443
1 -375 2627
2 -7999 -8601
2 4094 7826
2 5150 -4162
1 -4723 1274
2 -2495 8947
2 7090 -4009
2 -1528 4484
2 6804 974
2 -3902 3821
1 6599 1740
2 8336 -6549
1 -7989 -8149
2 6607 3506
1 -3092 1038
1 -9459 7680
1 -7743 4990
2 -9200 4505
1 2837 448
2 -4492 -8264
1 -105 -5674
2 4807 1346
1 7308 -4043
1 -7940 5580
1 594 3105
2 9869 -8205
2 5234 9887
1 317 -5381
2 -6003 7889
1 -4475 -1772
1 -1905 2710
2 -3977 -5315
1 4368 6719
1 7001 9801
1 -4932 7195
1 9365 9771
1 116 4324
1 1426 5967
2 -2891 -734
1 -9622 6137
1 1883 6800
2 4975 -3204
2 -739 -515
1 3475 7525
1 -2045 3718
2 3125 -95
2 -2705 -5796
1 -9775 5429
1 -7029 9385
1 5730 1048
1 4853 -6118
2 -4254 -8019
1 -516 -4818
1 -4420 -7177
1 9859 9009
2 -4571 526
2 4276 -5871
2 -2557 5204
1 -1907 -8017
2 4640 3441
2 -5019 -9504
2 2897 4185
1 -3221 -6136
2 55 -2595
1 -2810 2148
1 -160 -9967
2 2040 4977
2 -1944 -6632
2 1633 5426
2 -229 -7936
2 -1746 -6880
1 -9480 -4790
2 5182 -6563
2 -5769 -3417
2 -5198 329
1 7058 74
1 -5786 2262
2 8215 420
2 -9487 3936
1 3823 -4965
1 -3101 -2830
1 -7910 -4572
2 -4532 -8598
1 -2243 -4494
1 -4443 4366
2 3279 3247
2 -3650 -8891
1 1921 -9558
2 -1758 -7933
1 4053 1896
1 -9906 -6999
2 5831 6453
2 2960 -7879
2 -1716 4679
2 -6339 5590
2 -9180 -8613
2 4096 -395
1 -4327 -6128
2 3433 6879
1 -5853 8145
2 7657 7399
2 511 2713
1 5443 7893
2 6248 -1845
2 2594 -677
1 -6387 4476
2 -9557 7791
2 2237 -5888
1 -1452 2596
1 -2334 -7341
2 -2655 2001
2 -4997 6987
1 -6174 4722
2 2884 -8878
2 4618 -3040
2 -1630 -7350
1 9971 -2068
1 5905 5218
1 2803 8200
2 5561 -8610
1 2109 6078
1 -9796 6181
1 1015 -8220
2 4230 6844
1 4615 -2447
1 -9613 4613
1 9613 -814
2 -8565 7934
2 112 9405
2 -2465 7915
2 7949 -4097
1 4468 1759
2 -7460 3535
2 -8149 3411
2 -759 -156
2 4196 -1423
1 1767 7568
2 3415 -6394
2 -5392 -5540
2 -5420 -4456
1 -5370 -7280
1 -1453 -8086
2 -6318 -7588
2 -6457 -2304
1 -2767 3896
1 -2235 -5628
1 2583 425
2 6189 -9074
1 9854 6264
1 -7176 -5513
1 5141 -7899
1 -4566 8480
1 -2666 1004
2 -1704 -3636
1 5446 5524
1 7383 -1523
2 1113 3645
1 -4271 -59
1 -2441 548
2 -183 8615
1 5991 -4241
2 -4165 8353
1 9780 -5021
1 548 -3795
2 -945 -9366
1 -1508 7461
1 -3882 2888
1 8 -8367
2 -5185 1232
1 -705 5162
2 -3926 -6510
2 -6184 3898
2 4606 -23
2 -2282 -6316
2 976 1943
2 4014 2473
2 489 -3493
2 -94 -6372
2 -7487 -2478
1 -6492 6233
1 5547 2438
2 8902 5946
1 -6212 2037
1 -9628 7109
1 7293 9989
1 -3126 -2497
1 7495 -4503
2 6567 -3477
2 3610 4796
2 -2641 -8997
2 -6139 4134
2 2823 8070
2 -6149 441
1 5043 -1246
2 6128 1594
2 1825 5571
2 4163 -4245
1 8205 -7041
2 -6790 8717
1 5355 -500
1 4532 -4112
2 -800 -3321
2 -5276 -4823
2 -642 -4510
1 -8538 1169
2 -3617 -3557
2 -96 916
1 -1276 -780
2 1039 -8032
1 3188 9153
2 3515 6850
2 -1946 -7050
2 -6045 9377
2 4466 -1388
2 -5761 -96
1 -1838 4254
1 -7809 -7865
1 -1666 -4531
2 3635 6276
1 -4741 3478
2 -1910 -4514
1 -4396 -7651
2 -730 1998
1 -2756 7027
2 2708 -8634
1 7996 5868
1 5062 -1757
2 7039 -6029
2 -8755 4658
1 -3615 3929
2 4899 6796
2 8354 -7616
1 1328 3869
1 -9621 6494
2 -7778 9178
1 -7148 7370
2 -2100 5259
2 8566 1345
1 221 -1327
1 7339 5360
1 5113 -87
1 4419 897
2 8367 -2767
1 -5344 -8821
1 7082 -3323
1 5487 6119
1 6291 -481
2 6083 8152
1 -6086 -3381
2 224 2784
2 -168 -9113
1 -5880 -9103
2 7650 -390
2 2146 -9123
2 -7015 6222
1 -4710 8632
2 3236 7010
2 -4756 -8499
1 -5079 50
1 -3705 -9529
1 7289 377
1 448 3078
2 -609 -1900
1 -1730 9255
1 5077 144
1 3916 3228
2 2498 1296
2 2173 1915
2 5058 5957
1 5162 9623
2 409 -8827
2 -1079 -6597
2 -8598 4666
1 6000 -4541
2 -659 235
2 6423 -3632
1 -5330 2543
1 6729 1050
2 1332 4
2 226 9604
1 3262 2332
1 7839 4329
1 -5842 3920
1 8559 -455
1 -3614 -6563
2 -4411 5052
2 -7477 -6525
1 -6367 -6876
2 2048 2628
2 -9753 -3900
1 6457 -7278
1 58 1575
1 6125 7964
1 1242 -3631
2 1959 1582
1 -4003 -8805
2 2133 2063
1 -1569 -1669
1 -7444 -7527
1 8211 -7068
1 36 -363
1 8106 2723
2 8890 9472
2 -8005 4914
2 8305 -7524
1 -4781 8672
2 -4449 7120
1 -877 7687
2 -9779 -3652
2 -2741 6477
2 9335 -1080
1 -5632 -9045
2 -4027 6496
1 -2845 4645
1 7078 -8424
2 4856 8457
2 1883 -2303
1 -9351 -827
2 -3410 3774
1 998 3606
1 5549 1163
1 4036 6799
2 3843 -1202
1 8989 7558
2 -498 6522
2 5044 -5940
2 -1880 -3863
2 7168 7905
2 3386 -1430
2 -362 2029
1 4923 -8398
2 236 2484
1 -3198 -3925
1 -1973 -5503
1 4944 5257
2 -4268 -4681
1 -4966 4671
1 4366 9733
1 -7744 -8166
1 -6634 2806
1 -3176 -611
2 -8164 -8328
1 -8639 -1801
2 -3133 5915
1 6811 1917
1 6488 -5615
1 -4545 -6515
2 -1274 7099
2 -2131 -1223
1 2084 7722
2 -1172 -4892
2 1501 -8771
1 -9286 5029
2 6329 -8831
2 9379 6719
1 4609 -7742
2 2168 9950
1 3374 7506
1 -7308 569
2 4961 -2027
1 -7819 -4328
1 -2371 -4584
1 6615 -2165
1 -9799 -7347
1 9087 9242
1 -850 -9165
1 -1638 -2346
1 4441 -3156
2 5175 -1722
1 614 2601
2 -5112 9852
2 8782 -8993
1 5115 -4370
2 -4461 -8323
2 -3216 -4311
1 -6751 7843
1 -2033 9847
2 9420 9486
1 -1343 1193
1 -4826 6514
1 5554 5381
2 2235 5831
2 -2629 268
1 -3904 5648
2 -3248 4895
2 -717 -5724
2 -2622 5946
2 3641 6649
1 -1147 -1061
2 2792 5512
1 -7234 4821
2 5407 2420
2 5922 3788
1 -7592 92
2 -9333 7111
1 8934 -616
2 2280 3898
2 2691 3928
1 -8224 -835
1 8543 -5613
1 2285 2757
1 7702 6868
1 -4808 7304
1 -5771 -9137
1 -5632 5920
1 -5379 174
2 3194 -2921
2 1356 8862
1 2750 1972
2 5736 -813
1 -2210 -2788
2 -5537 7947
1 -3235 -3249
1 -2823 2781
1 -7969 4583
1 6836 1079
1 9653 556
2 5869 -5073
2 -8160 8812
2 4099 -8506
2 4296 -8235
2 -4025 -4493
2 -9925 -1874
2 9369 -2499
1 -5642 6777
1 4879 -3339
1 3307 2444
1 -7620 -3424
2 6358 6431
2 6157 9516
2 1332 6687
1 -8839 -5742
2 -5006 9967
2 4696 3818
1 2246 -1249
1 -4829 8165
1 9252 1389
1 -6537 5329
2 -2189 7690
2 -4904 2213
1 -7399 -7241
2 -2137 2251
1 -597 -7816
1 7599 -4961
1 7210 9867
2 832 -2971
1 2600 6806
1 4569 8132
2 3091 9688
1 -3297 -4778
1 3591 3376
2 8615 9639
2 7209 -860
2 8178 -8842
2 -2862 7455
2 915 -1952
1 -8989 8585
1 2187 8137
1 -7544 -6115
2 2338 -1041
1 -9051 2800
1 1098 9829
1 5310 1724
1 2842 3186
2 -6819 -5837
1 6346 -5045
2 9035 -4460
2 -9021 -4313
1 -8642 6520
2 3355 -9329
1 -2006 -6857
1 2117 -4521
2 3714 -3365
1 -3420 8406
1 4590 -2122
2 5299 -4795
2 6131 -1796
2 -8423 1224
1 -7114 1696
1 -4275 9696
1 6878 -2884
2 7262 -1279
1 7514 978
1 3800 2269
2 3805 300
1 5324 1364
2 5342 8420
2 7125 -388
1 3402 164
2 9804 8814
2 2722 2540
1 6434 5043
2 199 8945
2 -5929 -8983
2 6608 6381
1 -8809 -77
2 -8233 -9070
1 -7830 -7534
1 -6013 4554
1 3573 1705
1 3668 -9022
2 -4108 886
2 8566 6138
2 -6631 -7295
2 -4539 -754
2 575 618
2 -3442 -9448
1 -7452 8008
1 9642 5598
1 8892 -8772
2 -770 6416
2 -7054 -8195
1 -8703 1453
2 1124 7685
2 -2877 1254
2 -9591 -6484
2 6520 5940
2 9746 -1741
2 7569 278
1 -4293 7373
1 -9768 -8755
2 5403 3532
1 9684 -6573
2 -6577 1346
1 7136 -1341
2 -6064 -9790
1 -169 -9862
2 -926 1879
1 -6292 1510
1 6617 3930
1 9019 7231
2 5289 1637
2 -5118 9115
1 -5123 -4166
2 -8053 853
1 -8149 -7933
1 8952 5237
2 1814 -8196
1 -9237 -4702
1 -1301 -5482
2 5315 4062
2 9083 8591
2 -9183 -9189
2 -1473 6342
2 -9471 -7059
1 -1612 8948
1 743 1546
2 -2052 -2066
1 9573 -392
1 6108 2236
1 -4542 -242
2 -5704 2619
2 -976 2543
1 -6604 9918
2 5021 4763
1 4865 -1130
1 5010 8718
1 5356 4948
1 6284 -6928
1 -7690 3496
1 -633 -3792
1 -5294 -6151
1 5037 -5121
1 -5063 4410
1 3541 9666
1 -3041 -931
1 -4041 -8120
2 7937 5277
2 -8206 5949
1 -4666 5
2 -4741 -5682
2 -1931 8064
2 3289 -4907
1 5100 -7793
1 -6124 -8338
2 -4513 -7364
1 -1345 6864
1 -7124 -5598
1 -1400 7936
1 2895 -9783
2 -991 -2746
2 -9090 -1874
1 9274 2816
2 -9545 715
2 -7872 2574
1 7005 3435
2 2406 9442
2 -6269 6220
2 -408 6354
1 -802 -6433
2 7696 -8248
2 -1699 9282
1 -6376 6658
1 910 7216
2 5418 -3193
1 -6889 6440
2 -8802 -9253
2 -4853 1913
1 -6926 1168
2 -4360 -7551
1 6391 -9847
2 -333 -3592
2 4981 4530
1 259 -5017
2 9092 495
2 -8579 7163
2 -8180 -8707
2 5432 5154
2 7356 -2122
2 -4206 -7304
1 -5338 2661
1 -3204 4686
2 4382 3111
1 -6710 -4771
1 949 9128
2 -1588 -2573
2 3091 6979
1 6590 7239
1 -2563 294
1 -9458 -6267
1 6815 5415
1 4036 -8673
2 -7358 -371
2 670 -7723
1 8332 -6700
1 -8702 -6295
1 -3632 -6361
1 2108 -9459
2 2519 -6062
2 3238 -1192
2 5005 -5494
2 -767 5148
2 -1650 3790
2 7174 2436
2 -1722 6746
2 -2417 -1106
2 8834 7991
2 4381 6991
2 2785 -4794
1 1955 9450
1 4434 -6918
2 413 -5584
2 9522 2562
1 1175 3741
1 -2018 507
1 9549 1623
1 272 8285
1 2328 -4598
1 -4260 7720
2 -8834 2336
2 -8046 -8968
1 -1759 1106
2 3239 -3480
2 -4142 2312
1 3284 -4418
1 8390 2058
2 -82 6589
2 -8419 -6371
2 -36 -2474
1 -5259 -1742
2 9648 -5027
1 -4114 -8477
1 2484 9347
2 2800 -6180
1 -6452 9371
1 5512 9735
1 9332 -5693
1 1790 1743
1 1028 -6635
1 -4077 1260
1 5991 -3282
1 -7849 5475
2 -858 -4879
1 -6400 4
2 -3605 -5969
2 4334 3953
1 -1316 8301
2 -3010 85
2 -2540 5906
1 -524 -9001
2 9851 -6828
1 8561 -4548
1 -6396 243
2 336 5751
1 4433 4482
2 -4052 2133
2 4030 7115
2 9527 7106
2 -7893 5927
2 2696 -4732
2 1043 8163
2 3690 8340
1 -3706 8771
2 -5373 -3055
1 1658 -4116
2 -855 4250
2 -223 -4696
1 4517 6260
2 -1923 -7026
2 689 -9552
2 -9357 -3486
1 1130 -6699
1 -4167 -4389
1 250 -329
1 -2070 7877
1 3299 -1014
1 -8736 -6207
2 2576 -6089
2 -4892 -4737
1 7291 8796
2 -5955 -3255
1 6472 2747
1 5036 -8678
1 8254 -4969
1 9528 8194
2 -4464 9534
1 3845 -3954
2 -8378 -523
2 716 7845
2 7601 -4653
2 -2764 2748
2 9266 -8778
1 1671 4013
2 -2664 6870
1 8550 7532
1 -7581 5158
1 1246 2417
1 1058 -5745
1 3226 7299
2 -397 6269
1 5914 -8778
1 2779 6563
1 -5719 -8713
2 2622 -9296
2 -8055 3576
1 -6522 3143
2 -2412 9848
2 5862 -7847
1 9807 -5885
2 -1207 -8692
2 -1454 -19
1 6687 2691
2 4576 4066
2 6074 4168
2 -8320 -1587
1 4281 -6430
1 7995 -1258
1 7240 -4769
1 3257 -787
1 -2925 -3532
1 16 -8723
1 9010 7114
1 6748 9076
1 -8360 -2882
2 -5294 5898
2 5590 -7790
1 -5701 -8216
1 6323 -4848
1 1867 1374
2 4285 9454
2 7349 -6684
1 7793 -6450
1 4899 -939
1 8127 -1956
1 -1456 -6868
2 -2708 -4106
1 -8051 -5314
1 -1004 4107
2 2652 1935
1 935 5275
1 -1095 8348
2 -3445 236
1 5036 -7075
1 6000 8233
2 3611 1049
1 8268 -2749
1 -459 4511
2 -1573 888
2 -3004 -3967
1 -7972 -1072
1 -6588 3881
1 -3 7669
1 -2543 1307
1 -2789 5704
1 -2211 6605
1 -2766 -8097
2 8243 -5640
1 6001 -2583
2 -4143 7392
2 7074 6625
2 -4162 -5681
2 2079 -9337
2 -4567 8055
1 -1435 -4111
1 -1389 -675
1 -2314 4004
2 -5466 5117
1 -3062 -7920
1 5003 1776
2 2663 1123
1 6654 2264
2 -3982 -1948
1 8623 -6952
2 -44 2091
2 -5135 -3929
2 9686 9772
1 -1245 8348
2 2942 7271
1 -8657 -6838
2 -3256 -3129
1 7423 -4582
1 3008 -9887
1 -6966 257
2 5839 7807
1 -2634 9750
1 5837 -8395
2 9837 -5609
2 5741 5793
1 -9276 -6294
2 -5077 -1035
2 2863 -5132
1 6810 2204
2 -6862 -6048
1 -5806 329
2 7697 -1286
1 3076 -6879
2 6126 -9344
1 9099 -9228
2 2878 9328
1 3098 -9365
2 -9320 -677
1 -7420 5230
1 -6245 1489
2 5493 -2117
1 -2130 -5618
2 3985 6912
1 -934 1132
1 4949 -9830
2 -3428 -6690
2 7761 2761
2 -592 9858
1 3292 3311
1 -6071 9806
2 -473 8839
2 -7286 2099
2 -9019 1264
2 4664 4324
2 6356 -6582
2 -7766 8222
1 5209 6850
2 -2594 7461
2 -5593 -1579
1 -2896 4838
2 -9628 5527
2 9234 -1549
2 -3536 7905
1 -5481 -3324
2 -8260 5189
1 -3126 -8802
1 1248 7364
1 3247 -103
1 4390 3895
1 4069 -2738
2 6377 6502
1 -6121 7117
1 -7442 4011
2 -4135 6196
1 -4511 -5615
2 -4754 -4008
1 -9345 -6093
2 5277 7190
2 9532 -5144
1 -9900 2936
1 -3115 8915
2 8205 -8150
2 3937 -2007
2 -1162 -6722
2 8231 9905
2 -2100 8890
2 -789 -3340
2 8526 5493
2 -6301 5476
2 -6468 -5405
1 8479 599
2 17 6759
2 -8551 6248
1 -7603 4268
2 -6483 -1640
2 -9322 -8028
1 -6227 9787
2 1466 -4391
2 1929 5314
1 3863 -3594
2 -7323 -5761
2 -3632 6126
1 5064 -692
2 -1237 -9199
1 -104 5242
2 2662 9858
2 -5936 -9976
1 344 455
2 997 7093
2 -6121 -4751
1 2049 7363
2 -3644 -9744
2 -7615 -6226
1 798 -7917
2 2641 5379
1 4462 -5609
2 -792 382
1 6663 -5049
2 -2397 -3892
1 -4649 6225
2 -1158 -1631
2 7023 8014
2 -4822 -6683
2 5903 5313
2 -7839 4561
1 7703 -1581
1 -1577 -3448
1 9231 6836
1 8692 -4754
2 -7591 -8214
1 -9572 -6624
1 3571 -4975
2 -4651 -8976
2 -7216 7671
1 -5710 -4557
1 3734 5080
2 6886 -7525
2 -2234 -7999
2 3571 9848
1 -8245 -1076
1 5008 2012
2 -1798 3930
2 7474 1787
1 -4401 -7767
2 4492 -3462
1 6501 7286
2 -3638 -2014
1 -803 -3852
1 -3519 -2538
2 3324 -1685
2 9271 5904
2 -5663 1167
1 -8421 711
2 -1357 7553
2 -734 5780
1 8207 572
2 -540 1420
2 -361 -1449
1 3767 4588
1 2491 2136
2 -6212 1023
1 -517 -8084
1 -7922 -2289
2 7990 -5227
1 3074 5486
1 3285 348
1 6695 -7531
2 -7075 -6063
1 2335 5521
1 -6631 5564
1 9670 -6107
1 -2620 -7901
2 -205 -5101
2 2483 -5787
1 3901 -8767
1 -3451 137
2 3638 -7225
2 4281 -6764
2 4096 -8927
2 -4801 -9810
2 -8356 2602
2 -451 725
2 1481 -4545
1 913 5939
2 -6505 -1177
1 -3563 -6515
2 -4838 -4128
1 847 -5664
1 8553 8847
2 -3021 -7903
1 3854 -9361
2 7992 9668
1 -373 -4556
1 1575 -9349
1 -3108 -1867
2 -8404 6172
1 3174 -4979
1 -3959 -421
1 7586 -2497
2 5710 1028
1 8940 -1251
1 8797 -3952
2 1071 -6334
2 1976 4498
1 3463 9853
1 4035 3540
1 5722 3990
1 -2680 -1515
2 -729 8786
1 2693 -1994
2 -1306 -8085
1 9391 -2064
1 1867 -48
1 -8755 9417
2 -18 9074
2 -6021 -5374
2 8498 -865
1 -1576 -6105
2 400 -2819
2 -6510 4234
2 6074 -6144
1 -3668 -655
2 -7585 9466
2 -5779 4770
2 5005 8531
2 4345 7427
1 -5748 3343
2 -2804 7023
2 3102 -8535
1 -2514 -8392
1 -9040 -5195
2 -2860 8554
1 -2697 -7061
2 3082 -3835
2 -2633 6715
1 7054 -6638
1 9561 -2290
2 4490 -6948
1 1536 384
1 9057 3044
2 -9010 3316
1 -7096 8090
2 -6629 -5463
2 -4316 5856
2 8668 -7791
1 8676 6694
2 -7720 4544
2 -58 -8058
2 -4612 -7456
1 5065 -908
2 -1207 -11
2 -40 -7850
2 -3197 -3889
1 -2124 -2819
1 9219 1356
2 1703 6521
1 1724 9196
2 8290 3416
2 -79 -8764
1 -5840 8421
2 -8533 475
2 5636 -9628
2 7332 -4062
2 7030 -3032
2 -441 1956
1 1836 -4004
2 3490 -6983
2 -7662 5866
1 3506 7200
1 -625 149
1 -8665 7827
1 5463 7230
2 -2184 -6869
2 -5593 8261
1 9452 7303
1 -1001 -7160
1 1432 -9559
2 -2108 7396
1 9695 7541
1 -9638 -1651
1 5291 3059
1 1835 -852
2 7025 6052
1 3277 -6139
1 -4281 -7504
1 2140 -2333
1 5543 -7186
2 -6269 -3974
1 4109 -8751
2 2374 1719
2 -1530 9032
2 30 3396
2 4122 -5468
1 -5362 -997
2 3335 -9709
2 -5988 1758
2 -5715 -6388
2 -9507 1857
1 9047 2436
1 -3180 -8674
1 -521 5762
1 6523 9049
2 -5842 -3018
1 1 -7932
1 -9038 -6910
2 7255 -6732
2 1851 5793
1 5240 6874
2 -1624 2995
1 -9320 768
2 7548 -9610
2 2379 7807
2 -9219 -421
2 2909 3824
2 -4859 -9246
1 459 -5002
1 9559 -4117
1 -7634 9565
1 8158 2359
1 7240 -8505
1 2613 7159
2 -903 191
2 4670 4971
1 -9202 -5885
2 7371 1986
1 -3012 -2508
2 -8049 1812
2 -8967 2907
1 -4222 -9894
2 4 2608
2 2555 4663
2 4959 5760
2 5564 2556
1 -2761 -1165
1 9023 3182
1 2026 2669
1 -73 -7349
2 -6739 4349
1 -2258 7435
1 9220 -3001
1 -4155 -5250
1 6104 3856
2 -6883 4964
1 -9858 -1991
1 -4586 -5645
2 -1090 7015
1 -6700 -859
1 1014 8166
1 -9869 -3653
2 7367 7645
2 3378 9965
1 -8810 -3707
1 -2494 -585
2 4321 9716
2 763 7600
1 -668 -8584
2 5885 -3410
1 -7396 6343
2 4814 -448
1 7852 4090
1 4028 8645
1 1789 -9272
2 6986 -3
1 8386 9727
1 -9358 -8758
2 -4839 8227
2 -3833 4476
2 -981 -6852
2 -1715 -3620
2 9403 -8253
2 5458 9675
1 7325 -3659
2 -4133 3400
1 -3939 2826
1 4013 8221
2 7637 8752
2 -6669 678
2 5829 8290
1 4353 -4759
1 6564 5416
1 9735 7705
2 -9920 250
2 -7529 -7416
2 -9970 -1834
2 -1318 -7762
1 -5653 -2128
2 -783 -1573
2 5427 6543
1 -4968 -5853
1 -6616 -4128
1 2671 -4051
1 -9789 3124
2 -7804 1301
1 9322 -270
2 8128 1825
2 4868 4866
1 7264 -2803
2 -265 4276
1 4089 5834
2 1553 -6404
1 -8743 3057
2 -3361 -7709
2 -6591 -9361
1 -7001 -6622
1 -2475 5251
2 6036 -1823
1 1705 -1071
1 7354 -3166
1 -1132 6703
1 4064 6274
2 3862 6345
2 6476 -6370
1 2439 5568
1 1604 -1879
1 -2925 1752
2 9618 2674
1 5874 -9303
2 -5905 -4975
1 -8814 8301
2 -9068 8875
1 3252 6790
1 -7521 6984
1 -1565 -9887
2 -5278 -5621
2 -5850 -128
2 -9639 407
2 4978 -1542
1 -6479 8425
1 6429 3894
2 -9145 9187
1 -6149 4210
2 -6107 9620
1 -9404 -7365
2 9459 1506
1 -7243 8950
1 8913 -6992
2 -267 -4316
2 -3498 6826
1 -8906 8323
1 -1544 5582
2 3972 -3550
2 5226 8705
2 9678 3987
2 1064 -293
2 -1785 7446
2 -8113 -3981
2 9827 -3637
2 -4907 7443
1 5660 5753
1 6444 -3501
2 -5532 1747
2 8721 6593
1 -5867 3162
1 7693 -7041
1 8953 1481
2 1109 -3155
1 -1929 162
2 -7267 4399
2 -4452 -885
2 -7017 3718
2 9019 668
2 4066 -1952
1 5910 16
2 -1124 -9933
1 -2083 5256
1 133 -5671
1 5968 -8433
2 3484 -8126
2 -2819 -768
1 -6780 7985
2 -554 -6105
2 -5373 414
2 -3840 7969
2 -9386 -3694
2 -8884 8584
1 -9371 3340
1 -5589 -2712
2 -7168 -4399
1 -2874 1651
1 7803 8315
1 -1648 -1348
1 -4031 -9725
2 7595 6048
1 9838 9705
2 -1325 6506
2 8165 5908
2 -5799 -7446
2 4878 4762
2 -4810 6573
2 -3821 3356
2 9001 8496
1 -7214 -6532
1 -9223 -3646
2 5762 -4575
2 -9130 4587
2 -1212 -6787
2 5951 8813
2 6826 8929
2 -1024 9698
1 194 -6919
1 5825 -4373
2 8085 8168
2 -7453 -9033
2 5286 -4162
1 -6566 1926
1 752 -1733
1 -1932 7577
2 -9651 -4184
2 17 4457
2 -6740 4763
2 9639 -8732
1 -6799 1261
1 1489 -5079
2 -6086 -3258
2 -2109 -3929
1 4354 6665
1 -1684 9495
2 -8679 -4092
2 -1714 -4611
2 -6615 2842
2 4772 9757
1 -4737 1059
2 -6425 -1206
2 1542 -2533
1 1060 -7184
2 872 -5156
2 272 -3025
1 6478 508
2 8021 6062
1 1896 5328
2 -8107 -5048
2 2041 200
2 -8696 1259
2 -7717 -5269
1 -32 -702
1 6205 -6327
2 1955 6839
1 -614 -1775
2 -8752 -608
1 2654 -9682
1 -6516 -2918
2 2111 1928
2 1280 6494
1 -1399 7172
1 -9897 -2796
2 -5587 7276
1 -39 1101
1 -7614 -4079
2 -7262 227
2 -6654 -7767
2 -2569 8349
1 3657 6119
2 -7603 559
2 1931 5717
2 -2838 -4354
1 8035 1436
2 9271 7894
2 4322 -796
1 -4616 393
2 9376 5181
2 5297 -6210
2 -777 955
2 -3507 -6654
1 -7077 9911
2 -668 -2865
2 1805 1415
1 -9539 2785
2 283 -1655
2 -4217 7088
1 9514 -8830
1 7008 212
2 -7664 -1447
2 -3059 797
2 -8773 2906
2 9153 -2136
1 -4181 7746
1 6333 -5197
1 9124 -3346
2 -1452 -5845
1 3111 2703
2 517 -9032
2 8932 -8446
2 -4012 4932
2 -8005 3623
1 3202 -3141
2 -1805 4429
2 4473 5404
1 -5355 5166
1 6914 -5372
2 6750 7558
1 7449 -6048
1 -4871 -428
1 -1912 3711
2 -7341 5295
2 -8165 -1967
2 -6921 -2213
2 1072 2203
2 -9451 -8700
1 9965 7696
2 8934 -4448
2 3251 -3688
1 -6590 -6294
2 9014 9605
1 -6549 3612
1 -9324 -6676
2 -868 9571
2 -892 4591
2 8348 -1676
2 -6125 6431
2 -6223 1715
1 1955 1301
2 -2427 6977
1 -9692 -5921
2 8069 8015
1 -6613 -5435
1 -5064 5510
1 6912 7944
1 -717 8203
2 2312 5924
2 -1826 -2796
1 4084 1170
2 4523 6546
2 3330 5689
1 -8849 8870
1 -8244 6957
1 -2138 3815
1 394 6761
1 2961 -4200
1 3010 8588
2 -6763 -1559
1 7303 -5564
2 -9433 6557
2 4780 -5849
1 1888 7572
2 9255 -1210
2 -9974 -316
1 7688 -9218
1 -6931 -4905
2 9653 8375
1 5810 4755
1 826 8265
2 8381 7085
1 2028 -615
2 6288 7189
2 872 5698
2 -5444 -9089
2 -2366 1347
2 1483 7862
1 759 9367
2 -6581 -4476
1 5479 -2334
2 -7854 -2539
2 8370 -6667
2 4279 -9637
1 -7196 -1869
1 3639 -3040
2 5176 -1164
1 5498 2701
1 -4563 6014
1 9788 -8002
1 278 -3302
2 9493 489
2 5973 8562
2 -3301 2208
2 -4694 -4608
2 -9806 64
1 1594 3481
2 -1430 -7368
1 1784 -2184
2 2842 9091
1 -7492 -5140
2 -4569 -8942
2 -8242 24
2 1021 -4340
2 9232 -4091
2 -8210 5449
1 -488 -3110
1 -4940 5322
2 -6937 -8430
1 -1092 3679
2 -9378 -9197
1 4587 -6343
1 3659 -6463
2 5420 2950
1 -3319 4648
1 4948 -5181
1 2518 -4713
1 9971 -8668
2 -5391 599
1 796 1120
2 -3583 -2966
1 613 -7283
2 -7577 -6429
1 -9943 3372
2 8406 -6173
1 -829 6555
1 7432 -6778
1 -273 -5132
1 -3680 6806
1 -422 1217
1 -5368 1655
2 1199 3106
2 -2965 -5524
2 5184 -55
2 -1216 9542
2 3291 -5201
2 2469 -7251
1 -4864 2173
1 -3643 -8589
2 3347 6735
2 -1280 -8201
2 -6346 2889
2 6140 484
2 3869 -1184
2 -5448 -7882
1 5493 -4721
1 7979 1484
1 -3737 -4833
1 -2848 8806
1 -4879 8000
2 9887 2056
2 6574 374
2 1824 576
2 7070 3587
2 -2790 -9034
1 -6584 5098
2 -5397 -9346
1 7455 2413
2 6526 -3853
1 -8125 4303
2 -7996 5628
2 3148 -3756
1 4594 6103
2 -7099 -9038
1 -7230 -5409
1 621 7443
2 -1103 -3809
2 -9580 1627
2 -6648 358
2 7649 73
1 9917 -9928
1 -1694 -8432
1 8431 -9164
1 -4689 -1927
2 2173 -7310
2 -1599 2566
1 -8894 956
2 -5507 4739
1 -5992 4408
1 -619 -1170
1 -7391 6437
1 -6328 2445
1 -3248 -9776
1 1172 7498
2 -4554 507
1 3735 -3571
1 -9763 -3519
2 6958 -439
2 -5231 7875
2 8306 -6570
2 -2652 -7330
2 -5020 -330
1 -609 977
1 3675 -130
2 -9906 -7196
1 -312 -2358
1 9569 7538
2 -6399 9113
2 -5243 1882
2 4656 -6464
2 -9745 5199
1 3376 935
1 -4959 397
2 -1529 2465
1 -8323 5520
1 -8056 7557
2 505 -1947
1 -8074 -1073
2 1978 2734
2 8376 -5755
1 -6482 953
2 1898 4827
2 -3606 -3697
2 7159 9674
2 -7665 2836
1 -5228 -6264
1 -4506 3204
1 -1820 -5879
1 -8082 41
1 -669 -2095
2 8857 3003
2 1466 8518
1 7499 5737
1 7427 5517
1 7861 -5769
2 -8360 1949
2 -801 -4414
2 2821 7207
2 2455 5546
2 -281 -9656
2 -2681 1739
2 -4549 5925
2 -8658 -4301
2 -5412 -9169
2 3791 4766
2 8938 9855
2 -717 7281
2 -3108 7766
1 403 -5593
2 9382 -4347
1 6886 2208
2 4480 -3588
1 4152 -5163
1 3559 -8605
2 -6166 8433
1 5091 2028
2 8685 1800
2 798 -3682
1 681 965
1 3278 -9767
1 6493 2708
2 2862 -9700
1 5694 -3117
1 840 -7567
1 503 -8917
2 6210 8919
2 -2620 8868
2 133 -86
2 5477 7610
2 -4758 -851
2 8753 1307
1 7190 -1622
1 5393 5578
2 7438 -4851
1 753 -5966
1 -4338 -6695
2 9906 -7159
1 4142 -4541
