1994
1 -9742 -7291
1 597 5734
2 -8839 5680
2 889 -5617
2 -847 -2727
2 -8131 3174
2 -7503 -9571
2 8884 6413
1 -4672 -4234
1 3085 2384
1 5046 1761
1 8046 -893
2 8829 1382
1 -572 5382
2 3499 7252
2 -8690 -5157
2 7812 -5489
2 59 -5645
2 -609 5283
2 -7165 -1655
2 5818 -2307
2 2157 4368
2 2844 1291
1 9262 752
2 -9547 4842
2 -6211 9619
2 -4977 3146
2 4299 227
2 4131 -2876
1 5358 -1610
1 -7287 -4088
2 535 4200
2 -677 259
2 -9524 -7847
2 5535 -6789
2 9133 -8183
2 -7240 -4270
1 -6508 -6732
2 99 -5473
2 1323 7979
1 8188 867
2 -6383 -8048
1 -1814 -848
2 -4209 1503
1 9129 418
2 966 -3559
1 -9269 9940
1 6918 4708
1 -2298 -5778
1 3037 -1027
1 3835 9313
1 -4610 374
2 -3307 5578
2 2627 3117
2 9293 -9463
1 -1684 -4073
1 -1104 6317
1 2738 6064
2 -4970 403
2 5029 3271
1 727 -5382
2 1484 6459
2 -4987 4637
1 -141 2001
2 -3988 -3769
1 -1059 697
1 2838 -3662
2 -3445 -5036
2 -5373 -6285
1 8229 1802
2 -9691 7997
2 565 8852
1 -9009 -9758
2 -6610 -4890
2 3493 7141
1 5832 -8320
1 -8620 3303
2 84 -9824
2 4868 -7943
1 -1670 -1678
2 -5531 -3604
2 -9686 -8783
2 4422 -2489
2 362 -3654
2 -9036 -4062
1 6321 7291
1 6921 6905
1 9582 -9381
2 -7856 6608
2 5509 -3082
2 1478 6373
2 2584 -1672
1 8476 2276
1 3372 1764
2 -3062 3181
2 480 1950
1 9995 8267
2 7090 -8027
1 5812 2679
2 -2464 9209
1 -1091 -8819
1 8622 751
1 2201 -4034
1 -84 -6076
1 -2343 8131
2 9421 -4121
2 -2394 -1237
2 -4970 4482
2 -7318 -2827
2 -6050 -3540
2 -3265 -5831
2 -1771 -5070
2 8201 5868
1 -3638 -7886
2 8972 7646
2 8921 3650
2 1574 -6989
1 -7281 -918
2 6350 9489
2 -3754 -5379
1 -7685 -3072
2 7200 -5545
2 -5694 -2513
1 -7748 527
2 2155 9725
1 -4115 6482
1 6424 -2241
2 4913 6738
1 -2782 1513
1 7097 5240
2 8278 -9152
2 2465 -2288
1 8214 649
2 -9876 3626
2 368 9044
1 -8854 -1411
2 1674 -2467
1 -1453 1586
2 -9710 -4447
1 5789 -8331
2 -2612 2601
1 -9036 -5130
1 6194 1548
1 -1009 5314
1 5622 5040
2 -8191 -162
2 7996 -7159
2 -9325 -9864
2 -4252 -6148
2 3894 495
2 -9837 1826
2 4423 4388
2 -4354 3044
2 6023 -6899
1 -9514 3245
1 7698 -465
1 5251 7586
1 -3614 6272
2 2084 -9636
2 -2583 -3704
2 -9707 3842
2 -9374 2983
1 -4432 7883
2 9789 -9963
2 5210 -2267
2 -2721 -4493
2 3431 -395
1 272 7473
1 1168 2556
2 -5948 -9867
1 1716 -6624
2 -1135 -3455
2 -4661 1790
1 5091 3986
1 -9088 -2283
2 -4372 5000
2 -6531 3740
1 478 4525
2 455 -7492
2 8640 5560
1 3986 -55
2 -1167 9544
2 6440 -4549
2 -3951 -5223
2 -7379 2591
2 -8793 778
1 3389 731
2 -9978 -126
2 -7361 4408
2 5525 -497
1 -8275 -5044
2 -1868 8877
2 7942 -8269
2 6435 1323
1 5503 2122
1 -2651 -5831
1 -7424 -6764
2 -8483 -9345
2 3730 3867
1 6092 1371
2 -3339 2886
1 -3823 -5006
2 -9127 6282
1 6591 8484
2 8533 2769
1 -7229 107
2 -8749 4056
2 1331 -6763
1 -1472 -6820
1 -1988 4735
2 7409 -7231
1 -4402 1423
2 2421 8977
2 72 9262
1 -7834 158
1 1304 6812
2 -4729 -4445
2 -9412 4619
2 -2358 -4567
2 -4550 -4542
1 9673 7841
2 -5807 -7579
2 -809 7794
2 -8907 182
1 -1377 -4352
1 1184 6
1 6312 -9154
1 5005 -4870
1 -8799 -2091
2 -1845 -4873
1 -5732 -5152
2 -3460 7923
2 614 -2813
2 2687 1555
1 -5288 -9754
2 -4210 8555
1 -4765 -7053
2 -2629 2065
2 8415 -763
1 2919 9162
1 6496 -4153
1 6542 5447
2 1640 -2405
2 6819 -5823
1 2621 9733
1 -3188 -4491
1 6063 1449
2 1354 8070
2 7363 792
1 -7061 -1116
1 -9421 3063
1 -5221 -9915
2 -9554 -3032
1 -6385 9736
2 1733 -9737
2 -2610 -8448
1 1284 2611
1 4396 9934
2 5842 -31
1 1054 8668
1 -1841 -2613
1 5280 -8315
1 3143 -6511
1 5038 -8663
2 2257 -9401
1 8435 -1152
2 -4215 6066
1 6260 -7713
2 -8661 1219
2 156 3053
2 -1760 607
1 -8446 1749
1 9199 1171
2 2966 -9439
1 -7749 4385
2 -8935 -5346
2 8185 -3980
2 4001 -5033
2 -1743 4092
2 -8474 4271
1 9434 2792
1 -4895 8394
1 -1415 1578
1 8787 -289
1 -9501 8707
1 5820 -7465
1 1491 8890
2 7246 -782
2 8931 56
1 200 -534
1 -358 1909
1 6579 -8720
1 -9893 3665
1 -5639 7504
1 3855 218
2 3121 -6783
1 -4983 -8532
1 5275 3899
1 9813 3382
1 1154 5050
1 4676 2099
2 426 -6769
1 -8406 7314
1 -2139 6289
1 8061 4001
2 -5483 5969
2 -6190 -5297
2 -7010 7884
1 7456 5011
1 -8443 885
2 3388 2810
2 -381 -4717
2 6757 -1177
1 -8143 3629
2 952 649
2 -1527 9592
1 173 3569
2 2001 7960
2 -3809 -1594
2 -9376 -8707
1 4282 5980
2 -9095 3564
2 -6696 -9884
2 9225 6963
2 -5938 -8260
1 9855 -5502
2 -4592 -1363
1 859 9625
1 -9645 -3737
1 -3924 -7117
2 7421 -4875
1 5016 -7534
1 1076 -481
1 -9434 9678
1 -4331 -5762
2 8232 5507
2 -2890 7928
2 -5651 102
1 5911 -4219
1 -9763 -5107
2 9302 -8070
1 -5187 -301
1 -1693 8161
2 -3399 -57
2 4408 -8281
2 -3033 2936
2 -9279 -7520
1 8704 -5228
1 -5506 -1750
2 -4075 8823
1 6142 -4286
2 -3662 1558
2 3709 4400
2 -8151 -5956
1 -8834 8609
1 -5118 -8819
2 -9310 2026
1 -3415 9100
1 8377 -763
2 8369 9662
1 5309 8002
1 4470 6045
2 -9857 6133
1 8028 4431
1 4368 902
2 -8652 -632
2 -6641 5518
2 3448 3398
2 -9356 4118
2 -9123 -6029
2 -3875 91
2 -8499 4128
2 -1302 9414
1 347 -9621
1 2459 5457
1 -1092 -6203
2 7408 -7961
1 3782 -5181
2 5225 1901
1 7682 8188
1 -5979 2246
2 -2529 9910
1 5085 2521
2 -4512 9736
2 -9502 -6810
1 8045 302
2 6146 1056
1 -5051 -6837
2 5197 -1982
1 -9631 7645
1 -2320 5045
2 3935 -3092
2 2540 3958
1 -9714 7005
1 5454 -7242
1 -437 -7080
1 -2466 202
1 -5984 5371
2 4569 231
1 -482 2380
2 -2595 3682
1 -6132 -9103
1 -2213 -9879
2 -2312 6795
1 -3142 -6941
2 5048 -9599
1 5274 -7428
2 -7546 -2608
2 -9719 -742
1 6160 -1541
1 9888 -9676
2 -1292 -6589
2 -3416 4155
2 -2691 5325
1 -9005 2475
2 -3297 3947
2 7891 -3042
1 9737 -8482
1 -8709 8391
2 -5379 2765
1 -6109 -2208
2 9985 3452
1 -9382 1402
2 3720 -1426
1 -3201 -242
1 3025 1532
2 9673 -274
2 7484 -5209
1 -2072 -9006
2 2994 -8107
2 -2660 -5843
2 -8909 -3749
1 4678 -2169
1 7197 -4554
2 -3965 -4846
1 7118 -1131
2 5837 -3996
2 27 -4235
2 804 4867
1 -4695 -8886
1 6925 1490
1 8302 6378
2 -6810 1800
2 256 216
1 -496 6122
1 -8035 1170
2 -7811 -6573
1 4708 5713
1 -3267 -6353
1 5889 9661
2 -3641 5781
1 4119 8789
1 -2013 8232
2 3821 6741
1 3137 4801
1 639 -2785
1 1137 1949
1 -4851 -2355
2 -154 3383
1 81 290
1 -4353 2733
1 -2557 8412
2 -9510 -5674
2 7253 5147
1 -8594 3727
2 -9110 3642
2 8566 -3214
1 -4767 4144
2 7993 2812
1 8542 -5
1 -5230 203
2 8034 -2536
2 -9384 -769
2 9852 5308
2 4837 -9172
2 -1419 4803
1 -3415 4474
2 295 9490
1 -9649 3471
2 375 8419
2 -1771 -4333
1 -8891 1537
2 -2062 2777
2 5108 -2977
2 7555 3966
1 -3409 175
2 -2265 9168
2 5179 9743
1 4756 6619
2 -6432 3016
2 5330 8471
2 -7872 7696
1 5352 2427
2 -1945 -2680
1 -7529 6639
2 6443 3315
1 6630 -9438
1 5697 -5709
2 -2178 815
2 8485 -7883
1 6413 -2059
1 -7410 7172
2 -7152 9116
2 805 -5269
1 9655 -5848
2 -6717 -960
1 -4543 999
2 -5876 2464
1 4509 3184
1 -4987 1903
2 -3305 -2837
2 4810 1665
2 -6466 -4919
2 9923 6905
2 267 9499
2 5343 -8709
2 3679 4623
2 -8376 8055
1 -6451 8802
2 -2931 -1237
1 8062 -6143
2 -1852 1184
1 -3169 4269
1 7263 9119
2 -1415 -1910
2 1280 3558
1 -8956 7508
1 -1487 -9232
2 -9669 3970
2 6880 6000
1 -1073 5379
1 5149 1016
1 -5643 3789
1 -9298 -8852
2 7627 1116
2 -4195 -785
2 -4188 1778
1 -3497 -7081
2 9912 2901
2 -5342 -2023
2 -295 -5271
2 1740 6885
2 -2816 7996
1 7741 -6504
2 6553 -9919
2 -1187 -2028
2 -8192 654
1 8678 6331
1 -4565 -1863
2 -1258 9402
1 -7965 4716
2 9281 3088
1 -4756 6618
2 7425 713
2 -5479 -3487
1 -6497 9398
2 5408 -6060
1 1469 6367
2 -5090 -6776
2 -9473 1443
2 8761 8935
2 85 2020
1 7290 -1871
2 4888 10000
1 134 8462
1 -7279 -5544
2 6845 2219
1 9873 -8418
1 4140 -4652
1 -2741 -5277
2 -4450 9392
2 7284 926
2 -2990 -6294
2 -4202 -3790
2 -1467 6077
2 -3720 5860
1 -1496 -3631
1 -7025 8303
1 -1844 5107
2 -8497 -9542
2 7020 -6429
1 -2125 5405
1 115 8849
1 2574 369
1 -8407 -5818
2 3251 3098
2 -1663 -7457
2 -8993 -1773
2 -2979 1046
1 -4941 -3101
1 -8562 -9769
2 -6411 -6373
2 -2963 4001
2 925 -9952
2 9178 2534
1 8225 7668
2 9568 -341
1 -4053 4370
2 -2698 3949
2 4136 -4415
2 -5430 5624
1 5687 -7062
1 5586 -8803
1 -7960 -4154
1 -1524 3158
1 -5433 -6506
1 -19 -5515
2 -9005 -1700
2 1712 -9208
1 -9319 2419
1 -553 7635
2 4210 -5144
2 -2884 -9913
2 7526 -3785
2 -5385 5152
2 -2817 -941
2 7808 5122
1 7713 -3580
1 5350 3011
2 2971 -2339
2 8322 -4163
2 5954 9484
2 9956 -210
2 -3137 5208
1 7448 4574
2 3871 -1294
1 9095 7631
1 9812 -4899
1 6658 317
2 8794 9202
2 3621 -3467
1 -8301 3893
1 -2550 6423
2 -8874 -5449
1 -6003 -6022
1 -2637 1415
1 3376 -9052
2 -2686 -4691
1 -6589 -9288
1 8707 1303
1 5489 5917
2 251 8825
2 8579 -2448
2 4826 -454
1 -4418 -5477
2 800 1122
2 628 828
1 -9373 8736
2 592 4903
2 9170 8772
2 1654 -4295
2 -1299 -8345
1 -1198 -159
2 -1407 5645
2 1709 -5765
2 3485 -278
2 -2250 -3108
1 7976 562
2 3539 9157
1 3812 5987
2 3211 8947
2 9740 -5153
1 -7348 9318
1 -2089 -8196
1 9448 -5090
1 -9335 -7496
2 3992 -4732
1 -5175 7659
2 -8641 -8957
1 -1208 -3687
1 -1700 9637
1 3369 1443
2 -1682 -2299
2 2752 8088
2 -5089 -9534
2 -6060 -1490
1 -8532 7284
2 -3519 -8224
2 -8831 -1832
2 -199 8932
2 -916 5472
2 5974 1006
2 -166 -9045
1 6688 1978
1 -7005 -6069
2 -4045 -1903
2 8986 -496
1 2824 -5289
2 -4360 116
1 -1812 1757
2 -9357 679
1 8947 -617
2 -7225 9934
2 1039 7149
2 158 -2224
1 -7627 -6354
2 7777 4598
1 3563 -6858
2 -2416 -5487
1 5488 5233
1 5608 -5129
2 8208 513
1 -8404 3610
1 -1112 6352
1 3837 4700
1 -5370 8600
1 -8104 -4072
1 -5847 -342
1 9642 7111
1 2961 -5837
2 5938 4845
2 8872 1412
2 6425 -9849
1 604 -8298
2 5952 -6160
1 -7803 -4642
1 -7063 -5384
1 -4244 6187
1 -2171 -3673
2 -5884 7010
1 -9269 3545
1 -7967 30
1 -5091 -4052
2 -2885 -1205
2 9494 767
2 -5974 3534
1 6814 -8015
2 -8464 8605
1 6850 1418
2 -2518 4900
1 4109 -422
1 2895 4708
2 7974 -3266
1 8023 -343
1 -1810 -2289
1 -8283 -2269
2 -3794 4232
1 7636 6485
2 629 -4813
1 5048 1652
2 -1852 483
1 -4957 5910
1 6037 -2316
1 7971 4383
1 3126 -4460
2 5159 8747
1 9372 7400
1 -3013 4077
2 -5796 -2861
2 6230 6553
1 -5433 9096
2 -435 -5235
2 7175 -2657
1 9961 -4003
1 -2096 6656
2 -8131 -5063
1 -2479 -76
1 -6701 -3647
1 4998 -3424
1 6669 -3462
1 22 2340
2 -1273 8167
2 6948 8240
2 2697 8065
1 -9592 -6391
2 8822 3464
1 5160 -4427
2 9231 -4572
2 8224 3919
1 5218 5834
1 4297 7483
1 -7641 -1644
2 -4845 -8758
1 5239 -9614
1 5541 -1854
2 4396 -598
2 2497 2417
2 -8986 6067
2 -8292 4934
2 6372 3419
2 4236 -3435
1 -1235 -9404
1 1838 9433
1 6332 2323
1 428 -3538
1 8713 -6953
2 2719 6636
2 -2383 7151
1 -5269 9251
1 -156 -338
1 -4539 913
1 -5268 -8558
2 3623 -7063
2 9856 -5018
1 6106 -5546
1 -1642 -1443
1 -748 9287
2 -5842 1864
2 -8512 8848
2 -6676 -1419
2 -1233 -3997
2 3396 5356
1 -6462 3260
1 351 -9991
1 -9919 -4150
1 -4776 -7627
1 8239 9378
2 -550 -493
2 -4163 -8762
2 1086 -1959
2 9760 5955
1 4777 -3012
2 -3377 9565
1 -9230 -6619
2 -8649 -8984
2 4002 9468
2 -1090 229
1 3486 9477
2 3400 483
1 147 -2394
2 -6628 690
1 -7860 -103
2 -3137 -5077
2 -2834 7474
1 -4121 3022
2 7203 -141
2 7087 3256
2 -861 4857
1 -6470 8705
1 -4600 -9076
1 -3247 -2478
1 -2577 9985
2 709 -8814
1 -3987 6557
1 4155 6990
2 72 3242
2 5889 -6005
2 -8966 2916
2 1233 5861
2 6681 -4068
1 -1840 1827
2 -5533 -4856
2 4511 3476
2 -1732 -8382
1 5316 -7438
1 -2641 -3982
1 -4473 8792
2 3112 -7623
1 -184 -5739
2 6278 8110
1 2205 -7711
2 -5486 2983
1 -7525 -7762
2 -5307 2856
1 634 -6170
1 240 -3325
2 -6089 9250
2 -1437 6168
2 -8161 9584
1 -1720 7370
1 -1496 -4625
1 1323 -1918
1 -902 -7679
1 8032 1848
1 1917 -5789
2 -9615 -5332
2 2753 -9603
2 -1445 7706
2 3377 4834
2 7389 1546
2 -4821 -1789
1 9976 -7868
1 4405 1253
2 -7048 -6499
1 6855 1268
2 -3209 5428
2 -5380 744
1 6749 -2777
1 7005 -9749
1 -22 1225
1 320 4903
2 7520 -52
2 2023 -5758
2 -4013 -7597
1 3884 7319
1 8958 6897
2 6923 9347
1 -7645 -542
1 -7810 -9499
2 3503 -4814
2 6853 8065
1 6100 -6930
1 -4107 -6982
1 -1840 3919
1 -7342 3152
2 7922 -2439
2 612 -3664
2 -5077 -7020
1 6585 -5715
1 -6902 8127
2 8763 -7012
1 6883 -2252
2 6654 7570
2 -3573 2841
2 2951 9299
1 2919 3875
1 -835 -9425
2 -3326 6503
2 -1875 4159
2 -1567 -830
2 7288 -5686
1 8941 -6073
1 -5354 -7059
2 6138 -8947
1 -4161 9207
2 9187 7426
2 6460 -6500
2 -4570 -7366
2 1269 -8252
1 9201 7930
2 -2437 -4637
2 -6291 9928
2 5477 9666
2 -7240 6539
2 9331 -72
2 -1644 2202
2 -3927 174
2 -8192 7391
2 3067 -2674
1 9228 8498
2 -4428 883
2 3319 -30
1 2641 5451
2 919 4800
1 9253 -7749
2 2604 -4568
2 5846 4371
2 6129 8873
2 9512 -1875
2 -456 -7413
1 -3415 1130
2 -9860 8289
2 9092 1306
2 -2979 -5857
1 -8387 4175
2 6954 644
2 8504 9270
2 -6650 -957
1 -7960 -3146
2 -7 603
2 -1006 9078
1 -986 8156
2 -9730 159
1 3294 -6199
2 1592 -4319
1 -1758 9018
2 9996 -6542
2 -5163 2537
1 4779 -7288
1 -2435 -5216
1 7493 -7705
1 -5860 -8485
1 1585 -2733
1 8821 -862
2 2473 888
1 -8471 9471
2 -8038 -5929
1 -5527 6107
1 -7297 -7847
2 4549 -9507
2 8550 -3173
1 5309 611
2 -3412 1071
1 -4258 3784
1 -4396 -8683
2 264 -6436
1 9666 4664
2 4270 1455
1 8142 -8604
2 -3320 2570
2 -7891 4452
1 9895 543
2 7638 5286
1 247 -5881
2 3386 -4314
2 -474 6147
1 -4021 -575
1 -6146 2927
2 -6578 -8178
1 1691 2352
2 8778 7263
2 5550 -5483
2 3621 -135
2 2661 -7092
2 -382 -8567
2 434 -4070
1 8771 2688
1 -6158 -6401
1 185 -4346
1 4394 6982
2 3010 -9890
1 -5519 8449
1 -5723 -6919
2 -4008 -7431
2 4759 6485
2 9800 9605
2 7938 2149
2 6197 595
2 5065 2552
1 -3206 39
1 -2563 9635
1 159 5147
1 1466 -9660
2 3539 -8783
1 4918 6912
2 3924 -2324
1 -4345 -3126
2 -4240 -4269
1 -3502 3053
1 -3313 3588
1 -8579 7231
2 5139 4858
1 -7141 -9322
1 2890 -5069
2 -6837 -4382
1 -4499 8677
2 3154 9729
1 3111 3091
1 -6347 9188
1 -6314 5909
2 2676 4393
1 5436 -3877
1 -4032 583
1 179 9514
2 126 3066
2 2905 -8034
2 -9789 2088
2 -173 -2323
1 -9634 9142
1 2112 -8903
1 -6637 -8185
1 6805 3704
2 187 4707
2 -7754 9656
2 -5457 7254
2 -8573 -1971
1 -9044 9401
2 -5865 4439
2 1658 6727
1 4534 -203
2 -2925 9034
2 -5415 -7590
1 -3258 -874
1 4299 -4092
2 -4598 5220
1 9500 747
2 5336 1374
1 4731 -7156
1 -668 9943
1 -4822 -5576
1 -6169 5960
2 6129 -508
2 972 77
2 -4937 4911
2 -8088 -1776
1 -2323 -6776
2 9976 2654
2 9976 -7856
1 -7076 -1599
1 5771 5009
2 -615 2001
2 6304 8496
2 -4118 5888
1 -1551 15
1 1584 -5854
1 -5759 7399
1 107 -1140
1 -6671 3636
2 951 6388
2 -5097 -5987
2 -9740 2633
1 2434 5341
1 -2769 -171
1 -2890 -6023
1 -2737 -3346
2 1362 1270
1 6359 -7499
1 -1843 8144
1 657 -2052
1 9006 8459
1 -6741 -4750
2 -8183 -1275
1 5828 2294
1 -8950 -9519
1 4868 4841
2 -449 7863
2 7824 -4386
1 -2488 -7796
1 197 7746
2 2319 9204
2 -7688 698
1 -5847 437
2 -7181 -509
2 6917 -1134
2 -9727 1563
1 -7647 8941
2 -9867 -2304
2 7190 -7768
1 -795 2667
2 5064 -3343
2 -9199 -8134
1 315 -4065
1 -7102 2843
2 -320 5159
1 -1766 3970
1 -5610 2553
1 -6872 -5992
2 -3749 -4747
2 -2956 -6704
2 9250 -859
1 -5786 599
2 2532 -6041
1 -797 -9283
1 7681 7571
2 2473 3512
1 -4231 -3487
2 219 6250
1 -4614 -8753
2 -7764 1595
1 8097 -2220
1 9444 758
2 -8344 8031
1 -5273 6983
1 7892 -3345
1 -3238 5479
2 -9746 6518
1 -6528 3070
2 -536 4898
1 -2050 -9478
1 4798 -8762
2 -979 -6805
2 4934 4895
2 -7095 -7538
1 -9936 2366
2 8182 9683
2 -8431 5131
1 6603 7033
1 1297 8042
1 919 6267
2 4803 -7541
1 -66 -7466
2 -422 4513
2 -4855 8399
2 9292 -5465
2 2338 -7652
2 1806 -3929
2 -7452 -3113
1 5152 -1202
1 -5838 6474
2 553 -26
1 4612 9765
1 8730 1043
2 2925 55
2 -349 -358
2 -8197 -8096
2 -4555 5565
1 2054 1598
1 -6642 -1100
1 -5740 3885
2 5032 8836
1 -648 9822
2 -29 -4491
1 -9242 -6793
2 -9965 -851
1 4306 -2213
2 -2989 8275
2 4433 -1607
2 4784 -6016
2 5025 4522
1 9751 -1355
2 5393 1649
2 7406 7331
1 -8454 -4551
1 2902 -8302
2 -517 -2917
2 2264 1836
1 7328 9866
2 218 -5040
2 420 -2808
1 -2211 -1840
2 -5348 -5724
2 -6824 -2076
2 -6892 -2748
2 -2467 -1121
2 7316 -6914
2 -9735 7174
1 -3540 -8416
1 7500 -1404
2 -2356 2721
1 4079 -5819
1 -2849 -5460
2 2628 -8635
2 6703 8189
2 -8501 3470
1 -727 324
2 -3868 -4520
1 4803 -6750
1 -8368 2063
2 -3649 724
1 -7988 5850
1 2286 5132
2 7310 5039
1 93 -606
2 380 9609
2 -7719 6271
2 -8188 -2319
2 -9078 -6591
1 -1391 8427
2 -6790 802
1 -3195 -4205
2 -4515 609
2 331 448
2 -664 -3458
2 -5324 279
1 6441 590
2 1167 -3065
2 8086 9264
2 -3531 4052
1 1014 2720
2 9725 9240
2 6807 -7881
2 1767 -6741
1 502 -2634
1 -3238 -7168
2 7615 -6231
1 -2677 3675
2 4402 -5353
1 -6966 -6381
2 -3859 8697
1 -478 -8155
1 9348 8869
1 573 -8616
1 3998 -5285
1 -5700 2252
1 -6223 7224
1 -7084 6371
1 3985 -2717
2 -2089 -675
1 -4063 -659
2 1685 499
2 666 -2246
2 -6818 -7882
2 5852 -8259
1 -3559 3417
2 5623 -9259
1 -4377 -6023
2 -7100 7668
2 -1135 9993
2 1740 1965
2 -6098 -1132
1 -1246 3132
2 8004 -485
2 -5542 6394
1 7963 -7700
1 9906 6589
1 451 281
1 3579 2741
2 6584 -2587
2 8921 -8174
2 7791 -7677
1 -7481 9416
1 8063 -762
1 1696 -6024
1 6893 6502
1 9957 -8210
1 6953 -9854
1 -4916 1847
2 3394 -1901
1 -8230 -6728
1 6814 6784
1 -9098 2208
2 -6563 -7257
1 -3667 -8081
1 8824 -9849
1 9085 -5823
1 -8703 -4312
2 1795 9306
2 -5731 4426
2 6334 3954
2 2866 -9612
1 5629 -1279
2 -3532 5637
1 2140 -4349
2 -3725 -2979
1 -3293 -5490
1 -3404 -1722
1 9552 -4813
1 3546 6480
1 -3485 -7482
2 -5315 675
2 -1629 -4358
1 7662 1531
1 5244 8493
1 -9353 3906
2 -2337 -3797
1 -1646 9275
2 -7087 -9353
2 9204 -2483
1 -7116 2599
1 -886 4616
1 7505 3854
1 -5106 2971
1 2250 353
1 -5937 3765
1 7208 -7921
2 -2561 809
2 -7386 7871
2 -7166 1279
1 -2260 -3958
1 -4625 -2064
1 -4485 -8733
1 -468 1099
1 -9058 -9995
2 6971 5782
1 -3242 -7167
2 -4131 -8219
1 3650 8357
2 -4877 -5420
1 2467 -6156
2 6417 -114
2 3380 -4554
2 1671 4431
1 -8901 -7079
1 -926 -4991
2 -1083 4289
2 6139 -7131
1 -9438 7276
2 -6462 3353
2 -8395 -8746
1 -1821 -8083
1 4508 443
2 7741 -8613
1 -8634 563
2 6830 3211
1 -4230 -4306
1 7519 7647
1 -8199 6311
2 4697 9558
2 -7036 -5588
2 -8920 8805
1 -1937 7771
2 -7346 2075
1 4436 8624
1 638 3915
1 116 4396
1 2771 7202
2 2776 -9806
1 -7267 7924
2 -263 -1558
2 -5317 8850
1 9777 -8428
2 7647 -1637
2 753 -5394
1 5524 9804
1 201 -7257
1 -5705 203
1 -403 4354
1 3633 7551
1 5013 -6548
2 3657 -2216
1 3402 -6794
1 -3328 8846
1 8006 -124
2 -8072 3058
1 -955 752
1 6678 7546
1 2920 9868
1 6161 -1018
2 -6277 8566
1 -4617 -1491
1 -4451 9336
1 2861 5753
1 3441 -4709
2 3657 -5193
2 1362 1042
2 -6644 -5045
2 -9176 86
1 6718 -2921
2 4377 3986
1 -1405 -8432
1 7955 8999
1 5336 -9057
2 -6043 3949
2 -9472 8878
2 8929 -4267
2 -4309 -4654
2 -7539 -4926
1 830 3697
1 9757 -5761
2 6153 6993
2 6871 -9969
1 3152 7052
1 -7375 -8560
2 2348 -2282
1 -8857 1629
1 -3637 219
1 2348 -7250
1 -1779 -1956
2 -5791 -881
1 5747 5782
1 3873 -8900
2 -29 -2782
2 -600 -3469
2 8826 8989
1 -5290 1246
2 5606 8010
1 -4893 -8056
1 5298 -6380
2 2213 7005
1 4038 -3123
1 1329 -7843
1 -2688 -9633
2 5035 -3047
2 -3567 -3303
1 2945 -9486
1 -7009 -1399
1 -6168 -2807
1 -8217 7546
1 6230 6037
2 9953 5706
1 1397 -7357
2 -5631 3694
2 -356 2143
1 -7357 -1775
2 4252 -7491
2 8497 -5869
1 317 108
1 833 -2840
2 -9840 9983
1 -6129 -7471
2 -5038 -8021
1 -2058 -2192
1 -6669 -4163
2 9274 702
1 -8767 969
2 2494 -6059
2 1874 5496
2 7267 -7538
2 -8395 -6991
2 4 -9550
1 -464 8788
2 -420 8229
1 -5095 -387
1 -6003 -7412
1 1858 5152
1 -3776 -4176
1 -5728 -6150
2 5064 -8734
1 -6081 6549
2 -1709 -8703
1 -5259 -2010
2 3057 -1688
2 -8140 3539
1 4133 1544
2 9149 -8576
1 6230 4218
1 2388 4588
2 -339 416
2 -530 -241
2 -2332 2416
1 9229 6495
2 -4653 -5620
1 -6895 1888
1 5484 7846
2 -9969 -529
1 7491 9629
1 5045 2726
1 -107 -571
1 675 408
1 8296 4014
1 9388 9957
1 2991 8627
2 4438 -1367
1 -978 -500
1 -9643 -4905
1 -2333 9724
2 4078 -6425
1 9235 2127
1 -1876 -9582
2 7954 -8656
2 -8702 4668
1 3342 4467
1 8040 3419
1 -8971 -9418
1 1212 26
2 7509 -3277
1 9368 -3246
1 5547 -1339
1 -891 8912
2 -2777 1128
1 2685 399
1 8117 -4030
1 -504 -4028
1 -7189 2110
1 -7116 1219
2 -9217 -4576
1 621 8948
1 1352 -2080
1 -1244 4543
1 7708 7027
1 9864 8233
1 6313 9044
1 -1949 -8276
1 -2416 2288
2 3815 8274
2 -336 8994
1 1257 4436
2 -179 4585
1 7677 -9477
1 -8785 9807
2 5198 8612
2 7510 -1883
1 -7924 2755
2 -7622 -176
2 3765 5412
2 -6183 7998
1 5411 8848
1 -8122 993
1 -844 -2142
2 -5987 3922
2 8110 -5906
1 5393 8447
2 2124 -2058
2 2432 -1291
2 -1447 -5667
2 7171 -8502
1 1039 2362
1 1719 9010
1 8177 -722
1 2923 9036
1 7733 1498
1 -1690 8687
1 -3031 -7117
1 -5514 -2790
2 -3970 -9005
2 2191 616
1 2673 -2281
2 -2912 -6496
2 -6552 1546
2 -6211 183
2 7097 -8350
2 -5180 9518
2 692 -6161
1 7072 4988
2 4852 580
2 -7068 7661
2 -2961 9686
1 1135 532
2 -3703 -9268
1 2412 6732
1 -948 -8126
1 3134 2683
2 748 -5574
2 4558 5067
1 5233 5355
1 -9453 4954
1 -9194 7480
1 -5473 2040
2 -2135 -1549
1 1597 23
2 -5443 -1971
1 5563 -5531
2 484 -6001
2 7254 -6139
2 -7779 1888
2 7767 9398
2 -6508 6328
2 3514 -620
1 -2338 2227
2 -6967 4350
1 2461 -4451
2 924 6863
1 7962 -5175
1 4118 -5772
1 -379 -2820
1 3392 3055
2 -7069 4750
2 -2356 -3953
1 -1028 6522
2 -6864 -4168
2 -7761 3958
2 -1191 -2440
1 486 5739
1 -5587 -8875
2 -7557 9447
2 7169 -951
2 5813 -6951
2 -4964 -2674
1 -2652 9062
2 -9298 3614
1 -9553 -8474
2 860 9058
1 -1630 4541
1 -8265 4665
2 396 -2414
1 -4133 -579
2 6316 5099
1 5163 -9263
2 -6656 -9117
1 2048 -2104
1 5934 8712
2 -9406 6725
1 -3306 -9832
2 -4180 -3543
1 -4870 7850
1 7174 5474
2 -1072 7208
1 4402 -1209
1 -9060 -308
1 -9349 -2121
2 -6617 -6961
1 9929 8401
2 7440 -2958
1 34 5634
2 4774 -5332
2 1292 -4332
1 6487 3383
1 -9619 -6043
1 1523 -9165
1 9396 8810
2 -3840 18
2 1392 -8018
1 -763 -2161
2 582 6215
2 96 -7169
2 3296 -5637
1 -3153 5029
2 500 3387
1 5135 -8446
1 -7485 159
2 -3883 7529
1 -5661 -7597
2 -1346 -5710
1 -7074 -7035
2 667 -9241
1 -6782 6081
2 -3393 -8575
2 4794 -5235
1 2138 5573
2 -763 353
1 5900 -4536
2 5408 2622
1 -284 -973
2 2997 -5522
1 -8692 -7506
1 -2362 -3007
2 660 -2181
1 -6289 -590
1 -8378 -1904
2 7049 -8866
1 7579 -2382
2 2936 1615
2 -5394 5555
1 -7893 -4507
1 -470 17
2 -7627 -5440
1 2030 -1759
1 479 4190
2 5061 -8133
1 -8234 -4493
1 5651 1478
2 6740 -7213
1 560 3721
1 -565 -9049
1 -2021 -9880
1 -2404 1247
1 5410 -4014
1 5653 1232
1 3526 9441
2 6230 3086
1 -8815 8741
2 -8113 -7882
2 -8306 -8998
2 7731 5111
1 -7740 8283
1 1265 6468
2 -5465 -7859
1 -7286 -9427
2 873 4319
2 -8813 7998
1 2847 -6339
2 -2164 3975
2 -2256 8596
1 -6382 600
1 1619 -9145
2 8176 2040
2 -2687 1293
2 -5496 6672
1 1562 6278
1 -7203 8329
2 6305 3128
1 929 5694
2 -2318 -2548
2 -5099 -7934
1 6256 -9933
1 -4813 -1877
1 6320 541
1 -2222 -2143
2 -5201 -1598
2 -6662 8761
2 -9560 -4216
2 -4905 2332
1 3514 -6998
2 221 -4247
2 -3671 -9486
1 4578 -9611
1 -313 3060
2 5284 -6080
1 -8672 -8181
2 -4650 7303
1 6519 -7574
2 -3740 5423
1 -500 -9779
2 1775 -9464
1 -5241 -3379
1 -4664 -8605
2 -2467 4960
1 -2910 -1626
2 -343 -3864
2 1838 -5505
2 2079 -4427
2 -8012 6802
2 4800 9801
2 2005 8261
2 -1259 -1577
1 -5774 -2170
1 6472 -8278
2 -996 -4495
2 1303 -7617
1 1747 4864
2 -5051 -3072
2 1132 -9615
1 980 -5777
2 -7921 -5061
2 2434 -1999
1 -4553 8563
1 -7194 -5405
2 -492 2963
1 2300 5349
1 8969 9067
1 -1356 -6723
1 -6040 8764
2 7052 -3775
1 6746 -3031
1 1254 1644
1 -7839 9124
1 6429 9381
1 -9814 2929
2 4242 2486
1 674 9340
1 1473 -657
1 6065 1342
1 9186 3321
1 6581 680
2 -4284 -1326
1 3891 4019
1 5702 3225
1 -1996 -1795
1 -3836 -3913
2 2433 -8888
1 -2572 8928
2 -4415 -7490
2 -2087 -2868
2 4727 5986
2 -478 1114
2 3779 4500
2 1254 7570
2 7111 -1409
2 -7876 9047
1 -8541 4694
1 -2221 -2496
2 616 9483
2 -2175 2978
1 1036 -2027
1 5238 1402
1 6118 -1790
2 4670 8725
1 -5328 8584
1 2093 9289
2 -4526 9674
2 -4015 -4112
2 -3420 90
2 8599 -5406
2 8026 7478
1 -7059 -9080
1 517 -9315
1 6692 3458
2 -4060 7562
2 2981 -97
2 2660 -4371
2 9300 -7155
1 6722 -8233
2 -8249 6406
2 -3235 4928
1 8657 -5839
2 8493 9577
1 5826 7052
1 -4603 -1889
2 -3970 3875
2 1421 4446
2 6289 -4720
1 839 2828
2 -4582 -5262
1 -8675 5416
1 -4614 8114
2 -1910 -3572
1 5597 2998
2 6335 7111
2 -1882 2745
2 -9173 -3787
1 5846 -7635
1 -7923 9156
1 700 -4859
1 -5592 74
1 -9203 8850
1 2270 7630
1 -7058 8062
2 7294 6205
2 -8899 577
2 -9072 -8058
1 8720 204
2 -5668 4993
1 9867 9804
1 4503 1362
2 -6238 1130
2 -1732 -1762
1 -3703 -1156
1 -6961 6355
1 4428 -7957
2 5479 2868
1 -2333 -5315
2 -2597 1067
1 -8159 4650
2 -2298 -9061
1 -3620 -3104
1 1698 -7786
2 3376 -684
1 749 2376
1 -6668 -7303
2 -405 -7665
1 6251 7304
1 3569 5459
2 -213 902
2 -2471 4402
1 -4500 -9992
2 -6661 -2567
2 1660 -7728
2 -4134 -308
2 1756 7366
2 5984 3492
2 3722 -6888
2 8423 -9691
2 3052 -7755
1 5469 -4443
2 3099 -5279
2 7331 9730
2 -4449 8165
2 7995 3344
1 3169 1509
2 -8742 1447
2 3362 -4110
1 -3157 -1099
2 4452 -9174
2 -6719 -2522
2 -6607 -527
2 -8635 -7971
2 946 -3440
2 -5631 432
2 8683 4287
2 3592 -7149
1 -5733 8593
2 6918 -2368
2 715 -7151
1 -7310 -7479
2 7056 4323
2 3767 940
1 9514 -2209
2 3774 -9295
1 -1329 -4524
2 942 -5095
2 6314 9732
2 -5513 -7555
1 8023 -5620
1 -5582 3311
1 2572 3074
1 -4673 -9638
2 8283 -494
2 3 3099
2 -4607 5825
2 -5847 -473
2 -9416 -9039
1 8826 4755
1 7344 698
2 -6936 -2187
2 9338 1782
2 -8572 -2012
1 537 9795
1 -527 -3322
1 9767 1856
1 9778 -8997
2 -6132 -127
1 6346 -8666
1 1124 -6838
1 4840 -6211
2 2428 -3721
2 -8271 2722
2 7712 4428
1 1090 -4933
2 3052 9314
2 -4733 8526
2 3471 8045
2 8554 -1005
1 625 2069
1 -3011 -4725
1 -1187 3334
2 7614 1448
2 7416 -5920
2 -562 8545
2 2359 -8182
2 -2607 -6526
2 -9407 2455
1 9478 6937
2 -995 -9839
2 3390 6486
2 6616 5317
1 -6672 -3686
2 -7828 -810
1 -1416 3775
2 8473 -2571
2 8418 -2741
1 3872 5299
1 -4543 8637
2 -866 782
1 -1979 -7857
1 -6797 -8688
2 -5644 3006
2 -4119 -5104
1 5887 -4922
1 -2215 924
2 -3975 9921
1 -9800 4651
1 7533 -9692
2 9003 6775
2 4202 -4526
1 -9188 -1842
1 -416 9237
1 9065 -7571
1 7130 -8983
2 -1143 8439
2 9175 -9587
1 -5867 -9579
1 -6651 2274
2 7189 2254
2 2420 3749
2 -7900 -5228
1 7884 -1576
1 4441 -4882
1 9314 -4903
1 4493 -9797
2 3617 8762
1 7860 -232
1 -2107 7332
2 -1757 -3805
2 9477 -3959
2 -9389 4967
1 1548 -6207
1 -9083 1948
2 -6980 -3783
2 6092 2363
2 1631 -4489
1 9549 -6335
2 -9444 -5516
1 -4132 -1446
2 -17 -5405
2 7824 3534
2 -9975 -9313
2 -9583 8736
1 6801 -1444
2 -9188 5971
2 9705 4625
2 9746 -8576
2 7217 2772
1 9892 1428
1 -6491 6553
