1338
2 3651 9394
1 -1835 -6758
1 7697 -9921
1 -6052 2777
2 -2787 8213
1 8546 1488
2 -8429 -1500
1 1015 -6400
1 -2421 -7829
2 -2995 -3633
2 388 -595
2 4308 -4752
1 2335 -6177
2 -9906 1212
2 -8627 -3694
1 -6958 6629
1 8144 -9004
1 -6623 -8666
2 -2579 -140
2 263 964
2 209 7125
2 4359 564
1 -5486 -5472
2 6710 4982
2 -54 -2266
2 -4031 9014
1 3569 -5046
1 -3901 2349
1 1751 -764
1 -3308 7817
2 -8092 2507
1 3315 7486
2 3053 3870
1 -4619 -6441
1 -3097 4445
2 4767 -3075
1 2359 1278
1 8146 3477
1 -3639 2766
1 -6922 2544
2 9035 6034
1 1260 6266
2 -1302 1118
2 3219 -9175
1 301 1622
1 269 5717
1 4980 -2666
1 -3274 -7948
1 -1984 7676
1 6307 -9486
1 408 1754
1 -7196 -1204
2 9643 5529
2 -811 -6135
2 -8652 -3179
2 4275 -8409
1 9750 -5861
1 -5992 -3645
2 2402 1228
1 -1360 5054
1 6358 -6994
1 412 -163
2 -2297 -9250
1 -4756 7149
2 -2535 -2808
2 -46 6138
1 9800 1576
2 1838 -6609
2 6168 40
1 -3153 8806
2 -3923 4633
1 -7646 -950
2 -4696 -2274
1 8013 -2118
1 -799 8094
2 -5586 1357
1 5057 4418
1 3755 -1406
1 2832 -315
2 7283 5084
2 5605 4937
2 -5766 7558
1 -6838 2023
1 3272 9187
1 393 6644
1 -9848 -9327
1 -5304 6047
2 3342 2515
2 9849 -2271
1 -6150 -4227
2 -2484 -9770
2 4289 727
1 -6103 8339
2 5311 -539
2 1408 326
1 9144 -6742
1 2963 6853
1 3135 5543
1 -6779 -3577
1 -1934 -3255
1 8519 -8860
2 3440 -4986
1 5828 -1820
1 6 -6855
1 4298 -868
2 -5055 -8030
2 -7033 -3152
2 -854 -7624
1 -5816 -7852
1 40 -4799
1 -6500 -7696
1 -754 -6291
2 1067 -6931
1 6872 -7533
1 -3071 -615
1 2925 -5758
2 1354 1843
1 2057 9987
2 -5168 -8238
1 -9263 -9604
1 5264 9379
2 -3491 5744
1 1499 -4729
1 6950 7825
1 -6032 3740
1 8457 1514
2 -4302 5357
2 -8384 -8183
2 -6097 -3370
2 5033 9607
1 -4123 7272
2 -2348 -8079
1 3420 8154
1 1087 1178
1 -8516 2100
1 7998 -6589
2 -7792 -6829
2 3241 912
1 -155 5448
1 9589 -9872
1 -4362 -7533
2 1042 -9911
1 4768 4282
1 -8639 -7599
1 9781 5416
2 -5018 -5913
1 4468 9970
1 2972 4215
1 -2446 -3023
1 -4486 7468
2 -6477 7703
2 7299 5446
1 -572 7298
2 -9207 -6023
1 -3102 -7695
2 -6842 6026
1 3576 -8709
1 7869 6484
1 -2495 6165
1 -5266 -6612
1 -8381 2946
2 -2311 -6269
1 -5257 5498
2 4195 5104
1 -7908 -7808
1 797 5359
2 -7741 1946
2 8908 -7919
1 -644 3244
1 5965 -5797
1 3227 -548
1 8509 4471
1 -2165 9324
1 4133 -1144
1 4505 9316
2 4404 -9022
1 -827 8436
2 -7145 155
1 2884 1901
1 -5582 -7183
2 1245 -3785
1 672 -5483
2 -3960 -7727
1 4682 86
1 -5829 2056
1 4987 6850
1 2448 40
1 -8574 6754
2 -4743 2983
1 -4744 6320
2 5741 -4023
1 -9022 -8597
1 -6172 -629
2 3655 -2186
1 -3651 -8056
2 5833 6346
2 -255 -8908
1 -9814 3320
1 4059 -1700
2 -8884 -2193
2 -8051 -788
2 -4671 3132
1 -2010 5955
1 -9126 789
1 -3384 2368
1 -8720 4670
1 -3411 6860
2 1439 1421
2 -2182 5516
1 7886 -7570
1 -9986 6634
1 4495 7718
1 1720 5612
1 9307 -332
1 2941 9484
1 7128 -992
2 8202 -1428
1 -9519 -1126
2 5419 -4829
2 -9225 -9373
2 -9830 -943
1 -3008 1406
2 2815 8114
2 1229 -7235
2 9877 -359
1 -6194 1107
1 -3002 1292
2 -7804 9672
2 4774 -8089
1 6874 746
1 303 -7613
1 -4985 -2269
2 2300 -8398
2 -1931 7214
1 4551 5690
2 6133 3163
1 2286 4014
1 6870 9800
1 -7279 1422
2 -3147 -4538
1 -377 4419
1 -2509 -3507
2 -8379 1655
1 1612 -2717
2 6879 8170
1 4219 -3833
1 5469 6794
2 2044 2515
2 7489 -4246
2 -5463 9918
1 -1741 4685
2 4315 -2609
2 -8093 6280
2 1015 3956
2 4318 -320
2 -4959 3922
2 -1780 7658
1 -4726 -4644
2 632 -8070
1 -3973 1464
2 -7885 6488
2 9396 811
1 -7592 -9590
2 724 -8556
1 4725 3006
1 6662 3012
1 1236 8641
1 -4405 -4101
2 -2169 9581
2 -4207 3901
2 -4824 -6704
1 1704 -5937
2 3909 -2154
2 -7605 3135
2 -1375 -9138
1 6883 -417
2 -4347 4334
1 4839 -8961
2 3614 7
1 4506 -1229
2 -8359 2895
1 1283 6800
1 5187 -2583
1 -8645 -2388
2 5697 5998
1 2039 -8664
1 -1123 -427
1 -9196 -5813
1 -5177 -8103
2 -1376 -6523
2 -4556 -7475
1 8476 1305
1 2975 1629
1 -7139 6826
2 6968 3950
1 -8802 -1295
1 -5361 -2633
2 -9225 -3867
1 4226 8187
2 8959 -4283
2 -543 -4436
1 -7504 1564
1 -2 5478
1 -3081 2990
2 1323 -8037
1 2417 5514
2 7636 7072
2 -4084 4775
1 2608 9058
2 -8207 3757
1 883 -8309
2 -5410 -5396
1 5181 -7112
2 6225 9759
2 9288 -5661
2 4899 -1757
2 -7742 -67
2 -7070 -3972
1 -2768 1793
1 2550 2189
2 -8815 -158
1 -1963 7331
1 5301 3791
1 9683 6984
1 4385 -7375
1 -3405 6192
2 -5588 7242
2 -3431 -2334
1 5041 -7947
1 3385 -7955
2 1706 3760
2 7408 -7613
2 -2006 6404
2 150 -6496
1 9201 4634
2 7274 6966
2 -5625 380
1 7347 9181
1 -3086 3651
2 -2295 -6230
2 -3197 -6461
1 1079 -6080
2 3610 3436
2 -1510 5130
2 -8108 -9399
2 1866 -5474
1 -9550 8523
1 -3382 8643
1 8645 6959
2 7812 5680
1 -9875 2720
2 -9776 1079
2 8357 9576
1 6772 -6985
1 -2883 1263
1 -3635 2739
2 6438 159
1 4521 7046
1 2446 539
2 5581 -4674
1 -2411 2219
2 -8806 417
2 -1408 -2460
2 2622 370
1 5 6904
2 -6507 -214
2 -6902 9185
2 6154 5795
2 -7352 -5584
1 -6816 3274
2 -33 2879
2 6687 2389
2 3098 -9003
2 9871 7305
2 -2747 573
2 4421 1689
1 3306 1721
1 9936 7720
1 -51 -3949
2 3618 -2498
2 8333 -3073
1 9030 -9478
1 -9187 -4004
1 -4766 4617
1 842 -3482
2 -502 3066
2 -7348 4656
1 -1067 3094
1 -161 -8627
2 7383 -5360
1 -1952 5831
2 8799 -4152
1 5704 -1991
1 -9254 -456
1 -4111 4943
1 1723 -5005
2 -6895 -2211
1 4753 -5574
1 -7653 324
2 -7210 -6430
2 5914 -7065
2 -104 -5751
2 8827 -9706
2 -5809 -6327
2 2578 -1491
2 -2701 5110
1 2876 7202
1 1891 435
1 964 -3029
1 -8254 7249
1 3191 7417
1 2896 -6378
2 1613 1301
1 3979 4110
2 -8411 3228
2 -5273 5964
2 8079 408
1 8277 270
1 5863 9503
2 5461 -8618
1 -1241 -2068
2 -4354 9805
2 8124 -6569
2 -3810 2266
2 -8895 4646
2 -2111 8691
1 -1315 2486
2 -7915 141
2 -1498 -1964
2 -1445 -3352
2 -6422 4340
1 -7949 -571
2 7183 -8217
2 7064 -3766
2 -4986 9665
2 9671 2566
1 8078 -3554
2 6574 334
2 2901 -6059
1 -2760 837
1 -7960 7952
2 -6773 -2683
2 -1259 -2598
1 7732 3988
2 -7702 -7600
1 -9178 -1918
2 -2534 -8594
2 5004 -1012
1 -9664 1185
2 -787 6547
1 -982 9444
2 -9340 -1485
2 -2939 1132
2 5332 -5557
1 -1760 -4738
1 9129 6266
1 -513 -1834
1 5795 3559
2 4364 4627
2 6392 4768
1 -8291 -7855
2 -3773 -7177
2 -2390 4416
1 -3940 -4675
2 2472 -2478
1 6952 -1326
2 -6309 3311
2 8640 -840
1 5514 1732
2 -4094 1160
2 5769 -2930
1 9282 -5586
1 -2958 6743
2 -3600 1800
1 5108 6685
1 -7900 9209
1 -7052 -5128
1 1976 -9840
2 3913 3223
1 1006 320
1 -3329 -5700
1 -4935 1913
1 -1236 6876
1 -7670 -771
2 9797 -8028
1 194 -318
1 -1534 -9679
1 2641 6538
1 4723 9650
1 -8558 8631
2 4046 1663
1 -6444 -1305
1 -5912 5418
1 -903 9896
2 5045 -7212
2 -8569 7558
1 7743 3789
1 -7488 1282
2 2240 8864
2 -3523 2977
1 1688 799
2 4040 -4295
1 -4659 -1981
1 -6752 7177
1 -3223 -3346
2 -5450 5354
1 -4261 8520
1 5079 -7341
2 -3101 239
2 -5288 -6201
2 607 -4286
2 2706 -8797
1 -2060 -7361
1 3447 -2496
1 -5500 -6951
1 1473 6553
2 5174 258
2 -192 -2636
1 -1121 -6614
1 3151 -4610
1 -9530 4399
2 4402 -642
1 -7674 -8174
2 5193 8615
1 2373 -1726
1 7616 -6613
2 3408 307
1 -1848 3268
2 -7493 5690
2 -2062 2768
1 -6059 -7493
1 6700 -7783
1 9365 -7987
2 6377 -4894
2 6371 7072
1 -3713 4862
1 -5666 7566
1 1849 -2313
2 -9033 8385
2 -5958 1074
2 9358 5109
2 -8587 -9265
1 -3699 1443
2 5825 -4365
2 9026 -5664
1 4645 834
2 5340 6613
1 4015 2750
2 -2579 -251
2 6228 -6003
1 -7116 3796
2 6280 1394
2 -9257 -2084
2 -7100 -3791
2 -8599 -8427
1 9417 5519
2 4414 4001
2 -606 2092
1 -5037 3712
2 -3895 -1433
2 3806 2304
1 9688 -3790
1 9094 -5643
2 8970 8689
1 2532 -766
2 -2810 907
1 6173 -4359
2 8251 6524
1 2404 7157
2 -6639 4180
2 3964 -6605
1 -2217 6404
2 2294 -5736
2 -6220 2139
2 -5883 4271
1 8046 -1935
1 -2240 -4951
1 -4040 3743
2 9148 -373
1 -3009 -6645
2 -7932 -8585
1 -4570 1732
1 -7993 -4166
1 -8263 -6468
1 5291 1079
1 -6312 665
1 -9650 3764
1 1286 -3441
2 3377 -1736
2 -3654 3519
1 -2099 8655
1 9780 2530
2 3676 -8975
1 -4743 221
1 -2750 -2139
2 -577 -5127
1 863 -3026
2 2180 8320
2 -1888 -2790
2 -187 -7771
1 3382 -2009
1 7315 -4280
1 -2384 8397
1 7922 4286
2 -3296 8530
1 4656 -6286
1 -1943 2422
2 -4355 -6448
1 3000 -8606
2 1164 8476
1 -9398 2684
1 7463 9434
2 -815 -3529
2 5878 -8468
1 -1223 -7914
2 -4479 9561
1 -2554 3144
2 5639 8987
2 -7954 6025
1 9305 6331
2 6959 74
2 6095 -8476
2 -8426 -4513
2 6057 5363
2 4516 6604
2 198 3995
2 313 -3046
2 4134 -3388
2 -3477 7216
1 5868 2982
2 6102 3596
1 -6445 4474
1 -6567 -6083
2 -398 3241
1 8375 4939
1 -835 7189
1 467 4380
2 3831 1367
2 -8224 6697
1 3105 -726
1 8606 -1504
1 2563 -4689
1 1508 8353
2 5707 -5671
1 3103 5142
2 3123 -9768
1 -4724 8095
2 8367 471
2 8579 -5261
2 -9504 -965
1 -9591 8570
1 8844 9884
2 3161 5121
2 -1346 -4326
1 -5829 655
2 1410 -9871
2 -5 -2828
2 -9802 -663
2 -1050 6948
2 3485 8797
2 7457 9240
2 4290 -8384
2 8479 1651
2 -1740 163
1 -4816 8103
2 -3752 8300
2 -7311 3484
2 -5147 -6916
2 8256 -6818
2 3231 4127
1 -6015 -6780
2 2105 -9964
2 -1330 3153
2 4802 4408
1 -6822 -6722
2 -5633 5012
2 -4997 -3653
1 -6273 -2613
1 1008 -3210
2 1912 -1950
2 2978 5121
1 -7915 2301
1 683 -5355
2 -4330 1903
2 -7028 -1727
2 1358 2484
2 3663 -369
1 -8084 6622
1 9494 -7332
1 8752 1551
1 -7774 -8843
1 9202 7090
1 5176 -4904
1 -3549 1734
2 -1820 8732
2 -3242 6041
2 -9103 159
1 4594 -2607
2 187 -4078
2 -9392 2402
2 5995 2494
1 1970 1335
1 -2756 658
1 6658 7754
1 906 5664
2 1577 -1366
1 -2064 -2531
1 9514 7611
2 -7629 -1387
1 -3439 -161
1 -7823 6386
2 9497 -9992
1 -8408 -1566
2 -5778 7303
2 8663 9368
1 -9221 9183
2 7398 -7424
1 -443 -5830
1 1149 1260
2 8312 9577
2 -7278 6984
1 9173 -5688
2 -6537 -5042
2 311 -427
2 -3343 4333
2 -9480 9898
1 9617 6691
2 -1540 -2948
2 6887 -1372
2 4895 1081
2 -1959 -1794
2 1762 -8134
2 -9065 205
1 -8122 -4590
1 95 -1492
2 -228 410
1 -9119 6795
1 -7025 4530
1 455 8636
2 -9762 -5353
1 7360 3210
2 -3443 2192
2 9608 -9583
2 4301 9716
1 3713 -3805
2 7497 -625
1 2020 -5723
1 7634 -6150
2 -2443 -4133
1 9033 -4989
1 7996 -1955
2 -7346 6610
1 1711 -6182
1 8074 -2198
1 -9891 -9316
1 -8937 2046
2 -5830 -3890
2 -7554 8278
2 -2288 -390
2 -4846 -9748
1 6877 -94
1 1382 5427
2 5022 -8252
2 -1825 9979
2 7979 742
1 5327 -8174
1 -2662 -7261
1 -7834 -6112
2 -9233 -6982
1 2688 7172
1 -7348 3446
1 2799 -7525
1 6266 2039
2 2502 5894
1 -2170 5066
1 7907 6574
2 -3820 -7378
2 814 -576
2 4842 -4766
2 -8693 -8563
2 5135 -4986
2 -9485 209
1 -6406 5013
2 -2306 1439
2 2244 7451
1 7246 2827
2 3881 -8850
2 -4582 -5439
2 3973 4885
1 633 -740
2 4476 206
1 4457 3465
1 -8314 -7678
1 3215 -8459
1 5546 -7263
1 6329 7454
2 2636 -7884
2 9650 -7349
1 -8524 1681
2 -6685 -4699
1 5901 7136
2 9401 9218
1 4792 -5219
1 -9445 4606
1 -3833 -2123
1 2836 -2297
1 658 -9759
1 -6155 -3915
2 -5651 -7067
2 -9389 -5674
2 5065 2660
1 8588 3546
1 -2822 -5855
1 6520 -9561
1 -2530 -5434
1 -4037 8111
2 -9618 -294
2 3481 6462
2 2635 9361
2 -4321 -5579
1 2809 -5552
1 -7707 -6149
1 8231 -5621
2 2351 9998
2 -6202 -8874
1 8695 -9273
2 -6349 -8256
1 -3520 -6399
2 9378 -8342
2 8399 982
2 3385 2935
1 6887 -3340
2 -9845 -9428
1 9806 6486
1 -1284 -3397
1 -2282 -7580
1 6277 -4189
1 4002 9473
1 2049 -2927
2 6104 -4179
2 3806 3911
1 -8980 2947
2 3311 -2678
2 -3549 -5391
2 -9345 -484
2 -1790 1327
1 7380 9217
1 -130 9639
1 -5940 9837
1 2950 -865
1 8512 -6706
1 5629 -4386
1 1604 -1774
1 -7141 2702
2 9946 -1283
1 9961 7746
1 -3396 9677
1 -6013 9848
2 -4988 -7346
1 7662 -8044
1 -8019 7161
2 1800 -8902
2 -5181 1917
2 2515 1592
1 8088 -6320
1 3803 -2163
1 -2399 -1207
1 -5041 6608
2 -7904 -3775
1 -3139 3143
2 -9366 6883
1 8312 8949
1 8288 -7584
1 -6976 2275
1 7478 -8719
1 -6494 -7229
2 -9897 -7029
1 -6721 7631
1 -4409 1254
1 -3938 -8610
2 -6859 7406
1 3433 -8444
1 -5440 -7499
1 3942 6907
1 9559 7351
2 -9004 -7502
2 1336 -9446
2 3954 -5475
2 -6670 2262
2 -9055 -1336
2 -8509 -5446
2 -5810 -438
1 -8931 3148
1 9508 2726
2 -2130 -2784
1 3784 -6703
2 8567 -3071
2 -8237 1162
2 7630 2481
1 7288 -2205
2 7076 -7667
2 3313 -2554
1 3593 3760
1 1853 5973
2 7852 7478
1 -9541 9114
1 4842 -4599
1 813 9858
2 -6656 -1995
1 -6885 7862
1 7552 1194
2 -2504 -5353
1 6369 1872
2 8047 4821
2 787 -8572
2 -3890 -3887
1 -6644 -7076
2 -3869 -8797
1 2429 8061
2 -6627 -7515
2 -342 -558
1 -6409 1204
1 7503 6914
1 7998 -7306
1 3649 -8354
1 2200 -9317
2 2708 8885
2 660 -2916
2 -2517 1336
1 -4266 1548
2 -5298 2166
1 4770 6592
1 3958 -6640
1 -8100 -9507
1 -1476 1271
1 -9849 1869
1 -1291 4648
1 -5743 -2678
2 1392 8222
1 -9569 -241
2 -6824 -2487
2 3830 -1880
1 2176 9037
2 4255 1709
2 906 1493
1 9725 2324
2 3345 9275
1 -370 7154
1 -3837 -9581
1 8995 3795
2 -9879 -478
1 7921 -3699
1 -798 9945
2 9811 44
1 -7758 -4191
2 77 -2759
1 4508 4790
1 -4624 -194
1 -597 4439
1 124 -1824
2 7682 -9250
2 -5236 -9836
2 6605 -2979
1 -5342 -5556
2 4350 -9114
2 -816 -9997
1 9201 8929
1 -7199 -880
2 -7099 -7180
2 3699 -3522
1 -9711 -2284
1 -8965 9673
2 644 6039
1 7284 -7628
1 -4495 -1715
2 -2214 -2615
1 1148 5435
2 4574 -2645
2 6007 4652
1 -989 2665
2 -5665 -3733
2 3023 6970
2 -8767 -6776
1 -9421 2944
2 4242 -8916
1 9130 -933
1 7553 6322
1 -4561 9733
1 1565 8328
1 3810 -8312
1 -6441 9782
1 7381 7462
1 -2331 9865
2 -2010 5891
2 247 7377
2 -5712 -575
1 1808 -3731
1 8540 2802
2 6261 9662
2 -4846 4512
1 9550 2101
2 -3739 -1165
2 -4099 4818
2 -5972 -4400
1 -7061 -6694
2 -8886 -194
1 84 5151
2 -9759 -3884
2 7121 7211
2 3903 -4688
1 -8492 1891
2 -7571 -5360
2 -3260 -5517
2 9822 4238
2 -1388 -4163
1 8907 -6775
1 -995 789
2 -9920 5846
1 53 9083
2 -2910 -6815
2 8441 272
2 -3723 4856
2 2148 -7123
1 9323 -6604
2 805 9166
2 -1739 -8649
1 -6111 1850
1 -6561 6105
2 -4412 -3471
2 3664 -9000
2 217 4361
2 9021 -1854
1 -3016 4696
2 9944 994
1 -2805 4937
2 8948 -6314
1 -8275 -8605
1 -2289 3067
1 1512 6431
1 6570 -3945
2 -8947 -7111
2 -7695 581
2 9902 -884
1 -4601 9072
2 -4876 -2068
2 2066 8244
2 -5060 6908
1 65 -1360
2 4301 -4267
1 4581 -612
1 8153 -7714
1 -8181 8031
2 9509 1021
1 6208 5284
2 -4085 7615
1 -7398 -8877
1 -9361 -4388
1 2755 1435
1 3030 -6775
1 7339 -6568
1 7490 7940
1 6240 3962
1 7059 6566
2 -6283 3373
2 -9520 2989
2 -6704 -7002
2 9316 4171
1 2256 -7114
2 -2419 -8958
1 -8266 -4369
1 -3780 -5981
1 -1406 -2933
2 6853 -3831
2 -4141 1974
1 5648 -8519
1 3933 -6813
2 9865 -5756
2 -8279 4488
1 -7301 -6085
2 -4952 1066
1 8011 7795
1 -9900 -6474
2 7719 3034
1 -2046 -8952
1 -546 -4582
2 -5078 262
1 -7624 1956
1 2525 -4079
2 4174 3563
2 3337 -4036
2 6151 -8215
1 6105 -5933
2 6494 -5037
1 -9429 -1939
2 7022 6871
2 -8161 4121
2 5765 9578
2 4992 -1767
2 -7568 2441
1 6470 -1490
2 -8190 -8887
1 8583 -9914
2 5176 7315
2 -1920 5908
1 7061 -7731
1 -7659 894
2 -4801 -8685
2 7690 -3509
1 5880 5741
2 4305 4294
2 -7013 -1245
1 1279 9711
2 3436 8657
2 9646 -6212
1 -2385 -6865
2 -6896 2393
2 8187 -3768
1 4595 -3963
2 8074 3094
1 -9197 -8855
1 -7694 9218
1 5263 -9637
1 -7519 1865
1 5123 -7152
2 7645 1884
1 8786 477
1 -5140 -9858
2 -8277 -4314
1 2644 7629
1 9570 -1217
2 1617 8861
2 1138 -2838
2 6112 9291
2 5850 -8470
1 -2808 -7577
1 8357 3031
1 -623 -8571
2 -5313 673
1 1539 -4849
2 9691 -6302
2 -2237 -9445
2 4915 -6965
2 7110 8514
2 9375 3618
2 6474 7224
2 -5031 -9151
2 8931 8645
2 -2584 9228
2 8390 8977
2 5248 -8350
1 261 2952
2 5159 3434
1 -409 4863
2 -8130 -8868
2 1390 6296
2 -3215 3896
2 5879 -802
1 -5810 -110
1 6045 9762
2 8277 -5165
2 -6025 -457
1 -2282 7365
2 9679 1961
1 -5529 -6055
2 8642 -8007
2 -8815 9112
1 2244 4616
2 -2778 -1905
2 5623 -6528
1 1432 6182
1 -7861 2475
1 -1033 3038
1 -3500 2394
1 7737 1860
1 4806 4521
2 -2790 8250
1 2361 -9055
1 -3648 -2295
2 9329 -4267
2 -4451 1599
2 -8936 2990
1 -651 -8618
2 367 2494
2 -4349 -6119
2 4531 3377
1 -6580 9406
1 2190 8713
1 2538 -3267
1 2061 3347
1 -8456 7121
1 -6571 4989
2 -2704 -9374
1 6650 -7346
2 6274 1221
2 6207 9765
2 -4551 -4770
2 -7843 709
1 -7720 906
2 9701 534
2 7538 7148
1 1681 -7472
2 4452 3915
1 -7939 -1906
2 -1159 -7815
1 -1255 -1040
1 945 -91
2 -1739 -1934
2 2359 -9721
2 5388 2859
2 3218 -6517
2 -196 6314
2 1746 2374
2 -7168 7428
1 -6848 5800
1 -4414 -3201
1 8358 2779
2 -1713 3307
2 -5599 8354
1 -9841 5736
1 -6978 8557
1 -2493 3054
2 9748 5747
2 9469 2099
1 -218 -3467
2 1483 941
1 9197 3401
1 -3431 -4148
2 -9162 6126
1 -6976 8045
1 -5616 640
1 -2920 -8761
2 6657 -7507
2 -4136 5426
2 4301 4455
2 -9298 2404
1 -1247 -4957
1 5391 -4982
1 5560 2325
2 -424 803
1 -5842 -4658
1 5574 -4307
2 -5366 -3698
2 1072 -3587
1 -6268 1933
1 3958 4089
2 5452 9749
1 -981 8149
1 2493 1503
2 -6105 -1294
2 -2672 9159
2 -6243 -941
2 3506 322
1 -1694 9240
1 5623 4077
1 6195 419
1 4320 4166
2 -8747 -2864
1 4132 -6040
1 3975 3246
2 -4768 2055
1 -2694 -9667
2 9376 -612
2 1423 5586
1 6489 7633
2 -1640 -7783
2 2182 -2362
2 -4277 -3946
1 -2600 9524
2 -8802 -2562
1 -8087 3565
1 -7476 -2272
2 -1034 4019
1 -5330 9190
2 1880 -4085
2 5852 -8767
1 -7681 9505
1 2034 -5277
1 8529 -3673
2 -8388 8159
1 5998 668
2 1666 -4716
2 -5987 6113
1 -2400 -3869
1 -6036 939
2 5118 -8048
2 -984 9006
2 7811 -9613
2 2663 7881
2 -2888 -1279
2 3938 -4262
1 -1654 -3413
1 -3711 -1133
2 -5429 -8438
2 3893 7486
2 7437 7712
2 8567 2122
2 1231 3043
2 187 -593
2 1211 2613
2 -8997 7699
2 -1685 5306
1 -8199 3049
2 8847 874
2 8293 9980
2 -5318 3581
1 6873 7892
1 -5878 5411
1 -3553 -8347
2 5883 -8010
1 8620 9730
1 -839 6092
2 2631 1298
1 3322 8512
2 -2030 5299
2 9585 4919
2 1421 4531
2 6827 8702
1 5599 -9091
1 -8181 9423
1 1022 -159
1 -7229 8876
1 1230 -2683
1 -5555 143
2 -4951 5713
1 -8662 5070
2 3686 7679
2 338 4982
2 -2993 1652
2 3903 799
2 5952 4807
2 7198 -6143
2 -2893 -7103
2 -8914 7565
1 -3713 6267
2 5489 -4736
2 5023 2196
2 4673 5760
1 9281 -646
