1609
1 -5678 -9480
1 -4021 8278
2 9259 437
2 6917 5870
1 1028 -9126
2 1413 5405
2 -1856 -406
2 -8653 -3356
1 -2255 8995
2 -6446 4651
1 5601 9825
2 -6501 2992
2 4922 2609
1 -952 -1556
2 6423 -3834
1 4941 197
2 -6798 6359
2 1899 6234
2 8895 -5922
2 2883 5473
2 9072 4537
1 -5329 -8552
2 4688 -8484
1 1852 9251
2 -9153 568
2 -4013 7942
1 -1375 -1603
1 -6537 9584
2 800 -2992
1 4247 -4028
2 -3080 204
2 -4771 -7071
1 3148 147
1 80 4096
2 -7774 -6947
2 -8526 4633
1 3954 6481
1 1283 8272
2 9661 -1320
1 1958 7646
1 -5064 425
2 -5353 -7463
1 -3921 6773
1 -1013 2339
1 -7716 7581
1 -7663 -5608
1 -4121 7761
1 -3550 -9141
1 -4368 -9348
2 284 -1207
1 921 -8540
1 8559 5580
1 -1687 -8965
1 1880 -1668
1 -2776 -914
1 4433 645
2 3107 2665
1 5858 4904
2 4843 1954
2 3814 -9906
1 -5267 5640
2 7239 -9859
1 3715 -1380
2 -2285 837
1 -8402 -7209
2 4004 -1593
2 -562 -3804
2 -7205 3225
2 -1831 9937
2 -7725 -9608
1 -6748 -1625
2 9515 8635
1 -9940 -364
1 -8998 -3267
2 -302 -9394
1 8086 8838
1 6653 2658
2 -5987 4433
2 9586 640
1 944 4224
2 -5477 8164
1 1875 7224
2 -6126 6132
2 -9523 -786
2 -3728 3562
2 -6343 -8600
2 841 -7501
1 6765 5811
2 6910 4728
2 -1737 -9404
2 -9007 -1274
2 -6376 4747
1 -7686 3199
2 4343 -9607
2 -3899 -8179
2 -9504 2249
2 1955 -9687
2 -6515 6403
2 2265 -9976
1 -8984 -9955
1 5519 -4446
1 2285 596
1 -264 6048
2 7423 -4538
1 -266 6074
1 -7658 6530
2 -9344 -1831
2 -2737 -6987
2 8430 9710
1 -6593 4524
2 8712 -7074
1 -3005 3012
1 -4555 146
1 -8399 7285
2 -7707 -9147
2 -9057 -5314
1 3466 8146
2 8932 8972
2 -9330 4523
1 -6432 -5806
2 7459 -5266
1 -1149 2768
1 -3214 -8631
1 -6526 -341
2 -5207 -9044
2 9664 7867
1 9839 -4698
2 -7886 2666
1 2355 -4326
2 2542 -8697
1 -9606 -262
1 -6771 7589
2 -5209 8594
2 8727 9741
1 -9963 8441
1 2185 2183
2 3863 -28
2 1126 7721
1 1036 -3170
2 -8252 9310
2 -6303 8755
2 -6191 4868
1 9494 -8977
2 -4376 2466
2 -8616 3321
2 -5317 -6664
2 -5757 2800
2 -115 9348
2 175 2430
1 9556 152
1 -8245 -7198
2 -4588 -3295
2 3948 4690
2 8239 6310
1 -2276 -5480
1 5732 -5547
1 4825 -8106
1 -9517 -9366
2 -6839 7483
2 -296 8972
1 -1983 7156
2 -6711 -1788
2 2961 -1374
1 2316 5496
2 8158 8134
1 8407 9429
1 -7404 1381
1 -8086 -9922
1 2011 -5701
2 139 -112
1 7863 4395
1 -111 7077
2 1041 8361
2 -8074 9710
2 4319 -4153
2 4068 6673
1 6591 8663
2 -8555 9165
1 9420 -6335
1 -7205 -6253
1 -5587 -4134
2 -1478 939
1 -6316 -5721
1 -5562 4923
1 8160 -9049
2 1060 -8594
1 1241 2783
2 1344 3299
1 -8392 3624
2 -9257 -7417
2 -7614 -4271
1 5297 -5875
2 4467 -1301
1 1084 9679
1 7568 -9153
2 1518 -7691
2 -6829 4365
2 406 -4021
2 -6268 -6577
2 -5709 -6200
2 -8872 -1863
2 37 -3437
1 1072 -7118
1 5060 -4315
2 7090 1322
1 1257 -8912
2 -95 3062
2 4881 3152
1 1090 -7763
1 1055 -7748
1 -4754 -3749
1 -3696 4400
2 -2795 5307
1 7829 -8115
1 -6829 4508
2 7535 -7415
1 3169 -9424
1 -8929 3905
1 -5105 -1675
1 -5893 7701
2 1333 -1284
1 -8346 8685
1 -357 -1518
1 -3143 5493
2 -4403 9108
1 6774 7956
2 1517 -1088
1 -2244 8724
1 -2688 3124
2 6973 8737
1 -3431 -5918
2 -6637 -3842
2 1974 -9685
1 -8119 7883
2 6651 -6645
1 -2089 -3315
2 -4850 7479
2 2373 -8592
2 403 7147
2 3652 -9113
2 -7827 -6728
2 -311 9650
1 -747 8571
2 785 4962
1 -8698 7723
1 -6746 570
2 -8904 -8765
1 -6067 -2774
2 2024 7092
1 -5859 -8292
2 4213 7992
1 -1446 1775
2 -4113 -1890
1 8876 -6983
2 -8466 5323
1 -2975 -168
1 -6685 -4365
1 -425 -3542
2 -7318 -7623
1 9233 -5995
2 7305 7111
2 -7437 -7489
1 -9376 3542
2 -2790 -6976
1 -8169 5872
2 -9786 -3197
2 7308 -4213
1 313 3699
1 4801 1296
1 -4450 -9735
1 3511 1319
2 -869 9532
2 6793 100
2 7731 1525
2 9015 3965
1 -1455 -8435
1 -5492 -5450
2 6521 -1129
2 5821 6285
2 4033 -5386
2 -877 8141
1 -9558 7230
2 1271 -3995
1 2112 9803
2 -9094 3565
2 -2182 -299
1 3804 -9580
1 9614 -1871
2 8782 3059
1 -2315 -1925
1 -6273 -4012
2 4113 -2335
1 5148 9296
2 5538 -1888
1 -8397 -4445
1 4950 -3967
2 -304 -9811
2 -8472 4518
1 -4861 -1386
2 5859 -1845
1 1110 -4124
1 -1355 8862
2 166 3733
1 -5796 -9477
1 8164 -1231
1 -7254 3222
1 3900 -2446
1 -5097 -1044
2 -91 -8982
2 -9220 -6926
2 -675 -301
2 -1839 -8026
1 -2784 -8268
2 2612 585
2 402 -4266
1 -9806 5611
2 -5354 -5306
1 -3158 -2144
1 7077 8142
2 5167 -2672
1 6116 6358
1 -8095 -3928
1 5817 4523
2 -5592 -1248
1 -6054 -6331
2 -4316 853
1 6194 -262
2 7481 -461
2 362 3620
1 -9450 5371
2 6989 -9443
1 5000 -9519
2 -4843 9813
2 -612 9968
1 203 3424
2 -7057 -7069
2 -9739 5836
2 645 -5441
2 9910 -6056
1 751 -3300
1 1370 -3765
2 140 -5974
2 9326 -7451
2 7176 -3061
1 4342 5852
1 -844 -4916
1 7039 1623
1 -8543 -2282
1 8403 -1491
1 -592 -2654
1 -8649 -9416
1 9700 1154
2 -3258 4308
1 -90 -6878
2 2005 7816
2 -9866 8750
1 8587 3814
2 -4736 3779
2 -4623 3435
2 2543 4225
2 4183 -8482
2 5047 767
2 -4878 -5740
2 -6304 5470
1 -3594 -7697
2 4606 118
1 -1386 9387
1 2241 8746
2 -8651 6946
2 9984 -6117
2 2215 8232
1 -8919 -996
1 8256 8142
1 -6597 -6559
1 4270 -3513
1 -4781 7812
1 -5474 1470
2 -4491 -2517
1 -4453 -6401
2 -6601 3385
2 -6100 4870
1 8338 -6425
1 -5735 -9826
2 2184 -9098
2 136 5883
2 4010 4197
1 -1702 1347
2 -2292 -7806
1 1581 -6946
2 -1279 3228
2 3658 -7016
2 -5278 -4027
2 6067 -3923
2 -3273 4337
2 -8759 -5905
1 9025 -7315
1 -2367 -5583
1 -870 -1377
1 4095 -6454
1 2417 -9262
2 5684 9007
1 -3994 -7934
1 -319 -1580
1 -3211 -5863
2 -6131 2478
2 1646 7203
1 -1541 -4110
1 -9008 2056
2 -5712 -34
2 9248 -1834
2 2999 -5475
2 -771 -4366
1 -2786 837
2 4818 -5023
1 8360 525
2 -7469 -5453
1 5799 2656
1 9553 -7815
1 -2592 1182
1 835 5898
2 -2208 4094
2 7625 -580
2 -2221 5599
2 4473 5940
2 3386 4354
2 -3141 -4697
1 -8618 -3367
1 6694 1840
1 -4887 2847
2 5106 -7654
1 -6251 1754
2 9518 6619
1 8996 5080
2 4581 2767
2 -1918 721
2 879 -1868
2 -4648 6638
2 8644 9644
1 -3628 9783
2 -3937 -671
1 7685 9128
1 -9202 8606
2 6112 3120
1 5342 -2859
2 -6305 -681
1 -8481 6684
1 -2282 -9424
1 327 -9679
2 4080 2938
1 -942 7346
1 441 -9473
2 5037 -5237
2 -3134 7215
1 -1434 -7536
2 9787 6921
2 -1791 -3026
1 -4365 -4881
1 -2293 3729
2 8192 2034
1 6190 -5875
1 -4851 -3016
1 -8356 4139
2 -4454 8784
2 9445 -4042
1 8314 -1683
1 -2741 -2964
2 -2629 -2803
1 7241 6374
2 3442 -9768
2 4890 -7053
2 723 -5141
2 -8290 -4143
1 -992 -7353
2 -8606 -1688
2 1138 -9527
2 9419 3089
1 2875 3132
2 -2653 713
1 -9055 -4347
1 4788 4330
1 7454 -1324
1 4985 -9291
1 -1136 499
2 7972 9771
2 1830 -9709
2 -3337 -5740
2 -2983 9989
2 3218 621
1 -2806 2753
2 5662 9888
2 -8088 3431
1 -7952 -3947
2 -4195 -4843
2 9566 857
2 -9456 1227
2 8312 3328
2 7658 -936
1 916 -4228
1 -9616 -6462
1 -944 -9921
2 -4974 -7114
2 4596 6178
1 5514 -5173
2 -4820 -8747
1 5797 -4115
2 2372 -2657
1 6070 4437
1 -7315 -1460
1 6329 8425
2 3032 -7748
2 -6275 9007
1 4989 -319
2 -7890 4863
2 -1649 1741
2 4438 -4237
2 -1898 -4196
2 507 71
2 5332 3063
2 -7460 -7895
1 576 -1310
1 -5417 1226
2 2448 -3151
1 5801 7576
2 -7541 70
1 5354 -4056
1 8521 1548
1 -8538 853
2 -5184 -2195
1 9574 -627
1 1564 -1067
2 6229 4350
2 2268 -1329
2 -7647 9190
2 3271 -6403
1 5713 7311
1 7246 7208
1 -7885 4737
2 9812 5739
2 4964 884
2 603 8481
2 8953 -3658
1 879 5515
1 -1772 -7451
1 -6115 2431
1 7535 507
2 -7789 3759
1 -5302 5289
1 -525 -9444
1 -1476 682
2 -1593 -6967
1 4220 5011
2 3996 -8972
1 504 6389
1 7978 5117
2 -6035 9320
1 -7816 5341
2 -3866 3440
1 4816 847
2 3326 8954
2 2762 -8906
2 7002 9549
2 -6023 -928
2 9080 -2550
1 8737 -5092
2 4758 825
1 -3147 -8237
2 -4789 -1152
1 4243 385
2 -4618 9711
2 -5730 -6797
2 -2298 77
2 5594 -9075
2 -3452 -3196
2 1930 -6728
2 -637 -5583
1 9792 -2327
1 7228 -9893
1 1126 -5555
2 8177 5304
1 8798 -8710
1 -2452 3971
1 9371 4829
1 6799 2962
1 -2193 5171
2 3325 5711
1 9692 8134
2 1556 -7622
1 6375 4949
2 2158 -7828
2 -7904 5961
1 -5679 -1958
1 -6034 5681
1 5111 -6559
1 -9688 -9790
2 -6048 -3655
1 3251 2010
2 4310 9349
1 60 -33
1 8408 -2573
1 6572 9336
1 1341 -7501
1 3696 6521
1 -5164 -3671
2 8862 9775
2 7897 876
2 -3245 -8722
1 -6150 3042
1 -2046 262
2 2927 9181
1 9298 243
2 6519 3740
2 9090 -8293
2 -1859 -3963
2 5488 5200
2 2290 6887
1 -2663 4807
1 5724 -4713
1 -1884 9537
1 1437 1147
2 2606 -6410
1 -4846 -1047
2 3538 -396
1 7068 6809
2 6008 7229
1 -5868 7393
1 3417 9636
1 3709 -9658
2 -6805 5435
2 -4366 -8533
2 -8185 885
1 4319 7252
2 -7857 -8356
2 -6083 2077
2 2169 3653
1 2957 -3632
1 -2910 -7131
1 -7791 9153
2 -916 6135
2 5745 8673
1 5678 -4365
1 3094 -9535
2 7563 -3304
1 4156 3704
2 1022 -5191
2 3886 4360
1 3611 -9549
2 7615 8693
1 1487 4854
2 -1285 -373
1 -5786 -5581
1 1906 -8666
1 2168 7112
2 -4004 -9860
1 2471 3132
1 5670 -2977
2 2194 4257
1 -6491 -3280
2 -4594 -1011
1 -1863 2603
2 -8579 6050
1 -5481 -7102
2 677 -6473
1 4235 7161
1 -5991 -3814
1 -9722 -1895
1 1806 7644
1 1177 -3440
2 8004 -3549
2 -137 -4306
1 1062 -6608
2 -8223 -4374
1 -1447 728
2 -7721 -5479
1 -7410 2518
1 -5188 6575
1 3294 1062
2 6426 7063
2 -2080 -9574
1 6100 -9331
2 -3372 -4150
2 -1001 -5606
1 -1136 -5854
1 -7468 3870
2 2859 6693
2 -6265 -8269
1 -4713 7360
2 9618 -8182
2 1291 2964
1 -2296 4143
2 7072 9255
1 425 -60
2 -8037 -7379
2 -4905 9477
2 5388 -3638
1 -696 902
1 -1153 -5729
1 -993 5416
1 2676 5178
2 -7351 -1269
1 -2425 -842
2 -6392 -790
2 -2412 8890
1 5107 896
1 2340 -1323
2 -6330 980
1 -6853 -320
2 6191 -831
1 2780 -3006
2 -9161 4394
1 2080 -1645
1 -6704 -6876
1 4337 -9909
2 -1260 8424
2 7082 2211
1 -6439 935
1 -5186 1004
1 2228 -5278
1 -8323 5739
2 -1331 -8586
1 2604 -6580
1 5054 -7060
2 4860 -3475
1 3164 4663
2 8760 1255
2 -5194 6992
1 -8602 -4871
1 -1503 -6752
1 -2376 -4594
1 -7043 845
1 -7078 -8223
2 7586 8991
1 4025 5626
2 -4210 -9799
2 5268 7974
2 -7341 5898
2 -6107 -9215
1 -9547 3986
1 1239 8332
2 7164 2110
1 -9213 -3013
1 2309 9231
2 3070 -7248
1 -8545 -3750
1 -2333 -6322
2 1223 -8860
2 553 -8111
2 -574 -6649
1 8270 4895
2 3324 988
1 -7073 9059
1 7004 2199
1 3373 4866
1 7393 -879
1 -8932 5426
2 -3633 -1325
2 9172 5624
2 -9342 -72
2 580 -7479
1 8960 5668
1 -4760 5409
1 -1352 -5277
1 -7759 4333
2 -9344 -8966
2 -8485 446
1 2298 3531
2 8012 -9907
2 6121 7001
2 -630 5378
1 -9969 -5871
1 -8255 -8261
1 1021 -6166
1 6510 -7167
2 8613 9940
1 -340 -6963
2 -4779 1106
1 464 -7485
1 2921 -7193
1 -8856 6730
2 -6248 2922
2 8250 -5757
1 -2346 5100
1 6398 -8824
1 7903 242
2 -6505 1775
1 989 -5339
1 -4674 2983
1 -1377 -2115
2 -6815 2214
2 4847 -3802
1 7918 -9641
1 400 7806
2 -2510 3443
1 -5590 -4959
2 -5969 7564
1 -636 -8316
1 6253 -8406
2 -5016 -60
2 4856 -6088
2 4577 1050
1 -4144 -4143
2 1286 -4421
2 6928 2787
1 -4207 -3645
2 -9251 1185
2 -9986 -4474
1 -6514 4344
2 -8095 -413
1 -6945 -4877
2 4600 5549
1 -7624 5556
2 -4812 -9230
2 -5255 -2500
2 4582 3839
2 4964 -490
1 -9029 1998
1 6582 -7516
1 -4328 -2640
1 -2452 5177
1 2814 -4705
2 -4729 9715
2 -3375 5265
1 -5777 7613
1 4922 3152
2 7385 -6275
1 -4086 -4583
1 6596 -4280
1 -1632 -4363
1 5721 3863
2 2225 -2886
1 6311 5087
1 9712 6979
1 5999 -5047
2 3173 -1457
1 4596 -2408
2 -9085 9768
2 -4943 -1395
2 9710 4310
2 -9331 5262
2 -6691 -9646
1 7005 -6771
2 2466 -9919
1 1153 2557
2 -956 -5487
2 8788 6699
1 -5069 -8456
2 -7419 -6032
2 -2679 2707
1 2183 5079
1 -521 -3612
1 -6860 -7042
1 -8881 -7414
1 281 9081
1 -3638 2514
1 -2676 1941
2 1887 -3464
1 -9362 -7069
1 -6805 5834
2 6170 -4895
2 5597 -2662
1 7678 508
1 -8787 1019
2 -2747 5005
1 -5686 -5154
1 9693 570
1 -6475 -3389
1 -3099 -216
1 -2267 -2122
1 -4900 6515
1 5929 2244
2 6538 818
2 -1326 9018
2 -7489 6323
2 8004 6655
1 9130 16
2 7366 -8590
2 -9191 -4696
1 6634 7882
2 -1373 -8835
1 -2614 -8180
1 1017 8112
1 -9632 1659
1 1329 9012
1 -6252 -5332
1 -5317 3135
1 -7894 -7235
2 -3214 9207
1 -725 -2064
2 -1147 8766
1 5723 -2556
2 -6459 -6900
1 -3613 4126
2 -5270 7257
2 -2232 1061
2 -3644 -3867
2 -4027 -2534
2 -266 -5878
2 -8032 -8502
1 -7338 -207
1 -728 9882
2 6615 -8910
1 -5578 -1204
2 5680 5250
1 7922 -6196
2 -5056 -4900
2 -9866 -9377
1 -9276 3002
2 2852 8142
1 6109 6302
2 -8401 -9433
2 5037 2933
2 8301 5811
1 -2036 -4882
2 -2590 -8331
2 -3521 6660
1 -2319 7338
1 359 -5711
2 -5356 7725
1 5341 3637
2 -8176 7690
1 1823 -7861
2 5356 -3322
1 -2235 -3765
1 -2903 -4152
2 -4009 -8692
1 -3258 -2052
1 -4526 -9283
2 -6714 3124
1 8219 -7923
1 -7605 7852
1 -3384 -8223
2 447 -9450
1 6840 7661
2 5922 3996
2 1734 -1468
1 3740 379
2 5390 -397
1 -468 815
2 6909 -4859
1 -3144 -6643
1 -9632 -9989
2 9114 4643
1 -2353 7270
1 -5091 -1749
1 5977 -4682
2 -1472 -589
2 -4143 -7204
2 -1667 8753
1 -2189 5214
1 -8652 6966
2 5157 5962
2 1308 8031
1 -4714 1510
1 -9801 -3290
1 -8805 1818
1 -8431 -5328
1 -4725 5755
1 3199 2015
2 -1661 7764
2 6079 -4449
2 -2848 -8773
2 4745 1869
1 8997 483
1 1639 -9563
2 415 -8888
2 -8693 4609
1 -509 2774
2 8626 -6219
2 7481 5461
1 6910 4175
2 -3033 4032
2 -9422 -7329
2 7369 1959
2 9577 -6051
1 4606 590
1 -8161 4336
2 -5762 7418
2 94 6315
1 -8433 -5668
1 8091 -9659
2 -4411 -5696
1 -641 8008
1 -4059 -8849
2 -6569 -6043
1 5060 -3429
2 -9061 5479
1 1162 -9106
1 -5258 -1865
2 484 8714
2 6532 -9265
2 -8434 8895
2 4560 -3491
1 -9937 8952
1 -3405 -9537
1 -1539 -9036
2 -8645 -8206
1 4261 -8646
1 9677 3074
1 -2142 2343
2 8616 -2355
1 -3210 5744
1 -3438 624
2 -1881 -5632
2 -4972 5456
2 5472 3664
1 -2107 5353
1 5658 3577
2 -5302 -1542
1 -3450 1133
2 1147 2658
2 -9531 769
2 6150 -9601
1 3889 -2457
1 -5759 -96
1 -8373 -2441
2 -545 -5654
1 1506 -5222
2 9548 302
2 -5532 9384
1 3058 9873
1 1370 6476
1 4368 -9795
1 4284 7608
1 5765 6512
1 9500 -5851
2 -9503 -3995
1 -346 -2003
1 6806 -1394
1 8730 -2885
1 9951 -8928
2 -2827 -9229
2 -6306 5622
2 -8467 -6085
2 -7133 -3147
2 -9900 5590
1 3099 -6134
1 -5219 8444
2 7692 7130
2 -5517 104
2 1348 -6384
2 8972 -4190
2 2104 -3772
2 -6025 8379
2 6351 1709
2 3358 -2786
2 7286 -387
1 -9499 5108
2 -8491 1818
2 -6197 -3778
2 -4413 -8042
2 5643 9739
1 -6528 6847
1 4368 -8895
2 -1105 -7628
2 6072 -3358
2 8587 3833
1 3381 -2980
1 7742 -6481
1 -7904 -8594
2 -383 -4023
2 -9854 265
1 -6865 -8548
2 -9387 -7483
1 -6373 -7666
1 -197 -9712
1 -600 -463
1 -3619 -188
2 -583 7320
1 9012 8776
2 1383 -743
1 -4366 9089
1 -1530 6284
1 7002 -8666
2 7552 -2833
2 -6330 8328
1 -3753 -1642
2 3632 4020
2 -8548 -3623
1 -8833 -4042
2 -7207 -6760
1 7947 378
1 -8539 -7882
1 -723 4258
2 -8879 -2419
2 6775 1661
1 -2443 7024
1 -917 -6745
1 1178 -2677
2 8924 -4750
1 -1416 5061
1 -5573 -6355
1 3412 6690
2 -7730 -4659
1 -4433 -3758
2 2881 -9477
2 2833 7335
1 6150 8069
1 5073 8227
1 5713 -6219
2 -8499 791
2 -1188 -657
2 4909 -7563
1 -2357 9795
2 544 3412
2 -6496 9066
2 1583 1722
2 5904 9488
1 6778 -3528
2 3871 -2643
2 -2151 5521
2 5627 5551
2 9544 -2044
2 -8201 7395
2 7905 6814
2 4686 -9297
2 -8782 542
1 2483 -7697
1 1090 -8573
2 6129 310
1 1729 9016
1 -3702 1073
2 -1613 -6368
1 -3312 9104
1 -3283 -3676
2 -5565 -920
2 209 6150
2 -3616 9450
1 9717 -3468
1 721 -2978
1 2220 5930
1 -1074 -9255
2 4991 -7963
1 -9255 5411
1 3798 -5466
1 5224 1827
2 -344 9358
1 2668 -2796
2 -8674 7715
2 -8594 1589
1 9742 -1228
1 -2326 6079
2 -1373 3433
1 4216 -3683
2 4962 7091
2 -8067 6384
2 7565 -1370
1 -7416 284
2 8722 804
1 7614 7591
2 6921 -604
2 -3876 -7078
2 8523 -6422
1 -3084 1556
2 -8439 -6458
2 -8371 2213
2 -4604 4328
1 4386 5955
2 8019 -6769
2 3803 8928
2 6278 -6863
1 3064 9135
1 -6105 4445
2 -7514 -1046
2 7771 -5006
2 4389 -6765
1 5555 2890
2 6902 -7960
2 -9033 3779
2 -9915 7126
1 3118 -2529
2 -1693 6579
2 -1010 5098
1 1514 5884
2 -1665 -1111
1 -2551 7623
2 6246 3551
1 -1002 5284
1 -1291 -472
2 2143 -768
1 -6088 -9308
1 1137 4973
1 598 3364
2 8159 -2341
1 5869 -9151
1 -3420 1266
2 -9258 2190
2 4454 -4539
2 -9567 -819
1 -2367 -5081
1 -1232 5616
1 -7485 -8071
1 6074 635
1 -8562 3743
2 6105 -2370
1 -6404 -1631
2 2689 -2526
1 -9326 -7455
1 2114 2643
2 6848 2075
1 9977 7379
1 -6204 -9944
1 -5794 -1705
1 3425 417
2 661 -839
1 24 -2092
2 3123 6248
2 6383 -9034
2 7487 8175
1 -8394 5198
2 -5155 1339
1 -9048 -2987
2 9389 -2361
1 4352 1662
1 -3783 -1736
1 -8833 4354
1 -2770 9383
2 -5322 -8911
1 -6976 -2263
2 2175 -1584
2 7833 -6520
2 -6710 1949
1 4502 4065
1 -4673 9301
2 -7809 3992
2 9725 -4619
2 527 -6777
2 7799 -8949
2 -8437 8270
2 3566 4578
1 1098 -9302
1 -1603 5273
1 2345 -7335
2 3770 -5375
2 4670 5063
2 -8171 -2987
2 6711 -3829
2 -900 8174
1 -9325 -9417
1 812 2775
2 6464 6743
2 -2012 -7210
2 3097 -7492
1 8306 8926
2 5589 6136
1 8936 -2034
2 -4378 -4336
2 -3554 6359
2 -5631 5591
2 8151 589
1 -408 -42
1 -1472 4680
1 -5752 6893
1 -2722 -1753
1 6566 1777
2 -7939 -3783
2 -5540 9538
1 3574 -4221
1 -1505 3165
2 1439 -663
1 121 6986
1 -946 4449
1 -6619 -2084
2 3915 1646
2 4887 6451
2 -720 -3920
1 6426 1911
2 -8111 4765
1 -2049 -48
1 3426 437
1 -5814 -4629
2 2002 -1023
2 -3085 9370
1 3851 -3059
2 3419 -8137
2 3721 -9899
2 -7683 -328
1 6115 8843
1 -2581 -4578
2 3917 553
1 -3776 -6561
2 882 6464
1 -9317 -6992
1 -2039 -9153
1 -9432 9680
1 704 -4035
1 -3196 890
1 -9515 8952
2 5698 6799
2 89 -9997
2 -2640 -3365
1 -8036 -1647
2 434 4833
2 -8904 -8162
1 -4009 9979
1 -602 -6710
1 -5692 -2163
2 827 -1199
2 -623 -8935
1 9264 -8212
2 8695 9459
2 9580 7867
2 5679 3906
2 1087 3165
2 9452 -4978
2 -7024 -3842
2 -1606 -5690
2 2281 9775
1 -8385 -4861
1 3850 4026
2 -1372 -3412
2 1651 -1984
1 -9026 8150
2 -4394 6448
2 -3902 -5243
1 523 -4286
1 9219 -5156
1 -6813 -1216
2 -7941 9016
1 7266 -2380
1 -4112 4688
1 -4851 8454
2 6731 6323
1 5655 9212
1 2777 2008
1 -5921 9471
2 3008 -6769
2 6195 6470
1 -822 -9618
1 9055 -8602
1 1319 8200
1 8952 6948
1 -7302 -1412
2 -2863 3956
1 823 -8146
1 1675 -3817
2 1142 -5977
2 -5589 3815
2 2710 3534
1 -3009 9641
1 -8891 1025
1 -8875 8712
1 -3582 -1577
1 -5603 -2337
2 5984 1803
2 -795 5588
2 1409 -978
1 4474 4213
2 5805 9855
2 7147 -3986
2 6217 -3700
1 -9573 -3651
1 -1592 -2548
1 -1015 -1124
2 8353 -7582
1 -8746 -6002
2 -9539 8151
2 -1596 -1951
2 -1420 1817
2 8716 -4687
1 9261 6673
1 6703 -8400
2 -5029 -1765
1 7962 8014
1 -4979 6808
1 8788 7664
2 -3372 8971
1 -7855 -726
1 2498 3811
2 -1837 6203
2 -3356 1392
1 3097 6450
2 8890 339
1 -3855 6075
2 4830 -3886
1 4244 -4469
1 8587 -6343
1 -5259 531
1 7209 8626
1 -7125 -8602
1 2989 6776
2 538 -7082
1 -3331 -6881
2 757 -1697
2 -9441 5632
1 3331 -5239
1 3954 5276
2 -6376 2017
1 -8159 -1486
2 -1759 -1591
1 -3243 -5142
2 6902 -8323
2 -8672 -896
2 7897 8019
2 -1892 2496
2 -1059 -3736
2 2647 9385
1 4934 6071
1 385 7578
1 -369 -6829
1 6432 -5976
2 -150 -778
2 1886 972
2 -1666 -4586
2 9062 8206
2 9408 -8658
1 2257 -3446
2 8525 5734
2 1831 2315
1 2895 112
1 -4743 2751
1 -886 -8071
1 -4210 1575
1 -3367 7106
2 -1673 9559
2 -949 -2500
2 8175 7505
2 -8452 -9598
1 1607 -9294
1 4347 1162
2 770 -3609
1 -7990 -9042
2 3088 7806
2 982 -5507
1 -4800 6301
2 -136 6380
1 -6104 -755
2 -7625 4700
1 8351 -1755
2 1064 -5111
1 2691 -8403
2 4992 -3706
1 8546 -1889
2 -7238 1795
1 -4254 -7093
1 7595 -6507
2 -1548 -1799
2 -9377 3178
1 2386 3727
1 8787 -2338
2 8139 3275
2 6684 -2805
2 -4723 4984
1 -5572 9110
1 -6256 -4861
2 4969 8917
2 -9837 -1452
1 -3087 1712
1 -4461 759
1 -3313 3717
2 -1090 -5043
1 -2035 1094
1 1250 -6889
2 -6740 5860
1 -4720 -4329
2 2521 -4966
2 -8328 1478
1 -4687 4845
2 -8927 -1149
2 3331 6203
2 -6851 7558
1 1300 -5341
1 8086 8671
2 -7742 -6591
1 -9818 2383
2 572 -8319
2 -2625 4662
2 -4210 5550
2 -2097 470
1 1423 -2127
1 -7820 -4141
1 -2580 -4912
1 -1703 1567
2 -9408 1505
1 -4625 -9391
1 -2187 3015
2 9943 -2070
2 -6353 -9484
1 9363 -3976
2 5976 7513
1 8828 -1951
1 -6719 -8258
2 477 -6863
2 4936 -5088
2 -8219 -2476
1 -5114 -831
2 8789 8204
2 1900 2858
1 -4504 342
2 7228 -4235
2 3325 1799
1 -1848 -5203
2 5755 -521
2 -5969 5439
1 -2145 -4308
2 -8029 1804
1 6768 6900
2 -5524 -3321
2 -7050 -770
1 6261 1513
2 -1107 -2006
1 9246 -754
2 -7157 -3408
2 -426 3699
2 9775 -8241
1 -2412 931
2 4718 -7943
1 9606 -3816
1 -3602 -4308
2 7474 1162
2 -2154 -4740
2 -5968 -1386
1 4304 4017
2 5383 474
2 8682 3697
2 1550 -9781
2 -5456 -1089
2 6004 -5908
1 8182 6121
2 475 4283
2 -6103 -3913
1 -84 -9390
1 4140 -2682
1 -6657 -4693
2 -3665 -7597
1 -6639 516
1 -5112 923
2 -5770 2937
1 -3526 7133
1 -5801 -5979
2 6588 -9579
1 4217 5862
2 -4124 9273
1 1420 -825
2 -3297 -5996
1 1627 -4238
2 7324 -8623
2 -4140 -1687
2 7767 6190
2 647 7293
1 3385 -6091
1 6894 -5779
1 3486 -1585
2 6398 -9749
1 5130 9451
2 3762 -780
2 982 -3427
2 -466 9641
2 -2681 6134
1 2952 7148
2 1305 -7808
1 -6894 -413
1 6472 8428
1 8715 7108
1 1969 2837
1 3617 4379
1 -896 -5960
2 9508 4229
2 -572 5561
1 -2915 8686
2 -5766 -5954
1 -9129 -3634
2 -4529 -3300
2 5801 -3395
2 9432 -6100
2 2946 -7742
1 6370 -4564
1 -7482 2192
1 -5426 3512
2 -8876 -6323
1 3482 2347
1 9422 4015
2 4002 -1944
2 9967 4538
2 539 -5644
2 -3896 -4921
1 6898 5739
2 32 -7506
2 -178 4896
1 9272 -8173
1 958 -2828
2 -5528 7534
2 5714 9526
1 -7497 8915
1 -9751 -2884
2 -1684 -3252
2 6783 9543
1 7177 103
2 -362 -9007
2 1418 -5084
2 7784 9575
1 8871 -908
1 942 -6641
2 4038 7985
2 1290 -748
2 -189 -4854
1 8908 -5584
2 1761 6098
1 -5372 -9566
2 -1897 -5576
1 1578 -8709
1 8649 -9327
2 964 -5250
1 5620 -5179
2 9437 -6668
1 -2182 -8304
2 81 3478
2 8359 3413
1 6383 6861
1 7159 -1339
2 -5625 7475
