2972
2 -4413 9877
2 4403 -9543
1 1570 -8903
2 4352 5408
1 -6637 2352
2 3138 -4797
1 561 -67
2 -4588 8008
2 -5584 -721
2 5758 2806
2 -5129 -5777
2 7153 -7194
1 9703 4288
2 -4973 -2183
1 -4051 -4239
1 9802 -7065
1 -8085 7778
1 -1889 4054
2 3202 8465
2 -4074 -3703
2 8850 5349
2 1321 -6435
1 913 1199
2 3801 -8870
2 -9626 2325
1 -327 7161
2 -8097 5104
1 -8883 -8185
2 -5196 7911
1 5998 7350
2 -2959 -5925
2 3850 9043
1 6528 2150
1 -9891 -7326
1 6385 7602
2 -8888 -1385
2 3937 1988
2 -5093 -2522
1 9379 2418
1 4372 -5163
1 -284 -2008
2 -3587 -4935
2 3008 8493
2 6724 -2877
2 1874 1103
2 737 75
1 -6848 -7795
1 -6346 -8896
1 -9170 9739
2 -4019 8137
2 7091 -9892
1 9577 -4062
2 -5858 1935
1 -1873 254
2 -9373 -9730
1 4572 7848
1 -1693 -7661
2 4507 -8406
1 -4525 -9279
1 490 -7140
1 7900 -1883
1 -5992 2893
2 4864 -798
1 8387 4244
1 3404 -1936
1 72 -4951
2 -2586 1104
2 6001 -2754
1 8549 -355
1 9385 112
1 -6410 -680
1 8414 -1000
1 8901 9997
2 -9410 9761
1 9068 -6056
2 -4439 642
1 7861 -3395
2 -3041 8880
1 -1722 6101
2 593 -3050
1 2218 -9427
1 -3229 9602
1 -7513 7043
2 -4354 -8441
2 9950 -8036
1 -8782 -9391
1 2946 1487
2 1429 7741
1 5853 -8137
1 -1827 9599
1 7207 6214
2 1026 4189
1 -6055 6050
1 -6994 -8435
2 -5608 -5724
2 3742 6454
2 5418 5901
1 -2905 -2520
1 -8428 -5926
1 -4394 7363
2 6360 -9042
1 -3148 -4770
1 -1032 444
2 -7039 -1367
2 1725 -9033
1 7184 -1091
2 -2 8419
2 3175 5364
1 -2573 9449
2 -5166 5717
1 3532 -9391
2 4661 4919
1 -4722 1322
1 6323 5471
2 1700 7362
2 -8683 -8807
1 4559 -4957
2 5561 5024
1 6581 -5392
1 -2893 -2098
1 -4647 6805
1 7550 8477
1 -5217 -4710
1 628 -5324
1 -9820 -2749
1 -8192 -9343
1 2952 -3763
1 -8450 6802
1 1064 -914
1 8490 -1856
1 -334 3499
2 -5550 -2171
1 4598 -1348
1 4014 -661
2 -4331 -3698
2 -8870 -6800
1 7890 -8289
1 -2361 1231
1 -4769 8105
2 5932 -4354
2 -995 3301
1 9165 -5808
2 -2807 8523
1 4065 -7783
1 319 6910
2 -4677 -2570
1 -7043 -6035
2 5621 -34
2 -6298 -5109
1 -4688 -6818
2 8023 -1576
1 -9649 315
2 5646 8204
2 7023 -9900
1 -443 9443
2 422 7407
2 -7417 -6313
1 4108 -6220
1 -8705 -5376
2 1567 5448
1 -9548 8852
2 6780 -121
1 8269 8172
2 983 6559
2 5318 5064
2 29 9113
1 4858 -5267
1 -8361 6343
1 1738 -9469
2 687 -3522
1 -8922 -6865
2 1920 -1032
2 -9459 -2822
2 4652 4444
1 -9090 -4031
1 9784 6359
2 -1559 -1958
2 -1203 -2707
2 7018 -757
1 -8414 -4150
1 -7427 -129
1 5507 -7000
2 6726 743
1 7690 -9079
1 -7756 -520
1 -2673 8286
1 -749 9985
2 -5024 -8611
2 1206 4593
2 -8230 2879
2 2945 -591
2 -6897 6958
1 7810 577
1 -8609 9941
2 -8229 8295
2 5893 -1807
1 9924 1526
2 2130 -325
1 4895 44
1 5224 -2109
2 5291 -2486
1 -9424 -5297
2 -1180 -4118
2 -4641 2639
2 -392 -9832
1 5641 -4326
2 -8469 -9507
2 -6733 -8706
1 8461 -1069
2 7089 -6788
1 -1042 4929
2 -2667 -4264
2 -3263 2760
1 4471 3862
2 6109 -150
2 6133 5264
2 -3021 4055
1 4273 -1544
1 3048 -9617
1 8985 -200
1 -9136 -2861
1 3993 591
2 1557 -1078
1 7985 2324
1 -6066 6176
2 -8179 2691
2 -1650 8169
1 -6761 8013
1 1564 7268
2 -9664 875
2 -8095 -3517
2 -4904 3655
1 9766 8595
1 -2993 5047
1 5044 6534
1 -7071 8998
2 -8365 8861
1 -1624 -813
2 -1533 9133
2 -4855 1303
1 -2494 2325
2 -6061 1700
2 -8316 3492
2 9666 3704
1 -3167 -7398
1 -5013 1845
2 7769 -8168
1 -9115 -5139
1 -6641 -1889
1 3532 3190
1 -233 8314
1 -5347 1779
2 951 9526
1 1965 -2322
2 6619 1879
1 -1223 5029
1 866 -2783
2 8811 191
2 3312 320
2 3139 -5286
2 -259 3885
2 5043 -8824
2 -6058 7363
2 1161 -3968
1 -4204 7400
1 -1115 -4308
1 -9414 2395
1 -8183 8799
1 6261 8813
1 -8023 973
2 -7522 -2241
2 -7399 4657
1 -776 5078
1 -6559 3129
1 -2314 -7292
2 -6114 4967
1 7724 -3957
1 -7949 5909
2 7941 -2600
2 7754 5413
2 -1905 607
1 4873 -4605
1 -9966 5830
2 56 -2181
2 7889 6806
2 4224 -672
1 -8387 539
1 2945 -9862
2 8824 -5778
2 -588 -1889
1 -8030 3593
2 3856 3081
2 2725 9503
2 -8271 1024
1 6693 4869
2 84 9209
2 -3511 -2964
1 -6921 -1097
2 5504 -5115
2 -1491 804
1 -8783 -6404
2 8096 7831
1 7950 2154
1 -8674 -3554
1 -9137 -2872
1 -7696 3933
2 6709 -4753
1 2935 -473
1 -9847 -6021
2 1113 5237
2 -4373 -8968
1 5100 7542
2 1535 7762
2 -5497 872
1 7794 8184
1 -4718 6386
2 496 -1696
2 -7380 7134
2 472 8422
1 -9763 5733
2 -7552 4017
1 4528 -5390
1 -3343 433
2 7501 -6291
2 6634 5299
1 -1353 -1724
1 -7904 5216
2 6031 2069
2 2189 9856
2 -3150 6760
2 -6961 -7833
1 7613 669
2 -9155 3845
2 4694 9793
2 -1669 -4351
2 -1133 3577
2 -4702 1411
1 -8438 -3275
2 -4509 -2713
2 7540 -1992
2 9028 -4137
1 2420 5542
2 5720 5653
1 9538 -8359
1 3318 -208
2 -4337 6161
2 7208 -8453
2 6502 -9055
2 -7852 -9282
1 7851 -450
1 -1797 3637
2 2123 -489
2 -7653 -5660
1 7186 8026
2 -1522 4504
1 -2964 5449
1 3846 7430
2 -436 6094
1 -3148 -5761
1 4223 6165
2 8350 1844
2 9215 153
1 -1317 2077
1 -9315 -2221
2 8431 -2727
1 -4648 -9712
1 2966 4065
1 -1063 -8610
2 -93 95
2 3480 -8635
1 5305 775
2 -3454 8180
2 800 7934
2 9277 -8444
1 3945 -5512
1 -6989 4212
2 8403 7771
1 -7478 5566
2 -1105 1302
1 1895 -661
2 -6700 -4541
2 4271 -857
1 -8270 6560
2 6338 8107
2 9917 3866
1 2837 5322
2 -3721 693
1 -1082 -8169
1 3436 -9307
2 -953 7937
2 5829 1672
1 -5284 -964
1 3434 6370
1 3866 8780
2 -7628 9193
1 7452 -711
2 752 -2771
2 9242 4704
2 -5535 -7005
1 -2616 -9291
1 6708 -4339
1 -4721 53
1 -8348 2005
2 1100 183
2 4992 -9605
1 -5850 1025
1 -3639 7091
1 -9197 -9047
2 -5361 4770
2 7626 -5053
1 8963 5807
1 8257 4340
1 -5373 -7554
1 -282 3789
1 1405 3005
1 203 -6173
1 3986 7379
1 8329 1303
2 -4229 3132
2 -295 -441
1 6233 -3427
2 -5586 2992
1 -4104 7258
1 -51 5274
1 -5735 -1663
2 2975 -2875
2 -7329 8713
1 2231 -4582
1 -2367 -4894
1 -7154 -3474
1 -9981 -2764
1 -5156 -1511
2 -4122 434
1 4907 8059
2 -2263 9672
1 8954 5078
2 6716 -7143
1 1914 4385
1 -674 -3051
2 7852 2730
2 5159 2771
2 -180 -2804
2 6028 6454
2 4985 -2193
2 2218 1131
1 -2322 -6409
1 2154 4585
1 4983 113
1 305 4500
1 4549 -7394
1 6875 3190
1 -90 1717
2 -6968 9460
1 7775 7808
2 9177 -225
2 -1380 8122
2 2529 -439
1 3515 9593
1 -3178 -3562
1 4117 -9013
2 9169 -1079
2 6572 304
2 7911 -580
2 9174 -2026
1 370 -579
1 -7244 -7617
1 -5761 -2553
1 -6798 -2714
2 3386 1067
2 -7152 594
1 -2718 -224
1 9376 8212
2 1013 -9361
2 -6643 -547
2 819 2518
1 2108 9551
1 2885 8832
1 3005 2960
2 6080 2386
1 1120 4935
2 -9894 3745
1 -7417 2015
2 4554 1320
2 4323 -5835
1 6079 1850
1 -6349 373
2 -3765 6199
2 7502 -2593
1 -900 1206
1 9547 5610
2 7270 529
1 -2748 -1341
2 -257 -335
1 6343 -1323
1 7172 4999
2 -5117 6321
2 -6823 -1851
1 -6282 8442
1 5000 -5601
2 5846 2550
1 -2781 -2321
1 -4775 -5394
2 1614 4326
2 9949 1971
2 -6106 9430
1 -1661 -8843
2 1434 -2925
2 -6524 8833
2 -5920 6015
1 -2453 -9563
1 1535 -2152
2 -1806 -7530
2 4877 -4479
2 -1854 3815
2 2763 -35
1 9699 2367
1 1278 3839
1 -7238 3462
2 4568 -3788
2 1522 -6945
2 -5000 9095
2 -4078 2177
1 8646 -726
1 8347 -2473
2 4302 -7873
2 -8952 -6181
2 1960 -3356
1 -6000 9240
1 -9018 4132
1 -7706 8279
2 1306 8379
2 473 -6076
2 -4035 1398
1 1612 5486
1 6968 2269
1 7625 -2651
2 -277 -4053
2 -7750 -1125
1 -4858 3307
2 9676 -1508
1 6503 8556
1 9908 -2273
1 -3326 -3478
1 -9783 -6490
2 1679 7876
1 8511 -6067
1 9183 6919
1 369 -745
1 9411 -584
2 -2275 -3357
2 -3432 -4593
2 -7169 -3960
2 -2816 -8489
1 1212 5001
2 4915 7228
1 6689 -4510
1 5585 -6616
2 8991 627
2 -5770 6789
1 -4810 -3619
1 -2847 7501
1 9107 8878
2 178 -6233
1 7555 6520
2 -9842 1021
2 6601 -3938
2 5252 5259
1 8765 4134
2 -6177 1813
2 -3369 6325
1 4404 6690
1 -7656 -1010
2 -1158 -1236
2 -5133 -8501
1 3859 7189
2 3200 9916
1 1912 -4928
1 5377 7092
2 6874 3707
1 -4428 1386
1 -1483 -7173
1 -7042 8538
2 -7494 8166
1 6949 -9916
2 -1952 -6034
1 531 2660
2 -6223 887
1 -639 -7191
2 9208 -6580
2 -4908 -1654
2 -4631 -1642
2 1423 -5340
1 1084 -9194
2 -9706 2332
1 -6464 -8562
1 -217 -6389
2 8305 -1914
1 -2446 3222
2 3600 3996
1 -9143 2085
1 -4065 9213
2 -6788 2605
2 6625 -7083
2 6567 958
2 -191 -5694
2 8393 8365
2 -9624 -1484
1 4917 6274
1 7353 9759
1 7144 -2601
1 -9621 -5517
2 4360 -2422
2 -4852 -7605
1 -9158 -2846
1 9575 4009
1 -4003 -2182
1 5956 -8608
1 -8506 4969
2 -8791 1906
1 9806 3867
1 -1937 3096
1 9596 -9649
1 114 8875
2 -3105 -8152
2 -7284 8795
2 -9864 -2724
2 4649 -3974
2 8361 -1418
2 -9982 2959
2 4055 3054
1 8635 -3059
2 4474 7809
2 6450 -410
2 -1107 -6985
2 2915 7687
1 2251 4926
2 4029 -5309
1 -3699 -1633
1 3158 4480
1 6824 7685
2 8329 3914
2 -4518 -9530
1 -4269 -8239
1 -7658 -7265
2 -9061 -208
2 8560 -5946
2 7757 -2602
1 -9113 -1757
2 -628 4554
1 8481 9923
1 -8635 2035
1 1454 7370
2 -1345 -553
2 450 -397
1 -5683 9093
1 -3586 5538
2 7817 -6805
1 9736 1879
1 6880 1504
2 9455 -4912
1 3751 470
2 -6327 -6423
1 -1285 -2108
2 1402 2513
2 -5725 602
1 8569 7003
1 -9002 8505
1 8957 -1995
1 -1172 6105
2 -2797 -6990
1 -2870 4597
1 4951 -7924
2 -9842 6269
1 344 2218
1 -1573 4275
1 7868 -9363
2 -6815 -1103
1 -689 272
1 -6986 -7149
1 -5417 4956
1 8833 329
2 -2631 8099
1 -8460 -3990
2 8809 -2591
2 7267 6067
1 264 9084
2 282 -56
2 -3002 5590
1 -9809 3632
2 -358 5051
2 2116 -691
2 2221 -7922
1 -8132 6702
2 9528 -7196
2 7968 7846
1 5839 -7148
2 5893 3143
2 65 -612
1 5057 -6487
1 -7301 -4087
2 -4698 -9767
1 -2364 -8302
1 -629 9766
2 2000 -7849
1 -775 9351
2 3723 7756
2 644 -2813
2 2552 9901
2 8287 9884
1 -34 1026
2 -9158 7010
2 -1604 -4158
2 -796 -6118
1 -5976 8992
1 -7949 4591
1 8893 -8455
2 -9354 2158
1 -9006 -371
2 4768 4211
1 6026 -6277
2 3528 2956
1 -5099 546
2 109 7901
2 2886 7508
1 8425 -6096
1 6491 249
1 -1796 9124
1 1454 -6747
1 2737 -7384
2 -6034 7746
2 9356 -8789
1 -6358 5285
1 274 1801
2 -2768 -6236
2 -7165 -2771
1 -8390 3357
1 2956 -3254
1 8763 -7223
1 -9125 1713
1 7894 188
1 -3819 2215
1 9874 3092
2 2663 -6249
1 -8224 1358
2 9603 4846
2 -7835 8423
1 899 2593
1 -2788 -9729
2 -1544 -4767
2 -7985 9659
2 7591 8830
2 5935 735
1 -2725 9269
2 -7550 6695
2 6061 2541
2 -4721 -6851
2 2422 5069
1 5960 4009
2 4804 -4820
2 -2255 -268
1 -8 -262
1 541 -4656
1 6961 -9969
1 6811 4980
1 -9590 -9954
1 -3920 6749
1 -4661 5898
2 -2563 -1387
1 6969 -7624
1 -8103 3994
1 5512 -5931
1 3559 -5250
2 1387 -4949
1 -4623 6292
2 8711 9869
2 -6957 4685
1 -4593 1062
2 2875 9850
2 9332 7228
1 6552 -5648
2 3686 -371
1 5153 -5852
2 -6895 -4677
2 -6036 -9539
2 -4176 329
2 837 6615
1 -632 2232
1 -1588 8095
2 3744 6697
2 -2240 6534
2 -3527 -985
2 6520 7558
2 -6186 -2066
1 3949 8165
1 618 3170
1 -4851 -1740
1 200 -5063
1 1515 -3885
2 1173 -7794
2 2794 9050
2 -9564 7574
1 -7979 6281
1 9105 -3410
1 5982 -1487
2 -6673 8660
2 766 -1052
2 6300 -8377
1 -5378 81
2 -9333 1209
1 -2816 9666
2 -6084 9435
2 -7557 9403
2 667 1436
2 -4738 8660
1 -2609 4352
1 -1772 -963
2 -9752 6699
1 7184 -3270
1 -5412 9395
2 9318 9083
1 -5107 9641
2 -295 1583
2 881 -7330
2 1639 9671
2 -4468 -2466
2 -8589 9532
1 514 9402
2 -6121 -3919
1 2894 1872
1 -8283 -8901
2 1593 -8372
2 -5242 3700
1 5613 -7492
1 2780 -8525
2 -2033 4321
2 -7939 2492
1 -6529 7695
1 -8089 -6671
2 -2405 3847
1 -1679 -2506
1 2452 8819
2 -9002 4113
2 8587 -8930
1 -7930 7489
2 -3182 -561
1 -8173 -3298
1 5490 -3890
1 -9603 -3590
2 -7736 6578
1 -6708 6187
1 2689 -9449
1 7095 1466
1 6439 6035
2 7661 -5955
2 3865 -1186
1 565 6672
2 4237 1143
2 6983 7540
1 -2072 3006
2 6042 8116
1 -4101 -1765
1 -4785 2908
1 4926 3445
1 114 -697
2 -8790 1495
2 4591 -2373
2 -231 -7052
1 7742 -9412
1 8128 5278
2 8160 -350
1 815 -4837
1 -7519 8170
1 -8631 983
1 -9036 -1491
2 8006 1378
2 8151 3884
2 -792 -6683
1 -8413 8582
2 -9137 -4787
1 -9206 1419
2 -8225 4371
1 -7310 -1131
1 -644 -6622
2 120 -1807
2 -7965 -3109
2 -5369 7994
1 2333 7647
1 -7466 -19
1 479 -9118
2 -1716 -7232
1 8146 4300
2 5593 -3933
2 -9933 7875
2 -3327 950
1 2309 -2658
1 -1415 3203
2 -7549 -4522
2 6427 -4831
2 7754 -5220
2 -7671 -2705
2 5882 4978
1 7075 -2855
1 -9712 -6520
1 -1742 6155
2 -1510 4858
1 -2725 6270
2 -397 1137
2 5280 -4015
1 2482 -2474
1 -7544 -4232
2 530 -6512
1 -4988 -2029
1 5470 2164
1 -4665 5509
2 1434 6677
2 4749 -6705
1 73 -2473
2 -2380 -4400
1 -9625 -3724
1 1721 -3115
1 8550 6837
2 4891 -4629
1 6429 6737
1 6709 -9086
1 -172 -9186
1 -5652 -9921
2 2623 -751
1 6724 8617
1 8739 5514
1 -181 8858
2 -5732 3499
2 -1850 -9808
2 3519 -3152
2 1383 4693
2 -1357 -9222
1 -9996 -290
2 -8059 -5756
1 -7390 -781
1 3845 -4294
2 2791 8196
2 -4009 1404
1 -1794 -3794
1 2624 -4245
2 3685 9264
1 6800 5433
2 -3304 -7744
1 -5438 -729
1 -8054 -317
2 -545 3461
2 4353 9550
1 5037 7521
1 9477 -5964
1 4977 -4505
2 1721 4727
1 9522 8404
2 99 9373
2 -6503 -4451
1 9972 -4906
1 3040 -2562
1 7161 -5780
1 1821 -3171
1 -8952 3224
2 8363 6923
2 2675 -703
1 5923 -1805
2 -3979 -9227
1 3875 9663
1 -1485 -1852
1 -4897 -5236
2 -1924 7826
2 3059 -6301
2 1774 6803
2 5611 -2461
2 2191 129
2 8910 508
1 -6553 6388
2 7626 4954
1 -4297 -2481
2 714 -6296
2 -4161 -6605
2 4715 2842
1 -4688 -3516
2 2796 -6259
1 4854 7499
1 7214 -3557
1 -1598 -2239
2 -6049 -640
2 8133 2802
2 1567 9359
1 -3344 -5332
1 9444 9957
2 -146 -8401
1 -5879 -6820
2 2235 -2562
2 7121 -2750
2 -702 2529
1 7974 9785
2 273 -6
1 -6326 210
1 9338 -6949
1 -6309 -6235
1 -8435 -8476
1 4332 6753
1 803 12
2 -6677 -9563
2 6542 -286
1 741 -3626
1 -786 -6005
2 -1996 7187
2 4320 -6607
1 5416 -3943
2 2432 -3895
2 -1114 -219
1 8208 1636
2 6297 7423
1 -7332 77
1 3629 9212
1 2045 1985
1 6849 -312
1 -695 2809
2 3928 202
2 -3577 9883
1 8417 1451
2 -8207 7070
2 4176 4157
2 1910 -6705
1 -721 1860
2 7117 486
2 4944 9402
2 4311 -3571
1 -4181 -501
2 -258 3090
1 -4833 -8919
2 6648 -7972
2 -6217 -3683
2 -7592 6501
1 -9471 8185
1 1473 1397
2 -2651 7829
1 1593 -8409
2 8302 -1129
2 -7875 -9542
1 -3500 -275
1 6322 2165
2 -277 2307
1 -2864 -2028
1 1378 -8238
2 5935 9940
2 4247 -9004
1 -7168 -7897
2 -7780 80
2 -679 5016
2 -5626 3091
1 -819 8483
1 -3341 -6375
1 9672 8919
1 -7458 1516
2 -5296 -9153
1 -3070 9249
2 -3175 589
1 -9804 -4370
2 -5132 9833
1 -5787 5950
1 -9286 -9012
1 157 -5513
2 7841 6796
2 -316 -4185
2 8420 4880
1 -8938 4171
2 1839 -2445
2 -1577 256
2 -8108 -1577
2 8937 -1359
1 2641 5853
2 -967 -583
1 3755 -9656
2 -1561 -1353
1 3847 -4011
2 -5943 -4537
2 5199 5689
1 -1677 -7296
2 1021 -5893
2 -2864 -277
2 -9712 -8204
2 7105 -6181
2 2853 1797
2 6275 -948
2 -8413 -5987
2 1405 -4903
1 5987 -5854
1 -2176 -3985
1 9206 -4703
1 6008 7689
1 3277 -672
2 701 -7905
1 -8007 -4491
2 -6676 -280
1 -5098 -4538
1 3853 -4948
2 -905 -5455
2 7375 -1436
2 -5905 198
1 -3920 -2308
2 -5804 3484
1 -8997 1406
2 5925 1839
2 -5563 754
2 2916 -3213
2 -4320 9165
1 -8334 2875
2 -9909 -7265
1 -7544 -5919
1 -2641 -3961
2 550 -2026
1 9923 -1543
1 331 -762
1 -1687 -4904
2 5482 -8114
2 -4855 -9463
1 -8663 -7211
2 8263 -9417
1 7100 6334
2 -569 -3665
2 -2715 -3545
1 -1769 1640
1 7820 8692
1 -8486 4099
1 4574 -9827
2 -7662 8945
2 -6697 -7357
2 4782 4678
2 5784 -70
1 -7302 -862
2 6416 5406
1 2412 973
2 3385 2482
2 -3110 4126
1 -5098 2926
1 4201 -7009
1 2955 -2768
2 -1987 404
2 -64 5372
2 -1836 -9610
2 -4659 -3683
1 -6021 1600
2 8776 3509
1 -6004 -9046
1 -7710 -3062
1 -3897 -7727
2 2390 -334
1 3164 6999
1 -7940 -2508
1 -1498 -9250
2 -5039 -347
2 -5328 -6977
1 -3008 1508
2 -8980 -1915
2 836 7168
1 1488 6731
1 -2616 -6486
2 -4793 -824
1 -7265 -2920
2 -2860 1163
2 -1626 -8315
1 1365 -7431
2 -7436 6522
2 9936 -8512
1 4808 9474
1 7500 -2988
2 -1761 1107
1 -8882 -6709
2 1144 -8609
1 3143 599
1 7137 7464
1 -6460 7811
2 8462 -8738
1 -5606 8226
1 -7053 -6870
2 4680 -8668
2 1115 -5145
1 3970 -7544
1 -3860 7892
2 -1218 -6974
1 5764 9225
1 -6649 -1435
2 9068 2916
2 -3834 9635
2 9535 5731
1 1601 4734
2 6043 -5085
1 5804 -6531
1 6957 -4730
1 -2357 4633
2 9059 1996
2 -1321 5023
1 -7225 9145
1 -8417 1080
1 -9032 383
1 7225 -9928
2 2548 6388
1 -24 -7667
1 2377 4557
2 4650 7221
2 -9347 5866
2 7343 -9127
2 1704 -5698
2 9872 6676
1 -9350 -2005
2 -2835 -1005
1 9083 4026
1 6234 190
2 -366 5218
2 -3064 6575
2 2819 6862
1 -3429 7424
2 7597 -8416
2 -9997 5085
2 2500 -6912
1 -7663 8827
1 9823 -7522
1 -9807 -3508
2 -5628 -8160
2 -7087 2717
1 3283 -8942
2 -5776 -8958
2 -4313 -6776
1 9881 -7867
2 -849 4234
2 -6223 -6704
2 7535 9701
2 -8066 2965
2 -1663 2319
2 -7347 -8170
2 6845 -2745
2 -5695 630
1 -6052 -5993
2 5963 325
2 -643 -8547
1 -4501 1500
2 -6103 5491
2 -3906 2543
2 4056 5495
2 1111 -8017
1 -714 1660
1 -6208 612
2 -7379 9811
1 -3332 8833
2 -4278 -4374
2 6613 -705
1 -7311 3463
1 -393 5556
1 -7314 5221
2 -4455 1762
1 1173 -7006
1 -3311 9253
2 -2269 262
2 9241 -3615
1 2392 -8296
1 4223 6352
1 7765 274
2 -145 8284
1 8211 -3987
2 6291 4329
2 -9560 -516
2 -45 4596
1 -5721 -7126
1 -9196 2473
2 5226 1072
1 -1969 859
1 -1072 -1026
1 7603 -1148
2 5877 8756
2 -9168 953
1 7360 -2505
2 8289 3797
1 8948 3778
1 4789 740
1 5582 7100
1 -5773 -7080
2 -6019 5870
2 9832 1289
1 -883 -4938
1 -1934 -7472
2 -6741 1277
1 3851 6434
1 7338 6955
1 8076 -7603
1 -1900 6074
1 7009 -51
2 3175 9976
1 1354 733
1 1662 7533
2 4524 -3868
2 -1422 -2525
1 81 -4604
1 -9698 1287
2 9127 8591
1 5691 -5223
1 5030 -7343
1 -1362 -9587
1 -3247 -9170
2 9537 -3398
1 -2533 5218
2 -3172 8050
2 -8009 1761
2 7166 -2206
2 3478 -9391
1 -4523 -8960
1 2204 2400
2 -8820 -4016
1 -1869 2898
1 1411 -9863
1 4553 -458
2 1841 5135
2 5868 -5440
1 9887 5227
2 -2150 5408
2 4087 3055
2 -2027 1148
1 4724 -1875
2 -3929 -384
1 -6092 -9324
1 -7229 2716
2 -607 2972
2 -3951 -7734
2 -5567 7629
2 9101 8865
1 5102 -8750
1 1250 6192
1 2147 -3414
1 -4053 -238
2 2225 -1730
2 -5896 -1462
2 5605 -5472
1 4492 -9600
2 -9418 -4495
2 -190 3716
1 7784 -7409
1 9386 1199
2 -3429 6236
2 -7956 -3986
2 5137 6536
1 6064 2789
2 -3903 -1855
2 -2446 -4229
1 2071 -2999
1 5051 950
1 8481 5353
1 8531 5396
1 -4436 -1041
2 -8931 -9042
2 3619 -4443
2 -862 7744
2 1597 -3193
1 6106 344
2 6475 1955
2 -9582 -8700
2 -1710 -3038
2 2697 6890
1 4274 8571
1 -8194 3949
2 9941 -4443
1 5610 769
1 5770 -2893
2 -9973 -9519
2 -3649 -9631
1 -8942 2552
1 -5097 4164
1 4579 7643
1 1844 -4379
2 9568 5659
1 7427 -304
1 9519 3647
1 4832 -2310
1 7220 561
1 4030 8137
1 6245 -706
2 -4961 7131
2 -1951 -9921
2 5657 2379
1 2571 -4598
2 1215 -151
2 -6754 8256
2 838 -5490
1 4242 6832
1 -6803 8586
2 5131 2278
1 5773 -2387
2 -9292 1758
1 -7243 -7397
1 -9636 1717
1 5503 -4830
2 -1522 2776
2 4269 6327
1 -6723 -963
2 -2669 7209
2 -671 472
2 -1176 -2232
2 8436 -4000
2 -39 7004
2 -304 -8496
1 2999 -606
1 -8477 228
2 483 9175
2 2284 4816
2 -1939 -2694
1 -6847 2226
2 -4852 869
1 4277 960
1 -831 -4549
2 -4128 -4959
1 -3492 -8905
2 -9871 8993
2 5420 -4642
1 8472 -2260
1 7221 295
2 -7375 -3902
2 3075 412
2 -6245 -2120
2 5655 -4039
1 7031 228
1 -6760 2629
2 -4600 9773
2 -8350 4223
1 6631 5017
1 8278 4393
2 -2077 8458
1 -5398 -4879
1 6899 4458
2 -8047 1053
2 -9218 7150
1 4002 8990
2 -8576 -3294
1 5080 -4950
1 -1611 -9253
2 3807 5624
1 6866 -3992
2 1781 -6800
2 8470 -6889
1 7497 6676
2 -3176 8573
2 4458 -744
1 -8792 3175
2 4028 -9360
1 1146 6512
2 1578 -3626
2 8969 -3585
2 1818 7406
2 7878 1776
2 -795 -4534
2 -2058 190
1 -409 8938
1 450 1083
2 9060 1486
1 -7163 -208
2 -4405 6235
2 -9406 4187
2 -5664 6623
2 4874 3652
1 -6351 1719
1 1998 9890
1 5597 7811
1 8496 7769
2 -6362 -5758
1 4531 -6350
2 -3474 -566
1 9915 4181
2 -5070 8098
2 -67 -8443
1 -9368 4564
2 -1162 -5287
2 -8866 -2834
2 -9365 -4069
1 8586 643
2 -900 7919
2 -2506 1897
2 5226 5357
1 7057 979
1 3462 -3158
1 -4029 1907
2 -3271 -1098
1 2147 2403
2 2271 5233
2 -9791 5593
2 1537 -2926
1 -2595 -5550
2 1456 5961
1 -7510 691
2 8786 8138
1 2621 -8483
1 5050 6086
1 -2484 9503
1 8106 -4563
1 -4928 -5870
1 4331 -8285
2 6074 -2832
1 -1719 1735
1 7185 -3135
1 5289 9416
2 1237 -174
1 7171 -4640
1 -8183 9510
1 561 1764
1 6609 -4554
2 -6651 3956
2 6773 6168
1 -3252 -6363
1 -7102 275
2 -9539 -7123
2 -6654 7691
2 3654 -8880
1 2229 -2341
2 -5581 -9974
1 -8886 6953
1 3752 -4722
2 -608 -3681
2 7012 -9931
1 4546 -3753
2 -8396 -6486
2 2259 2145
2 -3418 1589
2 5820 6919
2 -889 1555
1 2134 1
1 5830 4434
1 7012 -1267
1 -4428 9050
2 2361 -7790
1 2173 -4434
2 -6868 -1857
2 9849 7971
2 8751 6990
1 -1251 -9067
1 4394 2463
1 1385 -3649
1 3068 3946
2 -5054 2710
2 -5410 -3441
2 -5058 6999
2 4713 -2260
1 3186 5850
1 -6445 6910
2 2698 -3335
2 -4679 2585
2 -8171 2675
2 -8849 6985
1 -3342 -3514
1 -648 -7352
2 5062 -3371
2 -3667 9487
2 6241 4999
2 -948 8948
1 -8370 -1640
2 5634 -1201
1 -5884 -8771
1 -6879 7696
2 -5174 6488
1 -8469 2358
1 6424 -4690
1 -3993 -4889
1 4889 1253
1 -4749 -168
2 2894 1792
1 -5682 -5478
1 -549 9892
1 -1237 -7556
1 6790 3424
2 -4668 7346
1 -863 -1855
1 -2995 9940
2 5802 2945
1 -9810 -2801
2 -2596 2162
2 -9198 -8543
1 1334 -9401
2 2775 3045
1 7272 -8973
2 520 3186
1 -2583 6890
2 2921 4729
2 -9557 -2764
1 8460 4410
1 -7915 2931
2 6463 -711
2 4368 5232
2 1989 6276
1 -7178 8718
2 3048 -1880
2 -8995 908
2 3716 2930
2 -5546 -9709
1 8044 -679
2 -1051 -4910
2 -8355 -7807
2 -6952 -1472
1 -2594 9268
1 -6549 2390
2 6022 5558
1 -7260 8729
1 1697 -4890
2 -1383 -5509
1 -8278 -7988
1 -7448 -6464
2 -2556 -2713
2 -7738 -8905
1 107 -3436
1 -5712 1552
2 222 8203
1 -2733 8588
2 5439 497
1 2136 4274
2 -647 4019
2 8475 3541
1 239 -4095
1 8059 6838
2 7158 -4598
2 694 6802
2 9559 5057
2 -2260 -5374
2 -8740 -1045
2 1420 -44
1 1227 -3540
1 -1868 -8245
1 -5309 -7578
2 4003 5274
1 4307 863
1 9080 -158
1 -3165 7562
1 3064 -1400
1 3421 -7394
1 -757 -1523
1 3187 7358
2 8102 9202
1 6334 4680
2 -2296 5602
2 -8097 1639
2 -5583 9057
2 -7187 -623
1 -5693 1417
1 -9364 -7523
1 -5754 9580
1 -1768 8705
2 -7631 -9077
1 4931 -4328
2 -5424 2534
2 -1187 6543
2 -3532 3040
2 6958 8019
2 -7521 4795
2 5402 7326
2 3080 -5882
1 7774 8882
2 8826 6162
1 9620 126
2 31 -8270
1 -1098 6096
2 -9450 2461
1 7594 -3081
1 2837 -3529
2 -8004 -5088
1 9216 7194
1 -41 9111
1 -9705 -4012
2 3927 2535
2 8530 -1060
1 -8155 7639
2 -3984 4796
2 5600 6081
2 2961 1049
2 2163 -2289
1 -3974 8443
2 -9356 -3121
1 -8037 5156
1 -1709 -7712
1 4600 1443
1 -7952 -3958
1 -2042 -6953
1 3023 -5005
1 -470 -7343
2 1128 -24
1 -7189 -2516
1 -9862 -1009
1 5905 -7944
2 -3555 5446
2 6276 -2600
2 2929 -8272
2 -1920 8378
1 -4348 5559
1 -1656 4412
2 6802 5619
2 -6057 2677
2 -5905 -3255
2 -6764 -400
1 -1838 9282
2 -7399 -7712
2 198 -6833
1 9303 -1784
2 6784 9139
1 -2433 -7486
2 303 7890
2 -1139 9847
2 -4786 -3057
2 -6404 -3406
1 -3262 3144
1 3869 5650
2 -1554 -9625
2 -5621 8993
1 8085 3157
1 8310 -5609
2 -6564 -549
2 -3746 536
2 8542 9576
1 -7932 -8237
1 -5469 4144
2 2554 6498
2 -330 -8716
1 8155 9179
2 9524 542
1 -7542 2756
2 -5637 -3262
1 -8025 1921
2 3266 3678
2 -1189 3312
2 -6810 -8147
1 -9596 5484
2 -3042 -4129
1 1785 -7111
2 -7092 5034
2 -2753 -3795
1 5208 -1281
1 -5028 2946
2 645 4075
2 -5140 774
1 -8671 -6456
1 9940 -4142
2 6566 1695
1 7982 2045
2 6631 -6313
1 3789 4116
1 3847 4790
1 -2047 -3703
2 -1018 5785
1 -1248 5865
2 6581 -683
1 -5395 9341
2 -5663 -8332
1 -6975 -4196
1 6838 -6100
1 6356 -5905
1 1871 3112
1 -3580 -5673
1 9374 1008
2 3147 3685
2 -603 2717
1 -4043 -4357
2 5071 -3181
2 2003 7494
2 5804 -5491
1 -3321 -8473
1 8561 -5020
1 379 5294
1 8339 7079
1 -4312 5113
2 -5636 1684
1 -1845 5006
2 5018 -8195
2 1004 6061
2 158 -2442
2 -8119 -9308
2 -6151 -420
2 -120 4762
2 8974 3534
1 2462 -8652
1 -7940 -1079
1 7147 9438
1 1288 -9060
1 7782 6640
1 -7191 -7601
1 -5816 -8067
1 6679 6534
1 2777 5164
1 -6304 512
1 9836 -2143
2 4162 -130
1 6307 9133
2 508 4141
1 4612 -9284
1 5898 -1236
2 -9743 5385
2 -9977 -8233
1 4776 387
2 1726 -9923
1 -1077 3283
2 1402 -861
1 8382 2395
1 -2841 -9227
2 -5753 -4134
2 501 -8059
1 -3137 5322
1 -715 865
2 675 5558
2 6822 -5854
1 -6710 7196
1 7198 -6060
2 1187 7070
2 -1084 3415
1 -3928 -2070
2 138 -6361
1 8509 5236
1 5811 6961
2 9583 -2062
2 -7479 4893
1 2548 6151
1 5583 -8074
1 5430 2869
1 -3688 801
1 -6110 -5907
2 -8268 3334
2 9065 7482
2 -6555 -7596
1 -7141 6832
2 -2014 -2436
2 -898 -5870
2 -5097 5812
2 396 6880
2 7787 6041
1 -9852 8064
2 7680 -9144
1 -8253 -9711
1 6532 8032
2 -5185 -3899
2 9782 1654
1 -431 -6138
2 7851 -4684
2 6397 8954
2 -8522 -5981
2 -5493 -2353
2 5259 -4511
2 2149 263
2 -6759 3592
2 -5969 5805
2 5073 -8655
2 -5118 2551
1 4254 -8167
2 -7227 9238
1 -6114 -1395
1 6382 -2303
1 8888 5222
2 -4936 2933
1 -5039 6922
2 1270 8508
2 7326 -7852
2 -7615 -4237
2 5447 2601
1 -6693 2238
1 -5564 -4062
1 -5928 -1466
2 -5529 3553
2 -5826 5030
2 3587 -3623
1 -1418 146
1 819 8058
1 9780 460
2 -9045 8894
2 -3827 -4021
2 9765 -7104
2 3404 7920
1 -809 679
1 5856 7212
2 4723 -7909
2 751 4164
1 -3171 3347
1 8379 -2346
1 -6450 -6917
2 3405 -1269
1 7496 9145
2 454 -4415
2 -1637 -4448
2 -7085 -3688
1 9801 1788
1 2807 -4298
1 -2975 -5357
2 6987 -9403
2 9635 5878
1 -835 -9013
1 -3822 3981
2 2241 -4118
1 8666 7935
1 -2577 -6767
1 -2186 4376
2 -891 -2400
1 851 -5908
2 973 6815
1 1021 4328
1 7014 1757
1 4711 6421
2 6696 -9422
1 -1696 2823
2 755 3940
2 4495 8844
1 7990 -2153
1 4397 6566
1 -7064 -4290
1 -21 5063
1 -1877 -9353
1 -2212 9381
2 -3399 558
2 4762 3274
1 -1599 -1239
1 -3753 1954
1 -5947 -4591
2 -5560 -8504
2 694 9956
2 3840 8579
1 -8571 -3571
2 8471 -3727
2 -2618 8849
1 9474 -2580
2 963 -8733
1 6588 3032
1 5736 1301
1 -8325 9440
1 -9040 -6244
2 1139 -1391
1 1151 9902
2 -9051 6011
2 5962 -6022
2 4264 4130
1 -1843 7681
1 9719 -755
2 1655 -9056
1 7600 -9019
2 5475 -1469
1 9453 8795
2 -3450 -6378
2 -3505 -2220
2 6580 -9831
1 -1783 8240
1 -780 6863
1 4972 5441
2 3370 -1777
2 1466 -8897
2 4385 -5433
1 7163 8117
1 -6193 -1930
2 -3579 -3720
1 1854 -2064
1 6148 69
2 -8529 1514
2 -2672 6963
1 680 3486
2 -5201 -2279
1 563 -2975
2 -3388 1962
1 2722 5357
2 3901 2398
2 7990 1243
2 6434 5685
1 -5052 7429
2 -6897 9617
2 2499 9893
1 -6278 -4299
2 -3310 -3059
2 3576 218
2 -3813 -6349
1 -2026 4314
1 6629 5412
2 7545 5400
1 -5040 -823
1 -4860 1721
2 348 4324
2 9350 -6776
1 -5889 -7752
2 -3773 -4322
1 -2457 9157
1 -3250 -1858
2 3386 -7816
2 433 -8548
1 -2435 8536
2 -2909 -3143
2 -7254 -9848
1 -2252 -235
1 -3600 -214
2 -2366 -2341
1 5144 2747
1 2811 1003
2 -4633 9539
2 6096 -9825
1 -46 -7864
1 831 210
1 -3462 9326
1 -7481 7370
1 7943 -2734
1 -9857 -2546
1 -7602 -3527
1 4905 -5932
2 -6850 -2890
2 2933 4665
1 910 9448
2 -5720 2171
2 9030 5446
2 -6295 2549
1 -6527 6469
1 2471 -7149
2 -8529 -2070
2 -9910 5202
2 -2628 -2948
2 -2954 8375
1 7865 -5103
1 -8817 -727
2 -3048 988
2 -4676 496
1 8076 -3194
2 6514 -9201
2 9656 488
1 9633 -9131
2 -8778 1428
1 -1400 -9411
1 8660 -1523
2 8069 -9917
1 322 -7514
2 3366 3165
1 -704 2051
2 2584 -1179
2 -3502 8062
2 -6579 4634
2 -974 -9861
1 -6678 -3853
1 -2992 8785
1 -8079 -509
2 -921 -4376
2 -3574 800
1 -9142 -5002
1 9606 -7244
2 -8510 5281
1 -7892 -2498
1 -6808 -2840
2 -9563 9032
1 -9755 -3480
2 -6116 -244
1 6524 4720
1 7583 2969
2 -2400 8563
2 -7430 9982
2 4269 -1438
2 7014 -6105
2 -836 -7638
1 2193 -5739
1 5065 3809
2 7009 -750
1 2283 5000
2 -4839 -3175
2 -265 3376
1 9478 1069
1 1246 3466
2 -7830 -6627
2 3757 -8724
1 5322 -4883
2 7708 579
2 6639 6389
2 5839 8985
2 5743 -1752
1 -9565 9939
2 -3227 8284
2 -2872 -7162
1 -5438 -7603
1 -6808 7684
2 -2198 6691
1 284 -3526
2 -9825 2599
2 -4669 7201
2 -3626 224
2 9198 -80
1 -2390 -487
2 3614 2256
1 -9638 5646
2 -3867 2577
2 -2516 -1156
2 -4936 239
1 -4840 2854
2 -1998 -8013
2 -842 -3922
1 7717 -8987
2 -325 -2582
2 2976 -102
2 2366 -6172
1 3396 197
1 -7201 -7668
2 8277 -225
1 6270 -4705
2 -5898 -4661
1 6469 9260
2 -2633 2937
2 6141 4598
2 9203 7392
1 943 -596
2 -1523 173
2 986 -4427
1 -5232 -6755
2 -4275 -4569
2 -5542 -4068
1 553 -6985
2 -4080 3932
2 -7883 -6326
2 491 4602
1 6555 8353
2 -937 -4537
2 -9013 -9291
2 -4726 -8021
1 2271 -8083
2 8276 4535
1 -3526 2585
2 -7605 9123
1 6921 -3441
2 -581 -9405
2 4576 1787
2 -860 -7232
1 3904 1843
1 -6075 7081
1 5112 -8509
2 2419 -1683
2 2007 -8420
1 -9792 9461
2 -7265 -1751
2 -5649 5147
1 2118 -1731
1 1076 -1700
2 -7407 -495
2 -5035 7510
1 -5391 -3565
2 3204 -6616
1 8234 4594
1 6995 2628
2 -9029 -3089
1 3122 9900
1 -7800 -1640
1 -5116 -5206
2 2172 7821
1 5209 4589
1 -7196 5092
1 8340 5350
2 1201 -5328
2 -9795 6400
1 2028 6877
2 -7850 3787
1 6122 568
2 -8581 -6273
2 4539 7854
1 -763 -737
2 -9922 5501
2 4393 9307
1 -6274 -3693
2 8297 1006
1 4102 5258
2 5281 7193
1 4864 -9621
1 3908 8363
2 913 7185
1 -8801 3443
2 7877 5811
2 -92 -4938
1 3099 -6123
2 2853 8900
2 2993 -5127
1 -7330 6062
2 9308 -9794
1 5956 -1422
2 -6811 8347
2 -4845 -2668
1 6180 190
2 -4213 -1142
2 -3001 -9526
1 8435 -6544
2 4167 -7183
1 898 2310
2 -9541 -7411
2 3829 -5594
2 7451 -451
2 8121 -961
2 -5239 9715
2 6657 9268
1 -4202 6533
1 6841 -3573
1 -932 -3233
2 -3123 -2395
2 -7219 -5026
1 -7017 9068
1 5257 8034
1 2670 -6957
2 5003 2610
2 -34 -5119
2 -1056 -4662
2 1843 -1073
1 -2369 716
1 -3172 6944
2 -4816 -7157
2 -3009 -7729
1 6068 -4109
1 2721 8876
2 -9787 -3050
2 3735 -5311
2 4062 9385
1 7952 602
2 -6408 6950
2 -8343 -6786
1 -8243 9724
1 3520 -1297
1 3909 -2333
2 9034 47
2 4460 -6460
1 -9005 -4885
2 1018 -4773
2 568 906
1 7326 -211
2 4077 -8325
1 4646 5674
1 -4713 -7945
1 7923 -8930
2 1182 -9326
1 9134 -1426
1 7283 5081
1 -1525 -9351
2 -8971 9681
1 -4970 6840
2 5894 -6581
1 78 5358
2 7228 4976
1 -3948 5073
1 9776 972
2 -5099 9241
2 7398 9852
1 -2216 -7806
2 -440 324
2 -2697 9510
2 -8059 4851
1 -6170 -7295
1 -7046 9629
2 -8306 5315
2 -1330 9022
2 8346 -4686
2 -4949 -7023
2 -7673 9909
2 -4271 -6121
2 5677 -9845
2 -5969 7855
1 2994 2642
2 -4086 2595
1 -1604 9210
1 -2467 2443
1 -5581 -3509
1 2383 6588
1 114 -2740
2 -2227 -2882
2 -1274 -4781
2 9064 3327
2 -1485 2156
1 -9636 -8849
1 -1683 -2508
2 3577 -7457
2 -5879 -9083
2 1176 -4180
1 4124 -8053
1 6778 9344
2 -7242 -5394
2 -832 -9303
1 7359 -3596
2 -7607 -1617
2 -8543 2301
2 -4682 -1839
1 12 1969
2 -602 -6725
1 7986 -8637
2 -1471 3771
2 7199 2986
2 43 -6762
1 702 -536
1 -5971 -6634
1 2357 -3375
1 1605 -6093
2 3683 -5894
2 -3429 -2690
2 8240 -1569
1 -753 -8156
2 9720 -2845
1 -902 4252
2 2560 9764
2 -5458 7143
1 2655 3131
2 294 732
2 -6668 1492
1 -1817 8316
1 6309 -9603
1 -4646 1172
2 -2424 42
2 -8702 -2086
2 5798 6508
2 -6021 -9806
2 -5460 -6916
2 -5026 -4648
1 -4397 -3324
1 -837 -1583
2 -6043 -3582
2 -2689 -5934
1 -4843 -8716
2 3861 -8771
1 -9196 -6543
1 2183 7360
2 2870 7037
2 -2153 1760
1 -1907 2096
2 -1788 -7618
1 -4917 -2850
2 575 9262
2 -2700 2104
2 -167 5964
2 -8236 -2181
2 -6891 2595
1 4399 8498
1 -4869 -8614
1 -493 708
1 -7594 8246
2 6827 -4488
1 -6651 8255
2 -9897 7647
2 4755 9600
1 8899 -5080
1 3545 2426
2 -6593 8443
1 -8657 -4673
2 -2824 -502
1 -8467 7960
2 -3607 6169
1 3603 5272
2 -6674 2881
1 6685 2518
2 2457 -7062
1 8571 4153
1 3230 -222
2 43 8449
1 9422 7650
2 -7551 2697
1 7751 -5120
1 6548 1819
2 4232 5244
1 -2312 -9710
2 -4469 -6273
1 5358 3350
1 -194 2501
1 -5029 -3627
2 9456 -4853
1 4631 -5107
1 4173 4224
1 7474 2315
2 -6378 3598
1 -8901 9228
2 -1750 2974
2 5803 -1711
2 4650 -871
1 -4353 -4987
2 -1422 -5733
2 -2093 -8602
2 -3551 1462
2 -127 -7253
2 -1527 8560
1 -4618 -9076
2 3768 -989
2 2651 -2363
1 -1948 487
1 8416 -3852
2 -5102 367
1 -6495 9854
2 -9785 9857
1 -3464 7516
2 6720 -9646
1 -3138 -5729
1 505 -6014
2 -6759 -1135
1 -911 -3837
1 -1 2043
1 1369 205
2 -905 8481
2 8362 -6115
2 5105 1562
2 -5049 9392
2 -3103 1960
2 -694 -5650
2 -15 2378
2 -8844 5637
2 -6760 -5630
2 4729 -4954
2 2980 2438
1 -5729 8688
2 -2504 -8157
1 3206 5876
1 3729 -9384
1 -3943 8352
2 -10000 -5532
2 191 2534
1 -1821 8713
2 -6096 4869
1 -4805 4736
2 -7684 6435
2 5049 9664
1 1093 2277
2 -5197 3601
2 -5405 5414
1 -6266 -9632
2 9664 8441
1 5485 -3989
1 -6936 9154
2 7610 -8724
1 -5016 7825
2 6994 5575
2 -2802 -3381
2 -187 1562
1 -7496 -73
1 7386 -5457
1 -8593 -7714
2 -8831 -2778
1 7566 -5178
1 4435 1542
2 -6618 -8590
1 3948 -6278
1 7454 3601
2 2901 9653
2 -4700 2218
2 -6352 5620
1 -8375 8223
2 -2208 -4847
2 8618 7094
2 -6616 5288
2 -8191 -835
1 1050 -1897
2 4565 5241
1 9844 8958
2 4474 -5905
1 -6468 -1797
1 2532 -1690
1 202 -5674
1 7093 -328
1 3345 -708
2 -669 -9851
2 -458 6587
2 -5193 -7993
2 -7310 -1454
2 -2256 1955
1 -7274 -5691
1 3508 -4620
1 -7654 -7495
2 -6702 435
2 -5555 -2754
2 9959 -6566
2 -7353 9153
2 8157 4368
1 -7603 1611
2 5510 6641
2 -5966 325
1 -7357 1549
2 -392 2875
1 -8296 -7903
2 -9672 6794
1 -3811 -5097
2 -6822 -7534
2 2983 -6180
1 4557 -3121
2 -2896 -8961
2 7142 9065
1 -3129 -2454
1 4522 -2751
2 -9560 -9765
2 -4191 -9785
1 -2929 -2572
2 5484 -204
1 -267 -535
2 -791 2359
1 1519 -6306
2 -622 -1668
1 -6756 2571
2 -9597 5681
2 8364 -3249
2 -8162 -7867
2 -5132 -3176
1 -3552 -1887
1 6956 -4056
2 -4364 -4349
2 2485 8139
2 -3037 -3002
2 5210 -9920
2 -8717 -1765
1 759 -1562
2 -9340 6066
1 5451 8022
1 -1804 -1309
1 -5725 1885
2 -7271 -3549
1 -4074 2881
1 -18 8947
1 -7275 7803
1 3842 -6752
2 -521 -2905
1 4301 9066
2 3135 715
1 747 -8151
1 -339 -1315
1 4910 -6132
2 -2967 -1031
1 9622 8508
1 -8390 -5296
2 -9401 3987
1 3107 -691
2 7184 6554
2 -9237 8282
1 7929 -4914
2 -1395 -8920
2 1820 4105
1 2579 2321
2 -8621 -1037
2 1821 -494
1 7620 4878
1 -5113 -7583
2 7703 9493
1 4769 1866
2 -4377 5864
1 -3961 7142
2 5320 -526
1 9950 -3852
1 2712 -4203
2 -5853 -9403
1 -299 -4132
2 -4543 9319
1 -2306 -3273
1 2503 -7448
2 678 -855
1 6688 9946
1 -4403 3565
2 -3140 -6414
2 5863 33
1 -7131 1827
1 5861 227
1 3304 -6129
2 4406 3782
2 -6904 -3748
2 9631 1077
2 -1333 -3683
1 -4576 7731
1 -1797 418
2 6542 7539
2 -9946 3949
2 -1012 -9857
2 -7864 -8163
1 7197 9166
2 -2573 904
1 -767 2742
1 9714 8874
2 -2777 -3783
1 -5367 8680
2 -2951 -2950
1 9382 5182
2 -2812 6678
2 5848 -7403
2 -7268 -6870
2 5230 -6999
2 4305 -9239
2 5226 7224
1 9151 7382
2 -6014 -1135
2 -4665 3550
2 -1690 -2625
2 -5115 -2913
2 -1404 5202
2 -2687 8356
2 7859 1724
1 -5290 280
1 3460 -6109
2 -1973 2876
1 5778 -2258
2 4679 -596
2 2595 9498
1 -9244 7994
2 6145 7674
2 -5264 -7735
1 609 -9217
2 -70 4099
2 5296 -2317
2 3470 -1017
2 -1513 -4474
1 921 -8070
1 439 -9548
1 -2240 -1583
1 7595 -6625
2 -5853 103
1 -2523 -4373
1 5769 5946
2 -3236 -57
2 4076 -3416
1 -9097 -9377
1 -3712 -4078
1 663 2759
1 -9408 198
2 -938 -2309
1 2871 4682
2 271 6829
2 -9664 6066
1 -869 -5096
1 70 1762
1 -8030 -464
1 -6832 8026
2 -1339 2514
1 -1941 -5080
1 -8367 9053
1 6642 3223
1 5904 2032
2 -3301 9665
1 5834 -1108
2 5749 2292
2 8038 1485
1 -2287 3176
2 -2109 -5027
2 -2634 -7814
1 -3554 4430
1 -1894 5026
1 -7773 7855
2 7372 -7065
1 3946 -1801
1 232 -1830
1 291 -3038
2 9672 7246
2 -6100 3772
1 -7529 -9174
2 -3813 -5481
1 4829 6959
1 -2039 4541
2 8689 230
2 -987 6473
1 6174 6661
2 -5616 456
2 5244 3789
1 -3264 6004
2 -1188 1448
2 7628 150
1 -6715 3855
2 -2309 -2893
1 6121 2124
2 1694 480
2 -3438 629
1 2156 4597
1 -7321 -673
1 -5435 -3357
1 -8128 3648
2 4150 4961
1 241 -5483
2 -2860 -4391
2 -8939 -8103
2 -3316 -8409
2 -8994 5830
2 -7145 -8282
2 -9430 -4596
1 5174 603
1 6891 -5339
1 -9401 7113
2 6537 -3348
2 6345 -6650
2 991 8543
1 -8338 -7212
2 7975 1556
2 -3987 -2689
2 1428 -1864
2 -8111 7249
2 7081 -4496
1 1072 -7603
2 2866 6897
2 4758 7379
2 5638 -3789
1 7255 -6932
2 -6534 -6478
2 4264 3472
1 1974 -6449
2 4010 4674
1 -1 659
1 5460 35
1 -8510 -8067
1 2343 -1125
2 2679 3508
1 4004 8992
1 -3989 1742
2 -3865 6670
2 -2579 -3005
1 -6397 5843
1 -3233 7855
2 8289 4270
2 -2267 4592
1 -1318 4117
1 2256 -62
1 7753 -3535
1 5203 949
2 -4890 -5070
1 -8031 3605
1 -6353 -5145
2 -8384 4139
1 3811 6225
2 9997 -4291
2 6553 9073
2 -3601 7143
2 -7652 -2456
2 957 3110
2 -6947 3323
2 8607 1641
1 -106 -9893
2 3689 -8180
2 589 -7372
1 -5011 3638
1 5078 -5636
1 8562 -7829
2 2581 -518
1 -3430 1519
1 3829 -3248
1 2814 -6315
1 7706 2074
1 -5763 -8050
2 -2704 -3941
2 2528 57
1 -5397 -3229
1 -6987 -2509
2 3130 1515
2 2016 6802
2 -4101 5046
2 3415 -3055
1 726 5434
1 -1810 3837
2 8892 -5984
1 -8818 5112
1 -654 -8080
2 -2565 -4856
1 8401 7400
1 3365 -7756
1 -7035 9176
1 72 -4414
1 7052 -6325
2 -9020 5448
2 1868 -1728
1 -8265 954
2 2128 7348
1 -3337 8982
1 -3212 -3660
2 -2858 -6268
1 -302 5864
2 -8740 6858
1 -2615 -6380
1 392 538
2 3264 -4360
1 3193 5907
2 9423 -1721
1 5375 2960
2 9359 8997
2 -246 4323
2 -5228 9139
2 7143 7905
1 -9101 -6473
1 -1891 -9424
1 1436 -7475
1 -1993 2951
1 -1527 -3514
1 -2211 -703
2 -1231 8622
1 -5191 -9317
2 -5882 -7953
2 -2433 8287
2 -7917 6743
2 8350 -5537
1 -7877 -1547
2 4096 -4125
1 -5375 -2089
1 5001 9179
1 -4177 8286
1 -4633 -4209
2 4973 9977
2 -2898 2666
1 5831 -2778
2 -9005 3876
2 -9497 -988
1 -898 1708
2 -1864 -3678
1 8376 -2335
1 8532 1476
2 -7517 -134
1 -6628 -9291
2 -6815 -7032
2 -7208 2382
1 6011 12
2 3107 1477
2 9858 -7360
2 2459 -360
1 -6967 5019
1 -3060 8482
2 -9308 -8942
2 -5024 8456
1 -5006 -4996
1 -7271 7735
2 1895 430
2 4682 -8713
1 7182 -2837
1 5649 2750
2 -7021 4676
2 2468 4073
2 -4036 -6537
2 -6176 -3192
2 1765 7497
2 3342 6998
1 5017 6660
1 -8224 -1775
2 -9433 8853
1 -5955 -5420
1 -8625 7639
2 -5938 1604
2 -4375 -4942
2 -9877 -6964
2 -8745 6243
1 -5012 6283
2 51 -649
2 -2193 8854
1 -4371 597
1 9990 2626
2 -9485 5386
1 -8222 -5857
1 -4143 -3887
1 -5907 3024
2 1472 4604
2 4337 7203
1 -5409 2314
2 488 -3839
1 -1914 8400
2 -2546 -1544
1 7400 1193
2 9970 -8315
1 7897 -3865
2 1276 -626
2 -2866 5295
2 7364 693
1 1265 3612
2 4378 9054
2 3266 5875
1 -7214 -7731
2 -3070 1981
1 -3165 7249
1 9076 -9060
2 -6189 -7297
2 -5442 8149
1 7309 1983
2 -8225 2382
1 -1286 3390
1 -5036 2164
2 -8339 8810
2 -500 -1546
1 -6763 2957
1 6686 4735
1 -5603 -7760
2 -7608 -9355
2 -4477 -8805
1 -2313 6396
1 -7966 -1818
2 5445 -7628
2 -6465 -9686
1 -4767 -7306
1 6807 -1919
1 1453 -3762
1 6094 -7809
2 -9581 7105
1 -2547 -3308
1 119 6907
1 8264 -9984
2 451 2130
2 8229 -9060
2 -8982 -5003
1 248 -1548
1 -3733 6054
2 6573 8165
2 7298 8025
2 1981 -7897
2 7646 -7339
2 3099 5920
2 -7687 -2835
1 -2024 -1339
1 -8294 3246
2 -6274 -9893
1 3097 5890
1 -2228 -665
1 7426 -438
2 -5621 9491
2 -5193 -8349
2 2872 8312
2 3860 3307
1 -8088 3171
2 -9161 -304
2 1981 -7665
1 3339 -9641
2 -4468 -3442
1 -7685 6688
1 -8077 1997
1 -7968 1183
2 1284 3874
2 3982 6892
2 1475 -7972
2 5908 9407
2 1573 -1426
1 -7082 -5298
2 5476 9108
2 -1076 2718
1 -3902 5012
1 9729 8291
1 -6077 -6359
1 924 -7890
1 1779 -3569
1 -6231 1407
2 2205 3542
2 -6378 -8204
2 3235 -8895
2 -107 6914
2 -3283 2567
1 5241 -1575
1 2056 8936
2 3198 503
1 -3786 -5508
1 1721 5897
1 2293 -1748
2 5740 661
2 1139 -5251
2 1943 -8825
2 -6584 6429
2 -2268 -477
2 -726 1879
2 -5914 -8673
2 -6565 1651
1 2622 -4151
2 -7854 -7759
1 -6091 4935
1 4323 -6820
1 -9520 6972
1 -8931 -1603
1 6404 7058
1 3369 -4511
2 9350 2546
2 499 1248
1 -5865 9581
1 -6094 3171
1 3203 4346
2 471 7491
1 9589 -9835
2 -3241 9778
2 1392 9318
1 -9712 -50
2 -8159 4700
1 -1088 -6181
1 -9144 805
2 9953 -9670
2 -1194 7353
1 6111 4240
1 3063 9563
1 -3446 8887
1 -3130 -6459
1 -2338 9776
1 9479 1575
2 -7025 -8978
2 -4107 -3146
2 -4559 -2479
1 8935 659
1 4676 9244
1 -3036 9072
2 -2460 9640
2 -380 -6036
1 -8676 9169
1 -5703 -3695
1 715 -3491
