2736
2 3185 -6066
2 -435 1256
1 1716 -7823
1 129 -8656
1 -9209 -5446
1 -3119 9035
1 -3676 -6175
2 5306 -5071
2 -5893 4462
2 1626 -9055
1 -2416 -259
1 -382 5175
2 1586 -1207
2 -8966 -2021
2 957 -4778
2 9122 4893
1 5918 -8983
2 -1438 5301
2 6257 1564
2 3022 -8632
2 -3089 5013
1 -8938 -1440
1 -6730 2102
1 2204 -6970
1 -9287 -1607
2 8952 2965
2 -5075 -6811
2 49 1069
1 -290 9252
1 9908 4680
1 -7623 8407
2 -3504 8254
2 7398 -2570
2 642 1463
2 6499 -4492
1 7185 -9972
2 3592 1834
1 2871 2591
1 7417 6340
1 63 -5197
2 -2455 6269
1 1628 -8798
1 5952 -6950
1 -3941 -8305
2 -1941 3110
2 6819 2204
2 -3224 8828
1 -5509 7291
2 -6786 -1436
2 5950 -4014
2 823 -6908
2 8662 -7020
1 9244 -1637
2 6275 9619
1 -4844 -4510
2 -3240 9399
2 9271 -7283
1 -5894 3626
1 8690 -4128
1 6922 -6201
1 2383 -9029
1 9768 -3628
2 1193 7749
1 6230 -4596
1 4562 3637
1 3446 -2172
1 2272 9926
1 561 -7377
2 -334 7543
2 5496 4007
1 -7949 4724
1 9295 -2230
2 -2668 2858
2 -7381 8103
1 5234 7242
2 -4057 9221
1 -5450 8690
2 512 9418
1 -3862 9662
1 8129 -2792
1 2689 7566
2 -6560 8095
2 4751 -3368
1 8911 -8683
1 5743 -7704
2 2812 4860
1 7071 -7265
1 -617 -3721
2 -812 -3509
1 -2242 -8126
1 3640 -5575
2 -1100 -6703
1 -9562 6526
1 -290 7987
1 8975 -2355
2 4194 5056
1 8611 3187
2 -676 -3189
1 172 -8683
1 2318 7871
1 -6899 -6178
1 6446 4341
1 -495 -3793
2 993 287
2 2410 3588
2 8330 -777
2 -9835 5167
2 6175 -3324
1 -2373 4203
1 -8307 7726
1 5933 -8804
1 6333 4421
2 3552 8082
1 4808 8532
2 2843 -6118
2 4312 -1183
2 -8997 -6346
2 4190 -3598
1 8501 5884
1 583 -445
2 4929 7847
1 1125 6616
2 5501 2539
2 -2352 6916
2 -4163 -1496
1 -5157 -9523
2 2710 294
2 -3612 8486
1 2007 4554
2 2414 5853
1 -1960 -1230
2 1281 1783
2 -1066 7724
1 12 1684
2 700 5930
1 -8992 1762
1 -7102 -2969
1 -8393 5706
2 -2753 3934
2 950 6140
2 2589 -3954
2 -9706 6921
2 -399 -9508
2 2417 -6953
2 -970 -7551
1 208 8346
2 4949 -4563
1 3842 -4324
2 2913 2847
2 -7697 -517
2 122 6370
1 -7460 7442
1 252 -97
2 -7575 6399
1 -3867 -5342
1 -4804 -1293
2 -6399 1131
2 -2150 -9111
2 279 -47
1 5746 -6921
2 -8902 -5583
2 -3926 983
2 576 -6120
1 4889 2374
2 3270 6051
2 -9013 1404
2 -9679 -1374
1 -8960 -6013
2 -2323 -2706
1 9632 -8451
1 4373 -5596
1 -6531 14
2 -8105 -9631
2 -1634 -4493
2 9207 -3035
1 239 -6038
1 6818 9876
2 1488 -1072
2 -674 -3976
2 -9586 -543
2 8563 3038
2 571 -4810
1 1401 2969
1 6889 -2162
2 -7554 9069
1 -814 -9208
2 3169 4582
1 -3428 -30
1 -6400 2785
1 7855 3251
2 -3846 -2036
1 -889 5993
1 -4761 5453
2 -8691 -2210
1 -5513 -9089
2 -5733 9782
2 -5962 1626
2 6891 4572
2 -670 4536
2 8733 7675
2 -8996 5964
2 -208 4638
2 9993 -6108
1 3627 9767
2 1445 3666
2 1308 -3296
1 -7409 8001
1 6190 8096
2 -8079 2096
2 9867 1908
1 -819 71
2 1460 -3125
2 2539 7882
1 6731 1287
1 -5474 1235
2 -2427 -3675
1 -4471 4143
2 1679 -14
1 -7814 9148
2 6628 3758
2 3628 3042
2 -5696 -4808
1 4259 -5278
2 8742 -7215
1 -9372 8136
2 -5384 -9843
2 7684 -797
1 7241 -2319
1 6451 2079
1 -4775 -1696
1 241 5687
2 -7457 -8508
1 -4968 -9484
2 -7037 -1097
1 3126 -8990
1 -8978 396
1 4553 -143
1 7400 1217
2 -3215 7636
1 4774 -2731
1 -835 3453
1 -4617 -1809
2 7749 9795
2 4360 -6141
2 -3165 9373
1 -5425 4376
1 8681 -5974
1 502 -7057
2 4194 9643
2 -6222 8857
1 6924 8720
2 2210 -3870
1 1865 40
1 5897 512
2 -1802 -3415
2 -315 -41
2 -8787 1779
1 1193 -7587
1 2114 56
1 8616 3169
1 -2310 -6512
1 4819 1891
2 4765 4533
2 7940 -9062
2 -4514 -5722
1 -9190 -2886
1 2209 6551
1 950 -7721
1 -148 -2098
1 -603 -7520
2 -5955 -1625
1 -5828 8742
2 -1387 -8343
1 -719 -9745
2 -5654 -5106
1 -7337 -3322
2 7531 9195
1 2301 7968
1 9247 1332
1 5727 -255
2 9261 783
2 3474 -970
1 -575 -4721
2 -9756 -5779
1 -6575 -7854
1 -3232 7081
2 3435 -6643
2 -2750 -4663
2 -8182 9379
2 -9096 6027
2 2675 8555
1 -3279 7505
1 -495 -5489
2 871 -5889
1 -3563 5257
2 -9546 -3503
2 -8916 8499
1 -3239 8269
2 8815 7359
2 9084 9137
1 5910 -862
2 -9817 7869
2 -546 8732
2 -9752 -826
1 8228 -9507
2 7227 700
2 -6248 -4667
1 7994 -443
2 1689 7818
2 -155 -3137
2 -9377 6385
2 -6114 -7315
1 -3635 -8159
1 -4124 6955
2 -8429 3698
2 -1491 3153
2 8375 -5499
2 -2252 5920
2 4801 3492
2 8180 9147
1 -5300 157
1 2531 6970
2 -5750 -4262
2 6927 -5789
2 8818 -4941
2 8411 -7483
2 -2229 -4867
1 8191 2376
2 -8147 5897
2 -2156 -8742
2 8519 1217
1 -4109 6647
1 5579 5607
1 -7837 2554
1 4339 -4927
2 5593 -7875
2 -8333 5803
2 6931 4577
2 709 -7470
2 8559 5958
2 3826 5491
2 8851 8706
1 68 7365
2 -8534 3033
1 3166 5997
2 -2628 8543
1 -7285 5606
2 6679 6109
2 -7041 3769
2 6697 2225
1 9697 9258
2 -1701 -8026
1 -937 4036
1 1881 -6003
1 1725 4017
1 8761 4208
2 9208 5272
2 -721 8521
2 -7419 -733
2 -7652 7193
2 6311 -3835
1 -9683 867
2 -1199 9737
2 6786 805
1 -7739 -3187
1 -8934 -4889
1 48 -9228
1 5797 5831
2 4718 -3454
1 4370 1208
2 -6130 -3279
2 -2452 6232
1 -6477 -9495
1 -4651 -7731
2 -633 561
2 1939 -1640
1 -7381 -2669
2 5254 5823
2 1374 6114
1 8045 -4060
1 -2925 -3008
2 236 -6683
2 6138 -3720
1 -1151 -2582
1 1372 1939
2 -6572 4029
1 907 -1946
1 811 4350
1 9742 -2436
2 -2003 -5291
1 1983 6330
2 -4048 -9409
2 -208 2376
1 4942 -5169
1 42 -7069
2 -8803 -1275
2 -412 -8901
2 1110 -5949
1 1260 -6696
2 -9875 -8954
1 -4890 2753
2 -511 4412
1 3355 -4051
1 8375 9689
2 475 -3912
1 4901 -8948
2 890 -6985
1 -6369 -3531
2 3625 1351
2 -135 -4888
1 -6948 8994
2 -9627 2422
2 -9998 -7645
2 5556 7822
2 -400 -8301
1 7805 -6823
1 9853 7976
1 92 5071
1 -8032 4829
1 -9306 8978
2 -2125 -2482
2 -3369 7111
2 -2598 -6491
2 4606 4151
2 7374 -682
2 5048 -6341
2 -6455 -9724
1 -3595 184
2 -5797 -5477
1 -1582 -3906
2 3827 3327
1 3156 -5990
1 -704 164
2 804 -9246
1 -7699 2782
2 -5701 -5905
1 -3426 -5464
1 515 -6351
1 513 4266
1 -8997 -2617
2 -4987 -5983
2 -1827 1703
1 -8266 2027
1 -3559 6215
2 -5475 -1836
1 -6468 -7572
1 1365 378
2 -9782 104
2 -5726 9785
2 6004 9964
1 9991 4377
2 -949 4179
2 -8093 2423
1 3601 -8003
2 -3149 -4848
2 4187 8569
1 -556 -8685
2 8312 8507
2 6812 -2970
1 -9412 6136
2 -5598 -1479
2 7258 -3532
1 -8341 6099
2 -1360 -18
2 4333 6067
2 3618 -3192
2 804 7142
2 -5789 -5158
1 -3536 -7345
1 -8163 8133
2 -4413 329
1 -3793 -8908
1 -3403 6710
2 -6611 -2680
2 -2965 9527
2 9706 -5437
2 2720 -7120
2 -5272 2849
1 1225 -9452
2 -417 -3794
2 7101 -6657
2 -4882 9259
2 -971 -5683
1 4022 6067
1 9065 4352
2 -2899 -3438
1 -161 -4428
1 -5475 -8738
1 5272 4327
1 -2266 -107
1 2199 -5703
2 -8156 -6897
2 5812 -229
2 -5402 -5180
1 -6324 9403
2 2077 8871
1 7078 9244
2 -6428 -2667
1 -2989 -9126
2 -8368 -8861
2 7405 3147
2 876 8196
2 -9743 1952
2 6418 -1353
1 4897 5678
2 8737 -4920
2 -7486 5263
2 -7941 2041
1 -8198 8623
1 -539 -1474
2 6193 -9856
2 2860 -9995
2 645 399
2 2153 1980
2 -9422 -2371
1 -1996 9299
2 7084 -6110
1 -1879 -7542
1 -9054 -8976
2 -1023 708
2 -3567 -2876
1 3883 3639
1 3784 6297
2 9831 -7269
2 1529 1634
2 4166 -2927
1 -9881 -7469
2 7782 -3302
2 -2407 7483
2 -912 -6961
1 3626 3536
2 8936 3123
2 3520 3544
2 -8863 293
1 8428 -36
2 -9956 -2822
1 1186 -2960
2 -9753 6579
2 2358 6491
2 7450 9918
2 -5126 -3333
1 -9552 -6214
1 3742 108
1 -9154 -9280
1 -6255 -4413
1 5219 2462
2 -6412 -6102
1 1805 -8771
2 -4529 -2843
1 -1960 -7401
2 -7732 365
1 270 -370
2 9898 7193
2 -6391 6089
1 3994 7318
1 3956 7469
1 2365 1570
2 -1668 -197
1 -491 2586
2 -8028 -4484
2 2853 7797
2 -7134 3551
1 8184 -5348
2 -4314 -4104
1 9025 5704
1 -2763 1808
2 -9981 -8939
2 -2643 -7292
2 1459 3173
2 -6372 -5942
1 8609 -5368
2 8793 2219
1 -6999 5578
2 -6171 -5550
2 3541 8197
1 9393 -6253
2 -196 -2158
1 9658 8645
2 -4212 7276
2 -3692 -7098
1 9694 -3473
1 2553 5884
2 5924 1875
1 -4068 -695
2 4306 -8384
2 -7936 -250
1 2832 9994
1 -4124 -8894
2 -4693 6766
2 737 1263
1 8705 7777
1 -1479 9655
2 7268 38
2 -7779 -1182
1 -641 6816
1 -2301 -4571
1 3464 -7175
2 2561 -2382
2 5380 -4067
1 3232 -69
1 2925 -5396
1 -9232 8172
1 -4512 7212
1 -7330 9351
2 9328 7473
1 -532 3904
2 -7219 -9780
1 2750 -888
1 7551 8429
2 -9897 7110
2 -443 -8838
2 2023 2014
2 2296 -9671
1 -886 4504
1 -2540 -5670
2 8157 -8826
2 1898 -7062
1 -3202 -2420
2 3775 7961
1 7510 5633
1 -9086 757
1 6201 -1984
1 4482 -1921
1 2374 -1445
1 7687 -6526
2 -7653 7021
1 -1071 -7031
1 -3848 6191
1 -6928 -5121
2 2251 -2517
2 -1895 6347
2 9454 4277
1 -5002 -4687
2 1558 1440
1 -9270 -344
2 7684 3887
2 -2974 -215
2 -6476 -1719
1 -5876 -7998
2 -9061 -1554
1 9332 -2942
2 2397 4784
1 -1681 -7629
1 9368 1895
2 -7990 -9106
2 7124 6875
1 5516 8728
2 4970 1819
2 649 -7537
1 -4489 -4297
2 9250 692
2 4965 6709
1 -8516 -3680
1 8580 9463
2 -4771 -8337
2 -3570 8902
1 1242 -5841
2 9241 -2870
2 -9319 7678
2 -4001 2177
2 -3975 6957
1 -2871 6327
2 -5450 -8311
2 -1304 2494
2 -9944 -960
2 1683 8914
2 3819 6725
1 2077 -9604
1 -4997 -3154
2 6235 -9908
1 6225 -2705
2 7437 -7238
2 -8647 4090
2 1869 6580
1 -8327 8896
2 2925 4267
1 -3789 6797
1 6879 9436
1 5599 -107
2 -8832 -6092
1 4272 2356
2 -2884 2851
1 -716 2438
1 3056 2995
1 -8204 8539
2 3489 -8534
2 -8262 2652
2 6837 -1441
1 -6310 -1067
1 -6306 5314
1 6020 -9382
1 -987 6118
1 6581 -5229
2 9259 3690
1 -8400 -9963
1 4845 3558
1 -9415 2466
1 -2024 5411
1 -8928 -9362
1 -2734 4207
2 9075 1125
2 -6384 -6292
2 -4053 4791
2 -6244 -9848
1 -239 5645
1 7132 -6593
1 -101 2255
1 752 -1526
2 6049 -4060
2 -9129 -2206
2 -6558 349
1 5853 2248
1 1026 -4646
1 -3566 3435
2 3118 5722
1 -2562 -4452
1 5765 -468
1 -4215 -865
1 7075 2557
1 -3295 -2434
1 1673 330
2 -7288 1077
1 4862 8664
1 -8469 602
2 9038 -9088
2 -917 2063
2 5119 -9058
1 -230 -2314
2 -9620 -556
1 7462 6724
1 8998 -6963
1 3249 287
2 -2775 -3678
2 4258 4177
1 5682 -9095
2 7504 -3544
1 -3705 -9826
2 4511 -9982
1 8757 -2736
1 -6701 -2843
2 1225 5810
2 -4327 -7276
2 -8308 8770
2 -5270 -8597
2 2804 1420
2 -5930 3193
2 7967 -6157
1 -2307 9421
2 -850 -1557
2 -8377 -3591
1 8391 3271
2 7696 1079
1 2940 4298
2 -1472 7846
1 -8736 3352
2 -6869 4972
1 1204 8972
2 4819 -8159
2 -3516 1484
1 -2972 4405
2 6523 1520
2 7175 3074
2 -5599 -2030
2 8579 -5395
1 -130 -5537
2 -5035 5989
2 47 4023
2 1918 8853
1 6599 -1011
2 2841 -416
2 -901 -6213
2 6749 1565
1 1277 3480
2 -3362 -3126
1 6037 -948
2 7782 -3575
2 -2809 -1061
1 6171 -6936
1 3354 142
2 2081 -4330
1 -152 -1805
2 2779 -5577
2 -5134 -932
2 -4972 -200
2 -4710 1425
2 6744 -7206
1 -6754 -8123
2 5205 -3863
1 7312 962
2 -1254 1845
2 -8197 6279
1 9956 4051
1 -6263 1858
2 1966 -1515
1 -6408 1601
1 -9468 -4978
2 -2467 -4331
2 -1988 -5198
2 -6793 9473
1 9075 559
2 2904 -3389
2 7682 -298
2 6283 -2919
1 4404 373
1 -2422 -6293
2 2704 -9371
1 3117 9866
1 1055 -9620
2 -5548 7140
1 1267 -8673
2 9505 6766
1 3432 4975
2 5148 222
2 6129 -439
2 523 -5457
1 -9338 785
2 -3107 910
2 9318 -1042
2 2577 5204
2 -1973 1539
2 3501 9473
2 -9171 5125
2 -7646 2645
2 4829 -4269
1 -4034 5474
2 40 -7460
2 2354 3740
1 -14 -4283
1 -469 1403
1 -5860 -5609
2 -3235 9537
2 5080 9917
1 -8927 -2086
2 -2178 2474
1 1252 81
1 3865 6695
2 -4501 8597
1 -2822 -9328
1 9326 -1797
1 900 -71
2 -1438 6179
1 -5050 3763
2 1485 7893
2 6796 168
2 8803 -367
1 9528 -6724
2 5632 -3071
1 -4060 6820
2 6709 9044
2 9708 -3259
1 5586 2653
2 -3562 -7129
1 4658 1422
1 7131 4792
1 -664 1844
2 1721 9879
2 9394 8613
1 -3448 -2097
2 736 5189
2 -8619 2963
1 -4235 8482
2 -5277 9075
1 4488 5571
2 -1216 -2035
1 7011 8697
2 2420 5294
1 -6521 3135
2 6048 4091
2 3966 4803
1 -8283 -8964
1 -3250 2428
2 3085 7343
2 -8759 -5035
2 7449 3753
1 -9727 6720
1 -9524 -4834
2 -6417 -6488
2 8420 3995
1 1876 -7505
2 8797 -5073
1 2828 9103
1 5125 3004
1 287 8361
1 -8332 6206
1 4670 -2048
2 -5830 -4978
2 -6469 -5745
1 -8857 2290
1 125 5328
2 8778 8962
1 -7647 -1712
1 -4719 -7690
1 4324 -3958
1 -5477 -2609
1 5886 3248
2 -107 -5443
2 1698 -1781
1 -660 1563
2 8133 -290
2 -2536 2557
2 7778 -7955
2 7363 6262
2 -9613 288
1 -3225 1604
2 1451 8257
2 161 2029
1 -3117 6607
1 1842 -8206
2 9988 3266
2 4742 -8273
1 -3182 817
1 -6076 4991
1 4202 667
2 -5505 -4171
1 1488 -425
2 7887 6391
2 -1661 -9953
2 6375 2141
1 -3695 -3976
1 2678 9175
1 3529 6313
1 -1463 5173
2 6284 8795
2 8666 3680
2 5034 3503
1 -1537 8100
2 -7176 2460
2 -5055 -8528
2 -3980 -9993
1 -4175 -3425
2 -3411 -9096
2 3606 -672
1 9064 996
1 9026 -2200
1 -4440 -617
2 -3324 8560
2 604 -2175
2 -8893 5012
1 8348 -697
2 101 3563
1 5572 6997
2 1936 -8618
2 -3439 742
2 -1641 -427
2 -8889 -6688
1 882 9832
1 -7459 987
1 -8281 -6795
2 -1774 9339
1 -4819 3735
2 276 289
1 2861 5038
2 1563 -8639
2 8304 -1307
1 8014 4887
2 253 -8800
2 8708 7864
2 3719 3562
2 -442 7902
2 -8866 -392
1 9721 -6882
2 -7390 445
2 6751 9490
2 -3821 -3677
2 7395 -6995
2 9199 1999
1 -4215 -2600
1 9375 -177
2 -6547 7775
2 1660 -1085
2 -1897 -3941
2 -7583 -5869
1 4843 -2647
2 -7604 -6598
2 1312 6864
2 -3498 -2892
2 5816 -442
2 4552 -3439
1 -2066 -9248
2 -3991 -2546
2 -8150 6477
1 -4443 1862
1 4688 4377
2 -6211 -2227
2 657 7410
1 -4609 -224
1 -2601 8428
2 6829 7662
2 -1332 -7080
2 1891 -4361
1 -8642 3690
2 6695 1130
1 -8889 3692
2 -4292 7916
2 3531 -7196
1 6992 -9997
1 1234 -9885
1 -930 5663
1 -2488 -1897
1 752 -9716
2 -9585 6096
1 3221 8427
1 -9489 315
1 7785 6871
1 -3368 -4117
1 744 1961
1 9096 -716
2 -8528 -7333
1 -9977 -7427
1 1900 3005
2 5764 -6209
1 -719 -737
1 512 -4669
1 -7209 327
1 9765 7249
2 -1397 5985
2 -1758 -6716
2 5569 -7182
2 -6132 7498
1 2836 -7496
1 1818 -9387
1 -9501 2465
1 -9425 -945
1 1539 -9192
1 8363 1633
2 -5626 5193
2 4546 3562
1 339 7928
1 1514 -9958
2 7004 5570
2 -7640 7132
1 4356 -644
1 -3142 268
2 8222 2211
1 -7041 6310
1 5960 1712
1 -4910 -1942
2 -9260 -4099
2 840 2149
1 -6611 -6508
2 248 5401
2 8009 3160
2 -8324 -2802
2 7405 4459
2 -8999 -7005
2 -5908 -7725
2 -1989 5339
1 1411 -4815
2 -4678 -3604
1 3654 -8265
1 -7193 7560
1 4612 7734
2 3813 -6186
1 9879 9155
1 1476 -9247
2 -7911 6540
2 -1057 -3418
1 3913 2232
2 -9301 175
1 -9837 -7194
1 -5376 -2371
1 -1679 6947
2 -2328 -4380
1 -5718 5542
2 -3629 -8157
1 -6447 4054
2 8851 1927
2 9851 -6207
2 -6601 -6073
1 -9796 -6297
1 9299 2979
2 5317 9892
2 -1336 -860
2 -5042 -5019
2 1213 9389
2 -8453 -2269
1 1030 -9723
1 7529 -8777
1 -8041 -4877
1 4962 -5033
1 3354 -9778
2 -3152 6214
1 3659 -7399
1 -9866 -2433
2 -6458 -947
1 -5317 4244
1 -9293 8452
1 -2972 9784
1 -5940 -8245
1 -2177 -3161
1 -5179 -7603
2 3451 -2912
1 4052 -2594
1 5929 7566
2 -1843 2908
2 -9080 -644
1 -5932 -2508
2 -8864 3091
2 3042 -3853
2 2132 -5948
1 1272 748
1 3450 1367
2 -5247 -3941
1 6991 9986
2 9053 3982
1 9643 -4116
1 6751 -693
1 7944 3741
1 7315 9536
2 -7046 -4457
2 -6765 6807
2 -4074 -1879
2 -9327 -4960
1 9466 1547
2 -7924 -4500
1 533 2391
2 -5580 -3372
2 -5572 -3315
2 4584 -706
1 -6918 7165
2 -4502 2578
1 1573 -452
2 5333 -48
1 8378 2398
2 -3017 -2792
1 1884 -6280
1 1425 -6412
1 -8268 -1783
1 4529 371
1 6688 -3485
1 -3959 2005
2 4339 5660
2 8024 -2668
1 2138 3996
2 4765 2352
1 5624 -4026
1 7182 2003
2 -2684 -490
2 -9523 -111
1 123 -5759
2 -5786 -7709
2 -2293 -4810
2 2786 -5261
2 1718 8449
1 2771 7036
1 8383 946
2 8903 5873
2 -9277 9484
1 -8885 9288
1 -8957 8959
2 3676 -8391
2 8302 6348
2 7226 6449
1 1349 4270
1 -1064 -9631
2 9349 -6640
2 -7757 -7652
2 -4083 -8262
2 -4665 5118
2 6057 4997
1 -7590 124
1 1666 4189
2 -3587 -9287
2 -3776 673
2 -3343 -1566
2 5901 -5535
2 4457 -9897
1 6345 -2290
1 -6845 -3334
1 -8071 -3361
1 -3928 5499
1 -9068 5009
2 -441 1143
1 -221 9767
2 6768 7905
1 -5801 7356
2 7311 -241
2 7920 -3920
2 -8045 -6055
1 -6281 -7250
2 1291 7162
2 4774 5316
1 -2180 -412
2 5880 4126
1 -2410 -2748
2 8570 -9373
2 1672 6485
2 -3327 -9353
2 -2697 4856
1 9018 -8519
1 699 -24
2 3312 1233
1 6720 -6681
2 -9619 9287
2 -8997 -3632
2 -2109 -2078
1 -5212 -925
1 -6596 -6336
1 -2251 -6610
2 -518 5455
1 -5077 -4250
2 5085 -7779
2 -6004 -4665
1 4589 3417
2 7561 3145
2 4588 7281
1 507 -1697
2 -5463 -9310
1 7178 8491
1 1862 6340
1 -22 -7369
2 9742 -49
1 7397 4654
2 -4224 -6944
1 -5816 -5463
2 1009 -6432
1 8602 -7798
2 7682 -631
2 7721 -3069
2 5502 -1846
1 6723 -6823
1 -3657 4745
2 7790 5825
1 -6580 -7790
2 6250 -1907
1 1890 -1535
1 -4521 -4025
1 761 1720
2 -4852 132
1 -3520 -5536
1 1972 5730
2 -6678 4358
2 8263 7399
2 -3818 -7579
1 559 -7060
2 -2008 -8779
1 -2680 5221
2 -6789 3089
1 -1031 4603
1 1181 8622
1 -880 6714
1 -9050 -61
1 -3695 -3074
1 8412 5670
1 7627 5853
2 -6518 1794
2 3050 -3998
2 7447 5142
1 -8136 -7015
1 -7153 4316
1 -891 886
2 9302 2937
1 -6824 -1033
2 -9590 4488
1 9172 -9133
2 -8888 6344
1 -1144 -8527
1 3966 -8786
1 -6179 -4429
1 -3126 3259
1 9873 5151
2 -2090 -4984
1 5359 -4661
2 -3065 -3843
1 -8314 6844
1 4378 7276
2 9737 565
1 5259 3733
2 787 -245
2 5436 -8078
1 2592 3057
1 4784 668
1 1745 -6612
1 -7863 -7135
2 -2648 -8007
1 8211 -1503
2 5644 -1774
1 -3155 -6673
2 -4194 -6492
1 -2188 -5487
1 1666 -9498
1 8938 -7464
1 4779 9989
1 -3311 6192
2 938 -1113
2 -8181 1000
2 3911 8089
1 2033 2283
1 3196 -3096
1 9711 5096
2 2845 -5853
2 7013 -3849
1 -9671 4092
2 409 -9056
1 9910 -6700
1 4657 8141
1 9787 6345
1 1218 6189
1 2135 -2660
1 9422 3801
2 -8912 6081
1 -3240 1161
2 9333 -4066
2 6426 6345
1 8465 -4483
1 -9975 -7085
2 -9196 9736
2 6965 8395
2 -7845 -1737
2 5993 -6019
2 5996 -5307
1 -1726 -9466
1 -5251 -9324
2 -5656 2573
1 -6645 6672
2 -7634 575
2 9661 -1529
1 1960 -5832
1 -4411 1511
1 -3325 156
1 -3503 -9860
2 8355 7562
1 6282 7378
2 413 -3646
2 -2601 4335
1 -4531 -8012
2 -8228 -9533
2 -2958 8643
1 -2627 2052
2 8399 9117
2 5268 -7357
1 7244 -6742
1 2461 1367
1 -6968 -3457
2 6601 8735
1 6653 3621
1 4141 -6563
2 7841 -7228
1 -4083 3613
2 5067 -3383
1 4071 3911
1 1675 -7733
2 -8650 -5330
1 -8387 3629
1 -3626 1903
2 -8574 -8800
1 -23 9642
2 -893 -4812
1 -5214 -8907
2 2584 -7326
1 8592 -6168
2 -2544 -750
1 -4820 8729
1 2632 4526
2 -9483 1691
1 -1365 -8798
2 -648 5739
2 675 -2264
2 -249 -9969
1 1100 9866
2 4784 3166
2 6077 3684
2 8289 -9553
1 2351 4660
2 -3695 -745
1 -8333 9123
1 -5740 7272
2 5679 5094
2 -8250 7909
1 -1302 -5487
2 2999 5152
2 5023 1611
1 -4382 -2925
2 -108 2298
2 1521 8653
2 1670 -9125
2 -1758 -3242
1 3659 -1562
1 5472 9663
1 8924 3987
2 357 -489
2 1050 5787
2 7647 9594
2 -4787 -4520
2 -9487 -1808
1 -4250 6742
1 9028 -3228
2 -2027 -3525
2 -1877 5651
2 8679 -7902
2 6782 1630
1 420 3166
2 659 -9232
2 -76 -2214
1 -1392 -3152
2 1296 -6616
1 -1616 -4527
2 2418 8243
1 7212 -1628
2 6985 9232
1 -6736 -3530
1 -7718 1373
2 2955 -1852
1 -1052 -8358
2 2540 -9468
2 9431 8153
2 -2555 -4118
2 -9941 7117
2 9618 -9192
2 8205 -2903
1 -8032 -4613
1 -2165 -6130
2 -4287 5410
2 -4587 1297
2 2030 8858
2 9698 2682
1 -7004 5373
1 -4625 -1275
1 5420 -5972
1 6240 2256
1 -9566 8356
1 -6248 -9531
1 4622 -3981
2 -8308 -7589
1 -2113 1310
1 4513 -8721
1 -9312 -4202
1 -7596 2019
1 -6608 -1080
1 1116 1745
1 7848 -8248
2 492 4725
2 -1041 9573
1 6924 -3420
2 -2094 -6917
1 -1350 -9923
2 2827 -2945
2 1852 2856
2 -3588 -7417
2 -9290 -6569
1 7048 -7006
2 675 7516
2 3713 2545
2 -5018 -6946
1 -771 633
2 7222 -8498
2 9672 1433
2 1388 -9817
2 -6620 -4506
1 -9324 -8425
2 6231 -7908
2 -2650 9178
2 -7985 -4233
2 -6072 9057
1 4033 3128
2 1257 235
2 1108 -460
2 -857 -1144
2 -7924 4048
1 3266 -347
2 -8558 -3759
2 -2 570
2 2607 7703
2 2672 -3129
1 -9258 -9545
2 -5654 5038
1 -2390 3941
1 -3847 2781
1 4787 4737
2 -5583 -1103
2 -3718 -6428
2 6726 -1860
1 -1305 -8594
1 -443 -4737
2 4100 5510
2 -7470 768
2 -3156 4888
2 1251 3552
1 984 3482
1 -4407 -4929
1 -8902 -7255
1 -6111 2488
1 -4728 6091
2 762 -9335
1 6321 8472
2 -7349 8037
2 6144 8712
1 4386 -6929
1 -4950 -7031
1 7770 7538
2 4086 8082
2 -1241 2543
1 7630 -8576
1 -7399 6474
2 -3884 -8843
1 8902 9712
2 -8931 4481
1 -6468 4978
2 4724 4210
1 32 -1972
1 -6767 7231
2 -9067 -3866
1 -2140 -175
1 3400 6511
2 7367 9939
2 -4263 -5547
1 6232 365
1 -8648 4433
2 -6683 2562
1 5023 9756
2 -5100 -7799
1 9275 995
2 -9503 -6759
1 -9474 -2192
2 -3304 8094
2 2755 -4253
2 -5583 -6172
1 939 4228
1 -4381 9224
2 5585 8206
1 -5651 -7753
1 -863 -117
2 6724 -2213
1 7879 9673
2 -5250 -4897
2 -997 6327
2 2493 -3318
1 -9208 -8122
2 9711 7794
2 0 -9153
1 2244 -7570
1 3801 -7268
1 3233 4699
1 -1865 957
1 -1778 -8486
1 -2798 -3101
2 2678 -84
2 2433 3207
1 9820 -8609
1 -1364 7099
2 -902 -8325
2 -80 8175
2 -8492 7385
1 6917 -9659
2 8573 -3960
1 1555 3875
2 7353 7033
1 -5303 385
2 2516 7903
1 -8165 5348
2 -7963 -9454
1 9087 -8017
2 8143 -7331
2 -2718 1147
1 -3685 -5459
1 -1716 -8085
2 -7498 -1046
2 -7821 -8974
2 7518 2430
2 -8547 -4415
2 -1802 -8197
2 -55 -6099
1 -8471 -1541
1 4675 -6252
2 9099 -3152
1 4626 6945
1 -5748 -5807
1 9238 -2501
2 6676 -6514
1 -770 -469
1 2057 6458
2 -2719 -2755
2 -2339 -2962
2 -3072 -2342
1 1279 6850
2 -5422 2860
2 -4316 -1960
1 1193 4188
2 -3968 7940
2 6890 218
1 -9247 9949
1 8600 -6069
2 -2344 224
1 -2701 8759
1 6077 9894
1 664 -7365
2 8949 -9201
2 3660 3293
1 7006 -6353
2 -8210 1999
2 -6427 -5261
1 -6528 7114
2 5622 248
2 9783 -2465
2 3665 8365
1 -8928 -3630
1 7492 -9610
1 -9597 -4339
1 -3282 4091
1 6110 7192
2 7990 -8020
1 -2241 -8401
2 5510 -7994
1 -7021 -2038
2 -6002 -4357
1 4016 -3290
2 6195 -145
1 5625 -7817
1 1813 8984
2 1204 -2622
1 -4393 -2879
1 4925 -6954
1 2883 -3262
1 2036 -1982
2 -8614 4646
2 3177 -7611
2 -1387 -9089
2 318 -756
1 -3706 -6576
2 2888 -2167
1 7928 -8565
1 9546 8728
2 -4083 -2843
1 -3988 -2223
1 -4120 -5075
1 2898 6710
2 4009 -1883
1 8973 -7249
1 5833 6996
2 -9453 4919
2 5695 -7273
2 -6410 -8721
1 -5383 -8973
1 -5389 -2702
1 -4951 4973
1 -8925 -3233
2 -9854 -2743
2 -1102 3034
2 219 -7670
1 6433 -8840
1 -2297 -6314
2 -6976 5159
2 -2186 5510
1 -8793 6831
2 3658 9917
1 -2564 5122
1 -5935 -5413
2 -7465 4722
2 24 -4321
2 -7937 -9791
2 -56 -4518
2 4628 3720
1 -7012 -3875
2 -7821 -5495
1 -1029 3241
2 -5568 5977
2 -8136 4102
1 -9867 1378
2 -5843 -399
1 6365 -5664
1 -6736 -6417
1 5039 -8797
2 -9194 8094
1 -5567 -3098
1 1782 -9487
1 -7221 -5279
2 -1646 -7811
1 1232 5341
1 4638 4460
1 -8447 -8216
1 -7123 9066
1 5171 8958
1 2930 8307
1 825 4395
1 -2516 -8299
2 9648 -3872
2 -6993 9938
1 -7899 -8750
2 -223 -2896
2 -1372 6618
1 -5690 -7705
2 5276 -8880
2 6021 1925
2 -3763 -6248
1 6263 -6458
2 -6326 3660
2 -285 9338
2 -6616 7269
2 -8924 9379
1 1516 9801
1 2415 9482
1 6069 9384
2 960 -5816
2 2713 -954
2 9982 9161
2 6723 3783
1 -7398 -8047
2 4804 -7474
1 -7572 8165
1 8449 -9328
2 5474 -4242
1 -5578 -3841
1 2247 6021
2 572 4473
1 -14 -2937
2 -1241 -1602
2 -501 7007
1 9333 -4591
1 -4916 -7426
2 7545 -3058
1 2065 -2366
1 -2811 -1278
2 -2450 4324
2 -4701 -4264
1 -4016 4062
2 -3510 3049
1 3751 6416
2 -3187 -8264
1 -6750 -4195
1 -4291 -8683
1 -5884 -8264
1 1234 -948
1 -998 -5963
1 -3648 -8237
1 -5784 5245
1 -748 9090
2 3577 -1081
2 -8 8969
1 -3430 -3517
2 -8196 -4608
2 2578 475
2 468 7196
1 9803 5751
2 -5266 -6016
1 8745 -7915
2 2379 -1469
2 -2871 9097
2 3723 4663
2 5869 -4653
1 7399 1631
1 4691 -5974
2 8169 9999
2 7082 -8132
1 -3312 651
1 2146 -3752
2 -43 -8471
1 -5117 8131
2 -5536 5579
2 -9780 7980
1 -913 -8522
1 6076 -8405
2 757 -3854
2 -4492 3310
2 9421 7384
1 2692 6526
1 1696 -5272
2 -4324 -8048
2 -3687 -6282
1 923 -7173
1 1386 -5764
2 2126 -7119
2 -8280 7185
1 -4435 -623
1 4459 -4231
1 -6898 7434
1 -5227 -8042
1 -4195 -7560
2 -1042 3397
2 9812 -7960
2 4529 -8577
1 -1765 -9008
1 4383 -3165
1 -1656 9966
1 9675 -8730
2 519 8360
1 3583 -9094
1 2259 2467
2 -2254 -3680
1 -4304 7039
1 -6705 8291
1 2865 9012
2 -9413 9270
1 4485 -9206
2 -7306 -8444
1 -6439 8133
2 -5195 3185
1 -9768 -226
2 -6590 5408
1 5130 -2996
1 9131 -2500
2 4768 4978
1 -9990 -6083
2 8391 -9495
2 5191 4368
2 -8252 -7354
1 -1081 6344
2 2385 5634
1 -4934 2768
2 5154 2709
2 8496 -1923
1 -2657 9439
1 -1388 -3580
1 -3385 -8168
1 -4156 6554
2 -8752 -840
2 6961 -7380
2 1051 6444
1 2110 -7594
2 7332 3158
1 -1725 9235
1 2546 3437
2 -6472 6274
2 -3742 8408
2 -6096 6077
2 5545 -8858
1 -4764 9183
2 -5173 7553
1 8593 6708
2 8211 -1283
1 3042 -2878
1 5219 -5660
1 -9551 -315
2 3024 8021
2 2868 4484
1 5103 -1152
1 7785 -5434
1 3346 6559
2 3312 932
2 1251 2809
2 -6409 892
2 -1150 6774
1 -8475 -4386
2 -277 -2600
1 -2514 -4834
2 9589 -6153
2 -6498 -1201
2 -207 -895
1 -8683 -511
2 5304 -9202
1 7266 4790
2 -7917 -473
2 -4645 8215
1 -3867 4258
2 6396 7720
1 3118 4482
1 -5558 -3806
1 -1750 6725
1 1649 5087
2 1133 1027
2 7313 2462
2 2127 -377
1 -5416 2544
2 5112 -1095
1 2453 6761
2 6424 -2114
1 1280 2735
1 6253 8341
1 -372 734
1 -5236 -4417
1 -6111 -8175
1 -6307 -9676
1 -4854 -1979
2 6484 1564
2 -9826 -2532
2 -8920 -4238
1 -3469 -4743
2 509 7562
2 -302 6690
1 -7043 1966
1 -9284 -350
1 6921 6721
2 -7144 -7659
2 6604 1059
1 2043 -8365
2 -4807 -1313
1 6235 -9627
2 7568 -7992
1 -7549 2605
2 -8320 -1741
1 -695 -5146
1 -7985 -4274
1 -556 -3443
1 -7693 -4327
1 8158 3750
2 8978 8663
2 -2065 -7368
1 -8417 7282
2 7290 7229
2 -2653 5404
1 -3738 957
1 -5656 -585
1 2169 7208
2 4231 2777
2 1490 3357
1 9396 2747
1 9166 453
1 -8774 -9718
1 2655 6029
1 -9728 3838
2 7645 -3532
1 127 -7069
1 3862 -2850
1 5783 5590
2 7291 -7153
1 -3743 7438
1 -5221 567
2 -2457 -2084
1 1274 -4351
1 9824 5766
2 1349 6822
2 1383 -514
1 -5578 -9155
2 -3543 927
1 -3958 3061
1 4898 -2026
1 -4181 6168
1 1188 1763
1 2572 -8482
1 -1193 1374
1 -1618 3470
1 1582 -7185
2 -3177 7292
2 2466 -2183
1 -2611 -546
2 1241 -6282
1 4148 5543
1 8700 -4392
1 -3939 -7423
2 -6044 -4954
1 4962 4768
2 8274 -976
2 478 -4212
2 -2589 3432
2 5943 -9711
1 201 -7428
1 2099 1631
2 6287 -1219
1 -5030 -8755
1 1736 -1593
1 -1807 -9681
2 -4419 -5255
1 -4522 -2799
1 4490 -6563
1 7094 7625
2 -6911 -4243
1 5203 -7181
2 7414 -1654
2 1546 -5401
2 -5873 -5432
1 -7723 -6044
2 8934 4258
2 -6725 -8801
1 -9528 3315
1 -2423 5901
2 1059 -396
1 -1809 38
1 2133 -1865
2 5457 9350
2 -9922 3603
1 -9898 6650
1 -3877 7988
2 -1082 -2022
1 5632 -3839
2 834 -5104
1 -1946 -7916
2 3559 5980
2 -9937 -8287
1 9714 8095
2 9158 -6991
1 -4943 4918
1 6299 -975
1 -3713 -5729
2 -5452 9727
2 -584 -265
2 7829 -1961
2 -9028 8626
2 8281 6590
2 -5310 -4318
2 -670 1815
1 -5014 -6631
1 7654 -9569
2 -4397 9306
2 9697 481
1 -2846 -5803
1 5094 5381
1 -1866 -6698
1 -2960 9620
1 -6325 6630
1 -4001 -44
2 5459 395
1 5271 -3054
1 -2598 3233
1 9107 7767
1 -217 -8687
1 -2754 -9112
1 -2001 8100
2 1418 2080
1 -954 801
2 -3608 -2547
1 -7437 8766
1 7693 -4758
2 -5415 -4411
2 -6601 4464
2 -3238 3550
1 -1570 87
1 -4347 5632
2 -686 4405
1 -8574 945
2 5436 9548
1 1265 -6432
1 6292 1686
2 1700 -4600
1 -1120 -1737
1 -9324 -2609
1 -8343 4179
1 -9699 8973
2 -9240 4753
1 2623 -3975
2 -7557 -6065
2 1933 4073
1 3285 -5922
2 5111 2396
1 -6975 4307
2 -7981 -2732
2 5512 8071
2 -2584 6943
2 2309 -1824
2 -4560 268
2 7226 4789
2 -2092 1269
2 -4791 -4030
1 4924 -228
1 5584 -8924
1 981 4704
2 3166 -6669
1 -9321 -4554
2 1265 -4181
1 3270 291
2 9984 4492
2 -9060 -2754
2 4437 6406
1 6155 -4640
2 4146 -8355
2 -8624 6850
1 -2450 -3301
2 -293 7951
2 -9677 -5863
2 -483 3923
1 -1290 -3405
2 -4443 8403
1 -6169 -54
1 9224 -8924
2 1492 -7125
1 -9124 4277
2 -6851 -2309
1 -105 -7217
1 -5003 1405
1 -9549 3464
2 2739 -2391
2 3627 -165
1 -7421 7888
2 7922 -1338
2 -6168 -8283
1 4964 8395
2 9246 -9200
2 -6571 -1526
1 6538 -570
1 9402 -6344
2 -6469 1549
2 -5594 -9171
2 -4947 3383
1 4341 -6811
1 5306 5036
1 -7029 8139
1 -2198 -1918
2 4654 -325
2 3829 -4597
1 -3544 2403
2 -858 -8418
2 3538 -9105
1 9914 -2367
2 5742 -256
2 7436 -4087
2 -1569 -2125
2 -4122 2343
2 7270 -8828
2 -9359 5735
2 -3481 -5937
1 -6855 -1456
1 3345 -550
1 -2778 7364
1 9381 -5935
1 -4163 -3278
2 -6265 -5812
1 -5539 -9884
1 7768 -3700
2 -8325 6983
1 -8663 -5693
1 5471 -9638
2 -3577 -8893
2 -4238 9370
1 3285 -9507
2 7650 2289
2 960 -4009
2 7095 -9466
2 -7964 -7297
2 9849 3067
1 -3769 -1529
2 -9836 -9105
1 -9907 6507
1 -5691 227
1 1869 -7383
1 -9046 -874
1 1179 -2694
1 6217 4979
1 -4167 5962
1 9112 2405
2 -9989 3747
2 -1998 33
1 -8347 6761
1 6519 -5239
2 3552 -897
2 3784 5513
2 3065 6816
2 -2561 6823
2 5081 2152
1 -5790 -6816
1 9857 -9856
2 6081 1566
2 -1356 4679
1 -4720 690
2 -7786 7365
1 -9802 -8810
1 8099 3399
2 -7207 -3073
1 8278 2937
1 9997 -7986
2 -4944 2000
2 -2991 -4503
2 9344 -8360
1 3711 -8869
2 -8324 -9327
1 -6016 -4225
1 8066 -2761
1 7402 2585
2 285 -8670
2 -5138 4761
2 -9480 4469
2 -3946 -1802
2 -5810 8482
1 -4722 4638
2 -4151 -1160
1 -2810 -3598
2 -5139 5799
1 -278 8584
1 -7021 -3380
2 7686 -2854
2 -7485 8559
1 6862 23
2 5717 1627
2 -6858 5400
1 965 1594
1 -3237 -4399
2 -4934 -4575
2 -9096 9637
1 7850 -2005
2 698 4482
2 -8993 -5126
1 -4299 -4671
2 -7057 2986
1 859 7796
1 -4385 8074
2 -5928 438
2 3022 -5217
2 -1814 9104
2 9231 9772
2 -8192 776
2 5897 2927
2 2440 -9850
2 8594 -6777
1 -5846 -5463
2 1144 5223
1 -4972 -7435
2 3506 6897
1 -7887 2870
2 4477 4377
2 -4066 -1467
1 5238 4915
2 2235 -2919
1 -8931 6112
2 -2758 -6470
2 -2286 -6988
2 -6668 1497
1 -8454 3506
1 -2316 -1375
2 2932 1988
1 9226 -1379
2 3376 -4266
1 -9584 -3443
2 4471 2259
1 -7198 784
2 -9847 7704
2 -3683 2869
1 -3365 6896
2 -9103 -3998
2 -8066 -6730
2 4688 4881
1 -5228 -5159
1 1629 -2917
1 2080 -6002
2 7814 2596
2 9758 354
2 -5569 4888
1 7988 3803
2 -8532 -3163
2 9234 -6489
2 7786 8354
1 -2319 4631
2 1815 -5272
1 9800 -2186
2 -2528 9446
1 -3134 6634
1 -7350 625
1 3015 -3790
1 -5585 2761
1 -5060 -2509
2 -9147 -26
2 -3014 -7408
1 8731 -4410
1 -3239 -8599
2 7850 3352
1 7205 2978
1 -4568 -5909
1 -6667 -3465
2 2285 8907
1 -7860 -4204
1 4562 -6919
1 -1827 -4847
2 -9024 5250
1 2636 -2602
2 -7880 9761
2 5136 7388
2 2530 6068
2 8069 2551
2 5312 -9093
2 -472 3663
1 -9910 -1168
1 -5287 -8706
2 744 2219
1 4071 -5262
2 -2875 5140
1 6806 -2561
1 2640 4862
2 9999 -6102
2 -6679 -8021
1 -2451 -1169
2 -2805 3834
2 4606 6575
1 -2107 6573
1 -809 -387
1 -2702 9891
1 -1898 3674
1 6995 297
1 1931 9248
2 5835 1894
1 4903 4203
1 -6535 6553
2 3436 4291
2 -7003 -1256
1 2181 -8352
1 1569 -9305
2 -2266 3763
1 3695 9269
2 -5976 -6157
2 -2873 9327
2 -5171 -2675
1 7247 -5634
2 8369 4905
1 8843 -2857
2 -1407 -3910
2 8133 -5434
1 8311 -9830
2 -5338 -8500
1 -6993 -9991
2 -1217 4
1 -1419 -9145
2 1741 4486
1 3329 -6204
2 -1808 -5044
2 -3003 -2983
2 5458 5797
2 4887 -4799
2 1591 -7208
1 4693 2496
2 -6800 4892
1 -2604 2306
1 -1120 -1777
2 1529 -7590
2 -6931 -453
2 -2040 8570
1 9796 3733
1 4622 1584
1 -7588 174
2 -8995 -7145
1 5016 -5990
2 6894 2017
1 6835 -9362
2 7265 -9548
2 -1307 -1650
2 4022 7182
2 -6953 342
2 7544 2302
2 6749 6698
1 -7865 -2937
2 5694 7793
2 -4966 -8041
2 -9351 6881
1 -3738 5732
1 -5513 9380
2 2306 -8049
1 3726 -5006
2 8584 5173
2 9547 4618
2 6291 5347
1 4469 -8480
2 -2213 3218
2 3570 -968
1 6098 -2174
1 -1554 -6121
2 -743 7899
2 -2846 633
2 173 -8683
1 6831 -2545
1 7682 -2720
2 1996 -9270
1 -1568 4769
1 3270 -275
2 -4721 9953
2 2087 625
2 -764 1578
2 4293 -337
2 4216 7292
1 -4433 4239
2 -4938 -8291
1 2192 -5299
1 -9542 1189
1 -6444 -1241
2 9604 9657
2 -2954 -8103
1 932 2495
2 9093 -5004
1 1851 4955
2 -4978 -5383
1 -7774 5458
2 -8379 -6148
1 8443 -9380
2 -2293 7511
2 6460 3431
2 -1490 4202
1 4001 3204
1 -7142 -6645
2 6070 -1271
2 8901 7065
1 837 -579
2 6957 -8969
1 -8873 4684
1 -5512 -3014
1 -9770 3187
2 -5462 -1402
2 -9654 -8109
2 707 -3544
2 6723 -8442
2 6491 860
2 755 -8648
2 -6592 5557
2 8615 -5257
1 -392 -7100
2 2571 -391
2 -5438 -5290
1 9230 -8722
2 7105 5553
1 -8386 2144
2 6549 3001
1 -9964 1826
2 -9274 -3456
1 -8747 50
1 5769 -8942
2 -6279 -3926
2 -9889 -9168
1 -4755 5493
1 -8996 5583
2 7150 -4105
1 -183 5643
1 2649 6305
1 -2968 5512
2 934 -7914
1 -1848 -1336
2 -328 3471
1 -4510 4539
1 -3306 -4711
2 -6730 2066
1 -4254 8202
2 -2774 -3658
1 2672 -8786
1 3281 -8967
1 7710 884
2 3375 -470
1 -627 3113
1 717 -5501
2 2422 1756
2 -2222 716
2 1864 -2570
2 -2767 9454
2 9489 5630
2 5955 -9124
1 7703 -487
1 -8402 -851
1 2208 -91
2 -15 -9463
2 5266 -5736
2 88 3088
2 -839 5860
2 6490 6908
1 -6629 -5892
2 3625 1001
2 -5917 -4894
2 -3182 4217
1 -1348 4262
2 -8686 -5034
1 -6319 9036
1 -4817 -2317
2 9483 6967
2 2124 -9531
1 5583 8737
2 701 -2925
1 8549 5416
1 -7325 -6732
2 -2381 1858
1 -1898 1683
1 -4336 -7816
2 5577 -1726
1 -7929 -60
2 -5787 -3239
2 9618 -959
2 4556 344
2 -484 2560
2 3311 -3979
1 183 -5524
2 -7225 3524
2 -94 -8552
1 -8457 -7367
1 -2246 5249
2 -4917 9161
1 1830 -1284
2 5793 -8873
1 6582 -6482
1 5799 -2476
1 8919 -3053
1 -2889 -7855
2 -991 -9622
2 -4300 6878
1 -9309 -6186
2 9771 4621
1 2220 1601
2 -1041 -1123
1 -8198 -5518
1 -7339 2852
2 5768 -2541
1 -1199 -3568
1 2251 5166
2 -3776 4423
1 2728 3578
1 -8858 -1754
1 3295 -5061
2 -9330 -3696
1 -8030 9000
2 900 9420
2 -4649 6983
2 -3899 8183
2 9135 -890
2 -9688 -4492
2 -5758 -7101
2 4041 7758
1 -7575 -9951
2 6017 -5056
1 -344 5020
1 5375 -4633
1 5588 -3777
2 131 5094
2 -3050 -3520
2 8306 -6113
2 4699 -2162
1 2197 7076
2 -9700 7042
2 -2409 8246
2 -7747 7296
1 9263 9117
1 -9252 -4936
2 -8908 5259
1 5507 -9251
2 -5814 -3728
1 -2490 -2874
2 -7746 7028
2 -8376 -3825
2 -592 5833
2 362 -9625
1 -1159 -6182
2 3800 -2412
2 6486 2
2 -5407 5861
2 5333 5986
2 4969 -7523
2 -9864 7666
2 5827 3249
2 1060 -8750
1 9584 6472
1 -323 6170
1 24 4542
2 3970 -246
1 7431 4101
2 -8052 -3515
1 8147 -1813
2 6789 -5966
1 -4373 4783
1 -6199 -1281
2 5108 -1128
2 1980 -6181
2 -7733 -4123
2 1890 -1595
1 -7122 -9767
2 -3329 4181
2 -7505 -3534
1 8916 -873
1 -4336 8
2 -5184 -9601
1 -4631 7926
2 4865 1554
2 1626 3156
2 8944 -7217
2 2678 4491
1 -1369 -4965
2 7085 8029
1 -6201 -3598
1 7579 -5700
1 7177 7344
1 -9056 6165
2 -881 -4744
2 -9906 3665
1 -6807 6431
1 -769 -8649
2 -6777 2444
2 8857 -7508
2 -6633 -1506
1 -6972 -8903
1 8663 -4572
1 1765 6191
2 -1850 5809
1 -6135 -2264
1 -2036 -5938
2 -8860 -9407
2 -5494 -600
2 7011 -1428
1 702 445
1 1601 574
2 6702 -6803
2 4617 8315
2 7331 7303
1 -2547 9933
2 -6870 -4251
1 6940 -8064
2 -9371 -4287
2 5978 6455
2 9790 9377
2 -9600 -3656
1 3533 -1951
1 -3080 -7719
1 6186 -253
1 -478 -1236
2 -4500 -8135
1 7810 72
2 -5601 -9686
1 -8613 -9847
2 -3069 -4274
2 6014 -2216
1 9578 -8364
1 7746 -939
1 3980 6109
1 -2298 -7944
1 -8517 4617
2 -4068 7363
2 6145 -2620
1 2242 -5631
1 4446 2103
2 -1566 1085
1 -1802 -2760
2 -5926 7321
2 6856 1295
2 5475 3597
2 -1960 5094
2 5493 263
1 2336 715
2 5094 -7762
2 -483 2548
2 9080 -9888
2 -6814 4545
2 8625 -8208
1 8544 3704
1 -9579 5740
1 -1387 -6517
1 -2437 -804
1 -580 -4892
1 445 -6000
1 -688 -3494
2 246 -7
2 6003 -9456
1 6953 -7504
2 -6862 -3865
1 8080 3716
2 -2690 4162
2 6773 -7562
1 3294 9988
2 4895 -2874
2 -9329 2295
2 1685 222
1 2462 -115
2 -9215 8621
2 5931 1001
1 9879 482
2 -4782 543
2 3415 -3600
1 -9405 3384
1 -1369 9532
1 9862 -609
1 -197 9924
2 -1584 4787
1 1642 9416
1 -8624 8019
2 4985 -971
1 -7791 -3584
2 -2793 -2744
2 323 -9855
1 5879 -6197
1 5667 -9300
1 6236 3790
1 -3565 8411
1 1047 8369
2 8752 6209
1 3627 8890
2 -1912 8986
2 -4017 3002
1 3465 8928
2 -386 -3120
2 -1128 2704
1 6900 1013
2 -996 -7151
2 -471 1567
1 -6726 3566
1 3265 -5678
1 -6455 463
2 2517 -2459
1 239 9678
1 -2208 9755
2 -3046 1060
1 -9042 -7030
2 -437 9312
1 -2752 1588
1 5660 7453
2 -520 1173
1 -5701 4543
2 -170 -4642
1 3312 -8069
2 4906 -3189
2 1768 -2299
2 811 -7445
1 1922 -7773
2 -3296 989
2 4265 -8169
1 4019 -2243
1 -5684 -6972
1 -3510 6142
1 -5914 -5880
2 -6138 4710
1 4776 5132
2 -552 5442
2 3224 -153
2 3711 -7415
1 -2191 349
2 3464 -6158
2 580 7098
2 3799 6089
2 -9751 -2156
2 4723 384
2 -5634 5633
2 -4672 5236
2 -4252 7390
2 -5581 7629
1 3869 -5102
1 3416 2690
2 -9856 3803
1 -1388 -4474
2 6039 -2704
2 -6812 -9705
2 1256 2457
2 8058 9901
1 -8545 -7695
1 2361 -4335
2 -2966 -1227
2 7993 9283
2 -7202 -6422
2 1467 -5191
2 3130 4163
2 3297 8141
2 9793 240
2 9390 3552
1 -715 1010
1 4262 1412
1 -6813 3531
2 6688 320
2 6013 -9821
2 9158 -4071
2 1179 8937
2 -8788 9490
2 -5396 -9197
1 8020 9659
2 3814 9690
2 -286 -4918
2 -1710 -3947
1 -3081 -2390
2 3112 6691
2 5494 6104
2 5700 481
2 -1286 2576
1 -7990 2550
2 -94 -3831
2 -7326 -9607
1 -6065 2561
