1297
1 5480 4019
2 6387 4186
2 7743 1965
2 -8864 8283
2 -8388 4645
2 -344 3451
1 6508 -3985
1 4271 3778
1 1202 -832
1 -6033 7929
1 9248 8999
2 1213 3000
1 -3741 9148
1 -2216 -9420
1 -1370 -2506
2 3540 7969
1 7437 -7519
1 -213 -8969
2 8097 -5145
2 4175 -2661
1 4713 2753
1 -6269 -1222
2 -9949 1809
1 -7197 3547
2 -7328 5747
2 -2785 7431
2 2302 7714
2 1474 -4386
2 -247 -6688
1 -5908 -9041
2 -9020 4598
1 3130 8868
1 -7232 -8092
2 -9462 -301
2 8045 6146
2 -9146 -9102
1 1120 -5208
1 721 2347
2 5857 -6867
2 9999 -1979
1 -8907 -304
2 869 994
2 -3044 1358
2 2762 2499
2 413 2040
2 -5559 -4691
2 560 8021
1 -6561 7469
2 -7740 -8272
1 -4888 8055
1 823 5251
2 -7872 5548
2 -7861 -342
2 -8725 7337
2 -48 8214
2 8202 9805
2 -4312 -9765
1 -6840 -2632
2 -8679 -3353
1 -1899 7000
1 9408 9500
1 -8133 -3071
2 -9502 3904
1 6769 6056
2 9175 -2085
1 1834 6574
1 5730 -5461
1 -7207 5395
1 3012 4033
2 -4922 -7593
2 6595 2325
2 4748 6764
1 -7306 6062
1 -7160 -8472
2 -5199 -8723
1 9055 -5496
1 -9602 -8601
2 7578 -6690
1 3926 6036
1 -8835 -5615
1 -6670 6297
1 -3839 7846
1 -8773 -8301
1 -6997 5914
2 -7461 5500
1 -4605 6740
2 7209 -6006
2 7902 7043
2 232 -2499
1 -9300 -5143
1 -4477 2108
2 -6700 -8553
2 -8794 -6569
2 2010 -6629
2 6172 1916
1 -2139 4268
2 542 2191
1 -9504 -2834
1 -7694 -390
2 -1094 -608
2 1523 -4767
1 3578 7627
2 -8190 -9376
2 3699 1146
1 -2257 -9210
2 -3602 2377
1 5091 3413
1 -4734 -2992
1 -5322 -1489
2 8215 8139
1 8035 8004
1 3856 6672
1 4671 -3471
1 -1037 6976
2 -4945 -643
2 9093 9349
1 6826 4674
2 5315 5341
1 4768 -6324
1 -10 -3980
2 8389 -2227
1 2388 -560
2 -8120 771
1 -1682 -3673
2 -1543 9125
1 5678 9432
1 9492 6438
1 1954 9769
1 8618 -3578
2 -632 -9621
2 9264 -8358
1 -5565 -1434
1 -3061 -7164
1 -9235 -1382
1 -58 7209
2 -4935 2599
1 9791 4627
2 -6845 337
2 -3838 -8930
1 1068 -7754
2 1705 -7942
2 -2998 -6252
1 -3506 -9062
2 -2321 -7150
2 171 4965
1 -2148 2800
2 4971 3309
1 -7585 9034
2 -80 -3545
2 2837 -7392
2 770 -8928
1 -7143 -9325
1 7183 -1834
1 -1684 -5411
2 610 -4511
1 9475 3316
2 2517 5305
2 5606 1436
2 926 -2927
2 5403 -2281
2 1611 -6026
2 -7565 1309
1 -6306 2246
1 3397 -7752
1 -6126 1805
2 1632 -925
2 6876 -4584
1 -8569 -4221
2 6694 1618
2 -8967 6356
2 -8956 -2780
1 -4683 -4830
1 8482 3822
1 -8246 -7813
1 6106 1431
2 9830 -9889
2 -4909 3916
1 5389 8418
1 8855 -5262
1 7957 2739
1 776 5046
2 2043 817
2 6022 -497
2 -3985 294
2 -2647 -2368
2 574 1292
2 9664 -9257
1 -9646 -4909
1 1511 -3734
2 -8287 8784
1 0 -5836
1 2892 -2471
1 3083 -8819
1 2635 6243
1 -2818 690
1 -3668 9051
1 -152 -3880
2 1583 7928
2 28 5658
1 6380 -4674
2 -2767 -727
1 -8075 8086
1 -7851 -6948
2 -7027 5221
1 -8621 8273
1 -4825 1772
1 -1870 3814
2 3169 -691
1 5715 4068
1 -1687 -7410
1 209 -4578
1 6898 3088
1 6285 9349
1 9588 9003
1 4408 -6045
1 -6144 -4030
1 4878 -3110
1 -1970 -8693
2 -6696 -8474
2 -5809 6544
1 6129 8239
1 5481 7464
2 3850 1974
2 -6424 -8996
1 -2586 95
1 -1301 -4410
2 -6532 -2524
1 -4751 -4415
1 1597 1126
2 -653 1833
2 -3088 3056
1 -6653 -7772
1 -6980 -3121
2 4966 -3356
2 -7560 -7338
2 -2734 -7398
2 2016 4295
1 -4485 -591
1 -9213 8555
1 2088 3299
2 9127 5637
2 5130 -8956
2 5454 -2921
2 -1411 -1379
1 -1374 7890
1 -7954 -2845
1 -7983 -3518
2 9272 6293
1 6650 1453
1 -2223 -4301
2 124 -2679
2 469 -3017
2 42 -8049
2 -6150 9864
1 4002 -3591
2 5271 -2969
2 -1612 -6654
1 -8618 -388
2 -9473 772
1 8497 -8209
1 -338 -8763
2 5174 -6358
2 1293 -7112
1 -459 3749
1 -6859 3404
1 -3354 -467
1 -9927 -7998
1 4588 7572
1 -751 -1566
2 8578 2632
1 4176 -3546
1 4928 -8511
1 -9111 -1333
1 -3578 -1650
2 -5427 69
2 5232 4312
1 -1043 6480
1 -6654 -6085
1 2352 -219
1 -8877 -1171
1 -6048 2144
2 -4326 -9973
1 9275 0
2 2837 464
1 -7945 -3445
1 -9050 -8762
2 4157 6814
2 -2695 7746
2 2192 -3238
1 -3548 -7059
2 9890 6548
1 1933 -7010
2 9766 1693
2 -1550 3149
2 -3821 -3995
1 -5743 5945
1 -2440 7283
2 8422 -4601
2 9129 -467
1 -2435 8977
1 8344 -6102
2 6424 4410
1 3652 -4862
1 1872 2851
1 -6061 3344
2 -525 -4943
1 -2631 8719
1 -9407 -9727
1 -5245 4284
2 1128 -7563
1 8429 -1842
2 -4487 2794
1 6849 -223
1 3430 9767
2 8822 -1608
1 7575 2769
1 -9460 7695
1 3395 6841
2 -7757 -9569
2 -2051 9976
2 3473 2009
2 -806 1319
2 6565 3472
2 6774 -576
1 -9181 -3116
1 -2790 2565
2 -4458 -1684
2 21 3555
2 -5167 -3881
2 1109 -8248
1 -4536 -1825
1 7233 -9415
2 -9795 -2940
2 7973 1329
2 -605 3564
2 -5452 -5853
1 -8914 9541
1 6632 -4575
2 -7317 -5970
2 7366 -7848
1 -2694 4510
2 8344 8653
1 9513 -1254
1 8447 3955
1 -9752 -5716
1 311 -2870
1 7349 8800
1 -2263 8214
1 -5206 7732
1 -1001 9387
2 2579 9793
1 2445 4725
2 9019 -9822
2 -8860 104
1 -9468 5176
2 4318 2485
2 -6235 5783
1 4435 6567
1 7935 -8098
1 -1318 -3328
2 -5462 4826
2 -9163 7321
1 -331 -7320
1 3631 2777
1 -2738 9844
1 3386 5579
1 -683 -7606
1 7253 997
2 3753 -1335
1 4552 2162
1 -6010 -8386
1 -1177 1640
2 2773 -5981
1 -476 4045
1 765 7242
2 2458 2344
1 5271 8228
1 -2862 -121
2 5636 -241
2 4794 -4959
1 4782 -2423
1 -262 -854
2 -2109 -7265
2 29 2460
1 4773 -3744
1 -5565 -6286
1 -8137 8101
2 4829 -7163
2 3343 -4999
2 -2309 -2677
2 5715 -8306
1 588 -2030
2 -8443 -541
1 7659 2621
2 7152 8459
2 6882 -8754
1 6136 4839
2 5589 2244
2 -3367 9602
1 -4023 2258
1 9516 969
2 9385 -237
1 3818 1871
1 -8409 2692
2 -547 81
1 5397 1944
1 6817 -9497
1 -7470 -4360
1 4686 -5987
1 -3291 3683
1 323 7472
1 -4461 -6947
2 7313 -4445
1 -9347 -773
2 -8139 7552
1 -6795 9813
1 -1719 -6919
1 8670 -1346
1 7939 -6241
1 -8421 -1107
1 6639 -7701
1 -574 -1744
1 1237 -9895
2 9426 4790
1 1571 -209
1 -4368 4801
2 8849 -1429
1 -8001 -6622
2 -2122 -380
1 -473 8389
2 5408 9717
1 828 -3801
1 5121 -518
1 -86 -7089
1 -1809 -9541
2 2563 450
2 -8038 -1971
2 -5692 3825
1 9123 4498
2 -8087 2079
1 -1814 9242
1 2996 -8814
1 9870 9703
2 -4901 -7785
2 -5444 -8240
1 -9413 6541
2 9797 -9680
2 -2753 6158
1 9319 2026
2 3928 8949
2 7092 2723
1 8899 702
1 -579 5625
2 7317 2182
1 -5230 -9643
1 -9174 6838
1 5782 -1320
1 3352 -9354
1 -2809 -8255
2 3983 209
1 4828 -1388
1 -3 3349
1 -6905 8088
2 2982 -4807
1 -998 -1262
1 -1380 5794
1 -4719 -1334
1 -3706 -3359
2 6900 1383
2 8912 8655
1 7541 4896
1 -3178 -2848
2 -9118 5745
2 143 -5906
2 6333 -2235
1 -9375 6556
2 -9780 -398
1 3215 5270
1 9226 -5268
2 3091 -7516
1 9598 87
2 2087 -6642
1 -5194 -5897
2 5067 -323
1 -8912 3632
1 7855 9535
2 -2997 -4326
2 -5421 938
1 3081 6461
2 1880 9725
1 2042 -1021
1 -4397 -2787
1 -1424 -7358
2 -9822 2739
2 3459 -4695
1 -3268 -1112
1 -9741 -1931
2 -1254 8103
1 -6629 6232
1 -7796 -2838
2 4800 7523
2 5744 -8102
1 -2762 7499
1 5386 3504
2 5920 4188
2 599 2155
1 977 -9239
1 4979 269
1 -679 5440
1 -2490 6890
1 494 -7345
1 -6991 1817
1 -291 7525
2 3748 7703
1 -8978 5966
2 -5428 9917
1 -5169 1294
2 3658 -432
1 -4745 -17
1 7672 -7170
2 1621 4082
2 -4542 -7998
2 4160 8270
2 -6191 6668
2 -6619 -6966
1 3100 -95
2 8801 6605
2 9284 5509
1 7212 2063
2 -9994 -8058
1 -3100 -1053
2 -5877 7767
1 -1838 -5072
2 7178 -4123
2 -7612 -1320
1 2417 -4778
2 -3139 494
2 -6656 2986
1 -4994 5287
1 40 -2435
1 971 -2875
1 -8217 -1640
2 7824 -5758
2 -549 -5856
1 -865 -2939
2 7315 2764
2 -2931 5996
1 -1948 1618
2 2712 -3946
2 8226 -7332
1 -9680 814
1 3551 4633
2 -4673 5630
1 -1817 7907
2 -6514 -9485
2 -3074 3562
1 -8869 -8315
1 -3013 8285
2 -7038 -5031
2 -8174 561
1 5073 -3923
1 8973 -8407
1 -8643 -4051
2 8967 3257
1 3413 -3128
1 -9645 5028
2 3365 5993
1 -4566 -550
2 -4526 -3654
1 5083 991
2 1182 -9671
2 -3286 -6243
1 2425 8532
1 -5669 -6695
1 3991 -9131
2 -4767 5873
2 6096 9453
2 -7754 -8791
2 -2240 -4831
1 -3278 1090
1 -777 -590
2 -9774 -5844
2 -861 5185
2 -6607 6145
1 9791 2094
1 -727 1155
2 969 7433
1 751 5625
1 -1433 -8328
2 -3183 2766
2 5361 -2366
1 -782 -6800
1 -9080 5359
1 -1986 -5376
2 -306 3489
2 2627 9518
1 3325 -5385
1 3139 9015
2 7497 -1834
2 1447 9524
2 -4044 9221
1 606 590
1 757 -2658
1 -7551 1742
1 3901 -436
1 -6474 2376
2 -9930 -7290
2 8892 -7482
1 -6789 -9697
2 6179 6640
1 6518 -3770
2 1719 4013
1 9739 -2967
2 -621 -4248
2 4907 -6447
1 2898 410
2 7061 -7720
1 -35 4659
1 -7017 -4704
2 -8468 7674
2 -7714 -4147
2 -2988 4686
1 3457 200
2 9060 3722
2 8830 -557
1 -5282 3118
1 -8766 -8829
2 -9960 6945
2 -5415 -3379
2 -7595 -7103
2 4342 5912
1 -3132 9999
1 -4492 103
2 7696 78
1 6356 -9536
2 6787 -6339
2 -9988 -7789
2 -9058 -5639
1 6669 -7901
2 683 -4015
1 5077 4460
1 -9974 -9571
2 9731 4520
2 6969 7660
2 2411 -9894
2 7115 -1909
1 5651 9569
2 5737 1083
1 9913 -8141
1 958 5610
2 -2094 5761
1 -1250 -8852
1 2717 -2593
2 4205 -9287
2 -1488 -1691
1 6659 -7040
1 3855 -9030
1 -951 -5712
1 -5715 4185
1 3435 1081
2 -4810 -6568
1 9956 -1043
1 906 1525
1 7707 2790
2 1077 2158
2 4746 -605
2 5770 -2623
1 8187 -4435
2 1685 -8474
2 -387 -7931
1 -6009 -771
2 6867 1112
2 7124 8125
1 -3866 -8154
1 -9732 -1393
1 -1371 -2306
2 7860 7347
2 -8651 -3812
1 -5019 8862
1 -2607 8865
2 -6278 -9993
2 9380 -5165
2 -7337 -36
1 -4019 -1961
2 -5496 121
2 -1365 1491
1 7885 8856
1 -4338 707
1 -4366 -75
1 5087 3671
1 3311 5852
1 5804 6562
1 -1349 -5616
1 -3051 1808
2 9672 -5034
1 8776 473
1 4468 2222
2 9264 6450
1 9857 7512
2 2 -5030
1 3257 -4894
2 5626 -4776
2 -1006 4145
1 1428 -2331
2 -2188 -8300
1 -2887 -8356
1 -4994 4701
1 5651 1362
2 -1555 -2754
2 6826 4638
1 5091 1415
1 -548 1976
2 3157 9903
2 -8986 -1571
2 1811 -4211
2 -2761 -4600
1 -368 5850
1 -8508 1373
1 -8164 6797
2 -5866 9994
2 915 -3822
2 -8437 9549
2 -301 6356
1 7788 -329
2 2602 -8521
1 -4243 5642
1 1539 8825
2 2862 -9484
1 5737 3146
2 -2749 -6313
1 9842 4689
2 -6734 -6581
2 -3871 375
2 -6935 5191
1 -6862 3743
1 -8885 4125
2 -7499 8706
1 2122 -2148
1 4842 -1554
2 6396 -6068
1 -7153 -698
2 -6997 2092
2 -9092 3333
1 -4859 -1383
2 1117 -1771
2 -1559 -6859
2 -808 7273
2 -7709 3668
2 -9480 5934
1 -4406 -4152
2 -7893 -2884
2 6738 -3465
2 -8630 8792
2 7347 -2534
1 -3731 -3455
1 9797 -94
1 7909 -7092
1 7193 -3068
2 3443 -2970
1 8561 7279
1 4294 -3128
1 -5018 -8588
1 -6320 -7473
2 7101 5306
1 7629 -2361
1 9387 132
1 1406 6770
2 -3788 1645
2 -8929 2120
2 6209 -8943
1 5138 -4117
2 237 -3428
2 2391 8870
1 3975 3274
2 747 714
2 -1303 2517
1 -4400 365
2 2486 6919
1 2158 6336
1 6536 -4481
2 -9820 -8774
2 1121 -6976
2 -6008 2867
2 -2444 9213
2 -7509 -2715
2 -6139 -6815
2 6163 1158
2 -9196 -5874
1 6438 1946
1 3880 9352
1 -2310 -1998
2 8193 9634
2 9183 1749
1 -6723 -811
2 -4374 8329
1 9621 9374
1 2831 -3966
2 3560 -9750
1 -7160 811
2 8426 -905
2 8828 7844
1 7557 8173
2 -2756 2889
2 9287 -7786
2 8654 -5680
1 -5362 4803
1 1991 -788
1 7149 2759
1 6508 -258
2 8414 3798
2 5188 873
1 1330 9992
2 4936 -1923
2 -1426 -4362
2 1982 4012
2 -3745 -1990
1 -6120 5244
1 -4619 -8900
2 374 9055
1 -5347 -7317
1 6671 4688
1 -3644 4308
1 -4492 -817
2 -6154 -9659
1 9893 841
2 2287 9859
2 -2188 545
1 7063 -6599
2 1824 5424
1 9382 -7280
2 1571 6004
2 473 8795
2 -8212 5410
1 -1756 8681
1 1760 9770
1 581 -3816
1 -3310 8065
1 6244 -2416
1 1436 -2471
1 7163 -6982
2 5356 -2246
1 -6504 629
2 3986 4483
2 -753 -8419
1 -3507 -4317
2 6449 4494
2 -8213 2776
2 -7460 3326
1 7414 -4202
2 1789 5635
2 -5847 -336
1 -5874 -5969
1 -1872 -8201
2 9375 -7402
2 4405 6184
1 9194 -6089
2 6763 -1565
1 -59 3259
2 -3454 -7708
1 6510 -2249
2 -3292 -5557
2 7792 -5702
1 -3297 -6880
1 3562 -4184
1 -1927 -1841
1 -3876 -5903
1 4881 -3037
1 2690 2953
1 -6048 -9054
2 -3973 -9890
1 -12 -7674
1 -117 -3356
1 -7337 -2184
2 2321 -1422
1 -9792 6374
1 -8229 8291
2 8091 8869
2 444 -1997
2 2482 -7672
2 5187 4561
1 -1507 -6960
1 1442 5807
2 1833 -8684
1 -6398 -7202
2 9377 -4321
2 9013 -4992
1 -5586 -8058
1 7415 -5826
2 -2251 8626
2 -2815 -2400
2 1329 -3131
1 -3396 8575
2 -5915 -3129
2 -716 3127
1 1212 -4967
1 -4174 7524
1 7987 5747
2 9991 -9018
2 -9609 1582
2 -9023 -8158
1 4111 7578
2 5823 -3618
2 -9917 -2092
1 -2671 4798
2 -127 -382
1 9648 9579
2 -3686 6054
2 -4641 2128
1 -1420 315
2 7606 3661
1 -6524 -4953
2 -4622 9258
1 -2584 9509
2 4397 -3830
1 -2876 -1329
2 -170 1039
1 -8571 1851
1 -3275 -88
1 7928 418
1 -7563 -6035
2 2238 7440
2 3740 8733
1 -1115 3995
2 -2391 -8161
2 -1245 1255
2 -7425 587
1 -8029 1966
2 -6866 8477
2 69 -6675
1 -4856 3455
1 9345 -7647
2 8757 -5430
2 9060 -1045
1 -148 -6007
1 -4564 -9877
2 -1035 7117
2 -5696 -809
2 -6758 -2579
1 3748 9762
1 -9667 123
1 5217 3592
2 3372 4220
1 552 73
1 -3265 1728
2 -7552 -1185
2 8783 -959
1 -1135 -9183
1 -7235 2035
2 959 -747
1 3768 -2849
1 -4734 -3499
1 -8547 -2018
2 -340 -353
2 9628 -96
2 5675 118
1 357 -8044
2 120 1642
2 1965 -3515
2 -3193 -2267
2 7502 -9276
2 8165 -3450
2 -2186 -2024
1 -9588 1041
1 9166 3828
2 -6871 -8954
2 -6523 -9275
2 9297 4721
2 9596 -7895
2 -8286 9061
2 3166 -1690
1 -2615 8249
2 -7102 3088
1 9679 4216
2 -5860 -7298
1 2025 3666
2 9308 -3253
2 5324 -7507
2 -2619 3533
1 3162 185
2 2442 -2071
1 -6324 9310
1 -9627 -9066
1 1463 9413
1 9946 -5513
1 -4044 2387
1 -4561 7708
1 -4204 500
2 -7207 -4400
1 -1937 -7434
1 -7965 -2989
2 729 -7140
1 5546 -9748
2 6527 -3137
2 -1286 -5490
1 -546 8964
2 6390 -6436
2 -1823 4897
1 1572 4998
1 9254 5146
2 -7404 -129
2 9864 -7743
2 -5871 -7194
2 8762 6771
1 -274 -5156
2 -345 -6250
2 -5018 -6198
2 434 -4895
2 -7143 -8210
2 -8835 -5845
1 8759 329
2 7520 6615
1 7085 9117
1 2939 8771
2 2906 -6498
1 9377 9656
2 9821 -9653
2 -9714 3583
1 143 -1560
2 3744 7838
2 9904 8550
1 -3657 -2821
1 -5651 7089
1 -5667 -3938
1 -2414 7859
1 2860 -2497
1 -3745 -4014
1 -768 9147
2 8157 4422
1 738 -1222
1 3191 8426
1 422 -6376
2 5452 5352
2 5285 6024
2 4360 -5340
2 5933 4319
2 375 2685
2 2219 5273
1 -873 414
2 -265 1537
2 2227 -1713
1 5838 7981
2 -2485 543
2 909 -5580
2 1837 -4429
2 -1366 -2099
1 -2566 -5199
2 -6738 -235
1 -6007 7292
1 -9355 4544
2 320 -5877
2 2085 2775
2 777 -2190
1 -6125 2490
2 -9063 5509
1 -5891 9633
2 3903 -4366
2 -7777 -69
1 4789 -9004
2 -3420 6443
2 9000 6772
2 -907 -1703
1 5764 -5387
2 2728 8354
2 6847 -5925
1 5328 4387
1 -1905 1991
1 -8995 -6089
2 6398 4259
2 -6754 -9783
2 -8909 -1902
1 -2691 917
2 -7194 -3906
1 2815 5290
2 8605 -6549
2 644 4062
2 -3509 6522
1 -9206 -4244
1 1100 -7347
1 6961 208
1 1234 5681
2 1598 1527
1 -9597 -2387
1 4686 -8567
2 -5469 119
1 4513 4389
1 202 -5644
1 -1159 -765
1 -7094 1826
1 -5000 -3242
1 -5122 -9268
2 2239 7244
2 2559 6199
2 -2411 6633
1 2820 -2563
2 332 -7415
1 -7034 4551
2 -8385 4597
2 7994 -8117
2 -4817 -9052
2 4943 -6925
2 -3952 6390
2 5061 -275
2 -490 240
1 673 -5727
2 331 4455
1 -5403 -7072
2 -5083 9946
1 6958 -566
2 -6486 1050
2 3650 7545
1 -1597 -4130
2 -1118 -8446
1 9036 -2543
2 -1652 -2137
2 -6578 -7856
2 -7818 2045
1 -7621 1737
1 -1782 9089
1 2023 9160
2 1003 -5820
2 -3833 -2515
1 7458 -3976
1 8320 -2930
1 -4561 2747
2 -6858 8047
1 -3539 -1277
1 2 4209
1 5939 -8826
1 -3255 8878
2 6436 1413
2 3917 318
2 8065 -6065
2 -7894 -4875
2 -8209 -7779
2 -4530 1888
2 6720 -1327
2 9759 -6504
2 -7776 -2292
2 -2609 3945
1 6752 9230
2 4371 378
1 3771 -7300
2 4938 -804
1 9312 4673
1 -5413 -7974
1 -9566 9403
2 -1816 -8009
2 -535 5884
1 -6379 851
2 3856 1377
2 -7667 -7805
2 -64 -1530
2 -9721 3531
2 -7249 -8567
2 -3178 -9290
2 -2970 1648
1 -9543 -9271
1 3876 -6652
2 8622 2360
2 4880 -7221
1 6684 8180
1 8171 -1623
2 2204 -4407
1 -8544 6311
2 -1915 -9924
1 4499 5114
1 8911 2219
1 8396 6065
1 -8938 -6695
2 -966 6470
1 -5552 7910
1 5900 -4110
2 561 -8466
2 -146 136
2 3894 -841
1 8336 -9752
1 8090 -6129
1 -250 -9034
1 1648 7317
1 4586 3422
2 -6383 -9518
2 395 -4516
1 -9124 5583
1 3678 6399
1 4183 4531
2 9568 1649
1 1044 -8421
1 5486 4572
1 8455 -8093
2 -9012 -9747
2 -2227 3916
2 2772 -9208
2 -6326 941
1 -7350 -7372
1 -4279 5851
1 -9323 -5547
2 -2956 5678
2 -8019 -7178
2 -7974 6123
2 3032 -3186
2 6293 -5486
2 5057 3870
2 1158 -5261
2 6931 4680
1 9363 -806
2 5683 4124
2 9782 7356
2 -6019 7591
1 2554 7626
2 -7379 1115
1 8932 -9811
1 3308 7176
1 1134 -1900
1 323 7725
1 1592 7453
1 -306 -4904
1 -8073 9808
1 9010 7733
1 17 -872
2 6933 -2594
1 -6534 1412
1 1037 4950
1 2046 475
2 -4906 -4338
1 -3342 -8641
2 3203 4332
1 -67 5229
1 -2055 1722
1 -318 -7446
2 4889 7103
1 9781 4114
2 -2631 3879
2 -5962 2687
2 1636 -9990
1 -2942 963
2 567 -4051
2 -7301 -4994
2 5982 202
1 -6596 2050
1 9676 -5060
1 -7193 -6874
2 6229 8880
2 -8036 -7114
1 -932 1436
1 788 9928
2 -4927 -89
2 -5953 9462
1 8288 8720
1 -4257 -9010
2 -2567 -6950
2 -4601 -3990
2 140 4658
2 4419 823
2 -108 1711
2 5786 2374
1 6594 -293
1 -9747 -1291
2 -3734 6180
1 -7359 -9635
1 -8902 4808
2 3860 -9649
1 2487 -7500
2 4762 6437
1 3848 6799
1 -9209 -4494
2 -1511 890
2 1761 -5549
1 7749 -6415
1 -4862 9849
1 2561 2489
2 -6317 3084
2 5913 -3264
2 2664 -7313
1 -6035 -5475
2 5733 -9765
2 3406 -3422
2 -801 -133
2 8708 -9518
2 4372 -2931
1 7681 9972
2 -2702 6545
1 -3173 -9258
1 1943 8724
2 2717 8035
1 -4665 4209
1 -9947 -2630
2 2491 -3638
1 8182 8957
2 -8605 2399
1 7190 1292
1 2590 8541
2 -920 -7318
1 3563 -3719
1 5543 -8439
1 -3121 -7995
2 -9362 4111
2 -5051 -9145
