3000
1 307590 490093
1 222838 -945817
1 -285261 -672942
2 -235592 -456665
2 12479 -5875
1 -412980 242140
1 -983424 -584610
1 -379912 -379530
2 716437 -763515
2 -244175 -613392
2 632746 -396289
2 136626 -916241
1 123087 -307881
1 706821 -265435
2 255585 -960359
2 185330 -913501
1 -816913 18125
2 548619 662494
1 796907 762477
2 -867669 -433989
1 -769065 -355573
2 -251572 -853601
1 698972 -95906
1 899584 -746184
1 -560881 189363
2 654072 -214736
1 -822987 14407
2 990157 469258
1 -287461 378008
1 -526887 -873289
1 91634 -577896
2 189164 -511768
1 -364640 133474
2 -917039 365213
2 116264 -899797
1 -852345 925802
1 -842818 942836
1 414222 -581626
1 100486 90695
1 257353 747794
1 109421 160090
1 391263 -191845
2 598293 961239
2 -431999 798870
1 348238 -806594
1 -347671 -865910
1 -194040 -583382
2 745613 -737034
1 -999776 771686
1 443439 122931
1 -346107 -597236
1 -445956 389279
2 -890852 189826
2 892453 -515724
2 -290529 858854
1 714182 -630748
2 -191996 -253646
2 374580 -384622
2 -614192 805827
2 -595682 -305539
2 434708 -512644
2 -864903 20068
1 357025 766539
2 -805218 442709
1 -954878 845703
2 591268 967394
2 -780837 -65865
2 -439103 -516431
2 713880 293269
1 -117819 -413729
1 -816209 -157040
2 -303402 650610
1 859083 -963541
1 224221 279295
1 -339215 -842885
1 -425764 -474827
1 -19600 -788671
2 -532766 386977
1 -895990 -101966
1 -489694 -207566
2 461334 681505
2 367290 -828304
2 744322 -418658
2 -248443 -291223
1 -891001 -306252
2 -578548 -539009
1 252837 895304
1 -759100 -979189
2 160191 869839
1 100515 580792
1 527392 155340
1 137402 118055
1 -598937 -980348
1 636050 -890611
2 -910132 377277
2 85153 578956
2 -910750 -2520
2 661518 849282
2 -276159 204440
2 106007 828656
1 226727 357432
1 -104537 659934
2 692342 552729
1 -859019 832830
2 -379055 21831
1 912995 502908
2 424192 868679
2 929031 -169713
2 -341120 -849844
2 -619706 186612
2 -76822 138160
2 507751 278876
2 327155 -910947
2 -796433 -9098
1 -272448 533606
2 -799238 885229
2 -258304 81256
1 -624891 -897428
1 -981822 316183
2 -214775 -838410
2 -285743 -772238
2 -982256 -967141
2 -967598 -786129
1 191708 213055
2 -287406 -706634
2 98930 -40171
1 140264 183136
2 550903 -969843
1 -600787 -49028
2 982501 -108684
1 -780867 -563981
2 -448812 418524
1 471544 161498
2 -728244 -751530
2 -736250 785667
1 -570498 658920
1 -762076 -965762
2 -719378 161162
1 39109 -749390
2 423841 972332
1 856818 987095
1 932944 -451603
1 751898 820476
2 -449461 -477888
2 297917 34247
1 482978 204883
1 -399259 682797
2 -849720 -987422
2 485093 -277446
2 -56782 726728
2 240468 -851882
2 39981 -111714
2 255138 -454024
2 398895 -8296
1 318349 -801984
2 -857019 434915
2 -40083 -810334
2 -200458 -378876
1 -43600 123028
2 734042 925270
2 120029 337057
1 -611167 -385581
2 -395427 -957532
2 989468 900366
2 -254077 -924705
1 998243 270386
1 407259 473878
1 286717 -76982
1 936564 357434
1 -622035 -919922
1 989873 -299520
1 147871 -49762
2 -286828 -993979
2 39156 36905
2 -313531 527970
1 -79440 171910
1 933497 846660
2 -884309 78783
1 992770 362703
2 -820356 198866
2 -761018 812078
1 -436087 145899
2 242136 -831337
1 618486 113564
1 -301293 68521
1 300344 796195
2 211532 -840354
2 338832 -795343
2 -439816 -491354
1 -856167 734321
1 -313934 -251817
1 56937 676086
1 -828673 517600
1 494129 -516250
1 -586304 -806700
1 391436 713553
2 -976252 -125748
2 708713 -498629
1 568009 331907
2 77949 -415459
2 199001 703664
2 -57733 749602
2 -244862 -163221
1 -191108 657046
1 607687 734379
2 -154245 -214260
1 -937380 739397
2 -318888 554764
1 -783153 -964088
2 217668 222911
2 230353 -743156
2 -806051 465549
1 -544345 -94750
1 -371935 -389998
2 334378 414063
2 -293210 -175541
2 -848919 480520
2 -370333 508900
1 -357565 962547
2 -282814 431365
1 24384 -69045
2 332152 -975310
1 760536 -97116
1 -556174 -754519
1 385556 -42914
1 -949606 -604736
1 870429 -402019
2 -27955 881863
1 -695232 -300150
1 41712 972277
2 -543028 38251
2 -565744 514506
1 -839170 212221
2 508679 -143341
2 496888 -168846
2 706624 417987
2 51738 -645555
2 713754 167556
2 988648 -872577
1 307479 619822
2 151680 -71040
1 410953 511404
1 151016 766522
2 849628 233946
1 -781701 -570025
2 -711173 -23271
1 -12807 -696094
1 -859034 581586
2 -197666 525947
1 702152 -689203
2 595611 -80079
1 51208 462421
2 610285 368796
2 423200 212553
2 973843 469776
2 104722 -755686
2 93298 -631064
1 -990837 899287
2 235867 -128451
1 -553042 -160751
2 -737963 16655
2 -838221 157644
2 303188 553221
1 380952 626869
2 562368 -407007
2 6991 -187138
1 -444884 401019
1 -712544 942357
1 -934047 717598
2 -673658 44096
1 -137066 312893
1 -730090 246845
2 -897381 529307
2 287824 514215
2 841262 -285038
1 -94630 -950408
1 389068 945129
2 -124441 357536
1 695582 965424
1 341684 -893272
1 -459961 -824933
1 492277 388441
2 702703 565186
2 59149 -179367
1 883657 -241996
1 73948 383708
2 -591153 -248859
2 -556096 552824
1 70562 -494004
1 -530261 459694
1 460580 14002
1 -892396 264732
2 -451249 -506419
2 -916122 -220798
2 -444215 -366699
1 -662619 -539524
2 677162 -403666
2 852466 -107724
1 -750647 988298
1 189166 -491781
2 -59647 608939
1 -132654 423113
2 -319609 437397
2 699308 -451587
1 -408425 737588
2 59748 -104556
2 -475706 735102
2 731616 165296
2 804302 961836
2 -170728 947702
1 378181 90076
1 -778494 -708546
2 -524957 -462068
1 -879708 -636409
1 481830 912025
2 518048 -781229
1 -905037 -57422
1 5393 967742
2 -754027 222173
1 114595 -936945
2 687329 362011
2 -479996 685889
2 404317 -934745
2 -956210 482776
2 -276706 -988408
1 188778 76901
1 738219 -929187
2 -539020 -651912
1 739641 959214
2 -867216 -824884
2 640941 -757485
2 72580 -596238
2 932822 -495474
2 -67348 -745257
1 797809 -85052
1 -600495 854425
2 -64133 -733972
1 202088 536606
2 785477 783438
2 858093 402736
2 313749 -64941
1 -207133 -480792
1 -481738 -576275
1 -819994 283660
2 687409 -305228
1 887585 -264795
1 101499 -884338
1 -813377 -583137
2 302676 -41043
1 -622252 -572420
2 -638437 -406466
1 -922230 -807655
1 -864352 -731577
1 991810 228769
2 -34569 -206171
1 -992936 -347800
2 -956780 912848
2 -65436 -625176
2 955000 -3472
2 103662 -560307
1 653851 78804
1 -570668 -192016
1 -709172 -426136
1 783918 606333
2 -353575 -32210
1 19687 -946117
2 235829 -765128
1 -732228 335767
1 -806104 -428683
2 440647 -767278
1 869028 56031
1 270716 -821649
2 746146 201501
2 902802 -688363
1 651471 109621
1 -906507 -746932
1 478744 -905117
2 -527224 -536483
1 390119 593349
1 -122890 405056
1 -339964 574717
2 -263573 -412593
2 -541004 31142
1 479294 324368
2 112201 857841
2 932154 287328
2 -821910 96335
2 903179 -356820
1 199866 -776469
1 945654 -969817
1 250609 -523438
1 775020 -838716
1 -644771 -782799
2 -506060 931242
2 124086 469308
2 809181 910069
1 481309 162002
1 36557 387294
1 -765215 320053
1 -770641 -825900
1 674974 851991
1 573090 -327063
1 484518 68215
2 240385 -242081
2 -936763 -902301
1 711390 471028
1 296249 19200
2 339710 -48021
1 -133680 -815101
2 115506 363989
1 -778743 -901861
1 278494 -194965
1 43916 -12275
2 -229796 890995
2 -308684 -70016
2 -365642 -708656
2 -498371 63418
1 281237 -114797
2 571511 -848813
2 105617 276007
2 428703 632575
2 389174 719101
1 -976963 -78961
2 -323010 -679842
2 -673965 901778
2 -39952 -614338
2 -504209 6204
2 -226900 -475325
1 284910 -420460
2 -189841 -54124
1 -773411 657785
2 -499998 739604
2 -136484 93261
2 174418 -187392
1 -229276 -378973
1 855033 -991082
2 -752663 -863986
1 269397 -975217
1 720227 882847
2 -912538 -25365
2 17337 -426472
1 -238316 -212644
2 -988736 193784
1 849270 221532
1 -924838 -608998
2 -412924 -827073
1 185253 -211050
1 -982135 -941518
1 -709139 124345
2 770795 206530
1 -150146 640239
1 405728 749325
1 974299 127736
1 980359 -97343
1 284762 -909755
2 694995 -886954
1 -611654 -565999
2 298977 -165174
2 30153 832470
2 198334 -502495
2 -421984 -991480
2 -870728 178196
1 -27088 -550622
2 -589685 409511
2 684976 831657
2 -738368 -785468
2 312478 591595
2 70475 52798
1 405105 287874
1 -391767 511866
1 745873 -377889
1 -615314 -37898
1 -238207 -378414
2 -212784 611993
1 503123 538900
1 567794 712865
1 396920 831895
2 523508 921046
1 -681043 19370
1 -346195 -87479
1 476226 802739
2 581455 166295
1 -543402 -255119
1 706769 860966
2 517960 -269921
2 -373271 -832057
1 831172 258571
1 312535 -448672
2 -44465 -403328
2 -924468 -397298
1 864024 23718
2 -477792 -310568
2 197100 770386
1 483704 390778
1 -334082 -641612
2 -330820 139427
2 499140 -352818
2 506747 -596774
1 755051 -234630
1 223813 -575990
2 -238168 274443
1 -953637 -313649
2 941198 177858
1 716287 712671
1 946075 102643
2 -915589 729030
2 -960433 -452309
1 -715620 -714610
2 -338136 -726324
1 774883 851465
1 705413 89549
2 788377 -498111
2 122777 481618
1 503793 -200029
2 222611 -771132
2 901334 647288
1 -858789 700264
1 80911 -677561
2 -902989 352621
2 -388683 317914
1 839889 652082
2 581861 977158
2 -437694 -835624
1 -703201 -137855
1 588661 -814264
2 249307 -392665
1 -244758 -405853
1 -926833 -117964
1 -604514 -645290
2 723034 30779
1 320499 -697680
2 -653584 -792550
1 -31749 -844979
2 -627575 23697
2 632505 -429005
1 -618263 431213
2 -977613 -987747
2 -352946 526621
1 581775 -473914
2 -992173 468835
2 539615 -564642
1 550561 -713955
1 784260 348519
1 383935 743120
1 754388 630782
2 -405724 107084
2 -551590 229443
1 -935328 -803088
2 754050 965191
1 678075 931149
1 135534 750341
2 -775259 -377882
1 465456 -88201
1 -338702 -227615
1 -890100 824184
2 429224 -615432
1 269327 -146957
2 598931 -321246
2 -808986 -838989
1 208839 -75112
2 383742 -512045
2 994321 401968
1 -262811 391323
2 -148415 -293365
1 -495527 -165145
2 764666 -732773
1 -320820 102004
1 457746 415037
1 565922 -725198
2 360228 560696
1 198212 -553007
2 6318 509593
1 699375 677271
1 -968882 -350449
2 399182 812970
2 -50067 -501117
1 368402 -151865
1 657352 888252
2 -569840 -288084
1 -28714 135322
1 477851 95273
2 -889785 109714
1 -669661 -812666
1 -68950 351715
1 -457740 477539
2 -758260 -872664
1 839123 -208223
1 -169295 -980862
2 30636 933536
1 -289052 -337328
2 42513 421293
2 46623 -552650
2 665955 -630570
1 -986141 -217803
2 537394 134943
2 782452 -9322
1 -522479 -833585
2 -969223 -72914
1 276297 919281
2 555390 382028
2 -522754 533710
2 367063 -635809
1 176208 -128741
2 -958510 -155542
2 -102045 514739
1 85070 -813597
1 419040 335056
1 -33965 -60466
2 -611720 330085
2 -280545 542197
2 320387 -575189
1 -904183 289648
1 345956 870509
2 89381 -410497
1 -472415 -1034
1 -385119 176455
2 182127 -702660
2 257287 -368329
2 -716827 -988304
1 79485 -614483
1 708981 6593
1 502630 265096
2 -576934 560398
2 569049 -196668
1 -955758 64282
2 379624 327802
1 901026 -528367
2 369392 480984
2 953758 -860195
1 238482 -198714
2 390146 -955608
2 -314770 -294607
2 494889 247881
1 -669081 927545
2 -896267 -763292
2 851284 44943
1 821512 12570
1 261463 -226980
2 634523 -535170
2 -469960 -766489
2 578387 638244
1 329767 961545
1 -315006 -258465
1 -978504 46225
2 -679861 -136321
2 419606 -151420
1 -114675 378606
1 -321271 518399
1 -701158 181339
2 -827858 195523
2 -84671 319890
1 384312 -931027
1 720143 -513059
1 -982793 9746
2 -392481 529973
1 688133 -135592
1 315673 254396
1 60742 578119
2 982563 920130
2 557603 -447971
2 906677 387467
2 -436027 -841613
1 -115521 180840
1 198621 321544
2 694909 -328216
1 -134093 245661
2 -859782 28475
2 915624 662149
1 -375463 357484
2 -268900 114871
1 -907446 -518818
2 -613932 -831524
2 -713846 -917304
1 384031 342788
1 -850705 477145
2 -579383 -562486
1 13045 -502345
1 -646187 -557212
1 -84477 -425246
2 418103 592399
1 793748 -304800
1 358141 -480526
1 848338 565713
1 54793 660376
1 376270 -5852
2 -648673 -312790
2 41895 37627
2 -646919 -855885
1 -866789 336874
2 887602 23461
2 911548 193162
2 199135 942061
2 486316 265897
2 -983512 -61538
2 -929699 -261049
1 418138 -811216
1 -875584 625812
1 637190 247354
2 825794 -64747
2 -971902 921563
2 889381 -108967
2 924175 270573
2 -924286 652095
2 -150679 -321431
1 446370 -645088
1 -39727 -829420
1 898733 970172
2 -996148 -287456
2 405749 -895524
1 -850274 -283942
1 878287 -438470
2 574542 50303
1 605856 -19939
1 -824327 -494348
1 751519 449336
1 -338600 -527512
2 -611239 399652
2 188124 16055
2 130585 -376701
1 -117066 224435
1 -54405 647841
1 670905 509080
2 881981 -393112
1 43890 -456994
2 -522613 901911
2 313309 548924
1 467824 -309784
1 963367 527525
2 515915 -610918
1 -563078 -723039
2 -418319 574514
1 522851 -108647
1 254724 584653
1 617423 263237
1 546799 95748
2 874809 -847870
2 893793 -4996
2 360936 458318
2 -57532 129915
2 -925515 17090
1 -829750 425663
1 917737 154852
1 -903354 224673
1 779373 272189
1 -949222 -153900
1 -201337 872193
1 -991412 -758408
2 120207 -676804
1 -907420 -66313
2 751317 -944280
2 310730 -773369
1 772035 -971979
1 -10979 -7422
1 327593 455988
2 799391 487808
1 859486 -203193
1 675841 -594763
1 -34752 722292
1 183492 212501
1 367215 -75573
1 -435431 -844085
1 212963 -802918
1 166562 -133304
1 792535 -668090
1 650790 674527
1 -111273 -469700
1 701714 -51420
2 888959 808929
2 196771 -761129
2 516429 26703
2 -529481 -437251
2 940652 -988111
2 35996 972060
2 162875 -59823
1 878039 -603997
2 264907 -392416
1 395890 -482257
2 609178 -224782
1 814690 -575603
2 -117544 198491
2 199070 -145695
1 463100 349131
2 -224376 -88303
1 -407145 242982
1 678401 412708
1 -161582 565918
1 -564723 -352794
1 198368 73329
1 704503 802058
1 -114991 -914197
2 562262 -189892
1 980740 305547
2 -602659 508449
1 -736924 -532987
2 -449262 868690
2 -517093 -373039
1 31475 -975215
1 -54268 940903
1 -661193 -597135
1 478684 80249
2 795241 782814
2 815170 -505472
2 754987 695866
1 -225833 -560418
1 158805 -418679
2 774208 -481584
2 23513 -700315
2 586067 -373716
1 326458 -620278
2 -277351 175050
2 876293 72113
1 373830 -978021
2 -335256 -355146
1 1807 743645
2 -730723 -377993
1 300092 554136
1 126844 789270
2 459925 -977457
1 909152 -40642
1 -529603 -484114
1 -520271 243738
2 -360278 -607510
1 -226413 -293059
2 -86415 -971220
2 443617 -884319
1 -911653 823504
1 -498487 107984
2 -242507 -602496
1 304868 772678
1 -177355 -352636
1 -869253 955280
2 679088 -52938
1 -414589 -780280
1 301788 -962857
2 185803 -974113
1 -19683 -190289
2 819540 885388
2 318292 231626
2 994597 -962853
2 -827281 -113078
1 -857782 -380029
1 -324891 -265060
2 479624 -128348
2 855667 -335372
1 647839 -889996
2 -433107 200608
1 887847 133665
1 -375917 731415
2 -319095 -920396
1 504003 -674749
1 -203352 -977145
2 -803505 -789082
1 -772421 -714336
2 -270876 930737
2 388335 636510
2 -525249 633653
2 -914522 649999
1 -247440 545362
1 -277524 -729252
2 234051 -631118
2 -112143 906130
1 547232 -636049
1 294976 628573
1 361891 494480
1 180547 746851
2 -179724 -128923
1 -645620 953496
2 831048 177468
1 -654515 -436042
2 270190 339645
2 803822 893177
1 -989422 676708
1 -33167 -651611
2 -766676 -218664
1 127878 152851
1 741840 -109764
2 21040 -220735
1 517709 -482376
2 -269711 494856
1 617759 -95012
2 -599644 -859409
2 -324432 -572029
2 955618 365172
1 -454669 52189
2 221518 881009
1 667232 826616
1 -860729 126707
2 865004 481778
2 219310 -211383
2 273797 918052
1 365007 824850
2 539856 -515730
2 -103717 428784
1 691733 316160
2 227830 896626
1 581361 580974
2 -670556 145730
1 13058 -284982
2 424665 819500
2 909467 -749191
1 -390008 58664
1 675656 307839
2 132204 819538
2 503560 -116787
2 961154 -650671
2 -289716 510384
2 -254823 554689
2 886236 -918704
2 -526449 475148
2 947176 587861
1 138683 -367341
2 611984 910420
1 445829 265589
1 648074 -942521
2 313450 906536
2 835966 779905
1 -779241 742435
1 27387 367558
1 -196227 687908
2 654591 510304
1 -722737 -247411
1 370198 19407
2 -467622 500157
2 -893381 -281717
2 -909853 -931218
2 -165624 686727
2 -865127 255935
2 331559 -940492
2 -918900 -889540
2 -222466 -5203
1 -218263 578814
1 -544051 854582
1 919024 -242279
1 -20678 -899655
2 258953 -380035
1 279250 516614
1 -150650 178519
2 -733097 -254997
1 -561469 311489
1 463796 25224
2 468392 -783964
1 -818162 -954023
1 572124 -562653
2 -487992 384965
2 -81834 -40137
2 -724297 -449358
1 379292 747045
1 700787 393995
1 822261 588879
2 -748791 158870
2 268250 -234774
1 470558 -400693
2 47307 938367
2 -93792 -868256
1 -376761 548327
1 205175 394140
2 228431 978800
1 -508813 688596
1 -191377 149411
1 -53876 -463925
2 -939786 321186
2 -530184 -246985
2 598909 -698581
1 127237 -602182
2 755619 -685143
1 -117438 -15429
1 -487509 491655
1 -44236 -564652
2 953735 741297
2 -970104 -874917
1 334053 947603
1 811526 286528
2 -906037 -843445
2 -419994 435334
1 34988 34131
1 16852 -570175
2 734031 731637
2 534330 671426
1 -157776 483929
2 680979 -304240
2 939050 112604
1 -39394 768885
2 668059 702135
1 484080 705498
1 174744 -707618
1 -804598 865361
2 -858455 308714
1 101444 188180
2 885374 594730
1 -695430 373671
2 -534517 981809
2 -458873 -558550
1 421859 -309641
1 116044 -594493
1 319803 -388889
2 336539 708913
2 -212370 -444634
2 437301 -959584
1 484990 -11006
1 -281542 -203039
2 -913040 -457261
2 224509 -890718
2 23740 -883583
2 -744060 -373577
2 970401 663580
1 -854995 423028
1 85073 -776897
2 -815273 -430955
2 8812 390918
2 572056 300975
1 -295435 445742
2 841969 -399962
2 -830432 975862
2 685467 -913794
2 114813 728339
1 475718 263406
2 -606146 -60297
1 36755 -283660
2 362944 176376
2 -715637 990074
1 310286 -227578
2 -275658 613060
2 240053 183944
1 -782547 -789484
2 782651 -681310
1 865957 481929
2 183928 -468357
2 244714 460679
1 -856709 -366441
1 176497 729069
1 328650 206883
1 786706 -562200
2 379257 161541
1 -353829 -290341
2 -567469 -467359
2 -948229 518218
2 700573 796663
2 -321826 -787414
1 531240 784210
1 655276 4371
1 191285 -889401
2 910429 -588160
2 -781108 -607584
1 506082 241242
2 -982669 90035
2 -8787 817937
1 -398810 229561
1 -58507 -243592
1 -106511 -495556
1 978231 171601
2 720214 665938
1 -157019 -799953
2 -276491 626565
1 -31429 533425
1 -744408 -222729
1 175360 -355421
2 -133256 311774
2 896432 316676
1 816531 351139
1 -41099 119636
1 -883964 -121547
2 -127938 -371041
2 -925809 -918615
1 634456 329210
1 261079 -675278
2 521595 795059
1 -564457 115714
1 -144953 -145405
2 -431378 -769006
2 -286868 346668
2 640959 -440455
2 976647 -438789
2 400317 -129157
1 -148896 -376575
1 772533 -608203
1 -473420 -882949
2 -441816 -67970
2 34218 -904993
2 854831 -381639
2 -404001 -958610
2 509147 -277870
1 -109882 883665
1 440373 633789
1 374198 -807703
2 322743 988689
1 359126 59971
1 -954666 416015
1 896413 -887
1 531730 -995340
1 -398433 554838
1 -994704 -49041
2 577495 -353883
2 -688022 799133
2 488300 -409107
1 39634 65292
1 -818319 419724
1 443849 -991134
1 -21091 165775
2 -375327 640866
1 472256 117859
1 56647 -192704
1 527331 -873020
1 625303 604168
1 747073 -220199
2 942397 324834
2 604764 -358968
1 251817 -235193
2 272029 -778494
1 247870 -529439
2 -170462 -585831
1 564378 -655633
2 -305836 -229942
2 242917 284237
2 -431731 -687923
2 -13380 -327470
2 873929 375491
2 614812 410298
1 -930969 413468
2 -435216 783810
2 742055 -496973
1 729732 530487
2 -536733 -241045
1 275013 -661146
2 224486 719514
2 71561 295042
1 -441453 30389
2 190169 361376
1 -586096 689967
2 -2889 -122901
2 707567 258260
1 -911332 214449
2 851957 -658867
2 610687 -883830
2 578739 537128
1 -782714 407797
1 -645642 586609
2 -256627 253440
1 -16117 -288031
2 -49459 -284190
1 224055 -510396
2 547885 341219
1 -662833 -140834
1 -314323 -773530
2 900379 619020
1 554438 402882
2 46471 890408
1 -355836 -4655
2 -730587 -91901
2 480302 -750834
1 850650 -608370
2 637079 385760
1 -35212 994504
1 331510 230048
2 -64520 753700
1 -727055 -780895
2 -56661 748373
1 651528 -936363
1 -613050 -16834
1 -690924 68288
1 842270 650713
1 -6927 55549
1 -338180 531728
2 762534 -550825
1 851221 991558
1 -593048 -69954
1 -724514 -101716
2 352984 895979
2 -428089 483491
2 472229 -325060
2 -447092 -692610
1 -491196 566749
1 -304275 -18299
1 -327175 -634670
2 -527927 -340359
1 -759402 -47466
1 -250329 21010
1 366571 -900904
1 -735241 -262248
1 697259 -870276
1 -202756 -963954
2 736460 -471677
2 -886164 921493
1 419971 -23770
1 5156 996020
2 -854214 -464550
2 268905 768307
2 -11780 541917
2 -939643 730143
1 -413723 -247785
2 353760 -58875
1 -894423 222814
2 415717 534481
1 -551090 635323
2 737919 25672
1 -891378 -647663
2 -189692 447984
2 513560 -158909
1 -444376 927664
2 394380 155034
2 -227197 533713
2 -790328 526053
1 -358998 890307
1 -20534 -472027
2 -261938 -959320
2 32801 -690590
1 271319 -689791
1 -784168 -14665
2 458422 -233325
1 40560 -377804
1 908702 400047
1 200508 15405
1 -701818 -904571
1 373089 570028
2 -811259 984568
2 465291 -863091
2 642522 -195558
1 706960 71752
1 4619 -30324
1 -602176 609954
2 -910195 -683632
2 277131 915018
2 440885 -760845
1 -188797 -520734
2 543815 -23433
2 85987 580895
2 -585535 106376
1 410747 -946338
2 -96652 -907602
2 -606877 -338450
1 941553 141573
2 505286 865203
1 -841422 382660
1 -978606 323614
1 -568148 127622
1 -628886 11415
2 -274010 300754
1 -408482 -221821
2 897147 337289
1 586785 -325206
2 -437500 416331
2 -741177 44373
1 672638 -386304
2 -665748 906592
2 355447 261314
1 -856663 402108
1 -762674 983991
2 -769235 789564
1 -499284 721951
1 -253757 453087
2 -56453 249405
1 871935 878211
2 -214077 898290
1 294393 845997
1 377317 -411546
2 -233874 387673
1 -308216 -208117
2 472558 -801396
2 -609904 827254
2 844702 -497058
2 -673956 -948515
1 -902672 -335801
2 -343476 -409347
1 760043 -379911
1 865962 563677
1 -808405 922681
1 -259648 -488273
1 -360482 -41769
2 -155641 345086
2 361219 -783183
2 -860764 -469574
1 97664 695482
1 -457768 -137
2 -637988 -861503
1 79906 446997
1 184565 230866
1 -212898 694982
2 979780 188844
2 515066 -866968
1 742550 -193674
1 -517549 -41149
1 -108151 -43030
1 -16680 249101
2 -714040 -173828
2 161782 -413936
2 657436 295446
2 70220 -227215
2 657258 -702852
1 653748 351557
2 223166 551379
1 620140 -113611
2 481013 -810638
1 65071 -703868
2 -32436 -372393
1 -908622 -267219
2 -236168 -137632
2 -749181 -384726
2 -50380 240060
2 80477 42316
1 -354477 812014
2 887852 216807
1 -870158 -239455
2 151953 506235
2 -85760 25518
2 -79060 552026
1 746283 509068
2 952716 -373552
2 -239750 -290993
1 -98173 -456535
2 -225762 637359
1 926101 615912
2 -46320 428559
2 257390 -638152
2 -913858 -195489
1 642216 668781
2 -932601 998414
1 345888 -283049
2 -530164 94621
1 591847 703842
1 689415 -610117
1 305938 750584
2 -214188 -969621
1 -597988 955008
2 -264902 -740919
2 856902 393224
2 810153 -767412
1 -341809 -416041
2 -658141 660771
2 769799 -536074
2 501118 864684
1 -896974 -624184
2 895843 431879
1 671181 -856618
1 -310720 -265891
2 812115 187850
1 -433231 115918
1 -146487 84492
1 -344766 -73116
2 290668 280671
2 759315 -604291
1 -244491 80088
1 708660 619156
1 -336276 506844
1 665035 -82920
1 620193 781813
1 348618 -423487
1 106791 1680
2 -716236 936690
2 -996031 -337316
1 139750 -455347
2 -600052 293925
2 -43944 337877
1 746252 -4791
1 175779 674717
2 -590125 -982830
1 -93950 473819
2 -172729 -661828
2 -799890 -73649
1 860913 -239580
2 167572 831660
2 -713011 -897994
2 641804 -262817
2 551141 -973278
1 280022 -524890
2 -634280 -587566
1 646946 102563
2 -400717 196224
2 869601 -316305
1 382104 -15301
1 147161 17795
1 548053 -834806
1 -522586 -631758
1 -937714 -866175
2 710600 -805646
1 544435 387174
1 61341 640416
2 166270 973679
1 -682821 156889
1 785428 -42219
1 -78041 -329277
2 760798 303694
1 -351522 455993
2 567378 -266710
2 -959503 -830292
1 -887262 483752
1 -154506 -591449
2 -235754 818573
2 -119541 665044
2 -14772 295956
1 534143 -471244
1 -403330 305645
1 -46957 -271307
1 755393 -481496
1 -703586 -608333
1 601547 -381828
1 62330 -741666
1 -735359 -239126
2 -674443 859496
1 20687 -151181
1 539988 -288908
2 -344877 60262
2 331668 886224
2 -510848 502793
2 694624 869866
2 -407511 88296
1 208756 535550
1 524355 -850806
2 -465241 501357
2 357648 -765780
2 -991851 -133625
2 108509 853427
2 -233742 617393
1 -975701 -876296
2 -873289 -825235
2 -7986 269678
1 -859233 -751364
2 -630257 984498
1 141941 348428
2 226350 27706
1 -352981 -48248
2 -360736 -310785
2 966986 -700893
2 825031 -892816
1 349880 768734
1 593192 -705801
2 -679063 -733497
1 448679 139810
2 -305240 -235249
1 -958783 -730891
2 273494 -172252
1 179012 974963
1 -371316 -5659
1 9274 160825
1 69216 904266
1 -301498 623110
1 389150 315780
2 861424 356847
1 -283160 617409
2 920829 86459
2 -944906 332922
1 329085 -494699
1 -668398 386087
2 592410 158799
1 191817 43416
1 -781361 -861986
1 -413171 -963701
2 59383 -234493
2 768651 191901
1 -672863 -589984
1 -520557 -556101
2 -656159 -41017
1 -378758 -993098
2 -228500 652253
1 -64414 547127
1 -655318 70426
1 820676 -37472
1 -992282 635686
2 37386 311762
2 -888157 -538825
2 -965645 14958
1 -746672 -242165
1 -206592 598072
1 356268 58186
1 699646 -784946
2 -240246 -627733
1 714082 -321264
2 390653 -441775
2 621728 567595
1 984360 -901663
2 -114207 251125
2 -883221 355189
1 96594 737531
1 862312 -743555
2 -991638 -555184
1 732199 -35963
2 357963 520804
1 175406 406345
1 574502 -625141
2 180154 158207
1 -740335 190244
1 -488563 795458
2 -884570 -302667
2 644376 936549
2 265806 717156
1 470439 -402523
1 -682508 -593435
1 525958 60450
1 -811747 799576
1 -114693 77693
1 -188869 262854
1 449780 633408
2 -754313 -575457
1 900162 969811
2 281299 929430
2 940585 -108913
1 372033 829158
2 377050 -895279
1 -787919 990817
1 -830138 -92793
1 91841 896794
2 -433852 -319782
1 919426 510284
2 -641490 329508
2 918230 422266
2 -332965 118454
1 -63916 912077
1 223966 -7029
2 895728 495992
2 138315 -553040
1 -54873 778564
2 52643 553363
2 733781 528189
1 -416719 -555774
1 -568261 231724
2 960489 182474
1 -12554 -446218
1 -680170 685993
1 202869 -342138
2 -709047 -315835
1 646847 441290
2 -388189 608102
1 710070 300277
1 472393 421964
1 129024 -601752
1 856993 -66520
1 -816929 -240480
1 460819 34704
1 764552 -651727
2 766139 6891
2 102931 -831631
2 445721 446913
2 504729 -480960
2 -488252 19383
1 426746 -241660
1 -27092 -619150
1 -135941 -779965
2 792169 -809869
2 -581811 652686
2 -581395 -355838
1 281314 -824500
2 -954964 -599684
2 606646 -750239
1 -574368 -338154
2 692796 171326
1 344494 314798
1 -676799 -703410
2 453610 951716
2 990963 -997
1 -918993 -447496
2 -264565 919569
2 132144 -192986
1 825308 -240528
2 -959618 -766914
1 -446356 -326553
1 -481225 30520
2 -848988 -678333
1 221761 966495
1 690277 -135984
2 -413483 -207503
1 -978051 -349572
1 -279484 347397
1 -325431 656394
2 880150 861895
2 -442268 334892
1 -810465 314885
1 -900673 -754909
1 -672967 -348151
1 -857316 -563945
2 221974 539548
2 -543779 -576355
2 -466144 -671042
1 817574 -136382
1 -191097 843537
1 -919436 110889
2 -298200 12298
2 469608 -354120
2 24001 -499142
1 246012 257760
1 -473599 116313
1 -594193 689661
1 748836 -609196
2 -676458 -977029
2 379019 170005
1 -135261 639219
2 -379877 214307
1 -266292 -75437
1 117419 498356
2 -397290 -242041
1 363779 200934
1 -202122 -320430
2 413890 -157057
2 -288264 895065
1 -398297 846021
1 329756 770042
1 -376387 829260
2 -968521 -288962
1 -835684 753603
1 -350055 -916592
1 641947 149320
2 -557484 -761978
2 932924 -785691
2 139641 -277610
1 -810681 693683
1 872234 -95397
2 -781495 885619
2 -966079 731983
2 762166 -732075
2 -632377 -628052
2 -617161 939660
2 -798560 273802
1 652026 -578023
2 535528 805621
1 583404 896300
2 645783 581957
2 -486872 -813324
2 -519776 556216
2 -37036 359872
2 822764 -959352
1 -242626 -601272
1 261603 115032
2 -163942 923711
2 -378000 -264257
2 932000 -292848
1 18737 -912748
2 261984 515118
2 442964 143649
1 -196194 -752845
2 -94542 521355
2 -748360 -605851
2 -876748 -924982
2 -566112 323371
1 104992 -223037
2 157847 -504980
1 -850101 624526
1 -498835 266632
2 -454244 -805402
1 -891368 -482929
1 -787758 -305661
2 100800 -622772
2 -123554 -743117
1 -202062 680487
1 285188 247382
1 -866732 -710003
1 -959426 467246
1 781250 -197462
1 127843 -427499
2 876348 998926
1 707890 -320955
1 -705402 905608
2 -61570 300644
1 -997437 61369
1 950432 -725869
1 -870489 196971
2 -250348 -294204
1 763838 -651241
2 596348 286417
2 375294 -389619
2 327468 343699
2 -988619 155375
1 -722650 -792803
2 -556203 748637
2 -203028 470648
1 -256725 605795
2 750193 175112
1 780678 189926
2 290073 292761
1 314086 -398708
1 670059 305567
2 787142 761770
2 723419 503717
2 -432828 887419
2 287099 328994
1 -242562 482897
2 217534 -30006
2 794802 -597028
1 -17699 -857696
1 779113 -97920
1 820353 545424
2 -62927 -490211
1 -139022 -536703
2 -11228 -177461
1 789826 -169333
2 468851 928415
1 -984003 -317001
2 -445637 -254798
2 -608147 340218
2 559345 820536
1 169944 676710
2 -721766 52604
1 951818 559234
2 -987718 -713473
1 787696 49644
2 141820 314754
2 -794907 -374751
2 -21482 -403838
1 -814921 -521169
1 700185 278458
1 -968228 631800
1 6749 -255159
2 532632 152576
2 -880612 185307
2 -260815 -87024
2 123852 538766
1 -318932 -194549
2 -77472 -773979
1 -922230 -818510
1 -132823 -420445
2 -486644 -975901
1 460955 309832
2 -903966 -65575
1 946709 748266
1 -735585 -38863
1 319000 129640
1 518967 653221
1 -810499 -253107
1 -420728 103517
1 -468855 -211804
1 -149364 -231300
1 68901 -391857
1 205119 -553160
1 -769610 493107
2 -936450 359770
2 833267 -565004
2 -580940 -708498
2 555718 -95687
1 328598 -670731
1 -835609 21720
1 250666 436127
1 -950886 -106747
1 673567 -782331
2 248698 -626838
2 56778 5124
2 -965596 837106
1 -322076 -986430
2 -747422 -847295
1 175642 379853
2 952895 634208
2 -51515 -820371
1 838964 -880297
1 398313 210928
1 122854 -217450
2 -910577 896566
2 69763 90516
2 383117 990419
2 813212 603741
2 2301 -951401
1 -802327 -993408
1 -315884 -995746
2 -598143 359435
1 -945370 545425
1 -258382 775108
2 -444518 546745
1 -655673 123283
2 -108249 314023
2 112382 -98237
2 -508822 527214
1 -194648 -795860
1 73219 135127
1 -521236 39178
2 376680 881872
1 968712 299925
1 -502022 735843
1 39135 -323404
2 -692245 -130454
1 484623 -162935
1 -778132 -635734
2 847274 687490
1 -564287 976032
1 -983223 778838
1 380030 -854478
1 -97229 -608587
2 -695276 974131
1 -356676 -106716
2 -714004 416343
1 -443977 -374568
1 545804 -611081
1 -870471 491148
1 -203203 -478076
2 -692211 439386
2 327758 -779762
1 693282 331209
1 453490 942775
2 171453 13950
2 886634 -235796
2 500142 469185
2 182465 975058
2 -135533 76464
2 -991663 -963611
2 -85919 -640761
2 -364103 -856884
2 868320 171660
1 -990383 532859
1 155870 293218
1 -200372 -936721
1 -382057 -402320
1 853430 94267
1 675344 -938631
1 -824447 -515005
2 -453819 323589
1 -96996 -694820
2 -74113 -351513
2 -809171 59164
2 -808846 -491496
1 334737 438208
2 -253372 922062
2 855077 -243899
2 -982663 193931
1 -148679 -730483
1 314249 323504
1 -512701 -607886
2 471480 -909561
1 199744 -826324
1 844438 -943151
1 212173 -72649
2 894857 -123984
2 -25184 -578389
2 -749986 93626
2 -123432 -691414
1 222233 895419
1 -2233 899884
2 -672401 -836805
1 -996347 370732
2 -358834 -351286
2 192006 -781730
2 -11033 -909393
2 774155 637721
1 -292934 453424
1 -349817 -915125
2 531002 789212
1 896306 210072
2 -401622 999379
1 -658199 -315476
1 -946009 -192081
2 800831 659042
1 -552316 37408
2 606032 939906
2 571381 956135
1 95253 206737
2 350108 595991
2 797679 -279591
2 246221 -222209
2 846079 615198
2 -266270 297779
1 -266822 -989285
2 -116030 -377993
1 -445857 56097
2 65858 502742
2 74412 176186
1 561689 183995
2 478936 312487
2 -650202 6515
1 118859 683389
2 -431562 140191
2 99922 627452
2 -676469 842938
1 -463246 -1770
2 -105833 897908
1 398716 988601
2 -26969 -557047
2 -268161 523094
1 -718297 318212
2 -281780 -202454
2 -833522 -930703
2 138971 464529
2 -667456 222883
1 140930 -622989
1 -888700 329952
2 -766655 123804
1 -763209 5718
2 -611795 -943362
2 294464 30392
2 -443838 -29408
2 -499493 -775968
1 -756904 -95436
1 -773073 338585
1 -197303 614579
2 395974 933949
2 -792589 561817
2 766402 408938
2 -307201 845926
2 -777877 -344225
1 -176800 976125
2 -176727 197189
2 747442 -21170
2 -351842 -921737
1 -334435 -576757
1 328706 -858007
1 -952488 987045
2 643103 -431840
1 -807117 547964
1 -835548 -955469
2 -219254 -51858
1 -782137 106041
1 981957 747499
2 405447 35792
1 -551781 -982475
1 -242493 -365413
1 -11037 -971734
1 155363 -217921
2 792693 -22049
2 451346 930699
1 -23703 304722
2 -659383 -203753
2 321315 -990576
1 154005 974625
1 780686 319824
1 760272 -536724
1 -29086 -116509
1 -520576 -878880
1 -173574 -848112
2 -562791 110852
2 -750931 218940
1 709763 -859620
2 -22708 -994077
2 -453251 -130167
2 741965 -15331
2 -973006 389590
1 872052 846019
1 165977 52275
2 516520 -444773
2 -51881 -968948
2 -258964 990855
2 -128423 -510514
2 73431 -303489
1 394264 210533
2 74659 321789
2 611205 -179779
2 -343982 -907861
2 -212470 -121680
2 660856 -268879
2 -659023 -142798
2 -294285 -237592
1 965560 -640713
1 861943 -939185
2 225592 -691564
1 -162844 -633743
2 -876060 637257
1 149961 -950731
2 -71331 366710
1 884829 -550970
2 131895 -381100
1 -650883 570638
2 -647517 -905682
1 -104440 288939
1 -414870 502558
1 -811414 392551
1 830362 650570
2 935682 -455862
2 -146865 -264657
1 -494340 -233245
2 219486 747428
1 -71601 -175040
2 806887 372217
1 -439714 -772643
1 741850 62331
1 -307837 157525
2 -73539 -724146
2 590105 -564180
2 272881 -462751
2 166854 773768
2 836313 604293
1 792307 -491838
1 957842 -276786
1 -942777 95744
2 629329 216123
2 282144 -888771
1 -517066 81392
1 -725834 -259466
2 834173 657519
1 834493 23888
1 -906700 13446
2 853193 106365
2 -506186 805153
1 961311 -4756
2 -578907 -572772
2 329744 575877
2 657179 -25401
1 596413 -619315
2 48433 -153300
1 279684 -208964
2 -779891 -178100
1 589876 -402543
1 620429 746282
2 758491 -447277
2 -804248 734798
1 955074 -769893
1 484761 144883
1 -548725 356349
1 963443 -208038
2 -18649 -824844
2 935406 911230
2 -457456 -752403
1 -287156 -503890
1 -955887 -92367
1 844625 201163
1 -866070 422381
2 -397173 -277631
1 811169 301416
2 992390 -27468
1 -830512 -370938
2 260337 858845
1 579698 653816
1 590071 865279
1 -561955 153141
2 453511 -707399
1 536774 -279736
2 -108301 -567256
1 868419 -163026
2 890744 784908
1 -702362 -48152
1 226641 929139
1 -345059 995883
2 130408 652197
2 941932 513841
2 -799234 960477
1 -402468 792215
1 -865195 -892752
2 -301485 845893
1 338109 -923423
1 -626589 588159
2 983275 891716
1 238478 -273554
1 -174703 184519
1 -689014 147346
1 -862503 322619
2 -211616 222211
2 225123 -578212
1 -713665 125040
2 -675494 -788023
1 -990545 -197765
2 -182537 616021
2 953703 208328
1 577579 -933735
1 -276917 -533643
1 -668507 565767
2 -228521 303614
1 -591300 -723024
2 158105 -167874
2 -739204 -826974
1 669647 -618528
1 139311 177863
1 420290 -670025
1 229542 -359365
2 -57195 -207439
2 -115607 741646
2 155627 216205
1 -658759 285501
1 85168 834789
1 -306878 262873
1 -818724 -392142
2 -379837 883047
1 -639298 -858513
1 604758 -456615
1 -635953 -685348
1 288905 670232
1 780650 -280294
2 -253847 939287
2 4325 -957852
2 -286808 -656570
1 -973053 -398412
2 886964 -696720
2 -632066 611557
1 429290 495459
1 350705 622888
2 645789 675985
1 -689514 -259457
2 304785 -626940
2 -404642 282727
2 935805 -389012
2 -382332 980342
1 686320 -597157
2 172900 316476
1 443123 816177
2 -938814 658871
2 513355 400050
1 -728058 373972
1 -777761 -398079
2 198930 -496587
2 404539 782307
1 -616261 61320
2 918278 -769013
2 -29438 -29302
2 636884 -888155
1 -715056 757269
1 286001 -110956
2 102896 576338
2 230309 526472
2 -33191 949458
2 -777122 338878
1 248111 -486103
2 -815724 -2373
2 572980 -183410
1 -120746 422567
1 245555 587347
1 -761292 204775
1 -930864 166858
2 983045 -986154
1 299120 226146
2 523689 -49035
2 857723 192774
2 782388 905855
2 -936110 62937
1 -856615 -785318
2 -701496 491862
1 -340704 136075
1 777056 -646319
1 690445 681667
1 211462 -9681
1 944478 -734321
1 -897223 -814898
1 559473 971014
2 288352 -613934
1 505117 31340
2 431927 779475
1 -144746 -674949
2 -94069 475059
1 -705122 -401540
2 -348256 -704531
1 710315 411561
2 -541348 253447
1 -172688 29671
2 617407 -18864
1 -357531 -482404
2 -35712 606058
1 637077 357143
2 983644 -914397
2 254590 329089
1 -213690 -615087
1 -674443 872873
2 594974 -777188
1 522266 63540
1 -106451 516043
1 -505747 174543
1 802532 -770157
1 -157463 -256981
2 659270 -904597
1 -606274 -211917
1 -400250 43400
1 -831959 -671474
2 627548 304349
2 -367362 413427
2 800842 851876
1 -37717 921567
2 -181426 -728706
1 207233 964625
1 -835477 235509
1 682716 874344
1 342105 180880
2 -414572 -504680
2 52904 936598
2 -641002 526968
1 421143 -347390
1 -919529 555690
1 -367245 381533
2 -106991 -565828
1 505080 -581653
1 -797491 233272
2 -80216 -857186
1 -624120 61808
2 576322 -58943
2 -790737 -338410
2 172909 468616
2 832381 553458
1 563378 547509
2 525343 -256207
1 -545488 707016
1 -231661 -442154
2 -256419 -263995
2 487136 28497
1 43542 -300915
2 -572784 261460
1 -701415 -136923
2 -952359 -842480
2 -436787 393838
1 178178 958801
1 -875920 977561
2 630419 522432
2 287711 613040
2 -849617 756434
2 588626 596132
2 271710 -131440
2 -905415 -392583
2 -633414 -43840
2 236631 710630
1 507905 854760
2 -585258 758319
2 -144865 -661334
1 -770152 -598366
2 -298004 -701699
1 790358 761949
1 679732 759236
2 468683 106676
2 -33838 70213
1 -663684 -427725
2 -583541 -408499
1 539692 742169
1 854833 -352693
2 313766 213087
1 -218203 -401054
2 570104 -492342
1 203120 -118812
2 -31880 965437
1 775552 92315
2 -613384 372132
2 -60764 -151550
1 798581 884209
1 131891 -449174
2 -372151 -16714
1 159793 183266
2 -549107 -61954
1 818877 -248750
2 500961 238364
1 -82903 1285
1 147047 116118
2 499569 853504
1 147273 -96771
1 -529679 238418
2 687502 -736981
2 -205706 -522833
1 -536736 -296039
2 414536 698567
1 693403 371979
1 52186 881932
2 217238 992394
2 782977 806926
1 -642799 345029
1 410884 -641246
2 -818553 474505
1 -688642 395621
1 -909614 -931928
2 -334888 -179158
1 -282592 148836
2 153411 795545
1 64914 651035
2 -147106 -312754
1 743295 324805
1 -917081 -328338
1 731777 880350
2 999229 842711
2 -615176 278284
2 978367 451898
2 -248308 -39716
1 536968 991594
2 -779147 315882
1 657219 653583
1 555397 513305
1 934663 427148
2 561078 -73564
2 542815 -806887
2 -500966 486033
1 21967 -651426
1 -878598 103
2 318875 19043
2 -57457 -611428
1 904827 -680967
1 -924245 -660874
2 -443060 -975286
2 959203 577522
2 114453 677174
1 -403061 823994
1 282456 359986
2 -924602 -659660
1 167584 -962995
2 245736 -368746
1 288242 -473273
1 -741824 -819491
2 794935 -363502
1 539849 -621286
1 -152283 742522
1 -440963 248776
2 671179 -895463
2 -112981 830212
2 774525 847009
2 257073 39101
1 -451904 496660
1 486099 614400
1 107538 539222
2 28377 -997216
1 791211 -908371
1 562701 -819891
2 -241559 -685299
2 898348 493491
2 578403 894594
1 803500 -503349
2 657752 -394181
1 -248043 414350
1 857892 -979194
2 325780 -4590
1 -137660 339659
1 830440 -37564
1 346912 916507
1 -632919 271050
2 -714569 941744
1 996123 678547
2 482669 -987782
2 -346650 275300
2 444065 650294
2 193781 -981856
1 549567 597265
1 968438 -306359
2 -767950 381060
2 -756324 -362341
2 -702866 -508133
2 833404 -254978
1 729916 -377535
1 418203 276243
1 435519 -887116
2 -442616 486570
2 490106 -86775
2 -969806 121249
2 143815 -177769
2 -168028 300532
1 -161234 416589
1 818156 -356374
2 -44958 -689365
2 -323503 -961556
2 -979488 -488178
1 983987 843754
1 -71525 -890413
1 222809 558608
2 -465500 142150
1 -71688 374832
1 -61708 -8897
2 541206 167016
1 663124 -180399
2 -860953 364281
2 -439385 761848
1 -161454 713654
2 -908497 -169966
1 789097 -413872
1 431040 -121004
2 932392 287260
1 969816 840873
1 -561047 -606359
2 -276182 -192036
1 342340 123891
1 -363530 771067
2 -806271 766843
1 -242723 -237499
1 700245 -710824
1 -91835 -12097
1 102464 -679699
2 6795 515770
2 -702726 -163256
2 586868 -931623
1 961034 -657514
1 -606652 -557181
2 230955 -626617
2 -298967 -871048
2 728292 341005
1 314281 864477
1 169796 191879
1 858584 651338
1 -80513 151446
1 -990346 -842764
1 -979671 438859
1 639195 -71288
1 -599381 -439960
1 221122 225512
1 259697 107540
2 261381 396119
1 676321 -537289
2 -221153 40239
2 -79345 -226338
2 320105 693959
1 -814657 -76564
2 249346 259659
1 -366346 -519143
1 622786 322514
1 -648309 -204296
1 -49037 796917
2 -753737 -909323
1 544570 664839
2 -790489 -171755
1 -711114 956986
1 572145 -210646
2 949813 874132
1 -742702 427506
2 933105 258032
2 67335 -685498
1 -413334 298819
1 824940 -411974
1 -423959 -155017
2 -333473 -417840
2 -75840 641706
2 -240434 217916
2 118608 472704
1 439330 -879588
1 -629071 906389
1 -66609 -327730
2 645846 -372442
1 -144744 -628960
2 821015 -331924
1 -976968 -155383
2 480811 -187489
1 723261 -160321
1 -614677 653259
2 -969489 -554031
1 94687 711008
2 -834764 210056
2 -17861 418075
2 27827 -239353
2 107017 -202280
1 -354455 -818033
1 -842597 654465
2 861899 334374
2 311850 34878
2 -478166 -583983
2 751478 -243557
1 -252606 -221772
1 -368204 268275
2 -523985 -133938
2 325450 457775
2 25256 589182
1 872305 -902684
1 851898 353565
2 -696671 -470302
1 -274145 24906
2 -256701 997462
1 572233 -732418
1 929689 891668
2 -96938 284481
2 326862 178650
2 286163 612447
2 -227266 -622492
1 -804053 6719
1 697054 -307212
2 -549293 816636
2 299441 -372961
2 -508754 -329883
1 -212245 -342072
1 -238200 -270367
1 118470 148893
1 -736799 -434247
1 140714 -264618
2 265098 829808
1 79919 664736
2 -476725 -378587
1 -709943 629356
2 778316 520966
2 -671778 -368071
2 -918220 531602
2 -492559 -319419
1 837564 -388320
2 -21257 -619609
1 94412 81338
2 663035 326305
2 -625320 -96414
1 -362124 390677
1 -522164 443663
1 -483981 -244393
1 -257751 -636524
1 -753220 -231196
1 568888 -912177
2 -975674 -418717
1 123955 268128
1 902063 898860
1 -287030 -383972
1 791680 965797
1 -308882 612106
2 421 -529868
1 -317412 -666182
1 -678315 -163939
2 107099 -831692
1 586537 -487694
1 428542 -70168
1 5682 -164459
2 -328534 544562
2 932036 296494
2 -681252 510663
1 941224 622562
2 -503151 -216180
1 -114139 -610452
1 894178 460862
2 541043 -578113
2 944088 722761
1 781047 381922
2 463269 -821537
2 750488 -862732
2 738770 328978
1 -873578 318902
2 -891284 930770
1 18298 -287636
1 -14474 -693237
1 312372 803212
2 608987 573109
1 538182 -630726
1 718559 883385
1 599929 435988
2 11509 -304464
2 526620 -823727
1 -612859 -809854
2 -427915 -596705
2 198914 -772939
2 114940 853802
2 -810243 44981
1 -735841 -342245
2 -155630 527880
2 189321 111514
1 -353004 -448217
2 876314 427488
2 721170 731547
1 -843568 341841
1 -244652 -632460
1 307293 -494528
2 175157 229885
1 -560734 657748
1 303394 21830
1 395182 -372048
1 469971 -257124
1 704989 962239
1 707500 -857909
1 -270198 315017
1 -774484 637414
2 645544 555021
2 396098 -983120
2 -27496 595773
2 224857 955149
2 477773 780384
1 35563 -300941
1 -702211 493679
1 -57278 386103
1 271943 -206724
2 52221 -524517
2 -980895 -109746
1 -202073 503943
2 -570576 -644508
1 -644557 811310
2 341893 620092
1 96919 181968
2 996266 -929604
1 -657225 42666
2 -261616 449095
1 -604796 611359
2 866503 -341047
2 765401 -391104
1 734900 -670899
2 74238 -742275
1 -215068 241851
2 114838 -862141
2 64268 -199092
2 -693537 182705
1 1960 -686459
1 62113 -396170
2 203142 239899
1 203250 58152
1 -456647 830337
2 521380 -824675
1 248123 -276854
2 -552544 212000
1 724625 755294
1 -679761 -453244
1 12022 319279
2 -373059 734907
1 750436 266284
2 -627803 208000
1 -299028 113049
1 -358970 -642610
1 -733073 144690
2 -999759 -938542
1 827162 900773
1 -319377 334060
1 -923103 532478
1 933456 157511
1 381844 -381244
1 -102628 718990
2 -828297 832618
2 -284932 847436
1 -739411 -293217
1 848358 893082
2 357469 235597
1 870600 459427
2 -58501 -149627
1 -354026 389338
1 49907 613211
1 918628 -889772
2 -199416 -877785
1 -844186 -30970
2 331660 754556
1 253003 -323796
2 -448006 -44854
1 -738915 31290
1 -219587 346020
1 -273204 -169986
1 113252 517448
1 -417090 -788636
2 510837 108779
1 -5313 -833332
2 -650303 303373
1 665704 -849682
1 854095 -744783
1 671958 195895
2 506299 -117584
1 39927 989437
2 445905 -452087
1 -84070 401531
2 -86596 -11054
2 309483 292142
1 759368 271991
2 924607 -474334
1 -386657 346987
2 780752 -575163
2 -876993 968453
1 335418 -123581
2 -317183 -813425
2 -222726 -373338
2 -37245 857681
1 772888 -652680
2 953543 -478281
1 741430 -997457
1 -573217 -998963
2 -63314 -992283
2 -238083 -299034
2 520935 -304290
1 17329 -554130
1 -605321 -209793
2 -22806 -634032
1 317488 727678
2 589344 656734
2 162822 -940303
1 705177 114067
2 -2842 664380
2 -824083 -396330
1 -257634 -673163
2 443575 410543
1 421942 -923404
1 756262 119074
2 -930346 883002
2 715395 -273849
1 942398 333997
2 663031 262115
2 434191 807729
2 -952022 813294
1 -35170 -299826
2 380031 -836779
2 -429431 -58909
2 153072 -706198
1 854038 299510
2 -833086 398013
1 379887 748645
2 -56711 -91351
2 648880 597552
2 583819 -140670
1 -851668 296142
2 -982404 546231
2 -163545 -399494
2 262709 705775
2 -84233 -320885
1 -550712 977548
2 932419 739467
2 -379813 -701575
1 142858 -249973
2 298688 976583
2 -556959 62933
1 511882 -340538
2 -312658 -814575
1 -602807 19090
1 103038 966593
2 -39006 -731711
1 847902 -754999
1 42674 -884176
2 -458341 388035
1 -915530 -276323
1 -586509 -245688
1 76326 326310
2 -780140 -352947
2 -890901 -638776
1 -151357 300883
1 -172360 -462454
1 -846633 861893
2 -444335 -387357
2 133426 -665271
2 918766 -570974
2 -611790 -858889
1 253441 -969976
1 -750266 -606576
2 392157 822712
2 -331621 697335
2 -135437 -315582
2 836047 135457
1 -600994 464099
1 896610 -682962
1 699667 -421708
1 735271 -434481
1 40678 -392013
2 157794 615469
1 -847950 740467
2 534682 594338
2 928390 -931810
2 116965 873947
2 -259026 -42626
2 193483 18443
2 219304 -311050
2 440582 135933
1 -109927 134587
2 -186707 583236
2 -196532 -436809
2 338721 -649168
1 260735 -451877
2 -345791 711527
2 595487 -174339
2 -332380 -57539
2 -927774 76098
2 932686 -782616
2 501846 -900414
1 733928 -992983
2 197307 242879
1 -722669 883357
2 177694 843324
2 -702544 896209
2 -719593 548558
1 -534962 -492312
1 732788 -140530
2 615418 574642
1 -208850 678382
2 -636723 379322
1 -147557 122500
1 -918340 520922
1 945109 -124677
2 32448 -620832
1 -60908 -571472
2 834775 774747
2 -166197 -951248
1 -366161 589224
2 -684044 -387393
1 -962329 -292686
2 816834 -565219
1 867407 839935
1 449008 -339487
2 -86600 -86082
2 -389986 423969
1 -870764 -415908
1 -736109 -832525
1 -395507 -301477
2 618176 898003
2 -625443 -154257
1 820118 594330
2 101487 908954
2 754295 -917373
2 557271 -16479
1 473001 638171
2 469322 845153
1 603181 -941885
1 595849 -84971
1 389052 678112
1 267975 -860904
1 -499743 -975062
1 410070 -312465
2 558954 243295
2 -229206 790328
2 240423 391870
2 292497 992587
1 581597 544583
2 623342 -329886
1 -983551 -727584
2 -628512 297517
1 -747709 327229
2 -959180 603154
2 -609618 -369967
2 234095 112133
1 344459 -279869
1 211701 -7446
1 882889 853939
2 14193 767946
2 -203630 354328
1 393941 783796
2 -391497 -943866
1 -885915 -893029
1 998690 -218532
2 660253 -393407
2 117352 -630595
1 -904835 -658845
2 -603599 719865
2 -779422 -301367
2 543946 188539
2 -783298 612000
1 -91627 -520980
2 -273880 483357
2 -797393 -128668
1 293348 -707666
2 541078 5371
2 -949506 -926249
1 -322416 -700828
1 -596636 -331065
2 308735 -282115
2 -263188 52591
1 657749 -448816
2 649849 871345
2 -602401 838819
2 -446481 -422521
1 414109 -475158
1 -118582 774448
1 644570 208439
1 986041 -656032
2 561326 80921
1 -552024 940047
2 977424 615211
1 782046 -837917
1 682269 -637245
1 717341 416543
2 278584 -682575
2 -25826 637573
2 -484683 -43962
2 176750 981795
2 -452811 -740790
2 888178 -305267
1 232824 763281
1 765705 702740
1 454178 489753
1 -45750 12694
1 714636 991331
2 -487292 147192
2 758369 -501486
1 979278 -248707
1 -825874 -476018
1 916012 -830803
2 -725190 544015
1 995038 442067
1 -546552 837282
2 226172 -950324
1 -263220 -483635
1 -127994 694742
2 952489 -180164
2 -668762 285237
1 153771 -958209
2 2597 12341
1 802641 -929505
1 214574 254400
1 -140658 -10246
2 -91266 -442952
2 330966 -907852
2 -655274 815025
1 -760014 -335036
1 334315 -645357
1 -536522 -696546
1 104687 661320
1 -153594 731634
2 -849387 618009
2 -145014 827085
1 675789 529460
2 169303 -93047
1 755018 -785204
2 -831066 320355
2 931842 -962932
1 510043 776520
2 -30430 -686571
1 363099 789132
2 -237233 -17688
1 -179084 607267
1 -645795 15612
2 153160 783376
1 -36717 -280400
2 329120 95630
2 -161282 -402113
2 860224 193815
1 838150 -545266
2 748157 -17474
2 -689158 -281457
1 318046 103832
2 -809629 371992
2 -91234 86022
1 -574989 -760540
2 286740 302139
2 278546 693253
1 755208 416783
2 369858 314611
2 55546 -679723
2 -316019 734174
1 693406 421993
1 -652713 -179058
1 490791 -581775
1 769816 -244967
2 350840 890105
2 -183525 24649
2 342866 967191
2 -623163 125976
2 859063 690956
1 953795 -252716
1 -479592 -542819
1 178246 107828
1 -9544 94829
1 -455452 906373
1 136660 -348140
1 222017 -744913
1 -432508 257297
1 -942557 -206552
1 -390271 -348834
1 -816831 -589670
2 959934 867110
1 394244 -119123
1 -865212 820781
1 180837 -381904
2 712434 -610
2 514099 885667
1 353501 -409514
2 -691099 -874875
2 886894 125651
2 -968712 503322
1 -124921 304713
2 -289265 84575
2 666319 -509969
1 -911130 -386050
2 -596186 -785945
2 422363 144968
1 -836208 -44806
1 -961317 711734
2 51412 -115288
2 -25810 914066
2 -594464 140423
2 311957 -155860
2 -572582 -342516
1 363415 95589
1 -358021 -702106
2 542316 808947
2 -621723 313469
1 84350 -912042
2 -557740 946345
2 346030 113769
1 398609 -814510
2 960384 423758
1 759080 -559645
2 871285 -27459
1 487410 646497
2 695298 194563
2 -214685 679405
1 -463214 541536
1 -253523 374498
2 35139 567426
2 123401 959578
2 685060 250897
2 22761 680275
1 -243179 108285
1 -996615 -133551
1 379649 754258
2 -879200 -111095
2 -865847 154200
2 991 -962697
1 -501737 -473877
1 -517530 280173
2 867682 -545765
2 -559558 395717
2 -540981 406707
1 777120 432869
2 81001 835351
2 -88706 550642
2 -729140 208620
2 602218 887110
1 -641894 -462136
2 -933225 529867
1 402382 564381
1 859450 -808778
2 249613 743360
1 -835429 -956772
1 268265 18882
1 -985273 360305
1 -302808 619176
1 958928 -34166
2 481290 -146524
1 -279724 323954
1 -443178 -956441
2 -973393 -117353
1 786490 -197579
1 505393 664205
1 -778702 -208122
2 -202399 -966813
2 -551770 -800715
2 -154114 -12907
1 -406514 840972
2 -734265 135052
2 -593102 -978958
2 -811901 212290
1 636259 615359
1 355813 417785
1 -108812 851892
2 475412 -875376
2 11470 -955223
1 -231336 -980597
2 -369401 159565
2 -524936 -98470
2 854178 655508
1 -119401 -995941
1 -467695 -728806
1 -480254 340011
1 15268 828822
2 642931 677490
1 318586 -826925
1 -869042 506169
1 -918280 -473168
1 -121508 -379485
2 -313082 70004
2 325893 -109648
2 90371 213315
1 -144529 970146
2 -256167 -23862
1 692998 -428249
1 58582 308519
2 973331 -123658
1 -804253 663748
2 103002 356889
2 86748 -644421
1 875266 822719
