3000
1 270282 -113082
1 199815 369902
1 767 -721848
2 38173 -478248
2 627700 869628
2 -368752 -931668
2 981347 501438
2 -302594 215709
1 -970852 559273
1 868574 430416
1 45509 746590
1 856329 774660
1 712159 -621649
1 688048 433969
1 -961423 920438
1 -496006 -213253
2 654828 495215
1 -182883 806388
2 943660 -461866
1 166590 343103
2 263919 -980781
1 -62398 398341
2 -511182 900107
2 799694 -429677
1 960268 471456
2 477632 413719
2 188029 411062
2 -77194 -105072
1 -836271 903673
1 -540542 -212640
1 -822201 -793961
1 -635031 801058
2 -931758 -841386
2 930169 950913
1 483994 -742880
1 -451554 372330
1 -240291 622049
1 782569 -56942
2 -685284 781341
1 -96243 -40663
1 -366969 -984055
2 -720818 -17214
1 338088 722271
1 803086 533730
2 732696 313026
1 -687729 -286125
2 11471 -938416
1 -702640 -717232
2 -483066 -883409
1 -755008 -247619
1 -479208 -93376
2 609771 -258817
1 52972 81741
1 -555405 154123
2 732481 702882
1 -858 -12894
1 -927259 722648
1 355929 364918
1 -527361 -831049
2 645251 -362686
2 240215 899797
2 484864 -125755
2 672271 -551625
1 753885 181969
2 -306122 959463
2 759348 -57602
2 29609 -306370
2 935859 521479
2 -730235 -190730
1 5015 622588
1 456052 -26450
2 -287631 -477439
1 297885 -516264
1 -527027 770200
2 522252 -177961
1 47941 -420071
1 -331096 -493704
2 18019 -960427
1 -881212 95850
2 115917 -739645
1 12884 783764
2 2520 720509
1 229023 927394
2 798294 59058
2 -280472 -240154
2 -200362 -764986
2 532079 878658
1 190010 -311669
1 286663 -992846
1 938978 894078
2 -146874 -411080
2 709388 844633
2 558773 -799786
1 -197292 807256
2 -202303 644294
1 41890 -46956
1 816613 -276910
1 374856 254962
2 486142 -660287
2 -786444 -232871
1 813901 179446
2 -654883 -623746
2 168760 793759
1 357047 -863883
1 -803526 865150
2 266785 -840170
1 144518 -369820
1 -104491 -561623
1 -175116 -737226
2 -654777 -841801
2 523290 -737660
1 239529 -616422
1 -294380 175851
1 -548192 -706907
1 -427731 483593
2 803930 716599
1 -949323 157087
2 -543105 744931
1 -704073 -774294
1 142580 -922247
2 -698189 35383
2 -301795 -374215
1 749918 -440367
2 -566645 -620426
2 437181 -977406
2 809835 -105384
2 -777222 660516
2 -470680 -849349
1 -744040 -37594
2 438356 754302
1 495031 637212
2 -99244 -451437
2 147754 -17321
1 -487388 529307
2 824419 832760
2 -147029 995482
1 567404 160028
2 464276 98738
2 -238670 -149638
1 -652289 956135
1 -276501 458103
2 898733 969389
1 -556376 -152376
1 509902 400910
1 -779866 247135
1 936690 465620
2 -772552 -920387
2 -164495 -361740
2 -572751 829296
2 -292852 -167779
2 465466 81012
1 -730381 -633145
2 -57345 -730912
2 -693407 359952
1 779815 -309801
1 -309610 381617
1 -481749 -760385
1 410942 336395
2 -606037 -230014
1 -12945 975464
1 -338880 783458
2 411353 -775415
1 -666955 624298
1 -882720 775589
2 661343 -97514
2 -832820 866536
2 -452562 -553537
1 -754372 433122
2 -164847 -273671
1 -299316 -729536
1 -748764 611938
2 35979 675987
1 -741350 -869969
2 -656101 922386
2 143497 477947
1 379349 -296072
1 -455209 989948
2 -208249 780073
2 -757765 -557649
2 -22330 -639165
1 -178073 -403840
1 -33477 143181
1 -179960 -105736
2 111325 144102
2 661664 -698063
2 -895972 193793
1 190163 256336
1 -764801 -726581
1 -683966 915423
1 -16328 157070
2 677383 -693400
2 -176203 -998095
1 -638250 746589
1 -744065 -459179
2 203700 -383085
2 -78365 225236
1 -625134 -970384
2 -35681 -882500
2 -327092 768065
2 430783 -432594
2 583471 19702
1 -830073 996890
1 -6118 -359319
1 672261 -720337
2 -496830 -59340
1 875903 -476652
2 -644797 788619
1 762628 -962309
2 -735838 -280640
2 -564448 269639
1 522511 164502
1 993454 -153694
1 605309 801158
2 -750625 -647685
2 -289253 289314
1 -300015 -478198
2 -880060 -545803
1 -429430 -43747
1 -995818 -759579
2 758957 -622751
1 285529 -36841
1 -30300 -503310
1 -555330 -592123
1 -448189 890454
1 836840 -548981
2 474301 475366
2 -938345 533333
1 -658896 -18103
2 371781 596998
1 -623143 467927
1 98115 272727
2 -851459 -190640
2 961075 18792
2 936407 -283500
2 232532 -135489
2 -337164 -400387
1 409465 -478062
1 940746 594786
2 939500 -333379
1 442135 221844
2 833184 47037
2 546893 -324336
1 -366655 283748
2 504917 679848
2 -260784 431534
2 263542 681399
2 -593477 724214
1 -504143 -888032
1 675701 -941098
2 -331181 89108
1 -774537 -258338
1 -958685 905074
1 -842735 336857
2 125489 30102
1 496906 124078
2 -143703 850520
1 -437113 918261
2 -242736 -449176
2 199251 894520
2 -120743 466347
2 79191 441484
1 -779453 -816525
2 336920 -900591
2 520245 110889
2 -851135 -750447
2 -444119 -756035
2 604145 -748414
2 -78201 978823
2 -852313 -530473
2 799952 -91396
1 411507 -181972
2 489193 585981
2 675971 -402981
2 -854523 353080
2 200288 304622
2 456990 -285296
2 -190927 -293972
1 -712168 -738933
1 -79731 -715363
1 -941291 -958558
1 504054 173197
1 -815541 -927327
1 -91910 732567
2 650422 486337
2 940565 -452195
1 679763 -724498
2 958397 -954938
1 292767 -469207
1 112092 -966447
2 761916 -923338
2 139646 -194499
1 -326668 -111674
2 466839 -858457
2 -87557 -154088
2 -919506 936377
1 96577 447191
1 -939438 179392
1 -255750 971706
2 994761 -203486
2 583399 810965
2 -430551 -870884
1 -266014 589507
1 -133147 142135
1 402477 161323
1 304431 -572391
2 -121980 -297993
1 -666216 -961186
2 -200014 -911996
1 -427484 635351
1 759164 852175
2 331134 -85517
2 -178449 -715568
2 99373 -587012
1 -64021 -860646
1 959795 535985
2 -517074 -53267
1 -603659 -289855
2 49381 -228224
1 -989169 914851
1 248997 395549
1 -367003 441472
1 -869051 356144
1 707291 -375028
1 -503946 434409
2 -915448 -907786
1 385911 -81799
2 -20787 -724236
2 389384 259449
1 382948 158186
1 -749491 399369
1 379356 -163449
1 966299 -229560
2 -353488 -567327
1 448405 -468088
2 -225626 929090
2 -859215 -460805
2 327858 904337
1 -472671 -296756
2 122935 -866472
1 -5337 766656
2 -934473 -433697
2 569420 20248
2 -446195 375689
2 -456723 -440463
2 490569 -312027
1 -507891 169939
2 -545943 -927469
1 -815804 656235
2 529249 -666162
1 889538 529102
2 -482322 -379716
2 263592 -466210
2 966194 9202
2 -887670 -365879
1 -506730 -329317
1 -675034 945941
1 -707809 479048
2 252223 578600
2 974540 177212
2 729943 67529
2 -42866 446057
2 -552523 565338
1 614265 -786419
2 -116722 11982
1 -851929 -76301
2 -384024 567347
1 725546 220175
2 684473 388624
1 999093 551042
1 -786369 -977409
2 355690 352737
2 -84267 -903930
2 -344386 309365
2 296394 455772
1 720719 -849008
2 -328703 -296161
2 293802 915948
2 344494 301562
1 350917 178476
1 412557 -554726
1 980029 368264
1 -732533 -779160
2 -614971 -274582
2 -878489 -165416
2 -727062 -886859
1 603786 -788974
1 133379 551007
2 507353 -411989
2 -394233 -893510
1 -494576 -193486
2 -163495 442062
2 -923819 496906
2 -43797 812088
1 566052 -533056
1 298826 -711234
2 287180 -296721
2 -656794 -704951
2 836959 -549438
2 566922 79998
1 507251 -132219
1 -578706 801061
2 -979086 271120
1 183629 510952
2 892863 370575
2 -194363 -3775
2 319797 -495041
1 862366 164649
1 14975 -87115
1 -747002 213715
1 315366 -915933
2 -900971 240848
1 746891 727827
2 -380807 592964
1 888087 171111
2 764853 409348
1 -968255 174706
2 -142379 -911913
2 -802241 440795
1 665026 -231160
1 522587 -548804
1 -111178 -884301
2 384614 134638
1 -228990 424265
2 -917805 -502689
1 428681 253705
1 -774697 -940828
2 654566 90803
1 34308 617521
1 40114 121655
1 -300189 609955
2 -911947 -109397
1 -528609 208414
2 -511509 -590072
1 917369 -37833
2 431224 977510
2 -926314 596190
1 -795863 -430461
2 -250438 189333
2 -81820 201880
1 992556 757853
2 656259 519618
1 318056 273782
2 -173698 -921039
1 -677296 954794
2 157524 75880
2 -378446 250114
1 396108 -813593
1 -194807 536488
2 -184879 -718245
1 527808 -858322
2 -678140 775684
2 529192 383988
1 578099 -199125
2 -827413 -324674
1 280744 -395916
2 -308405 620616
1 -230485 -692186
2 487656 773336
2 314164 905816
1 337137 741042
2 380610 889492
1 -233515 429957
1 -286464 -878030
1 -715968 -569823
1 29107 -739833
2 21192 327393
1 -259873 -270184
2 390507 -884002
1 693990 222394
1 -910594 614591
2 -744820 851692
2 976982 -805184
1 -575544 -79757
2 935886 973608
2 365772 -318703
1 519197 508203
1 237410 -205691
1 -380536 -848264
1 638311 -924385
2 -110450 -645260
1 -12812 -789699
1 146850 795357
2 802831 248502
2 -249148 -138315
1 531088 222314
2 -922927 -514965
1 601557 -215466
1 630977 -95117
2 396459 -917858
2 940925 -394875
2 -537123 -785737
1 171786 -397477
2 -820334 575872
2 568901 -688909
1 -178598 780072
2 212500 -584542
2 283573 -877290
1 -765426 776917
1 876030 -341995
2 -849362 -975619
2 -309633 -13027
1 566790 -140104
1 -943392 -242215
2 -351751 595530
2 596487 631436
1 -270622 -810386
1 499811 911109
2 215401 146993
1 423213 425734
2 550421 926683
2 173822 -200850
1 541774 -290201
2 -476835 -224768
1 -538963 311115
1 992654 413659
1 -769761 -30147
2 -356501 820862
1 -412981 227150
1 789214 -440863
1 532836 -422955
2 542997 234972
2 -407224 919995
2 306951 -242353
1 -598210 -773698
1 -945807 -791186
2 -149221 171438
1 234769 -560977
2 106478 733568
2 849208 -829539
1 308144 -208327
1 -49233 -496608
1 532051 394576
1 225069 524255
1 419447 -820455
2 -372773 -474766
2 727773 -379101
1 245405 75151
2 734004 279587
2 995451 -615077
1 -482235 -932298
2 -308250 -778521
2 225562 793297
2 155166 473521
1 328516 -49746
2 -807258 184180
1 -620281 540324
1 983143 662718
2 421318 590573
1 -685894 536689
2 -795320 696662
1 627591 -975336
1 663791 -977878
2 -110768 12680
1 -874498 871894
2 37411 728945
1 697241 837353
2 553342 -12445
1 14801 979861
1 64902 460033
2 150501 128133
2 766675 -528835
2 381806 980079
1 -703605 -922826
1 514169 63782
1 -463119 135331
1 -561712 233271
2 -358062 614889
1 -785286 -792587
2 -589157 -728083
1 -912059 15194
1 -276635 208100
1 547730 -267590
2 -315585 26014
1 530723 103294
1 -365225 301056
2 427035 610542
2 245958 -650492
1 -22502 460752
2 709869 925681
1 744648 -944570
1 607761 -27562
1 433240 839046
2 -894440 -74292
2 -228230 -817858
2 -987083 -49711
1 949613 -484381
1 530113 -148688
1 -310362 -259038
1 475142 585478
1 -192129 -482926
1 -645203 -32254
2 993550 -536780
2 844410 595076
2 -776054 276090
1 85938 -248584
1 -256192 -446778
2 5124 465245
2 262661 -101040
1 967412 460364
2 712704 534969
1 -825932 546580
2 384898 911514
1 632477 -904942
1 -753786 262580
2 873913 111685
2 805271 -761555
1 -351801 -237834
1 145051 588168
2 720964 -733855
1 -72537 108883
1 158043 786886
2 -322964 87328
1 -598972 433777
1 326357 -311703
1 655322 784056
2 -276792 -433853
1 -827936 892586
1 -106255 -190733
2 483571 165256
1 -662833 -137075
2 376709 -621362
2 167 -800544
2 616756 -945460
1 -634141 -247012
1 -694485 251615
2 965715 -52361
2 873841 901209
2 -540794 -448152
1 780325 266780
1 536668 -52221
1 308931 -987826
1 -512401 419982
2 972064 582609
1 -432784 -375411
1 -620435 -46525
2 46828 884573
1 -773487 -620941
1 797522 -903170
1 -478909 931172
1 733437 765374
1 582552 585772
2 -40586 740748
1 334433 -670813
1 -336015 898239
2 631925 -170762
2 -387749 10010
2 -175914 -149558
2 11769 66537
1 897530 764645
2 210743 -84803
2 160481 -263036
2 -456729 -541728
1 513769 -658472
1 350423 -117147
2 152012 -506322
2 -869532 274046
1 -730563 311013
1 -649073 965038
2 -576036 -350867
1 -280660 596630
1 -140608 837592
2 719054 -814527
2 -23604 -45283
1 -743625 929247
1 -821282 650154
1 -123237 579619
1 839275 348864
1 -534103 -72437
1 -820881 -626406
1 903038 -731740
2 -55961 518698
2 787148 848076
2 -506780 828395
1 498049 -681995
2 133385 644926
2 -274163 -279515
1 -635837 -734362
2 -371992 644301
1 678221 -622243
1 188877 661738
2 273071 732517
1 -943185 -754842
2 93128 522970
1 -870650 -500666
1 21284 -137159
2 172800 645836
1 751890 682120
2 -973445 -991474
2 164840 944686
2 32361 -80014
2 -408895 849107
1 698104 -670819
1 488938 302068
1 636472 199627
1 -851402 764947
1 -612230 -244193
1 -978756 -181627
1 -96033 -516747
1 -267894 -995057
2 -523241 361907
2 226745 672050
1 72589 -447732
2 720795 428966
1 -163324 -685203
2 -384560 -438604
1 573563 -381536
2 -324789 -558785
1 175076 864403
2 -846603 -633369
2 -205829 -581366
2 151896 -453847
1 -231098 -977548
2 152366 -554151
1 -842614 376248
1 738348 -753664
2 5503 822476
2 196780 -614439
2 -996932 544032
1 576844 709203
1 161795 -189618
1 705108 952979
2 -501160 -775696
2 -936187 772092
1 -223129 861352
1 -529203 224091
2 -889454 -322686
2 114039 -266234
2 -373149 -791851
2 26006 -825788
2 593422 -858400
1 943291 -659391
1 536412 -350841
1 -758073 270287
1 285917 481819
2 441090 680983
1 669278 -825045
1 -926769 954583
2 33591 573819
1 745699 697341
2 604882 -374744
2 380453 250390
1 -568124 538054
1 -376197 30241
2 501645 -279489
2 799797 -706251
2 -569471 -93080
1 297031 -857241
2 994636 -303573
1 29333 -945547
1 -873487 -164086
2 847363 183230
1 950150 534946
1 -745000 -172984
1 681178 -960564
1 -463798 727899
1 -969310 462735
2 -771686 -371100
1 -94699 -112327
1 -203479 889095
1 554327 538547
1 724665 -579635
1 311421 839275
2 563323 -372537
1 -966517 -639369
1 -995172 93257
2 744441 -424785
1 786576 -749330
1 27780 969235
1 -308825 -437998
2 845860 950779
1 -659040 -438761
1 -619636 -626346
2 497586 -456633
1 250344 -983754
1 -519623 -872118
2 -478250 -3614
1 210234 -641068
1 -645563 -90937
1 734090 -280529
2 -469328 -148277
2 139336 595391
2 -749581 886884
1 -618903 -316755
2 593243 140470
1 -990583 -834912
1 302416 -407519
1 -252775 941127
2 -903244 61096
2 -876865 -888656
1 14107 -664612
1 -506954 -93512
1 -745373 -430063
1 -572992 771565
1 -450728 250512
1 9571 -859539
2 538740 750210
2 -747750 -347854
2 -626512 -121418
1 -453453 478791
1 242510 -546566
2 -308432 169537
1 -74515 895913
1 -686451 -809474
2 -442149 333386
1 31560 460773
1 -796535 276733
2 382178 -778699
1 191681 -238729
2 -135918 -397930
1 -781301 144226
2 247871 -511739
1 -502664 -36154
1 -588658 -334578
1 904878 176283
1 123836 265907
2 392134 435290
1 -615896 192260
1 391898 481894
1 -599549 747703
2 910957 270224
2 256005 108420
1 -114771 773706
1 538951 293487
1 -792418 -575880
2 839049 552198
2 656763 989796
2 -490717 619791
2 -163062 -296047
2 -520863 300187
2 944247 -607722
1 873097 393444
2 -473411 -727974
1 -523757 -299319
1 799125 14508
2 772053 -678819
1 -192685 184448
2 407912 -570647
2 222056 -88109
2 -347709 492123
1 -148806 -857308
1 123864 736941
1 -481972 -511830
2 466155 -356722
1 -5344 651545
1 -821420 327190
1 307118 558851
2 -744975 259424
1 -838823 31205
2 711609 154854
1 344757 727089
2 -754940 888459
2 -371096 -305386
1 829492 33413
1 790112 633607
2 -16100 -12885
1 -123331 -988241
2 698517 261594
1 -411448 -28216
2 -526756 -666658
1 -100012 654648
1 -648012 777772
1 -328917 101604
2 141469 425284
1 555336 -524030
1 -502465 -700905
2 979220 773515
1 375154 -750301
2 -238097 -536697
2 922104 -501329
2 -518509 -169788
2 -534004 -400545
1 -232177 892630
2 -29529 445416
1 980455 -475386
2 -867270 255794
2 -321402 333760
2 -769947 839672
1 847293 -992664
2 -656456 969839
1 -152663 360527
1 401426 510284
2 284951 266654
2 87688 -843996
1 -608044 69737
1 891833 -915006
2 339832 6877
1 577786 529865
1 -837027 210137
1 569319 326975
2 163399 743097
2 717432 -48338
2 976016 970649
2 -861556 226455
1 -681551 -514418
2 -564559 410724
2 78812 81308
1 -821246 -755888
2 -29000 -672818
2 -760322 492510
2 862448 -457526
2 -865974 35802
1 842646 959324
2 -871201 242615
1 400715 562381
1 -446155 -950485
2 -699643 -377947
2 -162593 -407551
1 353037 -216998
1 417824 -80534
1 326389 228408
2 220461 -869388
2 24742 -48674
2 170086 -947810
1 925141 503876
1 -588970 409558
1 235502 -260221
1 -120892 -27617
2 623020 253621
2 883667 -77544
2 274642 -881697
1 -886363 -406116
1 -690259 -766659
2 776030 116755
1 57558 -896583
1 106849 976502
1 -521648 -882646
2 855170 -694182
1 163400 770257
1 -844389 550733
2 326025 120791
1 939624 -258917
1 655351 -726744
2 841363 -589697
2 776604 -233432
1 -979997 973073
1 725285 -165692
1 174565 283326
2 591242 535801
1 -678862 643155
2 -842222 949871
1 47087 -763570
1 -115249 748780
2 -980107 -875791
1 -535207 -619949
2 41438 366745
2 -270472 -286098
1 -340415 992209
2 363503 -435127
2 721337 -462868
2 -864729 941161
1 -984293 815201
2 -871130 -577187
2 575796 -893221
2 -73456 671884
2 750107 740036
1 185702 -665962
1 109748 -348921
2 -157219 -161360
2 435431 -372894
1 -826302 330211
2 768324 705689
2 795502 -844042
2 -792892 -525652
1 109208 590420
2 45726 385477
2 -759652 -253107
1 -770570 372864
2 647992 -325029
1 -658865 510652
2 309460 -98476
2 187923 638264
2 115671 -871887
2 -974600 -396404
2 369494 197768
1 671568 -359308
1 380714 637948
2 -848012 -288864
2 -673649 207232
2 -878718 -5079
1 190397 186158
2 847958 182089
2 -269531 -478311
2 446847 -630249
1 258833 -402024
2 622077 420365
2 868430 13627
1 324000 96808
2 141628 -910385
2 436516 -138638
1 -389401 249715
2 10966 569701
2 581972 837483
2 14969 -195021
2 523747 932695
1 -504870 904603
1 -246398 41990
1 227758 -313431
2 -975626 383555
2 822432 -530209
1 643013 54673
2 -521971 -313049
2 765984 -607165
2 194437 40115
2 587626 -197206
2 111135 958049
1 -624631 -520255
2 807062 -680928
1 -852343 958539
1 -412274 99805
2 -336898 65317
1 -440912 -893680
2 -582792 182550
2 -421312 307000
2 569805 486043
1 -310962 -329715
2 793395 -224235
2 761767 575623
2 629689 275950
1 860202 -181437
1 764692 -307523
1 -463134 -113281
1 -497015 843905
2 -998915 -770365
1 -370106 316890
2 -942716 -892144
2 2430 -788299
2 -648115 -939110
1 -127510 820181
1 -91519 -696258
2 -803691 99752
1 -959866 -924234
1 -881700 -103474
2 779052 871861
1 487083 -850918
2 633531 793828
1 939146 -284783
1 464572 -933373
2 823281 -278875
2 463759 -582146
1 -236042 -18466
2 459903 643004
1 -223291 134362
1 -266325 -640265
2 -138594 650947
1 266651 901028
1 -493603 149243
2 -511089 459347
1 761011 -134985
1 519104 958376
2 513855 797972
2 -750991 -787177
1 -884660 193260
2 -834099 -627491
1 -945663 -387915
1 -602618 -810034
1 -975415 -75768
1 -83798 971116
2 -587738 -891643
2 -939217 -120305
1 -413787 678780
2 590717 -285836
1 -414905 -86439
2 -865312 -850129
2 -214927 613137
2 -230621 -970149
2 625991 155814
1 870878 -866423
2 -730963 -410803
2 478584 396749
1 399583 -455522
1 -751504 598826
1 -999198 474238
1 -347706 541573
2 743815 -940432
1 632518 -224016
1 596279 -861127
1 60848 358968
1 -448886 -822453
2 -214653 -787161
1 313565 841953
1 31590 957653
2 -172043 876117
1 28551 -79585
1 -527644 417815
1 -283711 -632674
2 -961452 443498
1 651876 911791
2 478177 -428462
2 24738 -122230
1 -475546 -589602
1 460142 660949
1 -540781 -226560
1 -123313 -687047
1 -232645 -972485
1 321446 -786890
2 -145316 -246975
2 -385372 -80579
1 -620433 -12738
2 -272033 -499714
1 -183150 330190
2 -718830 -637834
1 283847 -285165
2 -634014 -108596
2 -208019 640928
1 994623 -522644
2 237404 -306596
2 401033 -96044
1 -432586 954078
2 -165380 772448
1 -173461 -947327
1 -653409 137612
1 -381419 321308
2 862325 -518204
2 787467 208086
1 202198 393752
1 461842 -789442
1 -814392 372411
1 -573981 167584
1 414887 582367
1 285558 458519
1 6354 -882728
2 614013 980940
1 -950867 215656
2 -78259 9547
2 -77663 12275
2 -27438 -427421
1 -671020 356212
1 480147 652861
1 156736 842552
1 403424 65112
1 -699505 -60057
1 -224942 408480
2 50430 -612804
2 538346 135047
2 213069 982665
2 135158 427961
2 -265386 -872091
1 797051 -823777
2 666765 982494
1 -474002 -645351
1 13225 509769
2 -341312 -76419
2 593789 -692093
2 730764 -144997
1 786554 879965
1 -781637 501143
1 941096 472915
1 -527330 -309578
2 -130512 398223
2 -581891 -682570
2 756938 -534254
1 -508827 445670
1 443178 -260664
2 270307 306702
1 645393 16729
1 213301 870681
1 325724 -939345
1 -655643 612002
1 -825429 278601
1 -420318 990662
2 -767588 460842
2 -896402 985972
2 486835 973926
1 -57451 -511573
2 872663 -891931
2 806576 -842142
2 586826 360059
1 -483050 -615139
2 -249952 354416
2 -251082 -627462
1 -772098 712312
1 141442 -31372
1 720323 504788
2 425940 222251
1 564101 700088
2 245241 -677652
2 521411 -295404
2 55664 -701232
2 710141 -513338
2 -425063 -699803
2 -521227 185287
2 949967 -542250
1 -129466 -35947
2 452384 366254
1 271132 166432
1 688972 -43587
2 101721 840139
2 -159365 -203714
2 -930709 777061
1 -867495 487855
2 429483 -276478
2 703303 644525
1 -559826 -103115
2 98737 732205
2 101781 -154312
2 17031 444195
2 652971 -697651
1 272191 -46883
2 -208001 938911
1 265418 198074
1 -804194 -353071
2 270592 -901296
2 322060 -477423
1 -57015 805427
1 727751 -748510
2 -146703 465999
1 867195 -721562
1 -58147 -209313
2 -313556 94967
1 13571 323521
2 -883252 -156774
1 176738 778435
2 -500640 -49638
2 -607087 134532
1 -378072 527382
1 -400618 -144022
1 269234 294398
2 63222 242065
1 273519 250570
2 -201116 578011
2 798043 -161026
1 -136468 361029
2 320485 -939902
2 -14547 76770
1 -1443 159825
2 93683 -158314
1 122598 -525296
1 -79339 -136759
1 934205 734196
1 -359169 19823
1 41492 -723676
1 718868 62888
2 116617 -967565
1 -596419 -696423
1 -845011 102721
1 -420880 -452114
2 438918 189602
2 -572319 78076
1 -773816 -144667
2 915460 -90624
2 435073 -383020
1 -332245 217025
1 -998772 -361267
2 -653026 571970
2 754743 594951
2 -791737 861740
1 362411 -762831
2 401813 -996169
1 -728811 -260136
1 -135038 378901
2 646464 14309
2 257093 382916
1 622483 -763419
2 794592 -127460
1 -780860 -443325
2 407373 382431
1 -243726 931387
1 513041 -872859
2 -607533 637687
2 -940805 -780896
2 -163406 -63623
1 -930602 581859
2 343958 -702242
1 -765874 -753327
1 -601892 -611295
1 283315 787551
1 -472460 -750833
1 -527554 -70045
1 -532947 -660098
1 -222346 3456
2 -601376 52109
1 -230745 949488
1 -300668 559403
1 -770472 18990
1 -706156 234409
1 33968 910484
2 460089 -231592
2 -345585 170080
2 412347 -79269
1 432219 -313223
1 -446511 -921687
2 -847578 -520625
2 338488 -562261
1 622309 317293
1 937769 591516
1 -891273 -884028
2 -440824 593716
2 469516 98246
2 -130361 926850
1 -816349 -509233
1 207947 947771
2 119734 -623192
1 785913 108861
2 731057 776282
2 -502534 142299
2 552668 674637
1 252677 198419
2 51015 -791711
1 589941 682174
1 -532032 706827
1 -957469 -673999
2 -893509 -430534
1 -839802 -407275
2 -972869 681431
1 -334390 190695
1 -395061 -814249
2 -703730 983074
1 256237 -5287
1 -157537 504129
1 -22445 -573861
2 141659 -385640
1 -496330 337830
2 314487 333148
1 228900 863318
2 517689 -823544
2 51465 778005
1 317477 547861
1 -109336 49286
2 860386 916592
2 59252 -435203
2 197394 -300633
1 -302863 -312712
2 992874 104032
1 965962 108859
2 -400545 -915205
1 -758676 139714
2 -265935 -83935
2 794715 -58935
2 684388 952906
2 444508 86114
2 -921317 524732
1 182285 -55178
1 -911448 279738
2 -340567 442781
1 -290388 -783335
1 -286346 -894667
2 296693 -536068
2 -896615 -599005
1 675404 70291
2 -724352 630381
1 745228 799557
1 -417032 183413
2 -779885 -71572
2 333291 156938
2 903477 647084
2 548058 -754719
2 298006 -475401
1 139670 212816
2 -805402 -635975
2 95945 -161576
2 760504 -646296
1 888421 -218700
1 529592 -906089
2 -571915 861027
1 355231 646706
2 -865306 -756226
1 -507316 -172323
2 -910446 -905156
1 -610958 -877077
1 673043 408958
1 274736 695279
1 780045 -450183
1 56179 -50421
1 -817978 139526
1 -339702 962934
1 928403 -712536
1 -445613 159847
1 160563 -888046
1 -866479 -450181
1 839317 -943727
2 -741377 682323
2 -576432 -994803
2 586140 845818
2 164697 544469
2 -829074 -225769
2 194953 711539
2 -186764 -377771
1 497282 440709
2 733076 695084
2 516137 -878661
2 149200 277467
2 532053 434158
2 -946442 542034
2 -961779 944255
1 792067 -536913
2 -142484 -680450
1 440644 -820690
2 -360119 62136
1 969548 334867
2 -55896 -404468
1 482855 128541
1 42700 -446082
2 592899 359094
1 -776469 -694870
1 -103826 606113
2 -811266 866214
2 -242827 16724
1 -269332 866936
2 -821381 993345
2 584805 421678
2 -514345 -219941
2 755966 -861068
2 -771640 405436
1 -315946 -34393
2 37931 -544108
1 151280 -792354
2 -103784 -703723
1 -861351 -327962
2 -146608 56363
1 -396784 249221
2 -355405 -767810
2 -753746 949114
1 -764675 -618255
2 767519 -830546
1 771911 942239
1 184254 -990682
1 -833182 786143
1 751035 324978
2 979131 -718189
2 -259793 -923748
1 -956895 970383
2 694120 412798
1 -716201 -477544
1 736170 663766
2 -490487 480177
1 252082 220283
2 601916 -190490
1 765045 -381557
1 -691800 -654865
1 334019 368349
2 730630 -395000
2 435551 -357014
2 -540846 679533
1 961917 175299
2 -112689 -255657
2 -640167 543146
2 436619 -412674
1 898931 288238
1 773792 542056
2 -520704 963928
1 412601 198127
2 -192369 -512463
1 -623795 -474082
2 790901 -115772
1 -421159 872091
1 433794 134032
1 615038 191379
2 225195 638361
1 -493974 -80909
1 7063 -971556
2 -445079 -873162
1 918628 -890085
1 -423784 777354
2 398305 87327
1 -841007 -634120
2 -524189 438116
2 -586568 767700
2 954327 695123
1 -919510 875477
2 509877 -16555
2 434879 360581
2 -464747 799628
2 12373 210269
1 865920 -138395
2 -291551 -310598
1 -637208 244658
1 793310 348537
2 -717287 -713132
1 -153948 773761
2 -957035 618582
1 985583 -358273
1 -506936 215279
2 -738725 -772898
1 550583 -354085
1 848859 -678629
2 -442023 443028
1 424008 -231245
2 777390 965331
1 10929 -46864
1 797525 -853971
1 234217 170775
2 234701 299331
1 -77883 326366
1 933736 865138
2 180318 906891
1 24240 -485599
2 -722119 135628
2 615004 -369847
2 -452662 -230693
1 891691 702434
2 -373642 936839
2 178129 150843
1 -142873 795225
2 -75568 -789262
2 -647347 -45332
1 80418 -953714
2 -728402 605393
2 95906 -824113
1 -428154 -612833
1 -183646 -4906
2 771010 -185816
1 881678 516369
1 -285690 128792
1 -100539 -186224
2 -150565 -396853
1 -115605 761726
1 -472761 195129
1 753571 908327
2 -199043 -613627
2 -523450 858432
2 257652 -240742
1 -641869 -39862
2 -204959 27333
1 243681 -885004
2 -838113 -36681
2 141487 732885
1 -290614 -581489
2 -661573 -976749
1 -976496 -228997
2 972996 245320
2 -479086 -31555
2 -725072 532484
1 661439 -484955
1 -710359 -349718
2 -219119 213324
1 -67768 206189
1 -917077 -258996
2 861389 -232150
1 -337058 -625271
2 -124460 49026
1 -109827 -181365
2 -899442 -74228
1 696820 -247090
2 -358039 -999431
2 742002 615205
1 812718 311657
2 -724960 407768
1 319718 177414
2 728782 575948
1 144492 -806270
2 -478144 -215936
1 -332760 -439393
2 -484764 593485
2 487683 -774493
2 930009 251804
1 701787 -812217
2 -206341 824437
1 207729 -705703
1 -216207 -880435
1 -898735 -202403
2 -523522 -358251
1 -540914 -456185
2 -389209 -515409
1 -260237 -383721
1 -128810 987841
1 -209606 -21105
1 212912 344440
1 428779 -95564
1 168672 -695329
2 94535 152636
1 -389173 83550
1 924412 261514
2 -568462 865916
1 -979613 -578194
1 138164 912573
1 -933237 316107
1 911070 167406
2 587230 -844557
1 -466983 -765584
2 214837 676199
1 -914419 382056
1 901737 -587121
1 835792 -155770
2 -375681 687223
2 391500 -210725
1 -576014 27001
1 165233 -452530
1 202451 646102
1 -588861 249051
1 778069 371024
1 674322 -96534
1 601790 -312193
2 740655 -10964
2 539065 208901
2 588722 209851
2 223641 533826
2 -265731 -663836
1 589428 64007
1 358629 -292527
1 -420511 -253336
1 966567 267141
1 -517526 355202
2 -434231 -677592
1 -930810 -917767
2 -881649 764898
1 785971 -920050
1 243577 -637814
2 -340256 -328031
2 787543 -509292
2 183548 -835268
1 382467 81899
1 473642 -597355
1 702269 -726470
1 -657712 -130829
1 387862 687787
2 -3112 130619
2 -184101 349869
2 510052 922175
2 717869 -711434
1 566187 -275831
1 -682985 -599611
1 -73324 900977
2 -366113 -620632
2 -676546 -453206
2 367715 318919
2 587227 -893224
2 202007 -817540
1 -397970 340722
2 -61695 200275
2 -752743 -205518
2 625046 287535
1 -212097 141992
1 133476 183913
1 -308207 -54113
1 695768 95417
2 -996731 -88045
1 529009 -696090
1 -870551 -845878
1 367797 -311182
1 -966773 -924347
1 203861 319188
1 969266 -411261
1 -410518 -415769
1 -47652 60917
1 515791 -700026
1 242457 550027
2 120202 -763549
2 8665 -75180
1 -441455 -9803
1 423817 569043
1 -284432 -743995
2 -152147 -967427
2 -938392 -256251
2 724687 -207234
1 -656177 -347772
1 72294 599635
1 -422044 8280
1 -746509 495743
2 845257 820268
1 835364 665841
1 -514509 -989646
2 -53324 798500
1 -224324 797330
1 954841 -683440
1 -980036 311929
1 34718 -492755
2 77907 871321
2 -253329 -369714
2 -770223 210268
1 34076 718791
2 181696 54589
1 554222 769963
2 -567834 -592158
2 -27004 850107
2 934453 903247
2 -27123 855373
2 783460 909528
2 969910 405549
1 -209367 -8266
1 -759700 944296
2 -190124 -815900
1 -827259 263255
1 -510600 676841
2 -898465 323245
1 30207 -265407
2 -149516 -788873
2 -414407 264492
2 -519923 89382
1 -76775 936594
2 959451 742846
2 778594 -806341
1 114178 62306
2 -812521 -211804
1 -492256 760453
2 556947 540337
1 -764864 207815
2 -841961 -662340
2 -578344 893155
1 693656 616748
2 -424072 -54266
2 -144144 -549246
1 471282 -240455
1 749889 -924246
1 -886092 140349
1 262692 418991
1 -840443 829379
2 -398091 297321
2 456301 154599
2 -368517 -990819
1 484942 -812041
1 406580 -939040
2 -58027 -180416
2 -212182 720999
1 117269 -18586
2 -800131 -109169
2 -401032 910992
2 680598 -690761
2 -960330 -726424
1 -984417 738389
1 234968 776642
2 880077 -369950
2 -91943 172830
1 -462724 761599
1 -73182 -731109
1 -635271 775265
1 269809 -47598
2 -610914 -141798
2 -77407 317881
1 -961869 -568845
2 -156837 258149
2 943467 300375
1 374991 512735
1 397321 -443082
2 181113 257461
2 655019 -308128
1 192389 -359824
1 -288310 111057
1 976269 -785212
2 -799331 -679310
1 -22145 461965
1 337039 -906326
2 -666005 585933
1 -985123 877513
2 -209600 80128
2 -833416 856399
1 695406 3214
2 754418 -855066
1 70544 -789952
2 656644 988875
2 430826 292237
2 -144463 89459
2 -156913 976106
2 876852 -531918
2 657486 -877663
1 -622594 -306618
2 -658023 642599
1 -317635 -397672
1 660145 -216077
1 615736 -80541
1 625890 462635
2 547091 -995556
1 -930247 546248
2 -885690 895199
1 279075 -427441
1 -245129 -632857
1 -655511 830130
2 212388 -470900
1 199074 -69930
1 188798 -670197
2 -13062 -979301
2 -894051 462208
1 -488421 -829391
2 -974286 885809
1 -92144 811016
1 958210 -87563
1 -253509 620431
2 -446867 -902147
2 -120399 254129
2 -49711 -523320
1 736170 654055
1 559639 -246489
2 743031 -115273
2 274146 790997
1 688690 -778861
1 -984430 517705
1 788582 933332
2 -953142 7114
1 694476 396563
2 -577336 -180575
1 -515440 -623082
1 445985 889137
1 350077 70995
2 -450352 568051
1 536325 189272
1 890841 411470
1 443122 803458
2 -41237 -189529
1 923920 -683
2 95147 432750
2 -309626 114553
2 -623333 -729862
2 -97663 114829
2 -613481 742906
1 -111301 -944165
2 620028 6328
2 -97148 751950
1 -938872 -325850
1 -767110 484421
2 658566 -734569
1 568878 926258
1 -99402 907555
1 459356 -542717
1 -539953 -322377
1 736640 551683
2 468678 22923
1 -477460 -734854
2 -212911 477775
2 -979579 -14055
2 -99432 398520
1 -865081 -966985
1 -10862 -34053
2 -813625 -748680
2 482168 599686
2 730943 872490
2 -564465 -6196
2 102773 507092
1 -750293 935676
1 -214671 917444
1 -595142 753793
2 792709 248476
1 570468 -377348
2 -735980 -680826
1 -402756 -41629
1 1418 215242
1 826267 -122055
2 691372 263194
2 -440027 -33346
2 -892282 180428
2 131131 791070
2 352302 -545776
1 -911725 -370248
1 -884384 820768
1 -877963 669801
1 -771239 -858420
2 301880 586097
2 295291 -67696
1 -710207 200086
2 704013 576748
1 -551074 896309
2 529531 82707
1 -295041 -933069
1 684340 153846
2 -455927 931038
1 -889157 656720
2 929106 -902551
1 75625 547590
1 -924671 191281
1 279463 85250
2 455164 -940996
2 -278389 749315
1 110206 -642921
2 -399308 -143550
1 -278081 -79514
2 -337143 -48834
2 20899 -591019
2 -420238 333338
2 -804640 161676
1 3941 594558
2 618910 -771250
2 102769 437922
1 -256157 137159
2 -62099 -581642
1 -140685 -454699
1 -693716 -838212
2 397187 -689671
1 -726354 993304
1 361646 382068
1 386563 869717
1 592190 466077
2 -224591 309651
1 -424857 760617
1 143749 716967
2 -711640 119466
2 468255 918576
2 877459 -331939
1 -617560 245945
1 -559621 -658065
1 -748437 113955
2 -620284 485705
1 -609475 36265
1 -600754 501358
2 -98623 -11946
1 796001 -456458
2 -214434 896810
2 976857 -918585
2 342360 460093
1 262174 -296808
1 674703 297804
2 593964 259482
2 205924 970716
1 909926 958473
2 570525 588232
1 -155406 294613
2 -925034 89194
2 455607 502581
1 -330019 -404728
2 -24137 843105
2 -718238 -682535
2 388279 -309773
1 706943 -227782
2 -877143 437053
2 -915433 -659315
2 720594 -948313
1 678842 -186371
2 -253288 326312
2 -613920 -635792
2 -625572 -332804
2 612173 81656
1 125744 321893
2 675455 924472
1 126307 -234929
2 -252845 -233045
2 -275135 -601741
1 -113388 -5087
2 -820818 438419
1 513585 258180
2 73020 799001
1 -715960 -437294
1 382613 538583
2 -751991 416450
2 794635 603605
2 -45946 712688
2 -629136 -191220
2 -641701 774343
1 -46678 419231
1 -177451 31516
1 -345503 -463342
2 482813 -578371
2 -405202 876624
1 899034 17710
1 572280 55475
2 335903 11632
1 -365060 -933880
1 904281 153350
1 612251 -612649
2 120383 276979
2 -350811 388280
1 621004 401686
2 -777207 898211
2 151279 -817823
2 668241 -233627
2 -916663 683645
2 782122 435327
1 461767 -50292
1 -212543 648140
2 212420 80818
1 -428832 -2690
1 988190 -565090
1 -298653 397397
2 -87747 647108
2 -329970 431299
2 -667648 984811
2 124963 -799602
2 487193 985948
1 305572 595632
2 -374200 -440603
2 643721 -60956
2 739128 333826
1 -645123 -698882
2 -703771 288474
1 -380228 314734
2 352580 116850
2 -821230 -486741
1 -897097 -702405
1 -8405 -773084
2 -438168 -801702
1 -602749 991547
1 104686 635945
1 -314949 705188
2 -276755 193159
2 935377 421822
1 -233885 201512
2 954148 -321831
1 -187757 949286
2 515307 -824024
2 317174 -543367
2 543821 78600
2 112143 -125674
1 15159 -997126
1 284235 233525
2 860505 910183
1 -108351 596314
1 -767658 -719924
2 -488126 139598
1 886425 244814
2 -859928 -420659
1 543684 -212834
1 609571 379353
1 -38349 316027
2 827430 -589873
1 -438647 -843826
2 570766 627135
1 -473053 -719007
2 -847284 -66269
1 158598 118195
1 -317041 -428229
2 -613163 81677
2 -604787 763515
1 766634 314168
2 704431 -408312
2 105038 543522
1 -705024 -747535
1 438029 -743474
1 -325105 137812
1 982414 421593
1 -172957 -487409
2 696337 -348626
1 793487 -683274
2 -860833 380569
2 -862941 960873
2 -582408 629893
1 -492360 -978515
1 -49212 -135422
1 -462387 421378
1 184797 127591
1 210948 -653364
2 71781 -14616
2 271142 334909
1 -730317 438384
1 351910 863939
2 865625 910633
2 755452 503398
1 -800755 -602339
1 32590 -238973
2 -339135 499013
1 991120 639546
1 447709 -163697
1 113857 667962
1 -94246 -499838
1 -373065 624135
2 -532127 -881975
1 414186 809363
1 -267370 -183476
2 -984569 184106
2 -894551 65101
1 117868 31164
1 -95098 -813655
2 -413223 149433
2 326346 -498037
1 -707445 579976
1 246608 281132
2 -647899 679058
1 -60547 -518474
2 524379 -462177
1 182505 -362393
1 -450166 -317525
1 -945569 -803205
2 588055 -985438
1 640116 -600455
1 -976305 976405
1 -383926 211014
2 111838 763460
1 623601 15913
1 -150248 924707
1 -415993 -367968
2 -135131 819269
2 905034 787849
2 -250358 -456478
1 621464 118557
1 -238570 -478559
2 -646941 774381
2 20026 742003
2 -713507 767792
1 -228727 836039
1 -865808 818085
2 -847644 -107723
1 231076 -595934
1 80613 327609
2 754631 725572
2 -723792 21447
2 19254 -215839
1 227824 782392
2 -678739 710240
1 -409067 -47175
2 -204468 284832
2 217319 358643
1 -883180 -956355
2 -675950 -442364
2 -775770 -959819
1 785944 629142
1 -897304 -178814
1 -605939 -590263
2 -429178 192768
2 121015 888769
1 -385948 252254
1 -4564 -249959
2 -103481 391436
2 -199728 -114742
1 519090 714761
1 654801 26436
2 305289 -156573
2 922589 -364347
1 200946 -635552
2 77424 758664
2 -62025 663752
2 707026 -828279
1 -241512 103220
2 753297 305943
2 -173319 -560362
2 -276513 247319
2 536842 859662
2 376728 -311286
2 -73968 76084
2 -351808 -354606
2 69645 114374
1 39025 -168692
1 -382162 -162383
1 -340409 -907596
2 564670 257563
2 621915 -294079
1 -390017 -92693
1 -153373 435478
2 527242 -365534
1 421164 8392
1 720181 113578
1 511279 -476234
1 970878 663898
2 552063 512846
1 -141881 -546884
1 -367211 950246
2 929801 773077
2 445313 -389670
1 991552 -107632
2 -140984 523342
2 -453912 771538
2 -412872 52029
2 -629104 349345
1 749809 -276978
2 954973 -467881
2 219346 404837
1 812129 427393
2 511807 389042
2 939936 991750
1 615767 444157
2 -840958 186682
1 -63684 806797
2 -788143 -769404
1 -65860 249081
1 -5420 -633431
1 -497620 682990
1 -765242 -145907
1 -264541 -674044
1 -521602 -115163
2 -846852 -815938
2 -712782 954595
1 -513574 715878
1 -948058 -599649
1 -34662 241575
1 -954305 474197
2 796885 389700
1 -169312 737841
2 -788430 415317
1 598690 -365725
1 -482322 -384650
2 232218 584933
2 -979437 371344
1 -844376 778387
1 261486 162855
1 -355643 -766364
1 443129 927498
2 -764644 -88670
1 799427 -908679
2 792104 98605
2 207232 944278
1 102544 662762
1 -173842 652277
1 -470519 -151493
2 142078 648147
2 -841042 775384
1 -640889 413029
1 -207853 -583059
1 -193040 213873
2 708713 -500540
1 200056 421336
2 652305 106015
2 450852 638553
1 -795838 -6464
1 711159 590452
1 -69382 -897446
1 741201 -839250
2 819923 -679302
1 624266 -817905
1 591236 436400
1 -821710 -545140
2 128456 -141151
1 417360 114801
2 -548142 136184
1 485834 170077
2 -240383 -931604
1 -691056 -152879
2 630159 164039
1 441732 -548325
1 852816 -226963
2 -332787 -882766
2 -813491 -508544
1 770422 -63815
2 601654 -582998
2 -498698 578570
1 -776818 -563868
2 398143 -632473
1 -932688 -456934
2 -769485 598145
2 -840136 -18310
2 -342709 461593
1 -378078 424191
2 -256244 682410
1 -737700 434632
2 -346504 728804
2 443518 -549383
1 -611903 -752656
1 -634248 -45560
1 -932217 -556863
1 889623 -34225
1 256240 40498
2 -889329 -227705
2 12983 449673
2 -692129 -170822
1 12132 161122
2 851577 960912
1 -768192 310830
2 -860257 50336
1 -617249 -531258
1 -56030 -642708
1 -949702 -215322
1 -840588 393778
2 917131 -29855
2 -198324 -530923
1 -313898 360456
2 -230383 -975042
2 963834 371506
1 528568 -94740
1 347477 402964
2 -85189 -385492
1 853814 543459
2 927375 18835
2 232062 -33179
1 -291076 -338771
2 -122929 -235098
1 -7560 -570557
1 450949 255028
1 -870852 103264
2 423835 879291
2 265181 223000
1 -303044 659124
2 710568 668767
2 884961 -346109
1 -827084 -804629
2 -972479 -773724
1 -132452 -177621
1 -434991 550982
2 -58185 -835103
2 -201143 114839
1 298944 -730221
2 617773 142275
1 731327 -677586
2 -298988 786692
1 277653 -309933
2 823455 640652
2 1985 -263324
1 -93647 -446877
2 130010 -33765
1 -771209 -354351
2 571813 225639
2 946892 -182186
2 165671 904741
1 -620363 -832619
2 347301 -540841
2 -174 -519595
1 -62592 -867711
2 -562848 -853443
2 589094 462966
2 -860098 726060
2 928684 9110
1 -113243 431016
1 224331 118757
2 -819775 -46126
1 -506992 -732053
1 -758511 908306
1 -753497 -871219
1 -845561 869748
2 954576 875061
1 -295865 -767001
2 -396025 -993137
2 908078 -74170
2 -801982 800096
2 160981 133070
1 220388 -108607
2 -392214 -982117
1 -279094 903993
1 298245 -459664
2 742115 513013
2 -408704 51169
1 440611 633267
2 339554 -665288
2 159783 10059
1 484302 432069
1 317165 -687785
2 -819262 570507
2 505018 371947
1 -210720 -733946
1 246308 -768149
1 -973312 -762538
1 -62874 411587
1 792050 -808801
2 263431 822609
2 -947428 -21034
1 -814458 -736992
2 910735 542055
2 -30001 524262
1 -768242 -529645
2 599995 -447565
1 -441167 829649
2 571315 -145185
1 -636871 -92320
1 -128923 -913073
2 778484 -664270
1 877584 -231116
2 964117 -886427
2 465881 -942377
2 -6669 381268
1 -877872 203713
1 -437277 162247
1 -253371 930630
2 -513646 -480818
2 559753 -339627
2 -998999 -176071
1 555927 -601046
1 -25335 885157
2 893588 548168
1 929904 503943
2 741892 764607
2 822185 -685728
1 -3253 -233071
1 -902215 -652262
1 339010 200293
2 71603 990253
2 -868507 -515077
1 759614 417907
1 -802892 -491863
1 -450683 -991658
1 389767 685317
2 442196 -745728
1 246519 782259
2 -403250 -340918
2 117843 -385064
1 504863 -233165
2 782686 -83902
1 439639 313876
2 390804 95357
1 975056 835040
1 224899 -329814
1 230055 259492
2 -454246 -848007
1 616721 461005
1 74864 -228320
1 728786 648752
2 251641 806471
1 967451 -889649
2 407140 466393
1 10172 -753588
1 -533663 -681432
1 492045 483853
2 -349320 -572918
2 -869144 791828
1 -887403 125544
2 51744 -537758
2 865513 -972816
1 742719 650573
1 143095 -267772
1 -601895 -664426
1 256791 -695969
1 108822 99078
2 -874611 974070
2 -253422 71499
1 -906551 517700
1 -826027 960962
2 -455751 -117330
1 -381905 162944
1 -660215 -167379
1 417628 618160
2 -447473 911224
2 -281413 -51512
1 457347 -287779
1 791467 -607793
2 530276 586369
2 -299569 -986146
1 -748082 68115
2 -669667 -915998
1 474804 922268
2 595483 -229616
1 605904 790416
1 -341306 35168
1 458326 155573
1 461064 146897
1 -599213 384003
1 -136722 95114
1 662280 -359305
1 -843791 597241
1 209887 -464767
2 277880 -496585
2 -928463 503838
2 55152 697036
1 -126962 13917
2 952032 140902
2 946270 -638343
1 -410652 -664990
1 -838427 690242
1 652428 183312
1 192870 -278666
2 476440 387665
1 846104 -960951
2 -653977 601893
1 314233 67891
2 41176 -30493
2 81287 -351359
1 -676955 667971
1 132394 10541
1 -669280 -427804
1 -359411 -43938
2 67646 534594
1 -336015 899211
2 326774 702457
2 763986 -156573
2 57001 -247707
2 419681 -894424
2 -474175 447250
2 -835404 -541578
2 -71418 897582
1 918346 383605
1 -82997 428230
2 -702671 763244
1 696559 -620802
1 -168003 721537
2 158687 -387474
2 -812951 574658
2 212812 662883
1 -577181 412539
1 905467 75804
1 807563 -265290
2 304778 -736381
2 767396 -895030
2 -801064 209934
2 -870645 -419153
2 361712 -506842
1 -900730 285953
1 868963 965977
2 -887785 -303676
2 593834 63690
2 155168 510487
2 785953 779449
1 681130 234804
2 -341052 290620
1 628174 819259
2 760469 775613
1 -350223 258369
1 -261151 263565
1 287611 933707
2 738127 -480032
2 -491425 727494
2 -95830 904421
2 -697550 783023
1 393491 -765229
2 190442 945308
1 -818102 56590
2 -117577 -349483
2 5753 -978701
2 326657 731688
1 765384 -681256
2 -932228 -741035
2 74303 349537
1 -788708 -260905
2 777543 -466010
1 -582834 -532084
1 104612 -600865
2 982255 -241600
2 -749705 813706
2 -912902 -150086
1 494308 492324
1 185287 364711
1 99479 -818334
2 295096 656718
2 -75218 -911304
2 -736542 -111896
1 691487 188350
1 914115 -687846
1 879187 685920
2 254088 -104076
2 -414863 620520
2 116591 580968
1 793601 -764398
2 497844 -111225
2 -697850 -264613
2 745664 111305
1 169532 -246727
2 102266 -4328
1 -959850 -662793
2 736283 555685
1 74123 -685837
1 759891 -932722
2 -209719 78518
1 -405482 167384
1 -555280 248697
1 -660945 -432297
1 294710 161507
2 -264078 -896273
1 -396265 973196
1 983377 595077
2 849382 100920
1 671969 386270
1 -240045 750422
2 500146 549664
2 783171 63184
1 -110917 -493454
2 -541485 -58787
1 -563609 359827
1 -992776 343132
1 -25736 150872
2 -904450 -191249
2 -679287 -496361
1 831558 735691
2 -947900 54850
1 -180321 -160566
1 -390485 55980
2 -924343 -294673
1 233396 381907
2 908573 225949
1 -824177 16360
1 -308487 -769791
1 134496 -684702
2 -213013 754427
1 105906 -863995
1 270892 138869
2 -878176 -905872
1 -923782 -885093
2 -241422 -384405
2 -828701 37857
2 -866427 411910
2 850771 -571548
1 -589878 -835551
2 -345103 261278
2 -137788 186801
1 -993164 -177548
2 557429 635999
2 -619485 -95933
1 541333 289330
1 -376006 -776438
1 989127 -830233
2 291713 -174364
1 860367 600689
1 -37090 -547001
1 259697 108010
2 -402758 -85205
1 -186725 285957
1 537155 121869
1 -914940 -368516
1 -472744 475820
1 -352446 929070
2 -702153 -534527
2 -540276 251403
2 140346 -442877
2 -576824 415382
2 -302033 -356009
1 941488 -951038
1 6441 585105
1 163187 -812574
2 380755 -682994
1 -346062 152202
2 939492 -462885
2 -247950 -16902
2 123589 117312
2 -299058 -406120
1 564860 -559798
2 463291 -443325
2 442495 270221
2 715780 207500
1 -291145 508364
2 765300 -91442
2 -212582 -5704
2 -253830 -784694
1 -455480 430780
1 -752750 -336043
2 -293889 424531
2 614675 96387
1 980162 592392
1 -901874 -923171
1 -296527 112007
1 706474 -93285
1 707882 -449944
1 475758 937958
1 -319547 -524755
2 992134 -330898
2 162240 -725119
1 617410 34675
2 961362 850819
2 769843 202776
2 307080 -82524
2 -286914 -434960
1 -282044 -641060
1 411543 415013
2 -740367 -349710
2 -942210 -380050
1 -806659 253697
1 -768004 -531483
1 -376994 642282
1 611570 -52411
2 574610 -802205
1 -627863 -798024
1 -825449 669387
1 -542417 288902
2 927559 -897285
2 -109801 239703
2 -534647 792063
1 818597 -940823
2 -666288 -170001
1 643762 636088
1 -877103 -887977
2 -839756 366787
2 35452 -174722
1 716476 -107823
1 545155 493717
2 333537 273532
2 190353 -557360
1 700989 -227118
1 621772 -706153
2 763481 -635022
2 946610 -928487
2 -812699 803075
2 32846 65443
1 -124782 642965
1 222620 -610094
1 -342891 -589554
2 -619835 31200
2 -226605 478565
2 -663381 662281
1 890341 13078
2 -871189 444549
2 928707 397269
2 -802741 48590
2 279562 -256234
2 469582 -797336
2 808149 -427359
2 908196 -91402
1 785071 -24151
2 595300 698800
1 -753052 598297
1 -331974 765667
2 12499 328777
2 603140 362360
2 -857305 -368010
1 -44259 -952482
1 -622910 386519
2 171778 -524069
2 -424488 955402
2 -688255 883001
2 -325803 403842
1 366368 -308205
1 129598 -951266
1 802175 -754720
2 632570 664578
2 -424570 -416852
1 -830487 40904
1 521991 -566302
1 767600 541927
2 70509 625739
1 -532593 -703760
2 -213409 107530
2 -647224 15878
1 -190906 63032
1 801885 369446
1 956535 -233244
2 106796 83131
2 -420681 898035
1 180319 927567
1 822842 351328
1 -669831 333552
2 -42939 -780885
1 807431 -482353
1 29813 -890156
1 -50207 -847075
1 341215 -769832
2 209717 675733
1 712288 -442962
2 496613 -798860
1 956927 353505
1 -189673 771327
1 434838 -329681
1 -495445 -789497
2 -174602 -114250
1 397572 -231536
1 427578 -272316
2 -531801 588656
1 305633 -373757
1 -260816 -112493
1 895878 -992521
2 -374244 817058
1 851258 -395015
1 -63679 883360
2 10038 995505
2 479522 157185
2 796798 925397
2 -683295 199880
1 -123855 203424
2 993797 -402454
1 822212 -225203
2 -899716 -688328
1 336716 -334520
2 326257 11830
1 793612 -586554
2 783698 916681
2 -572560 24731
1 208076 -883101
2 -924247 -685951
1 109079 427961
2 -148878 -59779
2 -993404 -210092
1 426288 72437
2 -902518 259898
1 426739 -356364
1 -623052 -8561
2 988593 205267
1 -183665 -321685
1 46438 334007
2 420190 -344862
2 -466838 -329779
1 546491 928227
2 -567067 290201
2 508590 365211
2 -945783 -387943
2 458028 -851276
2 5196 -327616
1 -280446 201026
2 559172 -85285
2 941246 996060
1 315230 809320
1 49570 948373
2 539527 -35273
1 -492888 159753
1 529177 124568
2 -93057 -526321
2 369326 -630753
2 -734104 837451
1 544276 -276128
2 907101 -481245
1 -507752 513140
2 -491811 246036
2 558839 308662
2 135399 477500
2 -470929 963136
2 220924 908653
1 854610 -89414
2 907355 -217601
1 25515 924691
2 839617 82873
2 -649138 -128419
1 -679982 -164857
1 -924782 321213
1 -146202 884879
2 844105 -534027
1 -230309 273344
1 451839 -798274
1 622934 817715
2 194461 450610
2 885189 -509407
2 638292 754422
1 17628 473880
1 -504118 -463126
2 -714109 664269
1 -919892 447964
2 -226957 570612
2 -542548 98405
1 -334836 691391
2 -217353 -137298
2 781160 290930
2 -242186 788955
1 -974301 637448
2 152048 97539
2 -676636 33652
1 -101025 -361363
1 -178672 -474908
2 504663 401700
1 -174679 600340
1 -579962 -282847
1 557517 109325
2 352145 807232
2 117907 696755
2 -221273 27037
2 52508 283279
2 -990217 -687714
1 413125 -532328
1 -618859 421734
1 -359164 95979
2 -452696 -809853
2 -122586 -475636
1 -405493 -13186
2 208939 -389185
1 -984168 907958
1 436875 -118095
2 72280 367580
2 993237 205007
1 -507034 563812
1 -708321 -130896
1 528048 -838404
1 -582803 -5695
2 -150649 192350
2 -333822 -278880
2 120926 -608354
2 100998 693340
1 -242787 701863
2 -404629 497522
2 166841 550155
2 793124 -775226
2 -931572 290820
2 -314016 372097
1 682091 373374
1 192423 216203
1 483670 -171936
2 -576649 -653599
2 -548509 -16355
1 -948620 -37173
2 440368 543896
1 -464270 807199
1 -891637 -990783
1 -605687 -345369
1 -815688 595896
2 -737363 100364
2 171700 160619
2 -302382 -222892
2 -544480 -352820
2 -996609 -35512
1 -953849 136182
1 52538 794036
2 567551 640207
2 55174 -938477
2 731863 313687
2 -151382 -122989
2 957172 475754
2 645315 713071
2 676362 164110
2 280638 -171392
1 -532849 996245
2 747915 -80201
1 -923282 -482377
2 166400 -851194
2 -932576 -580335
1 -168861 313082
2 -616692 810785
1 142782 471118
2 474369 -396032
2 -691077 -509053
2 -789665 -327000
2 615976 -43032
1 -189849 -190460
1 -350568 476163
1 -141266 -213733
2 672242 959927
2 174213 368246
1 -889875 600738
2 845001 510307
1 -348227 -202906
2 -769821 952885
2 -205231 -539432
2 762752 -890980
2 -764917 -688908
1 -139656 815876
1 -967529 378332
2 613725 149226
2 -559935 75624
2 606085 -161715
2 -956629 -565860
2 -560119 975047
2 -3255 -276569
1 466771 5359
2 239620 914989
1 -741197 -294978
2 293766 303957
1 -166947 463065
1 442242 17965
2 833102 673848
1 745721 -926706
2 -331341 -611552
1 -166328 860420
1 -66944 41437
2 -895749 -59445
1 283070 676486
2 -302353 260470
1 -94894 616692
1 727644 -536235
2 -137710 -488097
2 -608267 312935
2 112428 676765
2 -828780 709795
1 -869872 552113
1 528669 -395028
1 846223 -954719
1 726479 -106479
2 750276 -421438
2 240579 -984821
1 313096 968306
1 -214185 -926170
1 -499593 -455035
1 521206 263305
2 -407512 69187
2 531993 -571537
1 263761 361168
2 51886 -149759
1 982132 -320917
2 562833 -602421
2 -675607 -681821
2 -899980 892164
2 760452 477426
2 733488 -387200
1 -913662 -913966
1 756579 -564649
2 478997 -654740
1 10629 922468
1 804050 736818
1 -58099 598645
2 954779 277302
1 719557 -366168
2 51806 501598
2 -753297 487200
1 816387 -58899
1 -431283 827205
1 -855333 747632
1 -850387 -182957
1 -265145 -810539
1 -310551 580455
1 -26050 880097
1 -245442 102900
2 178456 -362538
1 -318867 898987
1 -417780 -373082
2 -88386 -72321
1 666283 880128
2 583294 -946534
2 -798738 -712279
1 -21012 -505395
2 -322526 -552351
1 251983 552134
1 -808012 -473909
2 359178 930332
1 977335 -878419
1 268274 161514
1 99605 -704228
2 -618325 -605119
1 304619 593288
2 91989 -605958
1 -636673 -776886
2 -243673 -190080
1 282041 -613058
1 -104684 194102
2 -630802 -164226
2 -695539 555371
2 -408620 -542796
1 -750181 813999
1 619285 -465349
2 -200559 -68438
2 723025 -109817
1 -306678 -384632
2 591964 663506
2 -761331 -451575
2 810707 534156
1 889411 393693
2 -816239 -647294
2 315067 69251
1 451656 138334
1 -372604 373460
2 -765568 389231
1 983779 -647649
2 89415 159077
2 -319648 -211685
1 -359316 -457224
1 692891 -226781
1 -668277 417976
2 -665921 -11368
1 -62322 -327668
1 794018 239033
1 -573598 598605
2 -338124 -529903
2 -644618 -203955
2 201458 -31560
2 -458626 -400213
2 -915329 -908462
2 -679217 681429
1 -707522 -706566
1 -551431 907093
1 489430 565785
2 560702 -389787
1 958406 -801748
2 -67380 728201
2 954359 -773621
1 -201051 -329883
1 -76266 -512549
1 -617287 824755
2 -957623 752785
1 -61879 -880336
2 419256 -39919
1 930416 -898836
2 349480 54750
1 -675484 -623508
