3000
2 -963926 890044
1 -560522 216468
2 312458 252181
1 -353271 -927297
2 -848979 -532270
2 261047 791335
1 278818 -754319
1 465093 -184978
1 138059 -846210
1 780742 -744752
1 -754555 -642617
1 993652 -828187
2 198802 -653283
2 335539 -96752
1 304746 729606
2 75882 865868
2 712085 145836
1 -931583 105458
1 19448 -960146
2 355843 921776
1 605375 -95473
2 937290 540745
2 93836 402955
2 -749319 -698449
1 -6012 -574100
2 869707 -534814
1 911646 -147461
1 -670473 -463835
2 -342959 264943
2 537583 -694620
1 -610116 -735873
1 -829166 234304
1 -444107 -552597
1 207721 -852659
1 -394596 -991587
2 552095 -948097
2 -841501 -936149
1 -869946 -690101
1 457256 190652
2 -709313 -795276
1 164568 384249
2 -920484 503724
2 583959 208938
1 -712324 644885
1 -499763 681487
2 -893166 -678026
2 -214555 869276
2 350445 261754
2 337628 988092
1 376764 292591
2 -370200 753624
1 715951 -932828
1 -101805 545106
1 157891 245571
2 -169183 901460
2 -764356 740710
2 -762700 554528
1 858441 250557
2 655572 983557
1 -151397 -367121
2 -773127 -566879
1 -751406 237966
1 -351911 -83013
2 -967374 977633
2 962096 -819436
1 780077 87249
1 -795990 -561422
1 600286 435384
2 338728 -542201
1 318266 -208207
1 199153 -754117
2 425680 -138742
2 -143440 -733309
2 -748639 721784
1 73920 -91180
2 525302 -958749
1 635505 -44938
1 253824 -532469
1 139065 44681
2 761085 -887544
1 321224 -527214
1 870117 343982
1 -863379 -396492
1 -827596 603773
1 -55084 -753549
2 577369 -461959
1 41370 -780392
1 707451 312193
1 270067 272686
2 460414 -773214
1 766519 381540
2 503608 694272
2 -552726 -843142
1 -876785 450798
1 -319078 -649839
2 -355130 -146927
2 -39188 226998
2 170804 -888367
1 986784 -185123
1 615381 -47060
2 329836 113220
1 -54450 -116745
1 -54781 331178
2 772381 830030
1 -947712 -785881
1 935655 -922229
1 -933135 37496
2 925013 354354
1 -523402 -345895
2 -277868 -499694
1 -727617 -215302
2 -851591 -407562
1 286729 120896
2 60029 611843
2 -399079 -290213
2 92243 -348846
1 -278367 -879901
2 475369 412077
1 541876 -583692
1 -112761 527320
2 329318 -575951
1 518140 763104
1 -602555 245001
1 129512 -399420
1 346407 445092
1 790637 -542003
1 680216 884095
1 -490060 -349486
2 -371887 403785
2 -44057 439552
2 96430 -15398
1 559972 -656491
2 557282 170356
1 193374 195412
2 -40681 -859661
2 -102249 -908136
1 -207734 -576013
2 -230610 -795093
2 -84338 -96611
1 -954650 675905
2 903429 -155016
2 473329 133984
2 -626660 -596899
1 -681597 705526
1 648441 -782964
2 769596 63579
2 342776 -543513
1 -355998 -733165
2 945835 66325
2 752748 -904636
2 -781475 -772450
2 -250681 118743
2 -944121 -484108
1 -995382 570563
1 519710 -864674
1 746742 211434
1 109342 831417
2 -550045 173803
1 -803371 -532875
2 18301 -226971
2 904987 11171
2 370269 -790292
1 438829 704372
2 -63016 27300
2 832463 -59569
1 229824 373575
2 -142239 -563213
1 -312872 -414710
1 -252566 447297
2 995413 749378
2 -840916 888331
2 617603 -728945
1 -234257 -41735
1 99253 -614969
1 507708 -447945
2 -869993 523201
1 916422 62388
2 304304 -706766
1 -716174 -23379
1 288495 -215691
1 953726 597552
2 650932 -939483
1 -443390 -510290
1 -995956 933563
1 -273693 -381088
1 345685 317904
1 742967 823823
2 -521095 404136
2 -498245 184151
1 610777 642772
2 190294 455386
2 -382002 532654
2 527780 664711
2 460778 -658064
1 940294 993340
1 512178 628749
2 260165 -25877
1 951462 576347
2 -498353 359319
1 561714 604984
1 -713399 591872
1 -718147 843393
1 -982903 164959
2 276591 -148794
1 -123502 131301
1 -868300 967915
2 -922492 779150
2 577977 -247851
1 -120905 -252357
1 -227894 829833
1 -370010 -69846
1 -815773 -829002
2 -58003 212739
1 -825431 957785
2 -131749 -379101
1 -120088 -526081
2 301331 -629698
2 454521 259601
2 -511072 740257
1 812743 728543
2 146943 354253
2 -483349 362463
2 -324263 278594
1 678346 -520699
1 -715474 -274686
2 -558464 776537
2 294194 -495788
1 -378301 690100
2 220653 358240
1 -923994 -434149
2 166770 -640511
2 115523 646199
1 704461 97684
1 253797 -989814
2 -189557 712038
1 420205 -104411
2 128175 -853791
2 -969618 -709097
2 -808982 -769240
2 -370562 663473
1 434290 467984
2 807982 777159
1 -340655 969095
2 -19004 -783782
2 64907 535124
2 894845 -334722
2 146925 64305
2 -503601 217179
1 -631471 593029
2 -233821 -721231
1 -548286 -273729
1 185397 215592
1 -708749 690809
2 -544162 990951
1 -399683 -432927
1 352703 178452
1 688943 -538227
2 -419578 -585878
2 817019 552938
1 67581 -557783
2 -166237 378450
2 -100830 919538
2 501119 879016
1 -138710 706477
1 -409748 523590
2 -217010 -368281
2 221609 401153
1 646793 -461244
1 -345490 -233683
1 -147155 879104
1 354503 412630
2 586623 952836
1 -62464 -717249
1 44687 940743
2 -623627 347548
1 -738138 -924378
1 732105 385938
2 899378 -203703
1 -638018 636484
2 792709 250982
1 364028 391225
1 -668995 374180
2 973045 -940523
1 214805 124090
2 -66626 -618336
1 -846270 956681
2 -844795 -266239
2 848599 954368
1 -440499 44622
1 733556 757790
1 -926777 819219
1 151284 -735966
1 254783 -422579
1 -354860 393773
1 788160 -154932
2 -599045 -801013
1 569006 -926528
1 674182 -459174
2 -865729 145802
1 -90312 -428656
2 919226 -842465
2 756929 -680489
1 829521 530465
1 36970 -678026
2 447940 -279456
2 102518 231936
1 -22512 308283
2 585371 -75779
1 46727 -809065
1 64957 -629276
1 435310 -395165
1 315284 -277796
2 -96428 847403
2 -603769 -140939
1 -789268 339163
2 157362 -643388
2 911989 -385053
1 -960731 546298
1 -256087 -690710
1 -160690 -445781
1 704379 711400
2 -920422 -454419
2 -254072 -842315
1 -34481 -730918
2 -142480 -617513
1 485044 892954
1 -804404 112706
1 -205346 -473580
2 -25910 -767197
1 100290 799759
2 -94771 682868
1 -490559 -736146
2 211886 -897878
2 926748 -501871
1 -43119 203951
1 830171 -558842
2 -579305 750387
1 -844967 854807
1 358749 -279826
2 -911352 -116114
2 262110 637260
1 781468 -542755
2 836219 -981673
2 -308619 -978490
2 846697 842637
2 -955182 -250882
2 409808 -721169
2 704379 714611
2 879003 -407832
2 -480962 446868
1 477399 494015
1 818896 78759
1 404258 69464
1 352651 -687430
2 964712 -897060
1 -547307 161869
1 -194309 906607
1 -606981 -86123
1 -885104 725315
2 788317 484890
2 -749081 -713162
2 803083 494916
2 -47820 -757767
1 151123 561343
2 -581926 724741
2 -930337 -981670
2 561793 -77010
2 -907324 -455727
2 460952 261306
1 -634356 138348
2 275127 -741205
1 344631 604399
1 14949 -532101
1 -730187 630808
1 -508252 103768
1 837043 860314
1 547325 938938
2 36301 87029
2 -508422 -739963
2 46260 -643350
1 -508695 664659
1 596969 721616
2 951775 -168573
1 610795 930903
1 910595 193559
1 -873876 -696765
1 -157923 15904
1 -211358 557860
1 -206946 663225
1 -272093 490445
1 -431312 342465
2 -290755 -944802
2 890937 37720
1 -637145 -692558
2 933376 811483
1 -981149 -384543
1 -717305 975215
1 301638 527818
1 -755574 245014
1 -492780 -33099
2 421314 530613
2 400510 -889706
1 854290 522961
1 -66172 -984153
1 11596 -848478
1 587437 628426
1 188923 -559317
2 -235398 797106
2 -725545 583464
1 470081 -416299
2 -300608 -437397
2 725239 -929243
1 -811398 647616
1 -616504 -32405
2 -2185 -306698
1 -821987 814324
1 -141691 646755
2 -642580 22824
1 643421 906621
1 -510808 -814907
1 16361 -809378
2 -146201 895671
1 67702 -514131
1 -504740 -899985
2 522335 -791458
1 378526 -112681
1 -135634 377426
1 -507673 -162401
2 -66522 -873905
2 159216 491867
1 224004 637965
1 -473303 -914718
1 741481 -146347
2 80019 346403
2 -893273 -465297
1 -380574 517303
2 -424901 23960
2 -93020 85122
2 -12223 -897838
2 -152107 -296055
2 573293 -932810
1 782015 646036
2 -651079 -734228
2 521683 272740
1 523812 27667
1 -827250 418935
2 -588059 -276495
2 -427434 -524459
1 -916492 -440142
2 809790 -859772
2 296465 -355493
1 505331 -374633
2 709969 604341
2 175551 848368
1 856747 -204793
2 380999 -580669
1 228806 -712546
2 148133 349622
2 397987 742573
2 370510 -749400
1 44881 188229
1 -369898 -178867
2 -924267 969016
1 174513 -585375
2 849082 -937850
2 368914 454194
2 -399252 813760
1 383329 561154
1 -79783 403097
2 -862840 661289
1 -79179 551605
2 25432 -465325
1 984712 -977874
2 -401193 205147
1 -923444 801868
2 981154 -733004
1 -731440 -425140
2 539013 -677484
1 689636 -895544
1 861291 117964
1 326058 664505
1 82920 -932624
2 -322773 -701290
1 314678 -470006
2 738793 705405
1 541606 879230
1 -836915 82618
1 -279458 792461
2 -786500 826208
2 -107892 312966
2 614613 -938097
2 584090 413643
1 -782795 -952458
1 800577 396964
1 36257 -644302
1 -933702 511583
2 -362842 331061
2 793828 -959086
2 -504616 -823471
1 704124 427785
1 -246426 -423500
1 69719 -642899
2 967518 239646
1 160798 -937454
1 611501 798875
1 -67398 426771
2 -784483 701121
1 498269 -983524
1 -836859 -973046
1 85871 630379
1 -588777 -349018
2 -349869 218857
2 218932 -548423
1 290165 -169614
1 805080 21706
2 -98685 949455
2 -35308 -607581
1 195497 -158507
2 -794098 -788147
1 -958586 571860
1 -909153 815287
1 432389 533703
2 631442 -289372
2 -456669 468978
1 892070 -941843
1 -529271 -915888
1 712165 -518724
2 853307 13712
2 601283 -820418
1 818268 -479398
2 824908 -959211
2 410335 125859
2 112649 387203
1 767682 -90210
1 60192 -655281
2 540613 201207
1 536334 336071
2 -43646 -651191
1 614229 607609
1 691100 -305968
1 864357 -386502
2 180093 -867725
2 -14619 858024
1 734710 138458
1 4065 667407
1 -823714 -200716
1 -995409 110211
1 38539 -319052
1 325478 929389
1 -934114 -417869
2 156092 30660
1 722775 -310086
2 -481430 601650
1 -921853 -489207
1 -687622 -479901
2 742760 -653170
2 -46145 -631572
2 -155187 -23660
1 622283 -121788
2 680808 830685
2 -618907 -393053
2 -514571 -29232
1 -90355 857606
2 597034 -185557
1 -407179 -324149
2 274321 -278422
2 128099 -123397
1 866333 796634
2 -819502 549084
2 -667285 -908924
2 428929 425795
1 733026 -149057
2 351976 -23890
1 -147944 -379901
1 -752641 -505588
2 280159 -227363
1 730518 -262217
2 -950440 -609464
2 -450968 210137
1 273380 -72300
2 -704142 60702
1 -158263 314460
1 -289527 -319555
1 84750 -187078
2 69155 -109135
1 -607980 -870392
1 -54031 931046
1 623531 835214
2 -684317 -975617
2 -802089 465636
2 -118935 836594
1 -136340 518962
2 -225299 406201
2 -339591 842525
2 169321 207584
2 -580007 959966
1 136929 174893
1 403311 159347
2 827121 211905
1 148016 385792
1 -134669 582159
1 -620882 439965
1 -443981 -431192
2 -481385 -651562
1 55251 358481
1 484258 -307595
2 -72153 560017
2 -200228 -511975
1 -965751 235989
1 29602 -424880
2 -885134 227480
1 -20152 -69779
2 892415 849843
1 647643 -194184
1 731612 99634
1 -191407 -361785
2 75624 525347
1 -843730 -375485
1 435482 478812
2 -747459 532198
2 579707 807773
1 279280 -991711
2 -262062 956762
1 61987 -514318
2 -777092 837810
1 841176 279730
2 198901 -978727
2 -170704 -638096
1 -181389 -99454
2 72357 -332772
1 -340350 82138
1 -569126 -291044
2 -630737 923092
2 -986438 787947
2 571731 850414
1 688020 -33071
2 -729047 -222319
2 92283 328478
1 -507841 -981962
1 941962 -982298
2 812425 -603293
1 -907789 -266235
2 -94930 15978
2 287917 81773
1 -745639 -904538
2 -768 -502133
2 -162332 -27699
1 557846 -355170
1 664909 -195648
2 519450 765190
2 505970 353349
1 835503 -999342
2 28803 150617
2 -429404 393000
2 91330 324427
1 -764110 868347
2 -71350 47252
2 -257052 -890086
1 787137 669731
2 849760 447328
1 359362 18489
2 -805017 -182272
1 -423891 978492
2 -63795 933988
1 325393 -497687
1 -313074 190112
1 289088 -251323
1 48424 -310813
2 -455064 -580674
1 -486844 -339532
1 580556 -946442
2 118007 370982
1 -462756 222898
2 370642 -521638
1 476825 858441
2 -454670 36306
2 -146329 738443
2 617969 -580838
2 -473572 569820
2 -512350 -716772
1 -201177 -443535
1 662143 -649971
1 -297007 49253
1 -385995 -542202
1 -608865 281026
2 677197 185425
2 -27017 638414
2 922586 -410726
2 -494252 -761721
1 -599345 160033
2 -855889 -588443
1 723282 195649
2 -841730 -781936
1 -836461 -281947
2 -525503 372280
2 -321466 -753698
1 -79667 351216
1 -74284 769502
2 -320767 991867
1 -154759 -840541
1 -854390 579087
2 -624229 236694
1 -675364 -608490
2 424504 104681
2 -618221 -870729
2 623608 139013
1 454624 -13167
1 -815779 -921072
2 -954790 321864
2 -909684 -99454
2 59836 -628959
2 -379137 646120
2 -193993 215413
2 -45701 825601
2 -476164 -960924
1 601165 -810485
1 -993101 883298
1 320578 630965
1 278760 285775
2 -43715 180782
2 649965 804647
2 581159 -820238
2 -959036 -991371
1 -995731 711746
2 -692586 143463
1 -728673 47087
1 668762 512981
2 121292 -456316
2 -824920 -453954
2 -936935 216193
1 -106022 -282777
1 445130 522378
1 418015 -878927
2 243908 930369
2 -629039 -564454
2 149276 -450578
2 -621830 524569
2 753001 -662827
1 -876281 923420
1 622218 795771
1 -29010 -844930
1 57682 -803685
2 -985908 -309910
1 917444 -775840
1 147973 -336017
2 256687 -449312
2 -775438 620080
2 882989 533413
1 28452 258908
2 817645 -931028
1 988972 572977
1 751066 839949
1 -949846 -637358
1 -817841 448894
1 -500711 766922
1 398044 -292321
2 601060 -571096
2 922835 -224147
1 883227 533142
2 173302 -922788
1 -339307 -403190
2 851451 855185
1 643268 327448
2 -953566 885099
1 -598040 84286
2 -953889 -545151
2 -588515 66657
1 -6219 -53704
2 -14997 519355
1 -415635 -348021
1 900943 79131
1 -755419 848058
1 -965632 233856
2 422892 -971481
1 -297397 -505667
1 691042 725089
2 387029 697502
1 12628 493445
1 -122191 146497
2 -877237 856432
2 321549 932436
1 -598037 134049
1 163100 -282031
1 679031 988785
1 243316 985675
1 356888 473132
2 -720616 -633189
1 -185533 302330
2 -49049 601702
2 -972149 778654
2 768046 30297
1 -932799 -326987
2 317106 314325
1 -12975 482814
1 -936480 -145082
1 -998278 -69465
1 872996 702426
1 -249751 -269265
1 -290006 -358656
2 921687 488180
1 10021 696628
2 -931759 -849845
2 876384 -392158
1 7743 449758
2 -91424 904370
1 790740 -821522
2 -957199 -133204
1 -999543 692377
1 -981707 245005
1 762397 -844200
1 -42431 -249854
1 -948643 -425018
2 -647149 -728817
1 239391 -937491
2 993055 -852280
2 857747 589407
1 -342452 783051
2 33592 590846
1 -569239 -197890
2 622165 -99558
2 -829997 272761
1 643906 -944308
2 -150446 -401837
1 -763372 -734179
1 414039 338347
1 200000 -526560
2 228656 763703
1 -618126 734629
2 602537 243127
1 708813 -808285
2 -638388 429671
2 -986866 -401990
2 -343341 -153862
2 34028 -88493
2 -103902 -684219
2 679300 -495862
2 918272 -866676
2 -428081 603991
2 215539 466417
2 459575 -864264
2 -836935 -248917
1 -564154 -786014
2 233929 -667518
1 -83327 893696
2 680796 637960
1 -554632 -855819
2 -662331 297077
1 -216397 -65815
1 799090 -581068
1 9194 814280
2 837744 629872
1 633589 -226374
2 684945 321464
1 109108 911510
1 435329 -83350
2 -14646 419037
2 -455632 -118914
1 904375 -278074
2 -745800 393491
1 679260 841135
1 -593465 926572
2 827091 -285507
1 142789 598760
2 -670881 684565
1 -93846 224609
2 383969 -702441
2 63627 -970462
1 -872593 864020
1 -885899 -616316
1 45275 808639
1 926408 -212902
2 -982797 -60802
1 -885564 -991466
2 303517 86659
1 -787112 540988
2 -842562 -758642
2 -600940 -620276
2 -788589 -256021
2 192526 -61436
2 192463 888232
2 -535547 -321519
2 -126478 151385
2 518220 111748
1 -868510 -563117
2 -124042 -942942
1 102084 937449
1 745991 -397471
2 289672 -456905
2 508573 73853
2 -974999 910746
2 738572 996188
1 820870 -773039
2 392145 628515
2 -321183 8187
1 553055 -834244
2 -998900 -510037
2 -48975 -153049
1 -739222 872118
1 -185169 404386
2 753061 349885
2 937975 54078
2 -203887 40482
2 430953 424936
1 750400 -336387
2 31900 163017
2 354117 -64381
1 424549 870707
2 -861826 -300932
2 -979485 -427466
2 436066 299201
1 -700347 -200071
2 128482 297757
1 50573 -214733
1 363208 610894
2 -385592 229393
1 892723 28987
1 -594038 -695019
1 51511 -456490
1 -810153 -431898
2 374523 658526
2 -436450 44360
1 -690112 -308424
2 -840020 -57534
2 -496604 -252148
1 -781733 888569
2 -693621 771235
1 802389 830790
1 -175265 755861
1 -869212 -358942
1 -510764 -90389
2 -935940 915518
2 -231933 993184
1 -221994 -74024
1 704676 -295399
1 258010 -226182
1 537842 -330980
1 -508394 -279407
1 172925 737262
2 -394705 -830673
2 -699485 271744
2 -249879 -420604
2 475612 480161
2 -390766 -666277
2 -193192 -340396
1 -909934 -294147
2 -123932 916605
1 7299 990208
1 -461478 -311917
1 -289312 -714642
1 654392 -838858
1 742966 805778
1 564993 -326273
2 -980543 -206915
1 -488901 -890719
2 -545536 -89147
1 442961 103112
2 791341 -725909
2 573170 -982617
2 -786583 -576260
1 625148 -975
2 717352 595358
1 259287 -782832
2 -750184 760335
2 -789356 864866
2 -509117 -418390
1 183680 -625896
2 653003 -159028
1 272620 -843260
1 491563 384964
2 196385 767692
2 -462385 458204
2 -959769 700908
2 -243272 551253
2 123517 912021
2 567128 -466587
1 647243 -912240
2 548918 -316486
2 -116001 115377
2 -332902 -820798
2 -381550 125125
1 -969927 89799
2 -285121 -323412
2 348007 -694829
2 305397 -341390
2 65269 617131
1 -654294 -730977
1 -480221 906593
2 -473641 -587012
1 -974811 72787
2 -662908 596922
1 -210566 -137276
2 711371 158054
2 796709 -557770
2 292673 -44972
1 -176680 988637
2 -802189 -673889
2 788480 -780903
2 643829 -251240
2 469699 -823967
1 -333069 369356
1 590973 20475
2 656529 -949851
1 -645005 -714015
2 -615527 383097
2 735624 -512541
2 -569387 -679589
2 443429 -41145
1 -277559 683385
2 359647 804857
2 -150043 373783
2 -881768 761157
2 -311797 -361039
2 -563702 812366
2 -523390 -141893
1 -270430 419577
1 722270 -797541
1 -538596 473601
2 44221 -894470
1 629092 242224
2 123637 921495
1 767372 707496
1 -268545 75923
1 -23501 -307290
1 -846479 -546674
2 263077 883219
2 174333 394136
2 -941050 -896347
1 868316 103022
2 885870 923373
2 -803102 -6005
1 446374 -585018
2 -547256 -983014
2 315289 -198429
1 -792574 807813
1 329270 609721
2 -799498 517094
1 -77285 360123
2 692047 -403307
2 -947303 80181
1 547333 -936212
2 883469 610217
1 676562 -474655
2 946351 737701
2 -555643 163762
2 291391 429130
1 -970187 -275188
2 -350934 333068
2 -314830 711858
2 -583567 -831023
1 -368067 567431
2 6144 -409777
2 272642 -469120
1 -731831 -981878
1 314716 182694
2 886446 607331
2 600235 -423355
1 -274064 -611914
1 -118899 -556526
1 707197 39777
2 -541352 173203
1 -104773 700883
2 -839423 -38015
1 -428555 654970
2 24181 535073
1 869325 -951943
2 107423 609899
1 693599 -344587
2 534502 -440927
2 -946902 819148
2 195868 76173
1 -571863 -258090
1 806299 501267
1 -674916 915034
2 -408537 852498
2 383594 -997049
2 -50460 910337
1 -111426 949220
2 905166 -986290
1 311725 -57362
2 85073 -771979
2 -294771 -398649
2 -485161 -65379
2 -830770 -712586
2 -101820 291873
2 415582 252210
2 4606 -239949
2 866785 380364
2 429149 120727
2 229499 924972
1 -258212 -379036
2 857803 -476078
2 494128 -527089
1 -343902 422367
2 -648797 -396963
1 878804 259550
1 -164149 -554707
1 577113 -773925
2 -576793 938216
2 398551 209889
1 218349 -346131
2 476227 813610
1 -639201 773097
2 -628110 -957677
1 -430605 214258
2 -532842 -890449
2 -168380 392658
1 -484654 439620
1 -217298 792710
2 -598993 76648
1 723939 -758027
1 116053 -451297
2 -192840 -429905
1 -214078 872789
1 43291 -519776
2 -554437 411752
1 -22826 -973336
2 472616 168977
2 401426 495670
1 325448 425617
2 -490553 -629101
2 -174838 -67301
2 -339968 504639
1 580587 -413975
1 212718 -924744
2 134816 692589
2 374685 -621098
2 557185 530166
2 295492 -707463
2 -762471 401474
1 654425 -277461
2 43188 -236185
1 -3005 -73919
2 345336 449705
1 316037 368090
2 -308449 -119910
2 264222 103790
1 -980262 516517
1 121674 -46925
2 -559127 -357053
1 -631529 -383468
1 -127740 946873
1 745420 15543
1 792751 967073
2 381069 607537
2 -354535 -148742
2 -240222 -229785
1 531587 609882
1 144658 -10438
1 -970398 182757
1 -431921 110203
1 378734 -623255
2 277819 471316
2 -606557 -968587
2 201025 689475
2 -80645 -60683
1 767446 -46300
2 148358 124672
2 -263203 -193938
1 -287236 162754
1 252308 314
1 506102 575659
2 -635171 450917
1 -451837 -377777
1 -442311 -384207
1 -980056 -23161
1 705867 -297164
1 -310108 19783
2 -629610 -139801
2 -518944 527188
2 624967 966490
2 807533 -768012
1 -1065 512514
2 -223459 -688802
1 -837380 272988
1 -207109 -84488
1 659564 38125
2 953978 835711
2 443969 -975771
1 394504 244000
2 -633352 -995232
1 731309 -984655
2 -72304 31798
2 -674782 -835609
2 970076 -799407
2 725369 -752953
2 -217520 -932393
2 299642 -995264
2 439541 661845
2 17345 -286158
2 -813761 963932
2 -115350 -955666
1 -877516 179427
1 940173 967231
1 -594396 -718334
1 105902 -936752
1 697744 -721451
1 992276 50304
1 413531 -181610
2 380911 -52241
2 513637 -877572
1 -382243 480562
1 405761 -690128
1 -344745 274803
1 -699183 -646509
2 -198453 -694323
2 819777 877849
2 -739428 -577135
1 644076 -92181
2 649248 774542
1 -983986 -27773
1 59260 -305462
2 -445283 -302549
2 975901 -972055
2 216597 226631
2 -383350 -119375
1 -755344 98899
1 770533 -196849
2 -193232 993563
1 405417 -458503
1 174416 -226379
2 367843 461251
1 876218 822071
1 -289851 235538
2 614936 480296
1 588116 34698
1 767052 -668919
1 -228014 819827
1 49012 -431577
1 -789825 985737
2 322127 644731
2 585203 -887540
1 -362867 -101363
1 801573 -867406
1 -116862 -344580
1 31907 294137
2 698660 656626
2 239119 491410
1 -80860 327967
2 -910536 -405627
1 -509893 540004
1 183297 945545
1 -321645 246472
1 -582070 311711
1 39185 522099
1 948262 821146
1 880735 680325
2 704273 941015
1 -616 43881
1 -953360 349071
1 98311 -435177
1 -669865 -245577
1 -34088 -123086
1 -349360 757313
1 778304 309790
1 -813783 590434
2 -933731 20217
1 960158 621985
2 -706559 -538016
2 439534 545183
2 520813 -338559
2 -429535 186792
1 -915164 -140481
2 -103259 119590
2 575405 552865
1 734340 -77425
2 -765776 898192
1 915869 777584
2 -918057 -727096
2 -522210 -320797
2 881463 917033
2 -864348 -661530
1 -875479 395664
1 336650 561407
1 635243 -454613
2 704400 -934373
1 95539 -986896
1 -193216 -734397
1 98214 -64825
1 477738 195554
2 -36316 459633
2 740506 -516690
2 163064 -872077
1 -626845 287362
2 -142048 644053
1 165540 710516
1 450721 438375
1 15022 690032
1 -30385 66204
2 -365045 -678502
2 -318217 -183381
2 433275 -581783
1 617928 743252
1 779030 506367
1 -102500 865911
1 245955 -685343
1 -466493 -533022
2 341235 -423793
2 -124958 -327531
1 -796065 176789
1 529031 -327620
1 849836 -274076
1 -40687 -956524
1 571592 508011
2 -295011 -423721
1 231762 924358
1 -226126 524417
2 -167609 -657007
1 -308575 -239843
2 -994217 129074
2 -264977 11420
2 -102966 -965354
2 322944 369801
1 750958 -978246
2 742143 983735
2 494205 759187
1 763769 202582
2 771028 117070
2 -839281 351457
1 -258099 -468132
1 -991955 127051
2 -241855 357463
2 -540625 386744
1 -753301 412156
2 606045 -845006
2 -498253 45152
2 127185 520146
2 102594 -493118
2 -534718 -397506
2 -74408 691767
2 -376900 223514
2 312451 131775
1 971421 -213932
1 873681 204309
1 758448 822774
1 771854 -15039
1 545972 204518
1 -214099 522521
2 351073 812644
1 715791 388320
2 -875870 -177864
1 94531 74772
2 -617444 184008
2 31565 544135
1 -133028 148649
1 984173 -35290
1 622923 633058
2 532408 397763
2 265065 273173
2 187323 565191
1 -782145 -27397
2 978475 266219
1 -221603 489935
1 -403842 -279550
1 -58513 -352971
2 -890983 -2958
2 994246 -854218
1 -334119 745007
1 -326188 -61467
2 -922132 833808
2 456039 -250095
1 647434 309938
1 -301054 78086
1 -515184 -320890
2 68017 776275
2 -602959 -538874
1 -160384 689790
1 288720 -441643
2 -425441 954718
1 -33607 -49055
2 814823 -338647
2 -605587 -677110
2 -828269 -700675
2 734669 -552446
1 13758 -530759
2 -965311 -382795
1 835525 -628194
1 165116 -420025
1 46765 -163022
2 -52096 -579859
1 378551 315718
2 -524778 539755
1 560557 -822350
2 -553460 828679
2 234820 296164
2 575684 -762427
1 618237 -78043
1 -776765 321343
1 956886 -325150
1 -413417 902886
2 745721 -934272
2 -246024 333074
2 319434 -585678
1 -267411 -872532
1 -651796 -772462
2 639377 986313
1 261589 -119311
2 614145 -806732
1 -74564 66966
1 -976373 -173597
2 42068 943448
1 583162 826148
1 97597 -419842
2 -211532 -365677
2 -615698 -485038
1 -521665 831952
1 98959 456082
2 316021 90031
2 680875 -34135
1 337321 -168453
1 -719675 -820985
1 763243 -640984
2 -661088 -833046
1 52540 828104
2 -550069 -232322
2 527961 -293951
1 -329505 227725
1 -690536 576750
1 -485712 671730
2 132070 571054
1 740395 -374964
2 -321025 655153
1 -485541 -457273
2 927125 -184661
2 748395 -11417
2 -14842 -873439
2 80751 643729
2 -75051 -114470
1 -510819 994503
1 619120 759672
1 726827 -262762
1 -846429 294162
2 -438806 478403
1 70424 -802605
2 -319897 -397309
1 448564 204581
2 633757 595303
2 -310093 265278
1 575653 707820
2 976744 -813198
2 -150431 -150766
2 432873 672723
1 -192785 494762
2 -916593 -141436
2 -321668 -149863
1 -745117 -137175
2 -609847 -218260
2 474020 -248285
2 -705286 848136
1 -776253 933025
2 425266 912059
2 -248096 -471378
1 429287 443769
1 -645110 -468737
1 -485622 181176
1 -45348 768140
1 156627 -998481
2 749364 261436
1 127218 -932683
1 210646 279957
2 -195155 702263
1 -796049 451418
2 585298 698615
1 872680 -607794
2 167224 985907
1 425994 -862109
2 391158 43581
2 176321 -223226
1 -663248 896606
1 518990 -969040
2 532866 82712
1 956515 -561161
1 912513 402327
1 -241689 -861261
1 39710 -665086
2 859369 -168073
1 892590 -213921
1 -366219 -393915
2 669585 344752
2 654210 102824
1 -620577 -433741
1 -509562 97594
1 -697755 -664381
1 -455567 981184
1 -239228 471874
1 -424511 562669
2 728237 -587531
2 -253111 -696242
2 368803 582450
2 -524247 -539227
1 -85589 900528
1 599302 -97171
2 324272 679472
2 -498723 156092
2 850806 13815
2 864118 -407095
1 -897980 470127
2 -165843 -997589
1 -774532 -165641
2 386838 -512944
1 759301 -843881
1 277854 -945456
1 308956 -570565
1 628743 381685
2 679391 -975404
2 -879182 193091
1 846049 125304
2 376047 251036
2 -629423 999219
2 -385548 974696
2 -683484 -990563
1 438684 259498
2 615065 659030
1 930681 -445710
2 -2700 -953389
1 154150 -589089
2 946291 -269998
1 -781395 568867
2 -749915 -708335
1 -679933 659923
2 -616878 -316534
2 884341 -753630
2 907240 -155508
2 547204 896304
2 603653 989722
1 -666571 -914469
1 477599 -141915
2 -987972 -982160
2 -355820 267844
2 -198639 180978
1 946553 120144
2 289407 -903953
2 -790658 994433
2 109017 -618083
1 182097 794591
1 -57520 323157
1 881453 750952
2 -230372 -796320
1 -123464 767790
1 -823734 -536903
2 -108857 94637
1 997169 244142
2 848322 301704
1 599758 -436329
2 -738672 120223
1 270121 -810656
1 516320 195919
2 -838769 951847
1 -372305 -605364
1 -565601 915944
2 -103391 -92915
1 62573 -667270
1 -649407 -649932
2 -273437 -90315
1 295384 -507343
1 547961 -377506
2 -645573 -256908
1 -54443 6073
2 -652531 882928
1 490146 583532
1 -220973 -931988
1 422847 277158
1 -547508 796453
1 -352913 -922292
2 492351 -376241
1 828007 -910801
1 -534067 542389
2 -780640 -756539
2 74429 459634
2 -571273 -350800
2 -951181 951679
2 446076 412085
1 836693 981401
1 452544 -951166
1 713101 -794299
1 977061 520721
2 -105382 470658
1 287766 -467952
2 -111642 -681056
1 672261 -721481
2 -815427 978458
1 907884 655616
1 178497 323134
1 927952 -282780
2 -541102 383591
2 312222 290969
1 -431101 -104500
1 -851549 306258
2 -822551 -672028
1 876672 446229
2 -607610 -641148
2 -222159 -843681
2 429387 115208
1 118607 448174
1 -116923 629242
2 -409091 -438278
1 377355 214495
2 -166793 -956310
2 413801 350711
2 710220 811048
2 -542740 873192
2 353622 -382325
1 689199 -234563
2 -743708 -472360
2 -972267 788040
1 65071 -713971
2 -763807 -30827
2 635094 -955249
2 -528734 108702
2 -796333 -329985
2 984826 927285
2 149865 -564293
2 -911769 875259
2 624592 661826
2 496077 205391
2 -384284 192147
1 -650512 796828
1 499188 448201
2 307753 -778707
1 -538184 -605629
2 -699028 -55619
2 630134 -252251
1 996819 363193
2 295841 -836915
2 346527 451966
1 129319 360048
1 -930502 252327
2 -588558 -658550
1 452473 -138679
1 802833 281818
1 96131 960105
1 -16912 350199
2 805178 -331259
2 198526 711757
2 56376 -750948
1 -856322 133047
2 926251 -864080
1 -460221 809317
1 -610109 -626369
2 45053 -920349
2 -957118 -774927
1 130013 24018
1 85450 -433732
1 52331 -679808
2 795670 -17886
1 419840 -233722
2 -180115 -704504
1 -856312 300412
1 211492 490174
1 698391 152312
2 -45527 -238915
1 -27126 810293
1 -481649 919375
1 640606 -383807
2 -239500 -100639
2 -520172 -92953
1 84894 230510
1 863149 -677881
1 440789 -387627
2 -490647 -213748
2 680745 -222925
2 -202615 -595440
1 907074 -942082
1 164344 622153
1 -488250 46590
2 -601075 -891550
2 637581 814837
1 -260313 343932
2 -756424 -35722
2 -856281 831281
2 162618 -369877
2 627829 -976202
2 -618349 985189
1 92321 965421
1 -638287 116726
2 454331 -937719
1 630393 101035
1 187676 483952
2 -167125 -527073
1 366060 510114
1 554590 947893
2 538848 559472
2 -842166 -106388
1 986808 217728
1 -558868 -1543
2 -848352 -5894
1 -406170 616944
2 -315615 -473905
2 731936 -452311
1 -968423 -651544
1 -421729 -707302
2 860520 -830589
2 -585980 638133
2 -681715 737733
2 -220740 980985
2 985690 -552880
2 130124 -116816
2 708643 326733
2 873039 -572528
2 -834100 -635181
2 -950093 -782617
2 380140 993399
2 -43842 55899
1 -150722 963140
2 913974 944036
1 -498532 -634829
2 -384994 267693
2 902294 779013
2 -724641 -234963
2 566514 -785140
1 56421 2563
1 -556856 -220705
1 -573551 -607288
2 5899 -518696
2 -522059 212090
2 -304357 595700
1 -298772 412484
2 -709992 -199935
2 -759103 976111
2 178488 171981
2 -255584 -230290
2 -453337 422525
2 -108701 718373
1 833792 264575
2 -660973 -908312
2 603440 -594034
1 -603658 -267613
1 -31560 338542
2 856195 521289
1 -549762 923738
2 776284 383015
1 963259 704934
2 570045 526043
1 -844013 869212
1 -475499 206953
2 -434366 -952548
1 -639926 587829
1 -244552 -942163
2 568278 852198
1 -202939 -39110
1 822475 192335
2 -722115 198643
2 215150 -70679
1 -707224 290649
1 510309 -759535
1 851334 883978
1 330550 118576
1 -203308 -243166
2 -984045 985208
1 -355108 213648
2 29894 479246
1 -949031 -954282
2 -207517 -924705
1 545102 -402771
1 -296920 -490296
1 370336 340132
1 -653825 -848824
2 353340 883142
1 -356560 -166037
1 249617 807127
2 -696800 -627170
2 -966893 -944519
2 -153362 630050
2 786046 338831
1 243066 785374
1 -840991 -376454
1 891889 27173
2 -829505 535413
2 -194715 90982
2 -120317 -365493
1 -603099 -880792
1 -295299 735750
1 824704 -378950
1 -627392 -899800
1 510581 -204581
2 879816 -755582
2 66770 -173130
2 -301407 157289
2 413479 930271
2 -249598 300620
1 4739 -16308
2 -150672 -200257
2 -828966 -410084
2 -303378 -955205
1 972775 538359
2 -585755 408860
1 -436416 626919
1 256828 -76851
1 220829 -691239
2 287790 -55640
1 -514128 -586145
1 -2882 -10124
2 -576681 820548
1 101650 -343462
1 720110 919925
2 206165 -982914
1 426178 219692
2 71758 -407396
2 -847750 113340
1 29095 -944164
2 278514 145326
1 -905490 336198
2 -453304 979631
1 -880245 336593
1 276167 736631
2 410299 -463545
2 767764 -705180
2 336939 -574272
1 -429056 227366
1 303120 -589357
1 -880375 158799
1 606706 254390
2 -546039 -533966
2 -99166 866997
1 -230148 981178
1 -21803 207957
1 298199 773593
1 483146 -975654
1 512856 9271
2 407697 -177141
1 -980298 -84103
1 749949 74541
2 -539113 -208568
1 127632 18620
1 -169343 213973
2 772647 -692773
1 418592 820716
2 -619003 7812
1 471255 -687948
2 973144 725656
2 224687 105043
2 624906 -64031
2 747987 -869741
2 911910 287668
1 597435 551421
1 -682342 190759
2 -796379 905356
2 -283825 -560447
1 -686646 -91968
1 -251361 693595
1 -530391 279128
2 -694192 -830635
1 641435 -459935
1 211950 183863
2 644866 -828575
2 -963020 100360
1 608185 -906909
2 249411 -655048
2 -616853 104393
1 -352867 -143218
2 -913590 304753
2 11462 900693
1 -845014 52567
1 683399 352997
1 224140 916382
1 -786650 304927
1 884883 353600
1 546895 -290800
2 -865010 223571
1 87865 124511
1 486943 786759
2 404544 875145
2 329882 900564
1 460156 899020
1 350419 -179817
2 -202021 -624760
1 -981018 -177285
2 -460216 898866
1 982245 -420618
1 -375901 989112
2 118729 504529
2 -863875 -718728
1 -634712 158688
1 73407 -705275
1 329980 541694
2 -970240 839246
1 -653881 205540
2 557922 909208
2 -901747 -801468
1 -272138 -258587
1 -524391 -957050
2 453179 -291446
1 982747 9132
1 381735 -217933
2 -138140 284628
2 765528 -257293
1 925232 32353
1 -645372 -874559
1 -277395 -565100
1 -361142 883306
1 -583694 -976519
1 78900 -442030
2 38173 -468192
2 825070 -224358
2 775634 -526101
2 -803301 647217
2 628671 -825506
1 -325667 694414
1 752965 736323
1 97537 562626
1 -464124 -748104
1 795136 -989956
1 -984384 -714878
1 28905 -135856
2 957745 94881
1 -854211 -410558
2 -588596 702271
1 -507492 867727
2 130518 502811
1 443338 427778
1 918663 -305913
2 177614 -510196
1 564128 -855401
1 -121598 109502
1 743880 143079
1 -883415 -896029
1 -839202 -332197
1 -640482 -749030
2 -232494 -428477
1 95846 175851
1 -658441 -370434
2 381426 588608
2 -143851 372737
2 -813324 301275
2 -211065 -516574
2 -437049 -11702
1 -412356 724282
1 692118 786121
1 345083 193094
1 316719 -175733
2 987288 289488
2 -521006 -105355
2 271323 -635485
1 584081 265544
2 721601 -25813
2 282005 783539
2 541572 313697
1 903972 957196
2 678359 -300031
1 -779961 652072
2 836534 305318
2 149625 -588817
2 698142 -30806
1 555914 -809919
1 -19274 686001
2 -749047 -132216
1 94183 244229
2 -93328 918933
2 210736 -217662
2 71734 -804248
2 -880659 -606643
1 929828 -788849
1 971516 -613622
2 -771803 -340287
1 539411 10764
1 -962794 -101564
2 -573718 589649
1 -668507 568492
2 722789 -86410
1 -393367 -351240
1 553527 -895248
2 18216 349780
1 -726669 -282629
1 818749 -393886
2 -295085 327568
2 21298 107036
2 -53410 -643941
1 -101270 -467541
1 -511192 734214
1 -433092 443832
2 966788 -27950
2 -379428 -251663
1 -89756 903440
2 -501841 -214643
1 101397 -607686
2 272109 568306
1 673000 -300695
2 -635348 -511308
2 450025 743877
2 -350027 -443380
1 -173839 707977
1 -605561 -231810
1 -620716 -771523
2 315796 310939
2 -551589 238450
1 11446 645565
2 556978 -934813
1 -131618 -172784
2 -536102 360219
2 706645 778139
1 -682423 840439
1 -229756 -439142
2 -888130 -84519
2 188682 -608621
2 638766 722599
2 419750 263348
1 661390 696424
1 -98380 64456
2 316524 548148
2 240161 -9551
1 -850018 7520
2 -679788 -902256
2 -352562 990380
2 259308 -427833
2 -672086 453303
1 193321 -697849
1 639160 -658969
2 289066 -628690
1 -38481 91508
1 -784726 622370
1 295678 418493
1 -978994 -180149
2 122587 -703876
2 608579 -277164
1 226349 22365
2 324658 -848190
2 309562 -395272
1 -314048 -161075
1 582898 389704
1 -111274 -487666
1 -657835 -194922
2 596383 888634
1 -109396 -946760
1 975589 -207963
1 830468 431106
2 -720135 -543306
1 323370 -485550
1 -258736 833948
2 -90090 -694159
1 -266684 -668592
1 328676 634921
2 -360807 502846
1 -626068 -662574
2 -87880 415682
1 -384944 -887623
2 945281 752746
1 -563631 -4914
1 957506 89013
1 607476 -811659
2 904587 -709157
1 -938746 -214265
1 -984964 -462541
1 533195 -379136
2 663460 -539588
1 -679117 371774
2 87464 -608802
1 385137 920562
1 -52913 -291741
2 652463 773499
1 -902017 678637
2 803029 -424707
1 -736438 -373292
2 -474887 488367
2 -924729 -785529
1 161176 -594273
1 989978 -533427
1 -843701 112122
1 422833 35720
2 -348242 -470690
2 -426761 787460
2 -858181 912053
2 259696 90200
1 -649431 945107
1 -99854 -694177
1 -183370 630575
1 -67184 16553
2 -44206 -62792
1 142220 -959425
2 -64819 -255482
1 -352736 67767
2 -988596 546086
2 916796 345765
1 880677 -290267
1 536578 429812
1 387690 -195572
1 -156385 -141862
1 827824 29801
2 -169951 9639
2 -70330 -825169
1 614491 -986135
1 -217176 847421
1 -22148 413314
2 516902 -40347
2 -840591 344610
2 -774250 565028
2 -824528 123428
1 -937164 358454
2 874396 225345
1 -669439 914067
2 199128 822439
1 -630146 844181
2 634995 -621393
1 -502707 -760687
2 852771 -976026
1 552389 -15384
2 -946000 -43496
1 144550 169006
2 -458568 568234
2 217175 -67168
2 939045 30042
2 369582 -321560
1 400131 757829
2 -659421 -828071
2 487566 -744322
1 -396873 765855
1 -12150 340946
2 964898 230275
1 223389 303169
2 -188959 760237
2 -485730 379198
1 762511 -929710
1 176478 415077
1 600260 5655
1 274654 -675032
2 27511 454159
2 -795323 647651
1 49085 793361
1 417032 618017
2 852991 705016
1 618878 690633
1 -525890 -135462
1 521871 -578768
1 -74320 164043
1 -657248 -333448
2 548951 235012
1 99726 -660169
2 335543 -32469
1 313237 -671079
1 -707658 -993207
1 376753 105098
1 438946 669408
1 833111 820271
1 -458007 -3202
2 -670628 935662
1 -40637 -121876
1 942245 -230640
2 624030 -785132
1 208308 -985656
1 -985046 163033
2 -654575 552832
1 102810 -867545
1 -678730 871089
2 213470 -290934
2 779981 487299
2 -393520 -919543
2 891495 -589823
2 -680893 540886
2 -670349 -368776
2 -888269 -433626
1 408326 397181
1 169523 -402486
2 623979 362101
2 380778 -285860
1 889469 -617440
2 -78791 -924805
1 -485967 390747
1 689374 708491
1 634176 -368690
2 924735 -318813
1 342000 427975
2 -984717 -299488
2 71015 -870504
1 -318501 -943967
2 -769358 739693
1 -111374 -169317
2 -730414 809722
2 705235 -906541
2 451971 -580459
1 -565000 -999459
2 31468 919295
2 956203 200692
1 -578192 -567947
1 800152 -739575
2 839459 -571234
2 -723365 -794510
2 -295188 605834
1 761241 -260644
2 -578112 788768
2 -179350 140686
1 -423648 -938532
1 -848475 -74263
1 -758542 394526
2 26696 763956
1 995169 648682
1 -249071 -849490
2 952157 245062
2 414353 -384800
1 -109036 -908267
1 -716819 -864530
2 -334288 -107448
1 -861123 -500642
1 102752 151545
1 280002 -864257
2 -524026 -815240
2 707526 -435119
2 327928 83579
2 -481567 293739
1 -217880 -984749
1 569648 -149299
2 45461 -69450
1 -196550 -735529
2 40316 -482384
2 719768 -827888
1 -69111 -345640
1 -984869 -855041
1 534535 117808
1 -551732 -163819
2 -818562 333360
1 -207426 603087
1 -992128 -769889
1 -614908 786138
1 796296 491605
1 668180 742998
1 -850605 148113
2 848473 835750
1 -756593 -877526
2 233145 156122
2 971846 929907
2 294795 -407208
1 618121 -27040
2 -192169 844751
2 674683 -33903
2 -314480 592024
1 408686 442676
1 -10683 975570
1 -791438 -118525
1 -469714 -628013
2 -974047 903285
1 254506 931418
1 -37115 -957590
1 895515 916752
1 443524 -446504
1 -980645 76049
1 -386205 -67497
2 306225 -430895
1 -57568 -473743
1 528466 182336
2 234822 320662
2 108810 -104360
1 -478186 -923068
1 62972 40527
1 -309577 935323
1 815427 -195668
2 825702 390799
2 -349967 558273
2 725070 224916
1 -601463 586991
1 673299 712121
2 -408383 -545746
2 978743 774747
2 579062 -26831
1 -657672 549032
1 975077 -812597
2 -594474 -20442
1 178547 -830035
1 6130 -639138
1 -385278 -496903
2 830518 -730334
2 440262 766947
1 -742552 956446
2 923014 777613
2 277236 678229
1 -613489 618632
2 -56516 -804361
2 175352 -497991
2 828123 -956103
2 963450 -83795
1 904820 -799133
2 503640 -774142
2 -99026 -784324
1 -265815 -69339
1 -840429 -929078
2 968737 707397
1 132119 -616027
1 47687 -686362
2 -258543 71676
2 679764 -698277
2 724854 606783
1 -632517 -964174
2 396656 386303
2 -232757 -851309
2 -871498 -758642
2 -553297 -436299
2 209704 457493
2 -986794 813330
2 980261 256594
1 -317599 201162
2 -246336 -910169
1 673080 -955701
1 987923 951182
1 161466 277618
1 854525 482387
2 -266548 -378193
2 91525 -412298
1 790847 981040
1 -836159 781792
2 647921 481099
2 -120345 -838814
2 -366187 140541
2 687995 -453497
1 867150 521814
2 -74873 879771
2 -497491 835253
2 -368629 -863926
2 884983 31367
1 -161305 -785557
2 423347 683695
1 596220 150805
1 395884 -582049
2 686216 -344846
2 836753 -17717
2 287933 341710
1 -204622 -306246
2 -745889 909655
2 -314727 429833
1 -13159 -615512
2 -944536 554287
1 21907 330338
2 865710 339662
1 22202 -720053
2 343745 -279321
1 86782 -58948
2 906753 -328815
1 -670080 141914
1 459843 -362550
1 587531 209376
2 688565 -886890
2 278963 -309398
1 321013 -64288
2 -646878 -177606
1 -912287 190098
1 66326 369733
2 55480 206117
2 773851 -474152
2 584749 -519702
1 -273906 34377
1 -138849 376918
2 -199226 319285
2 -163763 -69019
1 -50663 -507322
1 829766 647419
2 82214 -783804
2 673043 412310
1 -326602 997745
1 494379 -314994
1 795552 -1828
1 -507556 -207546
2 542487 -326274
2 222739 -610567
1 238857 98526
1 387539 -728506
2 495435 -572950
1 948967 674707
2 -411268 997353
1 -91848 -224964
2 750254 -790361
1 696587 -157364
1 21463 884556
2 850057 -569480
1 -126958 91749
1 157175 205958
1 962675 892111
1 437615 313686
2 -878549 823944
2 -46325 343944
1 697793 106337
2 -548654 -465709
2 -476926 246441
1 -706929 -752395
1 746660 836835
1 299206 -328362
1 73021 811532
2 253225 -597193
2 717543 -190535
2 122863 -75256
2 -139815 147844
1 -507649 232666
2 -311819 -726548
1 -664158 -390122
2 652196 286164
2 967165 302042
1 -440618 50342
1 407550 -635188
2 770372 -902897
1 558615 559958
1 652793 312294
1 765919 309250
2 -833979 -597701
1 -705186 524430
2 463092 211887
1 548492 527210
1 552737 -167156
2 688192 854705
1 -414261 729306
1 574371 -819304
1 -705271 -903210
2 680270 -203648
2 916589 858439
2 969798 534713
1 -684388 -157006
1 171615 740471
2 -713487 -891499
1 612327 673689
1 -728454 -273834
1 820516 -722453
2 338282 -29225
1 -715718 -368427
2 -989800 320918
2 -936575 253683
1 -515025 354332
1 -746421 -37901
1 -673570 -476705
1 -462341 -797735
2 -933974 -62763
2 730674 351776
2 914564 851200
2 -344375 477639
2 -768389 -988491
2 -723201 -47831
1 -966568 515962
2 474097 -963925
2 -979731 -560680
1 -246267 247196
2 516275 -556229
2 338111 -890796
1 -774919 -676265
2 -834010 879579
1 187269 -342998
1 -286174 -13986
1 32657 878857
1 -791811 -368257
1 -965567 -683295
2 423697 553836
2 412849 351594
1 485324 -391169
2 389580 -460783
1 -759149 187999
1 -385474 209231
2 -118409 -330088
2 -50378 276305
1 -978824 675564
2 989565 534306
2 671469 -24637
2 990097 -532036
2 -428001 -41648
2 -458812 473459
2 46116 936404
1 806422 569479
1 565963 -36361
1 871089 674477
2 534719 -790997
1 842975 488548
1 -553902 -597558
2 -804119 901220
2 -515180 -247616
1 -488973 -93692
2 -20410 -389342
1 -663558 -324176
1 -51938 70489
2 -238254 829640
2 -9360 -812754
1 813599 -893534
1 559062 60828
2 -404458 -634818
2 -927278 409909
2 -476372 -452715
2 -5228 584314
2 981405 -519515
2 906105 791522
2 -345721 -113867
1 -732672 895609
2 -296773 -26125
1 -496361 -177595
1 417094 -349806
1 86831 762966
2 662728 -832418
1 221304 -714385
2 -99937 -81698
2 -742805 698927
1 -727662 -970458
1 172740 -370556
2 -196269 -15183
1 942595 -347232
2 436070 369640
2 -786138 899975
1 -553067 -583573
1 -357835 413607
1 -6197 313011
1 448930 353017
1 129683 469654
2 275417 139332
2 397584 -31183
2 322858 916180
1 883081 83679
1 66122 940816
1 -551387 -357178
1 551187 -201629
1 561402 -644775
1 977544 625218
1 363024 -476186
2 656320 -450601
2 337211 -15448
2 869332 -838632
1 205292 359834
1 595038 297364
2 594943 696678
1 -30197 -775326
2 -321554 -221636
1 806448 750003
2 729026 679025
2 -743540 360798
2 -248716 -888172
1 -474913 50414
1 -373966 -500710
2 -36660 671663
1 734788 -560186
1 -607064 530256
2 848495 -799669
1 -831149 927086
1 -242325 457157
2 -866972 -741606
2 -417463 942417
2 773510 -196523
1 -471517 -909933
1 959495 -518935
2 -878343 278267
1 -256358 768171
2 -777115 446972
1 -888017 -196783
1 -740983 -693057
2 221731 448376
1 864702 -594428
2 122957 -491330
2 -510753 107520
2 -789347 -996970
1 867465 -190181
2 -401943 -384758
2 356157 199239
2 -767181 -702626
1 -930006 583146
2 -637909 467550
1 303237 -626357
2 -441948 -298128
1 387587 78997
1 -62600 -992738
2 954837 -744074
1 -876369 -557993
2 853263 -712325
2 965746 478649
1 425587 297037
1 -670132 -729278
1 434995 314543
1 5160 -940437
1 -886115 -254812
2 -560013 768175
2 -645013 -854940
1 -977945 -568034
2 784059 967658
2 171598 457227
1 64968 -431852
1 -266212 -742880
1 -161876 -377180
1 -392835 585743
2 845139 834180
2 872777 -979274
1 213279 499126
1 898424 -218405
2 -517266 721395
2 -4948 -701515
2 -548453 922659
2 619384 -804185
1 -791961 -901708
1 -183609 615904
2 93222 93034
2 -662607 -351592
1 182131 -635260
2 997201 775497
1 -353819 -121738
1 104371 -647443
2 806346 -706130
2 593524 865374
2 -326171 235263
1 -547426 169547
2 381639 176619
2 -170907 -45867
2 -653793 -307147
1 -961064 960920
1 -263332 -372343
2 -894561 -94041
2 217790 260642
1 654754 -760220
2 284292 -810876
1 -214708 286672
1 953278 -928995
1 -180831 -725587
1 37573 -543302
1 -530445 -629766
1 -202704 -95237
2 -10508 -81475
2 505663 -796774
2 -664850 -18363
1 708464 -667007
1 -782683 941266
1 167046 -1412
2 367741 744858
2 938523 -747048
1 516532 -248649
2 -183494 548705
2 917793 -919185
2 812823 69387
1 -702316 731423
2 -820311 963294
1 853176 -183834
2 -705933 -17404
2 -353287 804594
1 773005 -683414
2 -124821 -14466
1 -310915 463973
1 -653042 297795
1 523464 170840
1 -114464 -76833
1 -446723 -491545
2 673648 570076
1 -313443 -4327
1 367206 -236626
2 -703462 -525178
1 -464212 -228009
2 -885455 842658
1 -486624 -639448
2 -735230 -80770
1 -416985 971854
1 -480682 -846026
1 -608153 232594
2 -970049 49891
2 -767842 189257
1 387791 -497552
1 -869225 -567330
1 343413 147065
2 999367 -848849
1 -951196 684396
1 -853258 -400178
1 197140 -558325
1 -575905 -149765
1 70711 20933
1 438008 912794
1 -829581 -739507
2 326456 -647204
2 -48291 -664684
2 94070 332903
1 953187 -451833
1 -88573 786783
2 200843 -366387
2 803973 -561127
2 983784 -571227
2 -714406 -333275
2 284510 850414
1 215409 276562
1 -843211 333453
2 -989865 -768357
1 453753 -641884
1 -234302 -799867
2 -7220 -865212
2 820769 -460892
1 -120153 381390
1 372397 955571
1 -889717 -744908
1 84558 575210
1 811557 812918
1 840085 -50230
2 265311 398053
1 905619 613453
1 -970631 273251
1 -3064 941176
1 -55586 804236
1 -90414 -148965
2 -822376 265199
2 82696 -686654
1 383132 -748505
2 658662 887158
2 -237612 -391836
1 -220773 435908
1 366048 315839
1 -992101 -328161
2 -963766 -429961
1 532140 -98359
2 343838 -709288
1 -728304 255639
1 191159 986159
1 -563361 532983
2 -723585 -489801
1 -550030 434523
2 -702125 -69664
2 -830973 -111617
1 682184 -62374
2 -259140 46659
2 176479 423614
1 209792 -65751
2 940628 604484
2 460893 -731403
2 -631364 399707
1 322456 166138
2 808326 541023
1 -87947 -713708
1 794779 -988617
2 -283992 636740
2 819825 -328890
2 -506 -99819
1 -882097 -757702
2 779860 454314
2 -921167 -960539
1 490897 -805390
1 644236 583651
1 772673 -265080
2 24966 -296352
1 743104 -886314
2 848238 892192
1 300758 -257472
2 -235741 -968140
2 -978253 264884
1 -343702 -211464
2 48291 -539013
1 800259 -935075
1 -663967 811741
1 -238009 942475
1 587866 -167983
1 -134641 -947750
2 820510 -822966
2 899965 -345236
2 -838000 -138873
1 921448 472396
2 874957 -355990
1 -641737 181932
2 455888 -794886
1 -688577 -517723
1 316224 -503404
1 789809 -458999
1 -350162 -706494
2 592621 -309170
1 -902819 -806629
2 258515 255869
1 -773609 -671845
2 -555672 -335248
1 142580 -923610
2 -173153 230395
1 -400762 -560107
1 552207 924012
1 -945355 792580
2 -866044 856027
1 -530575 -820201
2 581157 -838972
1 -366558 -81858
1 -745932 180657
2 431187 358204
2 828441 378208
2 788614 -530602
2 -293056 414049
2 549579 786575
1 -540756 184969
1 -86027 -457056
1 -803635 -966077
2 630601 -413722
1 -893146 -341964
2 810529 -454478
1 -111188 946709
2 946823 660031
1 533397 -985290
2 -331413 188530
2 -956034 -567001
1 221583 -38210
2 -812790 -733834
1 44427 563899
1 -675887 607455
2 -904840 -744086
1 -611931 771865
2 69380 -334993
2 -919146 991615
2 -110626 385016
2 32022 222630
1 -60791 -613343
1 -714682 -963446
2 -578063 -387882
1 -405447 751901
2 -707769 -858121
1 -861171 696370
2 903083 31012
1 -142481 -628447
1 -340557 617179
2 -471198 438647
1 -503335 695946
1 869453 -794840
2 -532590 -662722
1 -841955 -566244
2 699843 530023
2 -678076 -146338
2 543496 628038
2 -905784 -604487
1 445526 -819483
2 -794433 -413858
1 -332803 842014
2 718798 887060
2 -430951 414760
2 -789768 -66340
2 754740 544452
2 -934954 -515262
2 513682 -106063
1 298517 104798
2 74978 -324732
2 -856159 872395
2 -992573 -249989
1 307565 72252
1 -833041 -847587
2 -195708 -597254
1 -57313 -191866
1 110264 331212
1 -698330 -322965
2 303835 -576403
1 -91422 923621
2 68122 541444
2 -755380 -497789
1 712206 167152
1 -255763 758180
2 170687 -841123
1 880348 186116
2 -767993 -337631
1 366455 -850684
2 289127 396240
1 519209 717405
1 -33410 -743739
1 457829 -192022
1 3465 593300
1 540131 101582
2 54430 562800
2 -219453 594081
2 688101 -679446
2 -429625 672224
2 -903742 -294723
2 -719627 -24603
1 -755013 -343464
1 423482 947028
2 987510 9355
1 824090 -690453
1 827989 800664
1 468809 231590
2 -211406 -253795
1 -120057 -2307
1 -326365 974933
2 6675 509617
1 -526053 -869360
1 340548 28477
2 -446239 -356708
1 356529 434404
2 303171 264041
1 410055 -571430
1 -287215 518223
2 -333734 -788043
2 625734 -163811
1 -729969 291969
2 819337 -522747
2 74738 -351809
1 426191 446720
1 -441517 943562
1 341966 -157513
2 -527077 -65889
1 -880493 168795
1 841593 -715324
2 702516 -568555
1 -796760 504095
2 -231074 -578456
1 288469 -660802
1 880794 -324683
1 324311 -673017
2 425281 -846570
1 494984 -151668
1 -712562 638828
1 827303 -727914
2 -655871 783460
2 -949132 -645645
2 770030 -646727
2 -856481 -532119
1 -63323 857492
2 754776 -848668
2 -91417 -994447
2 197629 -339061
1 533335 -36843
1 -933766 -570331
1 -704707 567400
2 896062 110191
1 773579 962345
1 448644 -449594
1 349874 673750
2 611858 786430
2 -215755 710395
1 -58481 184399
1 213357 -182931
1 659626 -934977
1 910331 -237309
2 909619 -205308
2 -705355 -317922
2 659528 -568854
2 29659 532978
1 669266 973730
2 -436115 -325214
2 -440887 -471124
1 -653287 191774
1 -697563 552393
2 -672773 906842
1 280385 -425497
2 -738606 -780388
1 109255 -617180
2 -332710 410966
2 -370012 -92965
1 638320 -764147
2 -425775 -663573
1 -107926 -256483
2 551593 611882
1 61291 -200827
1 -424216 -472590
1 35635 907001
1 841330 855676
1 -668638 359511
2 232367 -913714
2 756270 247139
1 729029 729853
2 -865083 -200984
2 432300 -959801
2 207417 48004
2 465054 -846153
2 425748 993624
2 -192359 -345066
2 -315425 714659
1 824573 -584469
2 861105 998136
2 439334 -813315
2 -696881 3181
1 766601 -236124
2 852174 999791
2 -843886 -686092
1 -8665 872130
2 308174 295132
1 -717163 -631621
2 104089 610834
1 115146 322238
2 581621 957083
2 355477 773325
2 -402806 -887759
2 -86442 572536
2 913755 -728720
1 866399 -88141
2 854862 132705
1 -780331 431114
1 434699 -670016
1 2352 -95763
2 591296 -548888
1 -587047 723852
1 -106873 -572942
1 332995 -829532
2 532717 -420196
1 598443 -527321
1 522823 -584835
1 -60294 -261253
2 -539823 -143799
1 -33670 898844
2 -680520 798293
2 319062 -836725
1 295773 19618
1 -39738 976043
1 675839 -622629
1 -478795 845208
1 -874024 828182
2 -570044 287354
2 -518941 582199
2 -3684 524711
1 776837 -326323
1 -623540 -205081
1 157401 12273
2 678191 887570
1 -135000 -973572
2 -920042 -70419
1 339493 311588
1 405335 151799
1 -443340 337578
2 837492 396474
1 248180 669789
1 975016 170717
1 759419 -868977
1 -764653 -253388
2 908366 762901
1 -358297 656622
2 -755440 482972
2 -262846 -200994
2 -579230 -2641
2 -378708 -149458
2 -423328 444320
2 219334 192941
2 -846614 -811432
2 351951 -450675
1 -104342 -59969
1 -714515 -154661
2 702111 618550
1 -346005 -888221
2 -288323 -91442
