3000
1 53887 -543773
1 -388627 -745034
1 491775 -54999
2 -853588 50611
2 -425152 -193617
2 -155456 -546504
1 575609 -17748
2 677067 4545
2 595226 -552468
1 -303858 984286
1 997663 541269
1 184450 314168
2 488128 691170
2 -315438 492096
1 31979 -503862
1 478684 83601
2 193904 -916103
2 529504 -370283
1 -507023 744459
1 84588 -907490
2 -960389 293496
1 68544 -379615
2 707983 -761636
2 813044 -214176
1 -313011 -743047
2 -167701 -207899
2 -794981 387142
2 858414 -208182
1 -171141 10058
1 533697 41811
2 119815 732332
2 955195 -726883
2 186650 -742593
2 119818 789175
2 -862632 156384
2 -608125 708234
1 453362 790215
2 -938656 -697724
1 -583561 -728756
2 326710 -379801
1 -825375 -100965
2 525284 751558
1 -192471 -235873
2 416817 -992994
2 -591659 -752040
1 131766 -545361
2 -634565 636204
1 759251 317888
1 854080 -991531
1 570607 -35321
1 -22191 -305392
1 127425 554757
1 -286819 -846554
2 -446595 -333267
1 -626023 95527
2 996847 831439
2 426935 938399
1 -522241 -845417
1 -97325 -221491
2 -63850 8271
1 -224070 -943588
2 711810 -483990
1 -546659 -952107
1 -967457 -414795
1 380251 857468
1 -412403 -69265
1 -262208 519970
1 524611 -556117
2 -713017 -999290
2 -358125 -443748
1 533013 552710
1 260295 157666
2 -765727 -293150
2 -826860 960855
2 31241 -902562
1 -895212 966319
2 116298 -338086
2 673627 230083
2 -651924 -924490
1 911385 -537713
1 -318767 587592
1 633002 -95523
2 238821 -503065
1 -680418 521123
2 -636285 -257882
1 -526170 -826439
2 -860782 -775969
1 -694298 -615885
2 -579140 -479944
1 -71586 83675
1 -527822 -579983
1 658806 -700741
1 619236 707902
1 92875 266844
2 -21852 -607879
2 892197 -811744
2 -495970 387617
2 206048 -950363
2 804493 162989
1 -78197 -953843
2 829946 -334080
1 -52736 678598
1 558273 814185
2 -152001 -524840
1 -252284 -813769
2 690430 442061
2 -778449 48223
2 106552 -16813
2 709647 -809353
1 -465722 416832
1 683363 -261406
1 987141 -187230
1 -134367 -345664
2 81290 -304541
1 332358 478329
2 -930324 -757273
1 165210 -833953
1 712402 -533437
1 -338981 -918654
1 -316244 958011
2 57744 229405
1 913455 229365
2 -177044 880629
2 136859 -996569
2 470474 189935
2 -651073 -628279
2 350364 892152
2 603740 447525
2 695581 944795
2 77082 -977778
2 802414 -740393
1 -775331 407367
2 559880 -198062
1 -759364 590856
2 606443 -158762
1 416128 -576280
1 639970 948379
2 -791781 129985
1 -866111 -278923
1 169037 -562541
2 -108765 -356241
1 716242 -37535
1 -488729 6440
2 985266 324964
2 -763012 -684972
2 390864 -885232
2 572472 -707831
2 -635349 -534678
2 -276758 131461
2 276194 -824778
1 806363 -416401
2 -543973 167873
1 -149910 604050
1 -656263 198560
1 -329584 909139
1 -411346 -317102
2 133452 -228508
2 -484595 -570416
2 304746 726363
1 -745289 984796
2 62533 669727
2 -159761 -858067
2 981735 -979813
2 222634 -375000
2 -582495 -830060
1 97516 216618
2 893679 89646
2 -822834 579984
1 -299120 553856
2 213714 -184881
1 -978629 -59767
2 -960151 286473
1 882069 -917280
2 809080 -786639
2 -879053 362960
2 -157540 453505
1 -255409 712576
2 789926 -482106
1 532413 483051
1 807399 973593
2 653184 881280
1 756778 778797
2 -578309 -521706
2 -24261 925341
1 -570709 -883531
1 364041 602527
2 -437242 755003
2 491559 324096
1 -368569 138432
1 -213009 827702
1 -451084 267421
1 853442 288402
2 620032 81544
1 736942 -372960
2 -54236 -509482
1 -804454 -725842
1 -867651 -142976
1 14038 166389
2 -166067 -769694
1 -5667 -777750
1 -627918 264845
2 -33081 789561
1 703309 744678
1 121505 -885769
1 148847 338485
1 944801 699031
2 313802 829307
2 320130 -891713
1 716904 -928150
1 603201 -612715
1 687604 980810
1 -757138 -37162
2 -904898 282302
1 571115 499454
2 -598105 987559
2 113412 -797623
2 706947 -153224
2 486466 786551
2 -423640 -794662
1 -378382 -671752
2 -478095 604270
1 702138 -928715
2 673702 -518716
2 -158773 -256529
1 367434 -409886
2 -368837 -370064
1 9454 -822429
1 679188 -372853
2 537534 486619
1 401243 -577579
1 -234748 -278260
2 -363671 408004
2 925734 457201
1 -897365 805408
1 397929 -234551
1 27855 226215
1 -179197 714095
1 -106494 -203353
1 612550 408186
2 87018 -99961
1 392262 592956
1 -852047 -56844
1 622626 -352974
2 475763 -985327
1 577345 -865875
1 452767 798796
2 105960 32963
2 237209 421373
1 80178 -980118
2 -464697 -376755
2 -523357 415307
1 26028 -458744
1 792589 239441
1 684339 134141
1 441703 967331
1 210290 292214
2 -181418 -589661
2 -776556 -161711
2 566886 -534907
2 911263 -588993
2 60180 -861085
2 744097 -207242
1 726967 97482
1 -594979 -511014
1 -610042 500170
2 -174343 232724
1 571217 217444
2 -516825 119622
1 -24835 -716612
2 80859 456186
2 117702 -744352
2 437390 527296
2 -333947 -366406
2 -442210 -688897
2 869433 859329
1 461743 -457529
2 -178063 -242035
1 773037 -145293
2 -483380 -164005
1 375252 899855
1 -196682 -954190
2 -378235 -200485
1 -765971 -376756
2 496303 -1843
1 134580 723248
1 -21689 122807
2 -725905 535807
1 102839 -380815
2 681774 -941765
1 88896 -562313
2 -307740 -219092
2 295648 -84636
2 -575823 -782340
2 -253721 -944277
2 -752065 -818559
2 -120465 -854005
1 -158034 152681
2 -237695 216916
1 -448112 186578
2 -519158 936702
2 -119792 451007
1 -543924 975095
1 90815 -327496
1 -532843 -913615
1 751713 -294908
1 -165707 -719156
1 424377 -29444
1 968461 81157
1 584327 389594
1 -655715 -594891
2 884392 96776
1 -445389 -89538
2 11122 -812269
2 -676300 -317768
1 -359013 627739
1 -444859 824546
2 913193 -176582
2 -58564 796408
2 318062 366745
2 862193 -743850
1 368969 -626704
2 -594658 881111
1 -906474 -191533
1 986124 728767
2 -817767 -320330
2 -626667 -726154
2 809195 -857331
1 946236 793779
2 -339052 -108094
2 -105338 -795759
1 -687052 -905274
1 -105757 174499
1 564095 599559
2 -705331 89784
2 -39092 -160004
1 607380 -419049
2 -519260 -784708
2 -658772 69046
2 665675 662324
2 99411 43619
2 788322 566262
2 -9273 662659
2 -211672 -712356
2 -158240 702430
1 887737 291102
1 885476 309463
1 -946194 708109
1 240846 -508827
2 328711 -781960
1 -24168 479475
1 736867 371938
1 -839039 415892
1 698485 -281493
2 893992 -663403
2 -32231 -928705
2 770623 -690457
1 944183 316493
2 427985 571723
2 318567 850692
2 407821 -90697
1 -690886 703210
1 -235004 -583945
2 -986368 -37478
2 221828 84493
1 -152815 -189966
1 986068 -214602
2 -501028 -563489
2 864533 562534
2 839948 -355072
2 -834676 -306782
1 -6610 -615533
2 617840 -744520
1 -542519 575454
1 -903844 -12259
2 -975920 -555924
1 83351 304617
2 448346 549953
1 -518872 -264999
1 -936786 712083
2 -771025 733590
1 647259 -643923
1 -413409 -963414
1 -574594 -136245
2 362442 -241783
1 824191 998486
2 626792 -381903
2 -545441 -503342
2 -583152 138872
2 -941155 -663944
1 782922 -119730
1 136017 861776
2 -840907 -960457
1 831848 -389540
1 -33332 575994
2 -489983 942492
1 816515 81225
2 777642 -799146
2 907876 533253
2 601235 373508
1 -91079 692810
2 132319 742032
1 951267 -712292
1 284808 -140346
1 873181 -180205
1 377413 -808980
1 -263910 -65622
2 533726 529794
2 376407 304456
1 -136577 529932
2 -213171 102951
1 -85013 577815
1 225676 716418
2 -949774 570506
2 -831429 223985
2 699589 269559
1 -435045 -345788
2 110119 -109308
2 96391 -682447
2 143182 -805630
1 -635360 -714308
1 -840818 532312
2 228263 160585
1 463762 -532743
2 122578 -854011
2 -346107 -600416
2 779129 177179
2 212480 -911049
2 -903129 -684
2 827197 -514025
1 -992420 311625
2 683145 79830
1 875621 786465
1 -371241 -738998
2 67031 203714
1 -249146 -102618
2 580180 749979
2 -906944 -85308
1 834736 114982
1 130455 -555388
2 74369 -544118
1 28628 -786609
2 364572 -475500
2 -899412 431783
2 356451 -862492
2 595649 554296
2 82328 -877820
1 304166 983134
2 -568612 337211
1 -300900 662945
2 497432 961160
1 -353928 37109
1 -626655 -511987
1 -408505 -610653
2 603908 -725195
2 -299510 3916
2 -145255 783687
2 -725206 277029
1 409199 -941886
1 -865435 -914895
2 -989142 -630926
1 833414 -92014
2 -635483 -785872
1 521023 -820141
1 -765698 203417
2 -426735 -787388
1 920105 -85151
2 -785821 234188
1 -808687 189083
2 354915 -659473
2 -556060 -838510
1 -809079 -400564
2 -923673 953371
2 -425796 983108
2 527471 -521141
1 -110413 -39237
1 727531 -442251
2 -791961 -893407
1 758684 785161
1 190026 -39765
2 -608380 423413
1 763888 188576
1 -334386 257343
2 -193630 299142
2 639874 -668383
2 -932171 231421
1 75951 18890
1 936732 -825389
1 -347114 482148
2 309869 773914
2 329067 -787388
1 850550 -287108
2 -350953 7298
2 -473922 700963
1 -409761 301903
2 -381374 -919296
2 362978 756492
1 482616 122046
2 -945732 461711
1 568298 -815739
1 449710 -551447
2 -772309 -836796
2 -998531 -316976
2 887072 -890669
1 -524524 806437
2 268118 -454578
1 -266590 919003
1 594933 520384
2 -706467 -989944
1 908012 804762
2 -156313 -938012
2 930928 -301627
2 -541023 -294581
2 854203 -935489
2 -400713 271848
2 994679 409871
2 652194 247695
2 -567238 -588021
2 32186 967821
1 -296882 153852
2 -603797 -604470
2 -45353 672686
2 839431 975075
1 74335 882083
1 863132 -969724
1 -436544 474453
1 214721 716316
1 -621422 -619273
1 266020 312530
1 712571 310779
2 -701465 -979764
2 314953 148307
1 -386466 -454256
2 -342786 -822505
2 573952 148370
2 -804813 -753856
1 -176013 187242
1 145472 -350090
2 874133 -192836
1 -806649 418055
1 366071 701037
2 701236 -79901
2 325745 -587666
2 -954462 -163010
2 -682027 -509567
2 729762 -970899
1 819183 901467
2 -933449 762226
2 -134621 -617547
2 651988 785007
2 657011 -850476
2 -342595 383367
1 554273 -367261
2 924448 864404
2 -70415 -247698
2 499573 917395
2 375649 -429225
1 -260451 28252
2 387374 488511
1 -807359 493162
1 -396621 999033
1 -784489 603380
2 543879 -937138
2 553456 -89246
1 466989 -337631
1 -905320 -796846
1 449478 -440011
2 145518 424928
1 65048 907680
1 957731 -141200
2 179671 40177
1 -894520 589282
1 782541 -515885
1 843892 -117010
1 896124 -855737
1 864500 12931
1 -520082 -586890
1 -514314 290644
1 -311396 376487
1 54124 -568527
1 -266029 334520
2 869466 -589365
1 -471315 482931
1 -228319 -303511
2 720361 -868125
1 730835 -940066
1 -838001 -158233
2 -936192 689420
1 -393027 -650485
1 138087 -379295
1 458618 -941323
2 -845847 63800
1 -714405 -306757
2 764462 -160938
1 -389204 -430857
1 -745514 -797182
1 -245515 881444
2 -525827 924052
2 -168198 -554304
2 -399982 548168
1 -722325 660974
1 -727452 551114
2 603910 -699241
2 -223420 -29570
1 -514767 689480
2 463904 -151009
2 -245396 878528
1 307234 512532
2 523692 8983
1 381621 -127269
2 832074 -588661
1 -708178 268052
2 981139 -994179
2 -657674 510907
1 688170 479453
1 -487719 967049
2 -636920 -915112
2 -513127 222152
1 -636691 923537
1 -645272 803337
2 118316 -443453
2 -106969 -184765
1 -763239 -500779
1 881840 -764571
1 -234400 -439352
1 99379 -488692
2 -194897 -966964
1 -227400 -866872
2 -630073 81441
2 149997 -350942
2 -793835 -372097
2 -345695 314516
2 -632689 140003
1 333236 -780228
2 -341447 -345689
2 -546853 -207206
2 331514 303824
1 -262522 -763105
1 -131108 380192
1 916154 -445372
2 -447006 758368
1 996664 -241168
1 -173652 -156438
2 -440737 49248
1 705345 948275
1 -28695 448296
1 -22609 672244
2 -842749 106665
1 -626661 -615021
2 848744 -611790
1 -23580 356581
1 877788 -816390
2 413340 603469
1 -66021 -459223
1 -869022 843045
1 690160 -96133
1 189147 -802656
1 943387 950839
2 501842 -966843
1 -311137 737793
1 986033 -790269
1 -514640 818169
1 488241 595087
1 -163760 -21465
1 -15122 416918
2 349614 302091
2 770466 672466
2 569182 33630
1 292874 -663829
1 -763103 -215094
1 -230320 82139
1 -897430 -282238
2 953587 270077
2 -148228 858531
1 -146832 303194
2 -574904 653833
1 74149 -236308
1 994337 668656
2 -390467 345584
2 -150204 -330119
1 906654 -2540
1 -69608 -700785
2 155105 -547461
1 596478 484825
1 798485 -740807
2 -416791 235427
2 -213612 696360
2 949091 754682
1 -251942 939072
2 63700 258485
1 -796592 -675643
2 -247858 -469127
1 -121429 948581
2 704527 -793121
1 110806 -566214
2 -901591 -173816
1 -632990 -913554
2 -553071 -643706
1 104820 898229
2 825745 -896388
1 811376 -219433
2 50723 317622
2 -203347 -899470
1 -709855 103544
1 865921 -125425
1 991749 -786308
2 -40383 150477
1 -292592 199870
1 -563669 -634464
2 378887 -43283
1 -208322 -445836
2 341912 938234
2 296455 -532867
2 -444663 117519
2 -278366 -863141
1 -529936 -76978
1 -886452 92254
1 -418664 770285
1 -119956 -309926
1 926321 321213
1 -128109 754845
2 -450904 -706028
2 -520093 -758594
1 -405323 845535
1 -772916 970732
2 -840896 -775721
1 49648 250214
2 776515 264186
1 754498 478200
1 809895 892369
2 -169965 -230593
1 492406 541628
1 260165 -32033
2 -955639 76998
1 -600344 -618425
1 634790 -64094
1 -974848 -547678
1 -739006 498803
1 967671 800697
2 132516 47990
2 553881 -956626
1 848482 987624
1 -57702 -734068
1 289725 445520
1 -113001 494244
1 817443 -327161
1 -654732 -80928
1 -909438 40495
2 562623 -137537
2 710735 -540418
1 -208579 -761639
2 -523029 -83616
2 698044 313623
1 649172 -500816
2 -776930 -450148
1 -130609 761793
1 211259 568106
1 -865064 -692684
2 310164 -271997
2 13489 943127
2 159263 -717237
2 769985 602586
1 -123854 213527
2 -276215 -744020
2 -721504 462827
1 -607151 -934663
2 383868 -389261
2 -708949 -675395
2 724224 20055
1 -660392 853436
2 -309300 -420287
1 843224 673436
1 -388009 -371863
2 673831 -343350
1 -727125 44045
2 -554874 -923699
2 -84195 304514
2 -443239 24524
2 -301568 -560648
2 155749 265606
1 -382530 -343289
2 -576512 -345092
2 174509 -664194
1 436835 -792678
1 763936 997552
2 -838583 63937
2 977371 -274667
1 -117705 -500273
2 -337023 -34301
2 342265 871249
1 112609 -288789
2 -551009 -17647
2 817506 736676
1 -249907 -882162
2 -369030 393226
2 -531550 807329
1 152665 469034
2 -193911 -405932
2 -832421 -435524
1 322611 772096
2 -579979 -575129
2 -633931 -714167
1 795617 -899024
2 776496 -42632
2 -840707 400579
2 864849 -128221
2 -286040 240842
1 -163840 643299
2 -153135 433514
1 -539494 -615014
2 -30486 374482
1 -145867 502194
2 209410 -476896
2 -581626 -230556
2 -892094 -670108
1 -772152 -200717
1 -327344 536641
1 458200 43111
2 50688 -275902
2 -997633 760079
2 -312557 874881
2 -934143 -892381
2 -459594 -664013
2 423387 -649527
1 308479 -572340
1 680102 983420
1 179433 45148
2 324765 960497
2 -686808 -816796
1 558964 417082
1 653503 236372
2 945254 311848
2 -120543 -172857
1 430789 -334995
2 937241 -282563
2 -160230 -734299
1 -614729 -216351
2 -361625 770836
2 -257769 -936136
1 810654 -350725
1 65908 -650834
1 -138397 -29875
2 -669323 858255
1 -327096 688118
1 -789189 -333072
2 -552688 -211901
1 913421 -349122
2 -208584 -853913
2 936073 100657
2 921065 33762
1 -822098 948485
2 -540463 -884155
2 -15514 -166526
1 -489255 -836061
2 316001 -248474
1 -92895 190018
1 483470 469586
1 732075 -116847
1 548661 -625163
2 621008 466095
2 -678970 836853
1 872125 77719
1 -799131 681381
2 764742 542554
2 450379 689893
1 -228827 -840526
1 -808301 666939
1 122091 957931
1 -109350 -173262
2 -421335 -86250
1 115052 745799
2 -689888 -534125
1 -38309 976904
1 -173753 143366
2 213783 970322
1 318501 -248138
2 -41615 -539116
1 460231 154998
1 -237930 264569
1 820213 200765
2 -660025 -972162
2 -239193 -939948
1 33249 827483
2 -462958 838074
2 -178220 -884552
2 994892 -8634
1 -38949 232460
2 -581870 -336969
2 108148 779676
1 -277693 430483
2 434969 -132463
1 -924852 -855308
1 -200160 627283
1 -81341 236079
1 -854010 968224
2 -353796 264306
1 -598573 -865291
1 -258177 217730
1 471877 -253172
2 746382 179065
1 684340 151465
2 -159740 -499591
1 548243 354948
1 422649 952090
1 173115 -66300
2 824200 -838289
1 -61021 -473494
1 -461205 280944
2 869710 -486273
1 152909 566550
1 439330 -881593
1 -63643 -509023
1 -120198 -371181
2 746035 346673
2 885377 644791
1 -866329 65101
1 -947683 -309897
1 -396204 -1175
2 531385 -779473
2 -157373 -750966
1 -473939 404499
2 907283 559988
1 -862745 254613
2 276772 891702
2 495277 760275
1 -682283 -810287
1 -839816 -631656
1 935969 354926
1 485488 362559
1 -236979 235007
1 17709 -174892
1 580617 84236
1 -710954 -354858
2 -996286 -612096
2 -864610 933859
2 710383 -440977
2 -796811 -359124
2 951131 -996285
1 607172 82112
1 830908 -175570
1 251732 327226
2 -116508 -401572
1 558 -224744
1 -16186 550411
2 116363 758441
2 974996 -165220
1 -175918 -207278
1 -800016 -185109
1 -832869 45327
1 -204054 -771921
1 61751 -477785
1 -468988 -432078
1 -222372 -431662
2 -521812 368298
2 835518 -756478
1 -650625 891720
1 -505088 -754244
2 -927829 -849681
1 338349 -897490
2 -226154 50250
2 464201 830433
1 -974012 -509273
2 -315343 82350
1 190508 45528
1 -884739 867406
2 243904 852975
2 479933 -945320
1 394767 655289
2 571912 -111068
2 -120191 -262100
2 817012 425765
1 548691 -118321
1 374869 468034
1 -516155 -624773
1 217873 -337114
2 -248816 -566142
1 587794 620320
2 646333 -183456
1 -206489 343145
1 -680020 -797587
2 -278316 -23183
1 141334 149827
2 487231 -372979
2 121235 583246
2 -714462 724159
2 686514 667187
2 -497893 82925
1 920805 -332369
2 794876 641380
2 830065 -346582
1 -81184 879739
1 -757268 -206232
2 -830208 736956
1 -464744 837017
2 -728330 -194281
1 176599 453012
2 670155 -86558
2 -943659 -727452
2 18621 -863577
2 34373 -286520
2 924839 -574241
1 948107 219041
1 25308 -549279
1 977988 86835
2 212524 -176898
1 -459920 -137412
2 60794 -551727
1 253524 423768
1 773925 771853
1 368940 882655
2 -743523 645060
2 -798322 277822
2 868642 -418520
1 -631798 -887626
2 700489 -611021
2 -822783 -561970
1 807280 985030
2 -81218 303461
1 292640 -600512
2 -284679 -901126
1 -452870 263952
1 -423609 -286442
1 362698 53109
2 221908 -577310
2 -396254 -837248
2 640895 485217
1 -926882 -952064
2 -82177 198944
1 -869329 -315176
2 -105610 640441
2 464731 -263476
1 197353 -975059
1 -499715 -510309
1 -459501 904505
1 34627 -35282
1 578667 -664847
2 -553775 -463152
1 813203 461093
2 -593449 -804802
1 -925031 136733
2 980276 508886
1 752990 -844211
1 -695418 586131
2 -473294 -758615
1 -534119 -332045
1 374724 39482
1 843889 -166288
1 627251 -682247
1 -827869 8203
2 -653160 326039
2 -682243 -143614
2 -692267 -497733
2 -383166 981269
1 913034 -840198
2 562829 -671497
2 886531 24503
1 -119464 -41996
1 -634812 486090
2 -519780 499059
2 -444959 -869640
2 858647 -290499
1 252546 10396
1 -439565 -270331
2 -327068 -829511
2 -559489 -431792
2 118797 -360149
1 -307027 -238249
2 -898591 214323
2 -846886 622559
2 422286 852243
2 452453 -475602
2 661774 -847637
2 472195 -900570
2 652171 -138522
1 -488042 -460538
1 279042 -991737
1 880975 708765
2 898269 -829704
1 -452705 -963779
1 -790049 -785543
2 171057 -628498
2 -683238 -843676
2 407416 -886194
2 -298608 -846198
2 772612 716621
2 -276982 374235
1 694929 -644
1 -185923 -254266
1 -672725 -283623
2 -834114 -873847
1 734482 314020
2 -182493 -645368
1 -923121 224704
2 -845725 124604
1 -276715 860286
1 907913 -843514
1 -852903 -444436
1 780470 689129
2 738288 238907
2 484282 98482
2 63897 -431327
2 834298 752249
2 553942 62523
2 -231687 -871993
2 -899367 -818218
2 -869784 31783
2 -460745 14402
2 -220706 -441081
2 -889923 -202379
1 541421 -226630
2 263475 -440284
1 101548 -65526
1 -276570 -711933
1 485733 473938
2 -182718 -430051
1 343941 -979926
2 492692 -652334
2 -18399 -625217
1 -850834 315907
2 -899643 542749
2 -62965 880556
1 520890 955705
1 -605321 -209981
1 -157426 359051
2 -938400 -402173
1 286021 223806
1 -303493 -883432
2 -578790 -599230
2 -187726 -538426
1 -843760 -879209
1 -588339 -981382
1 236274 716699
1 -407205 -770999
1 457184 980521
2 -807882 -301142
2 930646 958875
1 -639902 990601
1 -974546 517831
1 -799632 262313
2 653212 -653281
2 -633348 -922615
2 703837 -380214
2 117403 229616
2 -238206 -362751
1 998698 -88227
2 421439 628194
1 -840368 98233
2 -771142 762539
1 -553966 321018
2 716295 851246
1 626426 -542368
1 -651563 -864632
2 511188 4107
1 -161950 386986
1 -388000 -210747
2 986736 -993285
1 -298448 -154247
1 -68877 -421097
1 -650981 924042
2 -630612 -983795
1 65772 -934139
1 677576 554043
1 557689 -998470
2 -674847 76091
2 -933348 456705
2 -380744 -352398
1 -802647 -362769
1 783633 -189104
2 1185 295492
1 923134 794605
2 -141839 155266
2 673064 769048
2 -504298 510918
1 85033 567885
2 746804 -740929
2 909170 264296
1 -280606 -482576
1 875572 -27272
2 725330 595917
1 -230553 173980
2 -504481 -564211
2 180013 -212077
2 323101 -995425
1 977891 462278
2 502995 386903
2 -138453 -976675
2 693007 -274276
1 -741336 -630536
2 -289938 774117
1 163755 726125
1 -171313 -865251
2 -858160 -738685
1 221155 774379
2 592117 -774524
1 -641546 -623792
1 -874037 611038
1 -483147 -246573
1 619445 222921
2 -175951 -771417
2 -562420 328944
1 -901025 -672965
1 717878 -570462
1 -538777 -573662
1 583244 204036
1 -738478 -627953
1 -871766 756549
2 -366901 150691
1 935459 -199726
1 -666098 -984465
1 58813 187184
2 971010 882418
2 -631389 -24932
1 -598750 155978
2 841266 -218593
1 461308 238132
1 38563 71049
1 -974321 292020
2 -576797 875358
2 -90103 -916848
1 852358 74070
2 443251 968534
1 525802 -555689
1 289441 -330996
1 -216100 920734
2 725596 -928265
1 148532 -943729
2 -594944 85784
1 27160 557562
2 954353 -874196
1 315759 -314867
2 49951 -659612
1 -141402 -502332
1 698471 -505059
1 -616579 710880
1 -441446 136416
1 -425404 -433687
2 -316445 -420787
1 312071 -250564
2 566314 -133154
2 853502 -704968
2 -931230 22683
1 535757 646207
1 828177 -55918
1 238682 -838152
1 73122 509959
1 832754 828424
2 -381416 373358
1 615126 -329296
1 -10332 867061
1 806529 362717
2 503079 -193340
1 492538 760164
1 588968 348123
1 -974287 874015
1 -33718 83414
1 -795536 -937342
1 726781 973174
1 -688090 -335567
2 -633976 525825
1 357101 53108
2 1785 374157
2 -678577 -574052
2 243560 -917785
1 281116 -152826
1 -566385 -260060
2 695987 -236499
2 285932 733156
2 -673680 -319675
1 -493318 931993
1 -946526 -882269
2 -856812 -86750
1 436277 -164650
1 -345583 200718
1 340317 160213
1 -274657 -581436
2 -402720 560196
1 -263386 726333
1 525774 975192
1 544281 -196228
2 -408310 668195
2 -686256 462280
2 -309753 -17222
1 -355966 -183217
1 -449404 478873
1 66338 569333
2 -587723 -637204
2 -833437 505614
2 -868056 -936844
1 -428355 17176
2 384744 316003
1 -3117 50374
2 -116185 -980302
1 -946777 903024
1 646846 425940
2 626080 -346816
1 -450737 92686
1 -949545 423890
1 72896 707074
1 71646 -279046
1 95256 265194
2 188121 -39864
2 -892122 862213
1 514780 325946
2 -230864 940766
2 37571 -584246
1 -835280 -452533
1 -921827 -44456
1 628324 -656332
1 997209 917581
1 -161931 709530
1 462177 837010
2 601599 493216
2 -155171 238250
1 -425256 56047
1 -887166 96233
2 412209 -393227
2 -192034 -886720
1 -226449 -909749
2 39392 764
1 -841521 729626
2 -68659 -765606
1 -382377 234788
1 81650 -254880
1 134171 -143127
2 142265 -209454
2 701364 81384
1 -821376 -940481
2 436211 737934
2 228110 -413215
2 366494 -199691
2 -285679 312448
2 844920 -841082
2 442765 800224
2 -615234 -690868
1 -158619 332590
2 428688 377494
2 323784 484142
1 -477317 -322279
1 993962 373265
1 -64782 360080
2 715116 -949867
1 766744 158564
1 255245 -662696
2 -31942 -75845
2 514154 -194823
2 -550918 -492459
1 -594067 820449
2 -725636 -945613
2 86710 732738
1 108135 572431
2 895081 -369860
2 336912 973667
1 -466026 -698612
2 -996748 -378401
1 -783613 -691077
1 -563213 -978071
1 132684 885221
2 191450 -133042
1 167178 214148
1 -434260 837766
2 -285449 173099
1 950432 -730928
2 -991611 -91213
2 302400 -685296
2 -62211 -462722
2 -947696 -517752
2 -161293 -576073
1 -646233 657405
1 -684348 500441
1 216023 584337
2 34886 316689
1 828561 403345
2 198956 -56739
1 710855 -509876
2 570382 181139
2 -437914 -546438
2 -567522 646934
1 -851797 134810
2 -369283 146625
1 -867499 418482
2 -723258 -999846
1 -838235 -77184
2 233159 387551
1 -892171 40691
1 538920 -238683
1 -173634 148156
2 562147 -129945
1 465855 607253
1 -833436 524457
2 -881660 576418
1 388012 -794038
2 772164 -813670
2 -287522 -647485
1 512943 -521319
2 -424581 -599959
1 -882956 801345
1 -744661 -469363
1 817666 -578755
1 115761 655968
1 -465574 906832
2 -196991 -150563
1 531507 -730652
2 204121 681559
1 662643 -256325
1 -880833 466222
2 -44300 362993
1 -536968 -192435
2 -274069 -691673
1 797133 551296
1 826926 938026
2 -495918 -739880
1 159077 149418
1 708355 -505106
2 -827158 -50504
2 347241 441706
1 -697019 -315116
1 -463419 -901858
1 -232055 948969
2 -287354 180895
2 316612 27426
1 -529367 -533271
1 -864179 168683
1 -259603 268074
2 -532215 -364151
2 -391343 -368640
2 732573 249263
2 -743967 -822482
2 -899082 -38554
2 987866 -17093
1 -347290 -473311
2 53930 168088
1 -398478 -199566
2 568110 18398
1 -886099 26678
2 -593545 -429611
2 -814055 23262
1 294353 164538
1 -353482 -476870
1 -310648 941910
2 753653 293968
1 -985816 -758062
2 -413557 553842
2 -991144 -259498
2 -963765 -415394
1 -42357 991639
1 -392584 794737
2 764042 784791
1 305690 581423
1 876275 -225181
2 -404738 664106
2 -25755 -168649
1 -89822 -199337
2 224453 177853
1 896838 -866184
2 -96459 330850
1 692496 -869543
2 -461135 -536148
1 483844 752932
2 285320 465166
1 924971 -360280
1 2522 747623
1 134583 774045
2 835023 928119
2 -556506 -333412
2 19270 37597
1 -384373 700605
1 841581 -927111
1 -377353 615395
2 109549 323458
1 235842 -543724
2 230895 375024
1 -829923 -477417
2 149839 -999270
1 769798 -554056
2 -369303 -196752
1 373612 -638633
2 -769855 376952
1 90790 -752981
1 942232 -457668
1 -864078 -134707
1 -981407 -714803
2 -428874 -715241
1 504432 529363
1 357109 183977
2 166833 417891
1 129985 -458436
2 -714160 -198997
2 -271689 -722286
1 778466 -970320
1 -668264 639631
1 476697 705160
1 921249 -871316
2 240514 -82848
2 -51075 579818
2 733811 -955326
1 -770638 -774602
2 -110708 -990918
1 755887 -184729
1 -124444 306848
2 417745 581505
2 -762933 635028
1 -866580 -156894
1 829751 380716
2 698998 345383
1 236610 354910
1 914451 965844
2 289103 -8679
2 212629 -412496
2 -661696 956688
2 -525625 316223
1 -862402 22581
1 466625 -458201
2 42798 -794113
2 921484 -929746
2 -740536 801003
1 802444 -246599
2 140866 298109
1 -63853 -34897
2 880157 978212
1 -191850 206563
1 -828643 -979369
1 10176 -695977
1 -300752 -851178
2 -845104 544092
2 555666 -972251
1 -41739 -628067
1 377258 600495
1 680036 -131951
2 -108331 928570
2 -967607 -946884
1 637173 -39728
1 -643911 -344176
1 861430 453788
1 600128 -211831
2 -803553 404939
1 -613766 -38669
2 -335521 -805860
1 -920454 -985868
2 -119933 77668
2 -167039 916653
1 162223 993067
1 -71517 -754641
1 -603897 -283287
2 -589131 -292683
2 210999 210763
2 540935 -393922
2 -648711 -951205
2 118504 713941
1 676963 255948
1 -392280 -89526
2 142102 -948364
2 932920 -848518
1 674116 431521
1 699770 -699191
1 -444443 -201882
1 461227 881609
1 165467 -523835
2 -993897 -492260
2 295777 81740
1 -578695 988898
1 -540735 536068
1 -299580 829247
1 -863353 44766
2 -512315 -131002
2 543806 -165376
2 -505281 5507
2 999267 -530688
1 842986 680740
1 1088 677560
2 455183 -624952
2 -581426 -884390
2 -10872 -204175
1 -71921 453985
1 250563 696599
2 -946743 -527563
1 673957 -235603
1 809625 359390
2 30245 380527
1 -845444 840533
1 464051 316295
2 -869797 -179519
1 -692497 -366420
2 260780 295682
2 -306549 -216722
2 687804 328715
1 -131712 248976
2 404693 -620166
2 -48003 160890
2 -691708 891520
1 605073 837221
1 221618 565135
2 -489756 756059
2 222346 787197
1 961757 -522008
1 -105817 -835816
2 -34092 -185302
2 -878405 -760384
1 -634449 587550
2 856723 -610761
2 823823 832068
1 260446 683692
1 139634 -391845
1 -69399 822948
2 -867660 -288303
2 -999021 -545951
2 827958 271126
2 970901 -939238
1 -918319 872303
1 -67204 -327998
1 -144820 83405
1 -748839 -640050
2 969818 866029
1 443942 578683
1 -979762 916036
1 242326 357634
2 2110 -168891
1 913689 163447
1 484353 -706753
2 -335520 -796931
1 470574 -124122
1 -506728 -291724
2 231139 466243
1 296980 293077
2 875401 -896519
1 172572 811312
2 -655166 628845
2 909085 841454
2 -619892 -926673
2 709505 815762
1 -685639 823562
2 864110 -536632
1 -609810 396895
2 249502 885760
1 -336782 13985
1 -760749 -679884
1 503681 -84554
2 950318 -640108
1 -909904 209311
1 -791861 781592
1 -420663 -794916
1 -571402 -513933
2 -127138 -938487
2 -618741 409232
1 -387612 297120
2 233146 171112
2 -800792 786160
2 -617953 -363783
2 791561 975856
2 -29120 -688636
2 -187839 -438929
2 449481 -394211
1 925981 611028
2 538697 23985
1 -517907 -57086
1 -273698 -474835
1 -250433 275796
2 -199144 -301011
2 301495 129982
1 88187 -471495
1 675050 131105
2 42903 970403
2 311363 -137176
2 -797978 46604
1 -359531 -67635
2 -311987 452625
2 950147 478416
1 -704188 -710008
1 233461 -528305
1 375324 114152
1 -116094 554931
2 -657689 253336
1 340093 393856
1 383163 -237121
1 663784 906185
2 922220 -566696
2 -883115 143039
2 177348 -971811
2 -160605 976564
2 -302543 -921969
1 696442 -587671
2 125047 604902
1 211853 548404
1 -868518 -706063
1 568095 -224654
1 -341291 278658
2 227633 -412218
1 -98219 764442
1 726961 -14137
2 518738 808218
2 784598 19968
1 493742 990094
1 -151416 -701303
1 -452003 832959
2 260812 844612
1 70744 571569
2 -463622 -314579
2 -246706 874485
1 298138 -258808
1 -922607 847916
1 875246 494207
2 196741 736561
1 515737 402378
2 -670688 -64441
2 671421 -826909
2 291620 266302
1 -168951 802539
1 -223871 402535
1 71812 507983
2 303104 -859914
1 -21242 -369023
2 442541 -949753
2 481035 -434681
1 143012 337784
1 884979 -42408
2 36697 731248
1 -172599 -477392
2 -376595 -656833
2 -506965 -275398
2 -923499 -120512
2 319481 207008
1 -430443 943175
1 -916894 802411
1 946009 993088
1 470415 -793235
1 -320572 269380
2 -910923 -902028
2 450031 840412
1 -759108 879060
2 717708 579828
2 402634 793533
2 -294288 -292336
2 -716804 -605111
1 336868 219748
1 -56479 -194563
2 -883783 919561
2 -572679 32488
2 339770 975201
1 -298449 -174923
2 -867479 743359
1 -703269 726119
1 27331 -572757
2 807062 -682478
1 -461928 145251
1 234254 785445
2 -837932 996767
1 715445 576197
1 832782 -698697
1 54777 390759
1 -92876 505060
1 -537544 129558
2 584202 300173
1 -74548 331930
1 664020 878393
1 -130860 556637
1 539134 -644813
2 992916 800591
2 502998 451829
1 -170354 -766936
1 -135911 -274408
1 626814 -26011
1 -328240 -524061
2 -639846 -59815
1 -353475 -349150
2 101231 608031
2 -460775 -502981
2 981330 214356
2 229083 -63720
2 862480 91498
1 579322 327552
1 319164 880956
2 -834533 83896
1 527317 895305
1 -678776 93189
1 959753 -173856
2 439605 -266772
1 -188184 -225646
2 -660149 947271
2 -811345 -461210
2 700555 488890
1 -99624 -820321
2 -127319 24357
1 -335566 443249
2 166679 -165072
1 -25551 -746467
1 696592 -75459
1 142006 -553357
2 725141 -576889
1 -45089 -890624
2 213633 441711
1 63833 496459
2 945597 74397
1 -810181 -908227
2 458885 -443258
1 466461 791318
2 503309 -330370
1 256989 630591
1 -32927 -618159
2 -985559 -452237
2 -190239 -746179
2 -346014 960599
2 520560 -596360
2 719932 -71654
2 -902110 -882660
1 -141024 -162926
1 875044 -906081
2 -930891 -279741
2 -655981 950061
1 370528 -446513
1 325305 23317
2 -342307 -775791
2 185699 -719092
2 83224 168942
1 424062 688550
2 88374 671221
1 -546777 -939574
1 84120 -781450
1 570851 64811
2 983485 408913
2 27972 193961
2 155983 199108
2 364132 130644
2 749371 373603
1 -93510 -144949
1 144067 52793
1 688580 -627000
1 285980 -463527
1 262612 -936346
2 -875105 672040
1 -599180 944665
2 137272 -59348
1 -488284 -529437
2 628327 -608558
1 189117 683224
1 -511135 -319022
2 170051 463417
1 -959610 -618941
1 -39117 -591143
1 534343 892094
1 -222263 -590697
1 74594 -775459
2 794481 19576
1 -964333 47979
2 -998063 -466025
1 -612583 -175736
2 -741072 -199324
2 -825937 463391
1 345138 -871420
2 848149 -612654
2 -239854 -45574
2 -367649 -402577
2 935874 764045
2 -121776 -879320
1 -391340 -312205
2 -376241 -718555
1 -924195 181716
2 111516 -641963
2 -98508 -80853
2 898113 546987
1 -473305 -939497
1 5733 685211
2 -707391 -503350
2 -186613 166817
2 186417 -657864
1 423072 52568
1 -450328 958607
2 -938486 154027
1 -53108 432406
2 -404297 68285
1 214582 390752
1 948754 -912072
1 -11777 604540
1 881772 96160
1 384482 -78917
2 7582 -254614
2 359755 621998
1 -105409 16869
1 -996700 426722
1 955921 -540111
1 880057 -697240
1 -838874 -816867
2 -767332 767091
1 130158 453588
2 955639 733422
2 107969 -218795
1 -317913 918889
1 -816790 86071
1 97748 117274
2 630922 985217
1 188004 -7343
1 464447 971024
1 -511617 -408811
2 729150 754755
2 -121979 -286261
2 -769515 97443
2 -199152 -438834
2 -841754 805427
1 844949 -362576
2 416722 -594980
1 -646889 -358677
2 -507056 199054
1 -270294 698433
2 723038 106293
1 -133298 -392898
1 551724 812748
2 -255959 -535862
2 -414769 191680
1 109229 941206
2 -392195 -675847
1 423121 876033
1 916613 -733091
1 -693630 613472
1 -111853 -218192
1 -889608 -912041
2 -615836 -812952
2 366443 944394
1 133622 634629
1 696445 -532739
2 -59351 -423783
2 -8567 519322
2 -283123 -770135
1 -246034 166554
1 639294 -404658
2 222708 866039
1 148576 -212429
2 808591 841729
1 -605157 546253
2 -990425 -177969
1 -94556 289942
2 626529 -800083
2 -682651 -999353
1 -416208 17471
1 390227 413356
2 473673 -86003
1 -315738 -541929
2 -374322 -493998
1 -992162 656328
1 -269531 -480425
1 433401 -465671
1 -860921 896827
2 -788928 53029
1 625842 -347265
1 -110942 -922948
1 63063 -432280
2 -285195 433125
2 393286 -215667
2 -820129 11195
2 -740402 -950376
2 -847936 990379
2 -99925 119720
1 -84674 262719
2 465516 924291
2 317805 61640
1 154230 752119
2 -131817 482914
1 418011 -947564
1 118778 -680500
1 413372 -863677
2 796022 -98875
1 -787029 -56125
1 214859 -955523
2 -342816 668480
1 -225448 -80886
1 -374689 -651424
1 77393 251258
2 -219748 -361704
1 779312 -754824
2 -497230 -780733
1 805419 -277303
2 154496 -776637
2 974262 -486369
1 455472 228738
2 -743667 228585
1 -295463 -25715
2 912833 -220479
1 265227 984061
2 400232 444195
2 288167 276121
1 192015 -629449
2 -21155 -916232
1 216189 -627636
1 -53454 622210
2 -818202 375957
2 38694 279419
1 579620 -656613
2 -804613 607727
1 749977 554144
1 -780559 608775
1 750714 937462
1 584478 938035
1 792454 -36454
2 302119 601003
2 803507 -384839
2 477363 -100182
1 -958126 293399
2 -29508 794933
1 134190 163143
2 844480 -237414
2 -681651 -192043
2 -255739 -840023
1 733063 468573
2 899273 42860
2 -588896 -347355
2 -79019 -754600
2 494241 -638522
2 822045 955271
2 144678 316225
1 -672203 479965
1 356285 341305
2 -168557 -582537
2 -866093 35601
2 -721839 827718
2 -708256 956453
2 -741106 -771341
1 -727392 -425559
2 3851 -916130
1 396948 -712456
2 627762 -92556
1 902328 -645465
1 675570 851806
2 -462614 616348
2 388497 -649787
2 692806 349014
2 -482527 168890
2 -930955 645774
2 330380 -737027
1 -491412 941427
2 19231 -609621
1 392337 -146883
1 53878 -694034
1 568322 -406231
1 -459832 -653419
1 166274 -967994
2 52664 906012
1 129811 626397
2 878418 -230570
1 791240 -417006
2 -760298 890568
1 -742555 895014
2 -45803 -875164
1 761713 -340444
2 986609 887742
2 -358747 -896600
1 822734 534406
1 443284 -468131
1 202941 871710
1 560718 -131761
1 -869912 -114027
1 -238145 660080
2 -947568 -381200
1 491222 655090
2 -729689 991059
1 -993104 836793
2 -464367 -834530
2 98988 935293
1 294460 -25777
1 355344 532234
1 -875036 -179543
2 -670667 287379
1 -26778 655341
1 376247 -395906
1 -816255 -924383
1 999240 -973137
2 -324893 -300491
1 120899 939193
2 283913 835594
2 -489887 560345
1 -272663 913875
1 -973876 -230261
1 798300 158615
2 975251 120573
1 -791594 -733803
1 -252552 694624
2 -989883 920663
1 -109306 557083
2 798224 873816
2 935581 -156184
1 417908 -682910
2 -384188 -181510
1 -662777 805652
1 100362 12756
2 555727 54589
1 883904 -91599
1 554219 714294
1 590336 -677355
1 -389151 456703
2 495297 -895099
2 -38704 353346
2 778154 -200213
1 250705 -913808
2 300679 411584
1 -301988 389655
2 123649 -871923
2 -890048 -297596
2 -26144 -701875
2 13285 -472245
2 -263733 908132
2 -116928 541917
2 592259 -387214
2 982845 -333354
1 -321825 -781979
2 921604 -913772
1 612922 653783
2 -377402 -212063
2 -615663 102267
2 322029 -995918
1 -151831 331766
2 753797 710726
1 -286051 57234
1 -575298 49196
2 568199 -481100
2 35965 445466
2 772642 -777889
1 500007 210661
2 -267197 727420
1 -122494 -930508
2 -44691 -206369
2 -797068 -677199
2 961251 975394
2 -490439 -715472
1 928097 145804
1 -878017 -240409
2 779287 824411
2 865634 -940254
2 467124 -76068
2 720020 -592987
2 -608118 820447
2 766635 328986
1 309428 -642424
2 376005 -448749
1 524626 -308272
2 -827070 -556910
2 825103 330711
2 -453610 -156395
1 -289574 887513
2 -918931 599786
2 791058 532243
1 -207777 707806
2 -301490 763596
1 437452 -418661
2 551094 243094
1 936611 -862446
1 211221 -57262
2 50591 94826
1 419211 -784956
2 195608 -285462
1 762370 700856
1 -142203 41761
1 -824508 473995
1 -531452 455727
2 -75161 36325
2 -3260 -363408
2 314854 493034
1 420287 -716843
2 -779772 -169722
1 -995859 560376
2 -950097 -853589
2 -916186 705704
2 -252132 -262633
1 65398 775988
1 -37847 735925
2 -968193 -778080
2 -145793 -245289
2 -356476 -756367
2 -339891 -199300
1 -820284 -598647
1 -132877 675662
2 -906126 -344214
1 968958 422722
2 -775428 783169
2 -392663 -536979
1 -365724 -84242
1 485771 -886132
1 -685653 595360
1 35660 -684278
1 -642604 -389676
1 911286 -196589
2 909830 -654732
1 -525709 916986
1 193717 -49762
2 243506 177163
1 32164 598725
2 -464622 890944
2 288286 277466
2 73715 465743
2 -216081 -760956
1 534717 -829811
1 62459 -582245
1 284950 249909
1 603866 562994
2 -742877 -512054
2 555886 712707
2 -172726 -597451
1 276602 30507
2 705317 467654
2 -16099 6695
2 890675 -362479
2 96067 -127134
1 -170267 704530
1 14549 747685
2 -446164 905305
1 598314 -684111
2 -614178 -967353
1 232769 -157893
2 467502 273927
1 474696 -898965
1 -889587 -566126
2 961124 847222
1 -644914 810910
1 -703303 150123
1 278478 -455278
1 -766343 -625783
2 4931 -779113
2 -762935 607977
1 -727267 -334572
1 544524 -111729
1 409012 -84176
2 172417 200498
1 257510 -619719
1 -300840 -326556
1 216076 -525523
2 -389161 295792
2 -172114 -320313
2 -774654 -225739
1 -46370 -400592
2 321974 72872
2 -122367 -809431
1 -469037 731931
1 457048 697013
2 362597 357925
1 463549 -120473
1 -649126 76351
2 -623189 -298600
1 -17270 349769
2 738236 -635714
1 -496357 -113797
1 -422532 -185718
1 -271885 -12126
2 210938 -824082
1 -613506 330046
1 -601805 856725
1 -32890 2337
1 113667 -519631
2 -492033 505539
1 950523 809254
2 841108 -874111
1 378117 -985368
2 -990273 373386
1 438160 -534728
1 -503304 -795604
1 -736392 412282
2 -727613 -151943
2 -3949 72337
1 -333882 712250
2 -432388 277140
1 -320575 219789
1 597219 926600
2 152 953981
2 -63469 403314
2 -227413 907483
1 -116798 731867
2 961664 -80090
1 -237663 751012
1 813312 291047
2 -378390 -809858
2 -822585 767957
2 -424933 -513190
1 -39611 -893502
1 453345 501081
2 -375552 857781
1 -118480 478937
2 61816 628564
1 -638870 320679
2 828851 -721197
1 -394249 825866
1 -330904 733204
2 -446071 459533
2 972510 74817
2 812069 -589062
2 -481226 22767
2 -898291 -742008
2 -548365 391928
2 186487 518501
2 -635845 -863649
1 95672 -753042
2 99573 766192
2 363930 751474
1 -252762 -844506
2 513150 955548
1 -989278 -903579
2 -729018 255921
2 375874 -660549
2 16276 -249011
2 -503310 -895240
2 453521 -535351
2 -326104 -653897
1 -12830 909894
2 -348978 -829949
1 -571405 -569304
2 -256856 406009
1 -660217 -196623
2 987749 18153
1 -40794 -754524
1 -774534 -194884
1 956959 888431
1 -835402 -508246
2 -215267 912554
1 808568 605645
2 -998126 481231
2 -66152 -649219
2 228955 -216500
2 596005 538420
1 979562 517815
1 -875272 -139549
2 -385026 -258650
2 -309827 738219
1 -95283 84781
2 -228286 244807
2 159791 145611
1 501230 748771
2 62586 -439396
2 443803 234918
1 563626 720398
1 -897215 -682964
1 -514011 -609956
1 875211 -99974
1 -68026 -132248
1 520192 -779381
2 470383 655428
2 -410643 -505566
1 264273 972522
2 -214974 -176729
2 -49661 330344
2 -284416 -482350
1 -890053 -383416
2 50789 -589943
2 658968 13186
1 6439 543126
2 118629 823849
1 759778 -842247
2 625874 198312
1 867689 -437123
2 -802697 790620
1 861821 -991342
2 -23691 492763
2 -575540 -13954
2 -469167 551725
2 60645 951040
1 -32783 -202576
2 373863 -435012
2 804941 -306866
2 -682441 534921
2 -393488 -380748
1 -485710 705548
2 836338 -978747
1 205793 764476
2 881686 659080
1 354934 -348834
1 -226332 -939747
2 -11361 -422922
1 690083 612160
1 -294724 392188
1 -971272 -492653
2 -770011 -241004
2 -109357 -289282
1 41742 -529610
1 453900 -173781
1 213781 926323
2 -672884 -945061
1 -154401 -835975
1 172824 -950455
1 -319165 -98996
1 472508 345179
1 92085 -968723
2 772137 742492
2 -939329 10270
2 -879843 -913933
2 934279 -21307
2 -664725 82853
1 68872 -866227
1 -809948 -991954
2 873609 -509206
2 10822 150124
1 -135721 908752
1 -649168 -627084
2 418702 664516
1 -493796 896807
2 -307065 -882412
1 564669 240991
1 -239542 -798106
1 292816 361212
1 455853 625441
2 -558551 -688429
1 -704434 -837801
1 430619 806540
2 -890011 313252
1 166699 174420
1 -46059 820534
1 139015 -785926
2 282704 515034
2 385803 109408
1 -590510 554355
1 -85598 743548
2 -754712 720149
1 -494224 -283481
1 -315755 -828995
1 -331773 144508
1 -721991 282707
2 800749 -713994
2 -254776 -669609
2 -443403 -735187
2 -958362 335962
1 94567 686450
1 -330372 -323739
1 -818652 822943
2 275143 -467218
1 441289 20210
1 83170 -723380
2 -224375 -73407
1 754981 595776
2 -862291 -108792
1 -139803 351658
2 -634832 143637
2 -117820 -437256
2 -654486 58112
2 -56627 -672331
2 252261 -780875
1 -102786 59243
1 -938380 -61726
1 449489 -255291
2 -147555 146747
1 436674 501717
2 842679 -474787
2 -866500 -811758
2 52258 97702
1 351664 726512
2 -332728 104336
2 170787 837713
2 -52220 -654885
1 -238527 240790
2 -297856 -211683
1 -579124 -210656
2 662319 309968
2 165319 -998188
1 -414317 -219875
1 231505 620302
2 317890 -522253
2 673063 756799
1 -270861 -818807
2 -367447 990397
2 326935 -600521
2 541710 634750
1 105664 -933990
1 835581 310884
1 -223390 483318
1 567321 769374
2 -337455 707411
1 -482534 46323
2 -153710 771297
2 -381377 -985443
1 520536 997644
2 -847591 783675
2 -282718 45224
1 -423065 852100
1 913060 -399174
2 209488 835773
1 916252 -799638
2 420115 384655
2 740882 -193810
1 12181 976676
2 -945043 33109
2 328475 -745835
1 992949 -640115
1 287866 -786082
1 -882697 -842914
1 694357 390472
2 -355789 783676
2 991124 713635
2 474075 667125
1 -532687 -290631
1 49853 -304908
1 -694407 -444429
2 -785234 82520
2 -761785 -79194
2 -850454 686984
2 946005 923401
1 -906693 138535
1 -619618 -334032
2 710779 201346
2 683313 910811
1 -460531 -394140
2 218902 947622
2 -388113 -110686
1 682456 515230
1 980771 824951
1 -857867 184974
1 637262 -534041
2 489021 -299258
2 -823509 -751546
1 -393183 742794
1 489817 -934434
2 -991595 169679
2 -973989 -131719
2 -93818 688329
1 -225325 -27664
1 637445 542309
2 268385 29812
1 -242064 842835
2 -491685 356774
2 735882 -172192
2 362680 -248633
2 260081 551186
1 -455826 628791
1 709018 637428
2 -384527 121447
2 -90305 -310553
2 -553533 -398169
2 661393 753314
2 619176 -301239
2 836413 280055
2 649536 -400625
1 191228 139885
1 -334232 841153
1 -432992 121066
1 877854 289645
1 19089 -991402
1 226310 -630461
1 87257 -88062
1 747929 154079
2 255140 -422289
1 111462 442350
1 -459565 -176767
1 -347630 -189902
2 635524 261990
2 426520 -33454
2 -851107 -277032
1 386971 -272527
1 248795 -995624
2 31014 -706167
2 829708 -337098
2 448625 -774582
2 -248989 527775
2 681510 622923
2 -299469 693974
1 239950 446578
2 -230957 -622457
1 -785308 850413
1 912336 -558003
2 -484130 -746971
2 -880583 661495
2 54203 758881
2 -720284 945802
1 261536 -997645
2 -523526 -418759
1 -347499 13220
2 -67660 18255
1 -504437 179354
2 860983 949551
2 746462 -485119
2 737088 74936
2 932488 -101543
2 -384068 -180369
1 -426571 -25390
1 212710 945409
2 -788600 -449810
1 -506049 -900880
1 266408 816199
2 955217 -362565
2 -565492 745272
1 -337068 -790459
2 648619 200548
2 -397183 -446594
1 -619040 -617164
2 -834358 -968669
1 29423 565172
2 371603 -388394
1 -802571 902016
2 509346 -945221
1 596433 -281656
1 -784281 88655
1 486186 72815
1 406169 171658
1 707423 -162445
2 -435367 240068
2 658022 135492
2 687085 253186
2 -206695 870558
1 -541648 -793625
1 583346 -71661
2 361396 177272
1 -528576 755464
2 520960 122135
1 -784642 28656
1 -715620 -724885
1 308128 -475124
2 -500451 -872262
2 -532326 -227750
1 -686922 -724801
1 -18986 -485704
2 403704 759300
1 481191 183730
2 168146 476209
2 484202 758626
1 118877 982657
2 759832 78990
1 968950 296097
1 598672 -673170
2 -524879 846622
1 770771 -199062
1 561920 66810
2 947760 402501
2 -428936 252127
2 -555779 -130710
1 -386857 977936
1 20862 784479
2 625556 849752
2 854172 544391
1 -648078 -323548
2 940342 -197454
2 -337562 917603
1 536141 -908709
2 128898 -709812
2 -904125 -728110
1 -159557 574974
1 49401 111393
1 -919930 -181586
2 -805576 438316
2 643038 464228
1 -897512 337399
1 -983535 -455900
1 -679920 870990
1 947636 304951
2 -166313 -901325
2 -55288 -181981
1 818618 -588644
1 -606118 409532
2 800561 138046
2 -275910 383046
1 276434 -784324
1 98300 -616733
2 888633 -673231
1 54116 -711786
1 201740 706564
1 -332801 871524
1 -160956 -920491
2 607981 -321635
2 800187 -143561
1 -84950 -378762
2 509485 -604996
1 -480239 604600
2 -614962 -135788
1 -40390 32358
1 -332089 839022
2 -906353 -161039
1 -770299 919125
1 -45933 935769
2 33319 -730
2 192338 793204
2 -968491 211536
1 879221 -752107
2 456263 -483048
1 -242553 633863
2 -734933 910587
2 -548851 235570
2 99902 283355
1 -952095 -410124
2 -654189 -954686
2 327580 230371
1 -679752 -305740
1 -917982 536014
2 -495828 773236
1 618853 272290
1 60624 609606
2 598027 486748
1 629352 608621
2 198413 822423
1 842456 -230837
1 893960 810447
2 -95567 -684122
2 117299 479092
2 896846 -728314
2 -420591 407826
1 -750985 -696000
2 -126975 -202177
2 289524 -934281
2 -576652 -693431
1 443508 -711407
2 -574783 694415
1 -461776 695932
2 -215766 517248
1 -797448 955378
2 241924 -397404
1 -148894 -330759
1 -937513 495832
2 438450 328893
2 -557922 -114561
2 620399 243075
2 -395468 365008
2 631103 23625
1 802300 -657765
2 944340 960028
2 434980 59321
2 339151 570107
1 -327694 655864
1 529467 996240
2 615124 -353293
2 815531 -437845
2 -85034 217913
2 -862051 -92303
2 682289 -286365
2 -653962 860060
1 87918 -989891
2 -188364 748774
2 408235 866104
2 -635638 609600
2 441946 -952951
1 -906434 486339
2 -351743 732288
1 976886 -420687
2 -805680 683735
1 373562 518186
1 264124 464086
2 -30029 50251
2 976443 130226
1 314004 224547
1 -176651 -524121
1 -585988 508658
1 -348671 333472
1 -53893 -761815
1 857420 -896073
2 -862024 364415
2 881011 -677557
2 -394251 800883
1 -712145 -361473
1 -926207 387157
2 16314 404707
1 -126807 632327
2 977166 279327
1 545493 162692
2 -328472 -413581
2 94005 -754759
1 -3409 -865140
2 -702876 -676438
1 875059 -646583
2 -703989 634362
2 338386 -274472
2 177505 -332020
1 667614 -771454
1 -944907 311165
2 -743241 -624855
1 -937204 -304334
2 -493756 -418464
2 -747513 -378607
1 703243 -368782
2 201693 -91776
2 283501 -88987
1 15548 -460172
1 -150968 824116
1 -427964 573413
1 250051 102663
2 -213324 -462673
1 670264 -259204
2 411220 996844
2 -573863 149098
2 -896914 374525
2 -314307 -503945
2 346397 273623
1 -433132 -227774
2 787865 889271
2 995457 -515864
2 -474008 -752302
1 -533433 -817350
2 -448035 -518003
2 121744 -858394
1 -420008 192470
1 714416 -706972
2 92536 577069
2 -248193 -95637
2 -568130 435880
1 -2972 480931
1 -40274 -23375
1 698816 -709774
1 -875673 -867521
2 836913 675095
2 563801 -344181
1 -493051 -582102
1 653057 743287
2 -927829 -844262
2 -783543 489360
1 -706729 605508
2 537364 -362907
1 463111 519457
2 680796 635266
1 -482813 -631309
1 16178 113603
2 105863 400151
1 119388 -433045
1 -381879 597264
1 189120 734960
2 -982703 -476359
1 614743 -760694
2 473437 -37268
2 -775072 766871
2 -298672 91018
1 632546 253676
2 -13120 45646
1 -743097 -202098
2 556786 -163503
2 -932952 -886910
2 -848270 -625469
1 -425556 -989490
1 -32420 -109746
1 -928551 -976885
1 779807 -449598
1 135697 -523864
1 -903516 -506609
1 970485 68017
2 -187990 -961948
2 -303332 -173781
1 248903 814113
1 286622 332435
1 -958588 545248
2 -455725 321798
1 409057 676196
1 382083 -375892
1 567206 848995
1 -771715 -863046
1 -687817 238529
2 94397 -172161
2 -771025 739120
2 104241 -837064
1 172181 250924
2 -991620 -243134
2 -930492 420209
1 567928 966800
2 61321 310024
1 200172 358789
2 305628 -467722
2 -13301 -997387
2 -177181 567251
1 -572659 371384
1 893655 -317183
1 504016 -460488
2 -353051 774374
2 -517889 258252
1 -581218 614830
2 -77635 480364
2 992164 174080
2 82149 118670
1 667861 -623016
2 634792 -21239
1 -302060 -814340
1 -594239 -73452
2 76988 -560717
2 379074 -910298
1 -905060 -436809
2 973043 -963283
1 425884 -713772
2 -362226 670900
2 -881650 738975
1 -268374 949305
2 -511852 -355299
1 -811685 -161401
1 -481525 996453
2 -775126 -142430
2 901830 976713
2 595151 185508
2 957648 461944
2 939603 -602920
2 -553656 -474965
1 -723018 -977688
1 -639704 316186
2 176075 -349704
2 476255 -717365
1 39340 -866512
2 937539 731318
1 829585 -392059
1 -307715 212862
1 952042 305009
1 -100532 -83095
2 -339813 -892259
2 -861555 244875
1 502985 231208
1 428133 -941273
1 -216245 479274
1 847213 -325097
2 -287413 -818064
2 -654115 285977
1 789409 832785
1 -479071 220456
1 -857106 976736
1 329907 -683432
1 -310335 198666
1 -439250 -984597
1 220924 899489
1 796343 -710498
1 724981 740860
1 -751817 -667097
2 -878726 -146740
1 801751 122528
2 313827 -761581
1 617693 797469
2 -757323 869606
1 -755923 381420
2 -623576 -802771
1 -618904 -331432
1 588866 630461
1 681056 -996634
1 -699741 -21739
1 361368 -288781
2 910905 -597522
2 697822 591437
1 -354864 324008
2 -144695 189931
2 913568 126186
1 -604188 830369
2 -287525 -698642
2 899246 -423914
2 -666153 105095
1 -46501 -613629
2 428407 -334910
1 -394571 -580419
2 -168988 184612
1 516720 907476
1 192094 687888
1 -183653 -128898
1 27035 465745
2 319451 -294555
1 -906816 70824
1 499874 -29475
1 -555451 -610462
1 6795 524980
1 -110458 -791134
2 82522 393761
1 -187186 542161
2 227578 658906
2 -898943 301452
1 754828 26377
1 -308919 -14531
2 507732 -43888
1 320612 -800107
2 -542245 -812377
2 564653 -30411
1 -986893 -859820
1 481304 76886
1 117972 -222761
1 -413409 -961722
1 636992 932922
1 -342861 -80034
2 -448665 892078
1 820863 -893742
1 -998041 -87813
1 -920577 957218
1 -764062 -320801
2 -243504 652852
1 340 107751
2 617269 -330722
1 -479211 -137031
2 865882 -775009
1 -425863 -145107
1 -953846 175937
1 -495225 902180
2 3992 -562151
2 163805 -436991
2 -711630 293770
2 -780557 635717
1 32527 693748
2 -196460 771400
2 -428754 -693346
1 -906396 -879229
1 711468 -216057
1 959457 850313
1 -806269 791874
2 672519 -391784
2 493662 -355985
1 940191 -734100
2 157227 -914615
1 870777 -563158
1 -98906 -767253
2 872239 -5394
1 635847 -307890
1 -686916 -632230
1 -764593 759715
2 501354 826711
1 -235788 253808
1 -330681 486607
1 400671 -185741
2 -889259 955630
2 -556859 -267790
2 728152 -11469
1 -376993 649879
1 -452003 838833
2 965291 832202
1 290285 -145464
1 -991682 705798
2 -684730 97958
1 394431 -984164
2 852258 409351
1 -10885 -426895
2 23993 -639222
2 -511304 841904
2 -777816 676694
