3000
1 253968 -110010
2 919560 757202
1 1218 857845
2 407333 -292073
2 3677 146883
1 872326 -543158
1 -330999 -854313
1 844801 -840406
1 -493490 36995
1 71501 -708538
2 782196 -315054
2 322206 -30105
2 -986409 -728085
1 945016 316020
2 26258 -584496
1 628754 566374
2 -636811 913311
1 617384 -401180
2 13316 53126
2 -747843 75707
1 103361 388756
1 -847239 682370
1 471563 484559
2 -8206 567323
2 -669768 -624888
1 406918 740934
2 -836780 355678
2 573961 294229
2 -411021 -853869
1 -280199 346285
2 -638808 -629789
2 484378 -294300
1 863996 -446141
1 -263344 -566759
1 -40489 375408
1 775334 425202
1 -199815 424150
2 292277 -694548
1 654264 -991810
2 -147257 -839047
2 147566 829676
1 882612 210329
2 533842 486685
2 -558266 100602
2 856977 -340742
1 419174 584371
1 -176571 815051
1 -120413 11673
2 -79296 586663
1 197307 246545
1 901744 -469315
2 650920 860216
2 -791888 332095
2 368020 -560426
1 485789 -592691
1 335265 -702394
1 -1573 -16136
1 -764955 684491
2 403564 413420
1 9750 152669
2 -89767 734462
1 558460 -49775
2 -162190 358342
2 -227489 -366262
2 -255285 791752
2 -123231 678142
2 353893 167398
1 -27189 -251289
1 728975 -189473
2 -840206 813381
1 491787 146873
1 -370470 216526
1 -533240 428841
2 -611614 98027
2 -949037 945679
1 704191 -443581
2 -977413 369983
2 815393 -763487
1 -71988 -661793
1 671811 -271064
1 376813 -880189
1 673610 -62982
2 597783 388481
1 -542372 -947535
2 410231 379282
2 71971 -819274
2 -295931 116129
2 -746591 -893505
1 -961674 707889
1 540935 -391181
2 -186529 -423294
1 754658 -821504
2 430535 -602131
1 -596691 748924
2 854166 447668
1 -373617 -652905
2 794290 802227
2 352303 -540670
1 -256602 670357
1 -122468 -507059
2 23917 89168
2 -111308 932223
1 -841924 -49816
1 -686169 -80700
1 -509213 -24261
2 -652329 277354
2 -589992 -749665
1 -294771 -388437
2 825085 14448
1 693061 634524
1 -299443 -869393
2 -265940 -169270
1 -281619 489607
1 905246 354355
1 831137 -327966
2 -481803 326183
2 -336049 331782
2 -790801 583017
2 732997 -633437
1 -326460 -617659
2 -335830 4941
1 123856 608954
2 -584218 228225
1 234972 840987
1 933441 -100280
2 877401 691755
2 637306 198043
2 -548598 481012
1 606380 792065
1 -482412 95488
2 -546103 383169
1 389156 425127
2 622768 29763
2 825766 -546464
2 -743902 268798
2 -853456 271042
2 760732 -820825
2 814702 -365116
2 -469148 879908
2 946678 225667
2 -767547 -845423
1 -390075 937048
2 428336 465531
1 -425909 -909175
2 191712 269130
2 -153207 -771734
2 -153471 799862
2 -97635 584548
2 -428549 743219
1 185063 604808
2 100906 -853139
1 419540 729533
1 -523562 973844
2 940486 221309
1 -203226 -854455
1 427989 631479
2 -413331 350853
1 -934515 860382
2 341404 409803
1 912708 -318170
2 927229 -425271
1 959498 -454464
1 -735232 -114118
1 215990 38948
2 -809124 839163
2 948827 310297
1 -644736 -200726
1 -407235 726205
1 -391624 919586
1 -524265 -845732
2 544957 -832232
2 -588235 765325
2 -620519 538199
1 -377776 -504150
1 576067 -333191
2 -412980 238443
1 371801 933577
2 271802 -584730
1 88099 62008
1 591875 -829185
1 -601999 -414793
1 503335 112282
2 -931021 -464709
1 -460010 344214
1 848566 390824
2 -777296 -584705
2 -694642 -385404
1 -378577 56671
2 -973962 322321
1 -631240 470927
1 -285499 -663523
2 166952 428180
1 913585 415054
1 -857659 -318959
1 -196834 495807
1 67304 789698
1 -512579 -569545
2 -167638 849313
2 368266 -432115
2 158493 344943
1 50836 204215
2 549773 53891
1 906473 961589
2 132784 552696
1 618641 706850
2 -258020 857772
1 -521793 677465
2 -889975 917286
2 983343 24391
2 -600237 -817527
1 -446793 339143
2 790166 -452350
1 -332629 -233717
1 -860387 -130638
2 938375 775784
1 90965 187378
1 390552 -129488
1 -289950 576348
2 -382218 893109
2 671897 -835879
1 -450719 397092
1 -81282 -763603
1 578899 -763799
2 964965 -635813
1 771273 226240
2 134915 347519
1 321818 -539241
1 -641163 -192629
1 -25045 -245353
1 529285 -61658
2 -959341 -102252
1 101838 806851
1 436092 740490
1 638062 901023
1 -397569 -927144
2 -314396 -8676
2 -602559 183991
2 -36062 716823
1 654559 -32799
1 -929553 200851
1 426502 -336795
1 -956519 -714244
2 -340737 -404693
1 -259947 480150
2 -3933 344774
1 153192 -685227
1 282362 771501
2 -315798 447024
2 -985956 887102
1 -283607 -896373
1 -274510 -100207
1 440156 983107
2 47221 -507536
2 51725 -855603
2 -621910 -829671
1 502935 -609001
1 -422630 156032
1 -595935 -561962
2 570011 -48168
1 -314660 -442066
1 -124880 990323
1 912681 -766164
2 791495 -129913
2 55498 500059
1 152374 -417361
2 560914 -841389
2 -921650 928765
1 596936 168144
2 323221 -973952
2 765203 287431
1 -967703 -553914
1 -28306 983386
2 -291764 103302
1 -242199 573832
2 59423 435485
2 -219139 -124132
1 410440 -110914
1 570531 683232
1 -663199 -279683
1 -950121 740839
1 320917 327288
1 190934 -795349
2 465834 263375
1 48687 114181
2 -941655 941662
1 -158954 711327
1 237730 -840105
2 319426 -723627
2 500975 464969
1 601962 584605
1 -488294 -695518
2 -739080 -743348
1 941131 -946034
1 329864 584050
1 -574050 -988716
2 -666840 559574
2 713666 697457
2 -674066 -811221
1 942235 -405649
1 -133023 219714
2 -654265 -244137
2 -542225 -484867
2 467950 -199311
2 -551339 452847
2 -702415 -936292
1 -928904 -914395
2 -754990 41656
2 559690 608381
2 85915 -619121
2 545358 -101581
2 608518 690518
1 -609494 -291464
1 339583 -172528
2 -665125 -641391
1 958715 385200
1 288408 320538
1 -179522 -752761
1 203964 48488
2 144005 -988207
1 -371578 -402380
2 230895 366659
2 184294 -315646
1 301533 758294
2 -719793 -806243
1 894885 332624
2 -724172 -358246
1 -991672 889391
2 215855 -225873
2 -765124 -163704
2 918650 -520425
1 147818 -937604
2 -728879 593562
1 -50105 871609
1 -71114 2151
2 803567 616721
2 308270 -86702
2 419410 547274
2 -888538 -939961
1 -823146 -665107
1 -268553 -57765
2 -206477 535540
1 -479536 402383
2 673713 -325350
2 -263440 -184722
1 469815 -878635
1 -540696 -802762
1 399950 -287664
2 646935 -74874
2 605799 -981979
1 129764 -159021
1 242637 -417830
2 249906 -333329
1 -679598 278382
1 -932976 704182
1 501043 -388416
2 741396 438142
1 988176 -801657
2 -112887 411522
2 31153 -383281
1 843607 -903238
2 -158231 845470
2 -737781 -923728
2 -44588 -468204
2 -276175 -61371
1 861894 242774
1 752306 -337322
2 575919 -817976
2 -300011 -411784
2 654133 808251
1 345005 895247
2 -561997 -563686
1 -591140 -36210
2 -360252 -179300
2 -750178 862352
1 -274073 -759637
1 -346644 385336
2 699018 684672
1 570609 -4323
1 664149 -968628
1 768328 757488
2 368808 668976
2 -596698 628237
1 976235 649275
1 -534790 390280
1 836705 -816418
2 145867 283916
2 -100290 -10092
2 -751953 -942538
2 565424 922246
1 -137710 -500550
1 -20323 -941641
1 -32778 -124729
1 -910122 547979
1 -741816 -683641
2 -476024 -618490
2 605941 -585349
1 923916 -75070
1 -644714 173618
2 16248 -715786
2 -580567 -442790
1 486039 -394380
2 -391938 -350285
1 771937 -625796
1 -662644 -961563
2 617518 -141794
2 -421047 752591
2 -675313 257016
1 -120506 448297
1 124586 867418
1 920869 757220
2 -371085 -118191
1 -693149 689320
1 352281 -907040
2 526967 -983957
2 967548 746660
2 538407 -845150
1 -409400 372945
2 223524 575572
1 -807404 -264970
2 -503093 748789
2 -471427 590433
2 -707663 922434
1 9432 803937
2 -727031 -375772
1 -104588 -198257
2 972540 588598
2 31877 -222855
1 -320573 243833
1 305357 982543
2 204996 -620135
2 -623891 -89836
1 381270 -29552
2 10510 911584
2 594842 -994674
2 -555942 -857873
2 -747728 23215
2 -45946 722415
1 -167007 -548002
2 -694428 -797329
2 -360759 -692960
1 938454 90516
2 54124 -575779
1 43656 -375993
1 112736 -152378
1 500885 957637
2 792826 222942
2 -786154 630531
2 -398465 17703
1 570960 -109731
1 -520099 -862193
1 448065 -179118
2 836079 664337
2 -573568 -893430
2 -790703 240609
1 -414817 -610576
1 923007 656095
1 305076 262495
1 16211 674405
1 -19523 501567
2 911432 244212
2 -683651 216507
2 -482606 839606
1 -808744 -764514
2 -149463 100989
2 974471 -991086
2 61147 -607717
1 940152 612593
1 85874 687363
2 -804602 790129
2 797964 515690
1 779969 277658
1 -436814 -65684
1 -208764 120381
2 -86674 681544
1 -407615 351337
1 51333 552280
2 343233 -873836
1 905467 65873
2 699940 166641
1 664779 -388714
1 -581379 -85062
1 579930 546108
2 -659852 -78763
1 600577 -678005
1 -272512 -542418
2 -925752 25710
2 501693 527654
2 -516607 -223322
1 -635774 325356
2 584815 593617
2 45286 985888
2 -214728 -42999
2 502534 653445
1 951963 979516
1 -265543 494654
2 -843427 715884
1 -617056 705377
1 -57991 420469
2 851293 193356
1 -458517 -567831
1 -462456 -731851
2 -699508 -104495
1 470941 27368
2 -324252 456782
2 210313 687938
2 -956233 84671
2 794296 909397
2 55327 -372148
2 -18932 428719
2 -630802 -169238
1 -282660 -981776
1 -542592 -651426
1 500983 610405
2 192512 -283044
2 -416154 924124
1 -204455 504591
1 502857 81153
1 -888415 -884374
2 381929 -960062
1 48200 -71594
1 919515 16143
1 -886192 464791
2 50958 252628
1 -381102 -364670
1 656219 -145864
2 -978277 -145517
2 426737 -395805
2 149079 229539
1 309662 -712054
1 880371 565504
2 265739 -407989
2 -813456 85261
2 765948 789777
1 86806 340441
2 -245032 994227
2 -627385 -771469
1 -141060 -763905
2 744950 118103
1 -983049 -295422
2 856066 355587
2 435846 597409
2 -107020 949922
2 930556 -559018
1 -18178 -910080
1 108381 706804
1 -594499 -437719
2 -473470 291711
1 -139418 824721
1 702971 -934701
1 325866 -563860
2 4045 340352
2 -902023 570307
2 -730848 -473366
2 621034 906460
2 -502792 -184234
2 509003 -698136
2 680198 593473
2 508334 61703
2 491223 672352
2 625377 -144835
1 -406652 522910
2 705719 -771344
1 893220 382534
1 123786 -566925
2 -678568 -420330
2 -735853 -532729
1 11839 -761519
2 664319 -107793
1 -200081 -48555
2 -369548 -312171
1 427079 -637501
1 -78325 906774
2 -338588 -318153
2 230816 -965965
2 -595448 -387543
1 -918619 -166061
1 922110 -410371
2 -918574 593371
2 458672 -24112
1 -884170 415594
2 472563 -723862
2 -116873 -537383
2 540437 -755536
2 361177 512164
2 -680435 221511
2 927589 -377411
1 972233 -565096
1 -23506 -387127
2 513806 -25759
1 193083 -690686
2 -573745 134575
2 129193 243702
1 -120275 339414
2 410231 383856
1 -655023 -967700
1 -423855 -410179
1 -37000 968432
1 378413 -8844
1 -238008 954662
2 309555 -508613
2 566337 254503
2 -194984 -440556
1 -889397 637521
1 349124 74776
2 899811 -933823
2 482863 262778
1 -882717 818053
1 -447366 704055
1 364716 -58194
1 693342 -648721
2 -478612 -73121
2 -295952 -239199
2 -559930 150731
1 861302 293365
1 863225 592810
2 -107275 679715
2 -800798 681763
2 -837049 -169908
2 65106 -129642
1 950467 -144563
2 -821020 -956434
2 -223684 -454721
1 860331 -5287
1 -243432 -142029
2 511788 77854
1 -282781 987405
2 491372 -827502
2 -3769 -901597
1 -554150 -771356
1 968464 123731
2 54492 -388827
1 -393397 -860541
1 -461276 -913340
2 -898304 -962519
2 628997 638985
2 -829065 -70120
2 -905634 -76283
1 -592175 587599
1 834284 527383
2 -386719 -700592
1 -988367 383854
1 -857742 280112
2 -352302 -645703
1 549488 -738069
2 749642 929701
1 253569 -820924
2 -151694 630201
2 -232811 238940
1 -483204 803390
1 173386 487778
2 224452 155156
2 -848592 -33691
2 -640557 -4679
1 91096 391315
2 270725 -673817
1 -448618 -318969
1 -24237 -674177
1 -950679 -627785
2 -402720 555842
1 -380026 -283838
1 784645 818277
1 855694 114736
1 797020 651451
1 -410735 -51383
1 -590138 804244
1 -478252 -28738
1 228373 9758
2 934458 990681
1 -449598 -775681
2 -757248 115074
1 634753 -683713
1 555539 889478
1 86578 516959
2 -247613 -363263
1 -13278 -606785
1 883390 -716957
2 -201944 674783
1 122067 556913
1 -124278 -895116
2 -7226 -959381
1 -578591 730745
1 -885938 717157
1 512510 207673
2 -351803 -271903
1 -738711 -540686
1 248177 623002
1 988831 194845
2 697197 87147
2 -881463 -108648
1 -85727 575794
1 262324 227370
1 -744397 -42489
2 -324100 -981717
2 994237 997045
2 223451 -661693
1 664813 187501
1 325223 640245
1 282900 -193810
1 -105706 -984262
1 140418 767368
2 -886599 -380282
1 -539133 -551600
2 614856 -857764
1 -581989 -340600
1 -410746 -241303
1 -18806 538361
2 -238355 -861257
1 -710117 -293178
2 -913841 80409
2 -894555 -4837
1 562648 285661
2 599848 -922153
2 -530208 -658686
1 -62125 982445
2 -119440 357096
1 -498709 379439
1 -797755 -201872
1 -858997 -788993
2 -722958 41838
1 550751 473168
1 -155196 -175534
2 -76608 -265245
1 624228 541287
1 465940 42610
2 964163 -109279
1 -818885 911494
1 -687080 618699
1 -295118 -220515
2 -750893 854019
1 745364 -920464
2 -622703 -145562
1 -307601 116936
2 215212 965262
2 231812 -222155
1 -883241 20569
1 103603 451797
2 -388748 -771847
2 -619282 -680095
1 -713975 906942
2 185050 387523
2 587183 358438
2 -384681 -477133
2 -923322 854056
2 252184 -81463
2 557698 -856621
1 849802 -853361
1 856672 528844
2 -964645 806134
1 867838 81887
1 -920411 -259251
2 -569661 720052
1 428762 -378839
1 -76001 -70168
1 340936 549141
1 -540277 241613
2 -366657 244934
2 -275599 -390946
2 578068 -722382
1 -329856 343173
2 -821174 459776
2 540715 -81633
1 523385 852176
1 608979 443791
2 -17282 138827
2 -736530 82128
1 57301 787132
2 -592044 796501
1 -232423 767781
1 275304 231640
2 44001 -587725
1 831950 -680572
1 -409699 -657148
1 -869380 827969
2 -359413 -76111
2 40964 399759
2 180004 -360943
2 -223241 984236
1 -999689 238058
2 436867 -256107
2 795792 34725
1 494111 -815925
2 932697 -595201
1 136954 598279
2 427045 785912
2 -240004 -556673
2 912244 -116601
2 -485837 568761
2 -484798 32135
2 -279921 -981492
1 811287 281913
1 -548261 140432
2 105991 552100
1 291634 504075
2 8754 -580411
2 -623250 677274
1 -489695 -216197
1 -216199 -751931
1 -926627 -671362
2 159279 -450251
2 -645559 -14844
1 195028 -35678
1 939099 937964
1 183245 71205
2 -99661 545951
1 815334 250715
1 -612013 -593574
1 -696652 -150766
2 423482 950928
1 -722221 417403
2 -134898 738753
2 -883583 277365
2 -862757 52209
1 412919 -463243
2 -286475 939338
2 -418413 987753
2 -636395 -99693
2 -727677 783425
2 -467094 -632206
2 255837 -719631
1 -183200 -512243
1 -160532 202656
2 -280380 -686630
2 169351 715929
2 250820 -978611
2 339936 -253454
1 174263 -794823
1 -896192 510797
1 235884 165789
2 -461024 -675651
2 -441128 -517483
1 328553 570029
2 776613 -79162
2 934963 -537672
1 -217314 519632
1 955707 -136299
1 54568 891434
2 409177 677587
2 797783 -529662
2 -314438 -714649
1 -377357 544048
1 545365 20547
1 -482842 880807
1 -159632 -677986
1 -712991 -571785
1 -886372 -567733
1 639231 530115
1 333955 -696507
2 96954 781976
1 -569872 -825626
1 244581 224929
2 -5195 -859665
1 923356 528398
1 669151 -950256
2 538687 -151103
2 -830706 360853
1 675388 -204088
2 -601124 281418
2 -271608 638361
1 -887639 152475
1 -12534 -111535
1 -642305 640699
1 -795953 62771
2 344288 851186
2 -614781 914718
1 241758 816308
2 -316350 -816075
2 -682773 967431
2 -598313 -505786
1 884654 506811
2 -137597 -590352
1 126820 383474
2 -474885 525646
2 -242924 389911
1 407073 -661947
2 440490 605545
2 -421478 -493249
2 900545 -591794
2 295569 588540
1 807330 -175094
1 20141 666282
2 12405 744913
1 -982432 71656
1 -824105 -763140
1 211820 -10284
1 -729687 -972057
2 895806 -199378
1 -629897 -974632
1 -859436 -155971
2 162763 70971
2 -431651 647458
2 739417 -811110
1 -834309 -141445
2 86013 -974358
1 -283753 652869
1 -798999 904459
1 -656577 939799
2 -572635 772293
1 329709 -16723
1 -976259 -246436
1 830782 -297023
1 406836 -626291
1 120365 -32721
2 -7435 -473132
1 98579 69153
1 -874347 -598700
2 350399 -511258
1 581285 -698394
2 667356 895298
1 -283989 695369
1 -719797 -874379
2 -872640 76299
1 331636 354085
1 -870318 -940068
1 -707219 376031
1 119262 -555656
1 -56244 -236390
2 19752 140543
2 474448 941856
1 -144720 -224120
2 -429534 211071
1 -538405 -325199
2 670753 -42212
1 394138 100530
2 925225 -84857
1 966490 968840
2 780153 -634875
1 -711393 269001
2 -168832 797336
1 -28004 65227
1 827664 -666959
2 729911 -464938
1 -137577 -259600
2 851287 95646
2 610222 -686959
2 -197081 340258
1 399292 667469
2 232118 904316
2 689089 -83203
2 167712 -806754
2 489748 -91810
2 668501 130733
2 701796 -665324
2 -72825 -734766
1 -994602 -336627
2 667792 220282
2 -725140 -616658
1 203407 699306
1 -153465 888690
2 -22018 594351
2 -993849 322966
2 765299 -108860
2 -679141 -43624
1 781655 589028
1 790174 -326744
2 65804 -403019
1 808196 371264
1 -506866 -620515
2 491016 -791077
1 -192148 -798250
1 -826810 -203984
2 -742409 -647194
2 -988748 -10719
2 482844 -50901
1 -386739 963069
1 -200527 472926
1 -815746 -378283
2 -972342 -472642
2 276503 375045
1 -623933 -803233
1 292410 -470374
2 -982459 -383401
1 -515532 -169995
1 -193023 509695
2 -567940 -367665
1 726806 -610133
2 -964972 -674459
2 -154360 -138931
2 557976 -170875
2 -513798 966672
2 -789652 -118017
2 -812593 577517
2 517568 -852378
2 -5036 -179055
1 -34720 -734798
1 -758477 -521137
1 -407789 -569176
2 -693997 443686
2 612265 -372997
1 -357088 971496
1 -199605 -46765
2 -910035 4027
2 -636125 437484
2 77260 8664
1 232438 285644
1 154896 -71879
1 138416 -858717
1 587511 -130101
1 219945 465426
1 -726622 495223
1 -461535 737999
1 732011 799176
2 -259868 -194748
1 380964 835257
2 -291809 -644461
2 73066 -424153
2 274380 709807
1 -81280 -732871
1 -426511 980524
2 160257 -32322
1 330065 -39020
1 324890 -945356
2 105125 4693
1 -433337 330746
1 190067 651390
2 -438579 297468
2 -88508 -124259
1 -426635 905858
2 301547 991415
1 629159 -626292
1 433706 662899
2 -787400 -289458
2 -43285 -597144
1 -445573 830812
2 379877 587076
2 -194603 -43539
1 -479913 66752
1 699046 -855607
2 -411120 -519512
2 104816 831439
2 -977689 -264276
1 -473452 584635
1 -989744 -744129
2 214120 629115
2 -630624 820790
1 -785352 106065
1 671138 416832
1 -803337 39158
2 -569372 -421469
1 -316887 150035
2 179620 -821194
2 610764 413051
1 775387 -671062
1 -893208 620032
2 -595172 252402
1 940084 -533510
1 803520 -173537
1 709116 280641
1 561771 -443365
1 -612882 809275
2 -12193 -392203
1 -761716 -926674
2 -984796 362597
2 -484306 288537
2 -90879 50991
2 111482 776970
1 -466574 108967
2 903429 -161610
2 253495 -49554
2 -990546 -208197
1 -649149 -306592
1 -701077 -455559
1 -245802 56011
1 -139430 621314
1 121141 -995970
2 -482680 -406524
2 -682682 496566
2 817149 738454
1 764600 153646
2 683785 835130
2 552209 955668
1 -788534 656319
1 167702 -990910
1 -814699 -791496
2 61774 -76516
1 -274565 967048
2 370908 -53444
2 -90864 293463
1 -348061 584922
2 510510 610632
2 -80526 -69488
1 -616226 638037
2 182485 -690545
2 -313071 242335
2 665637 27950
1 68292 -617524
2 -906942 -48076
2 982540 538002
2 -938311 -905524
1 -550950 986967
2 -666419 -377071
1 521293 -280646
2 -301821 -811072
2 -916105 55617
2 -109742 -769221
1 -717134 -146568
2 -236121 648130
1 -867287 -16736
1 124905 226395
2 -111258 -219615
1 690854 -435673
1 693562 -963611
2 -510887 -147151
2 520025 412402
2 608236 -50410
1 759009 241298
1 -802446 998329
1 861507 -258812
1 -500022 336957
1 683257 -27405
2 -956051 -845656
1 -216084 -810437
2 620350 -581173
1 678745 190403
2 490400 860615
2 931454 523911
1 -513329 843061
1 -81695 292335
2 151111 373223
2 -221516 -51964
1 -329578 -993359
2 -138359 600098
1 712538 -243194
1 312375 863078
2 455964 494663
2 262011 979433
2 -740723 -324953
2 -982416 335023
1 672704 724524
1 -629244 6081
2 650803 881928
2 -171172 -496925
2 -822167 -216007
2 15775 -654812
2 -619428 864290
2 287290 -453108
2 -666208 -824255
2 804133 127629
1 -144875 -837596
2 -423293 -978498
2 -193380 513007
2 545279 563496
2 694873 -948024
1 -739710 674517
1 711298 918162
1 -602983 -934739
1 -987571 -240420
2 778026 -358757
2 -141374 -33083
2 -453840 -23422
1 542830 -564776
2 282506 -804681
1 926879 -313927
1 891715 -904337
1 -443926 482072
2 656022 541145
1 886543 231090
1 -762719 231373
2 -929599 -571754
1 -38854 -172195
2 720908 335092
2 -931580 141499
2 -685346 -251749
2 5777 -579938
2 727519 -639142
1 -709704 643339
1 124301 83024
2 678721 -219293
1 -736062 -45713
2 738365 -474743
2 133536 -812856
2 209250 833523
1 -534415 696933
1 -929522 709039
2 144454 553581
1 868424 -82751
2 -155427 -51818
2 -370473 159307
2 -986037 -469644
2 -327233 390263
1 112155 78782
1 -152415 524269
1 432856 380378
2 572276 2297
2 -224622 -222926
2 902940 -366432
2 481394 -411804
1 -225494 -867526
1 -884813 -387793
1 -621683 996431
1 -109267 -785851
1 -440774 -575994
2 -290635 -927653
2 -416645 688571
1 -972529 399401
2 71235 819717
1 -682872 -700315
2 271347 -216579
2 401428 543992
2 410345 296842
1 488303 -363636
2 -916526 988596
2 459600 -439828
1 438778 -163609
2 -289820 750979
1 23202 79801
2 -832977 229204
1 -19838 -790749
1 641698 -27469
1 573423 -743268
2 -140949 -897926
1 744342 -96490
1 332493 741317
1 214852 921929
2 959465 989014
1 965211 -515193
1 439548 769172
2 833244 -945205
1 -196645 -337546
1 963341 76493
1 -795496 -271782
1 -422522 -22003
2 902582 -390029
1 -666838 597558
2 -601430 -850473
2 -722046 -644717
2 -471174 855768
1 -964193 401769
2 635556 802523
1 794902 -919261
1 -725899 648930
1 66087 362204
1 -672674 571717
2 -153986 142363
1 142649 244688
2 495642 905641
2 617603 -726642
2 -86190 801987
2 473512 -783968
1 220653 352320
1 -161090 827223
1 633948 -205941
1 567752 17936
1 25215 -112263
2 -163488 557909
2 -9261 849901
2 801071 695971
1 718593 -555754
2 -494747 929299
2 -909141 -971927
2 -785312 780381
1 289115 193036
2 -417127 580988
2 852153 637603
1 -567425 266416
2 -774262 366273
2 -576223 500641
2 317472 460254
2 -310610 -411408
2 -417955 675348
1 -550765 90426
1 5723 521573
2 -324728 461461
2 880886 -784051
1 967853 -130867
2 -263080 -137505
2 522941 -598309
1 216409 -933331
2 995666 -997634
2 -944792 257405
1 700491 -592726
1 272006 845710
2 295586 881182
2 755764 -254319
1 -351160 535321
1 602313 479479
1 -469919 -77324
1 824489 14822
1 -137996 699412
1 -948916 978460
2 -415038 -327436
2 -269540 -638455
1 -171208 892905
1 981891 -370315
2 368995 -180386
2 -158256 434521
2 -860332 787732
2 729522 -993669
1 -317210 733542
2 45455 -171153
1 -487465 -766163
2 636734 596975
2 -624287 -749781
1 790475 739125
2 763547 459156
2 565910 -918549
1 -24232 -594559
2 534052 9897
2 -463674 811587
1 -652953 -195797
1 -829632 411705
1 346324 -953836
2 -944423 454821
1 -248206 -320175
2 227833 936944
2 437460 -288747
2 532166 331543
2 -969724 -486093
2 380118 628970
2 129425 148024
2 -760001 -117688
1 -107088 -186579
2 19201 886737
1 -61573 258290
2 690147 -318807
1 819062 857941
1 -505199 -622777
2 746601 -154699
2 -357459 731068
2 964811 774915
1 611307 -456494
1 527042 273106
1 -334296 -238646
2 -761412 192827
2 98459 60071
1 706906 -839632
2 213419 854435
2 -882883 27562
1 -632751 -896079
2 -206421 -523303
1 -890505 28201
2 -26614 -600067
2 -299616 236209
1 -809523 139542
2 -539841 -443647
1 861583 -981406
1 248714 -352679
1 777184 -488699
2 -79707 -319858
2 -872473 874371
1 -57425 -73854
1 -346722 -936089
2 435244 482373
2 462862 346004
1 -301890 38507
1 -279190 -702508
1 719 474020
1 519907 439017
1 237198 236324
1 638011 35267
2 -32053 53350
2 -939121 -509077
2 -744544 -507976
2 -399747 483441
1 791669 789598
1 82850 -99054
2 -143452 -939927
1 872872 613929
1 -507736 778356
1 -673305 -26085
2 -608082 -573064
1 -171326 918032
1 -955240 773486
1 646027 675839
1 -454916 -101826
2 652218 654133
2 327180 -480700
2 -862499 394828
1 469925 976948
2 -972006 -827022
2 399967 -6550
2 344161 713506
2 -73637 -362096
2 795415 -292306
2 173849 252767
1 -798890 726142
2 -360682 599973
1 309450 -276758
2 -412046 -73831
2 -271515 205214
1 -477640 254963
2 375204 102564
2 -329784 -454574
1 -861655 564023
1 -498493 17323
1 871053 64037
1 -367137 183794
1 287772 -357603
2 367678 -300434
2 -193402 137756
2 471820 801239
1 -516418 957552
2 -547567 -201504
2 -605663 43965
2 -163461 -989841
1 162329 782796
1 -645938 -386516
2 925154 727051
1 -859896 103506
2 -303897 323566
2 -891043 981844
2 -88534 -558437
1 326034 259398
1 -358281 931940
2 -205564 -130715
2 -972100 -394690
1 -593389 191557
1 -815866 -393850
1 967952 -475719
2 841802 787138
2 -544459 -2943
2 916877 -299701
2 830074 -192860
1 940786 -736588
1 974838 -814926
1 400496 889223
1 640570 -976422
1 617572 761774
2 -724024 135185
2 -916234 -111777
1 -335721 -163335
1 -895135 258590
1 -997352 -509413
2 351803 -941020
1 -471484 -351543
2 107168 318750
1 474658 465443
1 219114 502082
1 572313 614335
2 820819 367992
2 124896 76542
1 136679 -31109
1 -875299 -587464
1 -965013 623615
2 977278 162130
1 -415547 -871985
1 -689756 -325662
2 582251 -468270
1 226374 440661
1 -795858 -344296
1 920125 258132
1 907832 -213539
1 611349 248742
2 -725771 800550
1 503093 35144
2 522228 -581815
2 504212 828088
2 820297 -396317
2 -580858 666825
1 895373 537117
1 -687311 741209
1 -952453 -428521
1 -79296 598740
2 -659878 -515478
2 536557 73858
2 125615 156175
1 148808 -319792
1 806164 237824
2 356302 635091
2 98474 301822
1 732009 773754
1 -955225 -973614
2 -361068 127944
1 712752 -657610
1 47505 262808
2 738233 -697993
1 931107 700917
2 414597 -284574
2 -36741 -690503
1 -188329 -660401
2 260176 153987
2 182761 -65167
1 118746 786270
2 -717913 762141
2 203636 541976
1 -918375 -62593
1 -185807 -311535
2 259469 273610
1 281315 -800535
1 -802573 870736
2 621766 -793744
1 73081 -177781
2 106489 925807
1 -63184 -803383
1 880727 549346
2 -39649 475887
1 126039 -730816
2 494549 545215
1 -621593 501021
1 -762313 -952098
1 -779069 -366598
1 -384822 -830626
1 157937 -986182
1 -834631 449612
1 355658 -185494
2 -304582 825599
2 -95335 -785596
2 330223 621306
1 349709 -110945
1 -426177 588363
2 -757073 -942519
2 -962518 533838
2 -967658 205111
1 217269 -481440
2 357186 -521105
2 448747 -730366
1 -183629 272856
1 -931809 300098
2 487908 -365383
1 -53086 801596
1 831445 836034
1 -49557 73741
2 981348 512027
2 -724490 310753
1 -938010 163320
1 -723786 135008
1 296618 211369
2 -864730 929429
2 -880994 -243428
1 -871992 951033
1 990066 938086
1 -159241 -114748
1 664519 -751884
2 654143 978530
1 716177 866396
1 49054 280943
2 672188 56797
2 791305 669842
2 -387058 -396914
2 -900541 -536405
1 634091 197519
1 248976 44763
2 70919 -498586
2 -50441 -772997
1 -979892 730927
2 837676 -504092
1 538923 -178942
2 -416404 731765
2 782973 726980
2 138612 444551
2 -725275 -872848
2 924940 -871507
1 -891107 -98973
2 -645803 -110934
1 -918376 -86057
1 20790 -427410
1 257745 -672714
1 -891527 860696
2 -974142 -702528
1 450590 225181
2 -991420 -891564
2 -682035 -646326
1 349363 81224
2 -647141 -592654
2 -807200 -846234
1 -183344 -934640
2 -896153 -840892
1 230989 -54019
1 -482778 -42030
2 -728684 -133342
2 -967782 130978
2 -260707 -270056
2 -455262 91486
2 749851 436701
2 245072 484699
1 -906618 -608165
2 376106 -748584
1 848360 937551
2 684715 451195
2 120341 -421851
1 987214 -963926
2 892996 610726
1 -395236 250659
2 628729 145008
1 286282 618710
1 174935 505005
2 508432 -294301
1 -387244 478433
1 -239765 -541688
2 976206 153163
2 891455 739264
2 647958 -904738
2 -564748 -773000
1 950931 -341136
2 668295 670129
1 916363 -926844
1 -204294 -804997
2 549876 -228995
2 359523 725273
1 -529254 -636168
1 -88701 630182
2 -801538 259395
1 351541 672084
2 293050 279428
1 260275 -186573
2 -641974 199292
1 -959027 -839450
1 237161 -393759
1 678658 715323
2 263693 -780690
2 307298 -421881
2 -830569 668812
1 505415 -957508
2 -543730 233279
2 501523 -337473
2 380036 -758477
1 112955 -475178
1 -693568 -353881
2 459231 -641567
1 292580 389537
2 889666 691138
2 910423 -702097
2 673670 951374
1 -913141 -164115
2 614322 177846
1 -478492 -66529
1 -158511 151094
2 -51715 -174432
2 307819 335598
2 988113 135653
2 815048 -547965
1 922959 -146944
2 -442758 112464
1 817636 907798
1 -356024 831017
1 33699 381578
1 -425684 877940
1 176628 932505
2 -150166 309393
2 614641 -467689
1 -738752 775416
1 782854 736537
2 59385 -209353
2 261385 459009
1 186719 423935
2 21280 -191653
1 671313 -642672
2 -767178 -655244
1 483169 -584362
1 65654 -913476
2 46314 266280
2 27427 -958240
2 -169906 765641
1 511824 673100
1 744837 231510
2 265213 752600
2 -760262 -502458
1 -832400 -80713
2 266088 -543236
2 -853190 735069
2 211023 613708
1 434688 -844946
1 802428 -505393
2 -81554 663402
2 649287 -577571
1 209259 986164
1 213832 -212624
1 586066 -392152
2 -368951 -282455
2 293118 -568490
2 -188182 -195149
2 -332798 930874
2 -183840 731350
1 -119808 182815
2 508149 959966
1 52412 677361
2 -358845 -536884
1 -143151 128072
1 -906449 228078
1 807953 285229
2 578483 236502
2 717093 250499
1 99087 604993
1 -687411 -930453
1 114683 536087
2 -41755 -887440
1 240103 -975663
1 -811327 -155567
1 954034 -231559
1 -999039 -857154
2 94368 -651153
2 408285 -303669
2 560720 -85272
2 404161 433535
1 -496594 -83592
2 -643893 -43936
2 -253708 -735576
2 619509 -709768
1 704503 792065
1 -267487 -151238
2 -830622 -218842
2 197985 -363050
2 622897 196451
1 -954121 -430363
2 -272025 -370537
1 771694 -695242
1 795035 -683966
2 598982 540030
2 620494 -166217
2 -411951 -484861
2 -32203 -464860
2 251076 -677735
1 -980377 581116
2 436923 693262
1 -728104 -396581
1 726839 -67030
2 -758156 878663
1 -210664 217271
1 -954509 -957857
2 934941 -911734
1 561825 471998
1 -974284 919470
1 -500751 88784
1 44162 110334
1 -637822 -69979
1 5013 587940
1 -342445 906010
1 -963538 -602908
2 -910250 402999
2 -424987 579377
1 7623 428803
2 -8874 -651070
1 711673 -776379
2 -233207 -402365
2 266904 -842288
1 48680 1513
1 921467 800767
1 -105771 -73063
1 -120612 668937
1 -4727 -991281
1 -598867 197803
2 -144661 767180
1 -441491 -607697
1 2019 300486
1 -66484 -223726
2 -998946 708669
2 -222574 187602
1 -644402 -579651
2 -350898 935504
2 358229 997503
1 195502 -64525
2 470642 -986701
2 552694 -893758
1 648793 -871126
1 -571840 117569
1 170744 113226
2 -78173 -543912
1 723647 331585
1 709522 -913200
2 290563 509534
2 -860744 -136425
1 36817 754834
2 -371841 -816817
1 -727539 -895118
2 -987196 50616
2 335700 617958
1 -747822 429750
2 -2517 126439
1 -578076 -619608
1 745074 211424
1 728818 -814196
1 117449 -998206
1 411127 -572065
2 34784 603084
1 -114334 114557
2 954775 207474
1 -258171 309723
2 -188465 -949203
2 640912 765532
1 -300758 -946538
2 905702 19723
1 508581 213321
1 845837 552048
2 -36774 766555
2 -269488 238751
2 158738 459282
2 -276355 909853
1 -358275 -968428
1 -408258 -461542
2 -836421 387310
1 972735 -139700
2 617491 -602960
1 515808 -402575
2 132518 81714
2 190147 -8503
1 -314065 -439244
1 993347 54086
2 897043 582395
1 92941 -617491
1 -34756 661314
1 -960337 -838152
1 -449574 -365155
1 563443 -362640
1 36969 -699031
1 -85903 -379179
1 854500 58155
1 104616 -538650
1 -490082 -725286
2 663047 535946
1 -582026 -950273
2 738136 -319527
1 884999 303004
1 -746715 -964505
1 804029 378953
1 -688127 -961561
2 -167056 620846
1 949748 -223257
2 -160046 370982
1 371529 366483
1 -945751 146497
2 965565 -566076
2 -220084 -2781
1 907109 -356140
2 -468308 990677
1 -838007 -263617
2 -361010 -907859
2 -708056 317828
2 -474773 393631
1 -808961 -410654
1 -225180 418244
2 -300913 452771
2 -927979 625988
2 -342645 -452550
1 -224724 69860
1 534385 -396534
2 -93011 241084
1 -888442 661967
2 201374 551017
2 81579 542539
2 439412 489830
1 -15640 -284267
2 -177119 -388448
2 339380 419732
1 -114401 986785
1 801736 -134182
2 -918275 -395352
2 -427238 769019
2 -734898 -495080
1 -185372 999732
1 -989302 685320
2 -950280 70645
2 233350 -406221
1 833738 -654735
1 876159 -177593
1 736322 -785306
2 226206 -389208
1 -164238 -35974
2 -578441 -747681
2 -177999 827755
2 -563296 -372029
2 466291 -57535
2 -453469 210192
2 2214 -411397
2 267712 727765
1 776539 668196
1 -590281 403854
1 37947 -264858
1 14554 837876
2 -895584 720096
2 131982 -918472
2 163769 957366
1 -168568 -761384
2 131459 301372
2 -873923 516647
1 880117 309034
2 -132959 -695933
1 423506 -659335
2 208212 -595709
1 687436 146478
2 -821032 840978
2 792007 461877
1 286886 765261
1 161254 716782
1 832015 416614
1 -637849 -525475
2 -530 -504487
1 992201 791052
2 -842418 -341555
1 -165935 -542184
2 246783 -784810
1 281302 974932
2 -993829 648877
2 525011 157914
2 -911722 -329162
1 -978929 899415
2 -217615 -534975
1 818805 541479
2 -840622 -170220
1 755347 740077
2 -325256 -401826
1 835526 -614425
2 519517 -112881
2 977658 541901
1 151126 611074
1 -488065 -848008
1 -539234 -247850
1 93646 -777605
2 -613158 174656
1 -58024 -142745
2 249737 828207
2 -689602 266215
1 616560 -236428
1 -8011 -146424
1 -169525 -832930
1 68656 -496985
1 -876805 114705
2 -365908 839428
2 -769939 981192
1 635318 816469
1 -63549 -935262
2 734003 261088
1 255169 53773
1 336732 -51072
2 -806705 -522965
1 -636505 52638
2 -121407 -679132
2 145274 322744
1 -909200 26925
2 -311068 -106319
2 -238773 105744
2 208987 412648
2 -599806 425431
1 -84070 404163
2 -203288 95464
1 -120527 99000
1 -998254 328843
1 -552513 730855
1 -423573 326238
1 -633635 253068
2 -601515 -276776
1 962514 188710
1 583643 904533
2 -622963 -505631
2 147088 805721
2 -941597 -85729
2 -58595 276033
2 878421 -183000
2 337654 -576214
2 -802230 639393
1 -696154 219197
1 889888 409236
1 -513197 -941886
1 -255466 -246379
2 -549070 561862
1 293637 151835
2 -962941 -564420
2 -766058 159942
2 700298 167902
2 825949 533082
1 -677369 -273479
1 -937123 -942313
1 -185423 148794
1 982593 -569681
2 697345 579356
2 -680369 -658925
1 -795046 -701553
1 162094 837702
1 312701 338184
2 -460365 382582
2 49885 239228
2 -747869 -350499
1 61699 648757
2 -605993 514240
1 -839748 497170
2 -647616 -567597
1 -51520 -909606
1 -529022 -739803
1 -423224 184553
2 219673 -108231
2 860503 877399
2 928486 686925
1 670181 352053
1 -22559 -485296
1 609300 -176416
1 -650187 254798
1 318922 809959
1 -987822 -451795
2 -846074 261386
2 -138270 105831
1 378089 554143
1 -57900 -59794
2 -461516 -944208
2 671269 626534
1 -797560 -938973
1 426719 -691517
2 3222 518058
1 849077 978495
2 6075 431046
1 142277 2756
2 583093 -334929
1 97371 -219061
1 651773 -824437
1 334200 -576310
1 963369 557271
1 304783 -657750
1 -956360 -47120
1 -450592 538108
2 -734636 -102258
2 -698645 385850
2 -145392 476026
1 158261 458760
1 672476 895184
1 175952 -421064
2 -517793 -143583
2 739489 400325
2 -291486 778897
2 -869787 -18372
1 643535 819514
2 -435483 285699
2 897129 24472
1 198738 271637
2 -105091 -640460
1 802848 541066
1 143539 -804447
1 -29935 -379419
1 874852 -126877
1 -80919 -674313
1 -256797 -615054
2 -30392 -42203
1 546715 687316
2 849532 625600
1 -388142 -600861
2 856671 520777
1 763067 396215
2 -661180 -374383
2 -595484 -993441
1 432168 825818
2 -637459 30244
2 -5084 -988923
1 330375 -827704
2 -890108 690026
1 910387 708723
1 -502067 -21145
1 251259 389938
1 -411165 725713
1 411170 160739
2 513902 -422081
1 -541483 -14882
2 -640226 -448091
2 493450 75065
1 110009 39170
2 945010 200752
2 -973565 -997423
2 -12994 163434
1 -521232 102709
1 -153313 -549246
1 -835615 -74407
2 -49266 964773
2 -455597 468031
1 989700 798156
1 932620 105009
2 -131461 465269
2 547912 793379
1 -545080 -434320
1 -925081 -699607
2 -601964 178370
2 539253 -644549
2 600891 601170
1 91556 114608
1 405447 43969
2 300764 -151163
1 351308 749937
1 -826152 848907
2 426243 -690426
2 606511 985649
2 488278 -784547
1 -168445 -705264
1 717268 -805935
2 332669 -298702
1 197015 -651552
1 781612 -127532
2 -564111 -61731
1 614389 -703342
1 -738228 -421105
1 11946 -964130
1 -928801 820548
1 -530230 971423
1 -288185 213760
2 -98613 159883
1 776757 327978
2 -249910 -945584
2 739837 244355
2 337559 -160642
2 -790281 -674827
2 -427853 437278
2 235997 52648
2 -17536 -128466
2 619429 -60198
1 692251 -973826
2 63426 -334391
2 534896 179436
2 -184596 32692
1 824058 765274
1 293612 -272068
2 -856536 539302
2 -150552 -177188
2 -898069 980778
2 895443 -297816
2 -341595 -826526
2 391769 303035
1 969522 -111215
2 176322 -198540
1 -995502 561590
2 678455 -684213
2 -325456 234825
2 156367 642442
2 -577443 17071
1 23177 -334766
1 -44557 42992
2 -405674 950739
2 765838 939445
2 -213360 938263
2 -79096 -47372
2 -752481 179644
1 -870911 -886564
2 489630 -76943
2 889890 442286
2 141715 562711
1 -247694 282267
1 82199 966163
1 230684 826061
2 646271 771319
2 -279376 173998
2 490965 348873
1 -733120 -643453
1 -585466 -735778
2 87894 612666
2 -634100 449249
1 130439 -835108
2 875235 308359
1 -317910 969091
2 614314 33380
1 -374193 -327043
1 921084 366252
1 -353425 480862
2 -847378 348833
1 834687 -714701
2 814305 967989
2 -23980 -356541
2 726468 -282271
1 432995 718489
1 -517841 -948252
2 826325 851483
1 966743 -774224
2 -499453 -105333
1 -272830 115506
2 703072 769369
2 -45967 367087
1 19654 496234
2 -872835 789529
2 -38469 291031
2 -983675 -807857
2 500050 927488
1 777455 56231
2 774532 970438
1 597186 365406
1 345424 -80587
2 197255 -626417
1 109563 553086
1 584129 -922117
1 114158 -277280
1 141367 719119
2 -562624 905995
2 264588 256173
2 -658684 -450047
1 -938523 -462585
1 -371555 -10086
2 501671 151619
2 -150294 149502
1 258471 -475400
1 847367 248673
2 788110 -985602
2 879083 932592
1 882084 -666522
1 -220425 274018
2 -243386 637672
2 -445417 -550046
2 418458 560923
1 524374 -541356
2 -988111 685497
1 -127317 61667
2 -632015 -548207
1 -712365 -44437
2 142642 131096
2 -804849 643947
1 833713 939395
1 -601616 15681
1 858718 895812
1 813508 -419818
1 184656 -234109
2 -583467 843364
1 -483894 -787200
1 166537 -553197
1 -231917 -736310
1 -627909 424300
2 91365 906328
2 712349 572945
1 596656 -538168
1 -534290 793246
1 -577361 -605934
1 -952001 -829189
1 334580 -198810
1 403720 -970288
2 -992726 -822788
1 928274 -888372
1 786879 340598
2 -55467 803905
2 91954 794994
2 126222 352881
1 -969154 -913126
2 -656857 221959
2 320029 -595669
1 680392 -159244
1 -884814 -389563
1 612367 -659643
1 406313 583011
2 38569 183936
1 321688 -725682
2 -499031 976526
1 -712139 -252987
1 -280838 -391753
2 -961712 66497
1 -513260 -2116
2 -67970 811670
2 -904941 -430640
1 307243 660756
2 -890957 421665
2 403196 239390
1 -805280 -590914
1 -233593 -882602
2 795916 112445
2 -962012 -965507
2 27266 339711
1 954376 -479381
1 -109032 -844783
1 220570 954696
2 549486 -764243
2 -484197 120401
2 492133 -43494
1 -360427 886720
1 -122251 -847998
1 848932 545165
2 446236 -888278
1 986852 961308
1 -367025 76637
1 13230 598566
1 712559 98898
1 -847953 700728
1 593318 -597255
1 -71212 364703
1 -633517 241756
2 222635 -361013
1 929655 319870
2 -842026 238318
1 116523 -549283
2 855966 684164
1 -816998 598432
1 -37499 596011
2 652448 516695
2 800645 -459976
2 -869847 983300
1 -865675 -953751
1 -137494 -866268
1 68944 345913
2 -262643 -793599
1 -376068 189834
2 144320 299912
1 894390 32944
1 -387862 109679
2 -260308 425806
1 342373 693261
1 143744 635564
2 -473195 910541
1 606568 -63844
2 270198 470655
1 569489 -808592
1 -239635 -361670
2 -763394 892218
1 30947 169914
2 434320 978256
2 -483748 -332913
2 -273783 113428
1 859629 197838
1 119250 -749603
2 133689 -248265
2 -285749 -873033
1 378188 206472
2 -972329 -249969
2 -353411 715832
1 824653 770382
1 47651 718865
2 -936136 -376676
1 -494310 266203
1 682413 -217025
1 -606741 -45685
1 897342 -392952
2 -218682 -450368
2 96795 103089
1 621536 -660160
2 -158035 145867
2 386106 -809408
2 -942946 -742880
1 493669 -246936
1 -11961 -489494
1 945482 135346
1 -607089 101184
1 254903 -405524
1 -729061 -460217
2 -175169 372101
1 388535 -8552
2 634126 787518
1 -980531 -6234
1 -858381 -439427
2 65076 -618267
2 734266 674272
1 316130 -69427
2 474038 55854
2 472610 66819
2 285523 -137088
1 221750 775885
1 767999 -763328
2 558512 821338
1 306911 -905658
1 165159 312779
1 525883 813197
2 -479245 -709299
1 784933 -339848
2 226842 305097
2 859032 166023
2 -249362 263899
2 -437986 245279
1 -343012 -618717
2 -411576 -188655
1 225468 -779951
2 158046 835270
1 -193194 -372475
2 131386 -925523
1 -981351 221376
2 -391054 487759
2 9387 54279
2 732537 -366394
2 -878438 691694
1 720399 -215957
1 -503628 -225787
2 332171 -659297
1 -565629 436076
2 447688 -504082
2 -4738 816030
1 -498682 847983
2 46834 -999631
1 594288 -297444
2 864915 979678
2 -846339 -194497
1 240856 -331875
2 475462 -40367
2 -860891 -595208
1 759877 823541
2 855643 -753886
2 610606 -235293
2 826765 230428
2 646345 14609
1 -948403 -395529
1 798824 961973
1 -872623 360421
1 181411 -737183
1 532012 -255008
1 808839 -835927
2 -494016 -794995
2 -575406 227544
2 -705950 -306788
1 30323 -318556
2 230696 -982190
2 -127018 -917595
1 -746163 294317
1 -60048 -124640
1 75173 963092
1 -221294 -328729
1 -74946 -358057
2 570863 264208
1 694789 -359259
2 729340 -50279
1 -958294 -520258
2 705200 508617
2 -118000 540641
2 -97692 -382645
1 -663582 -714480
2 -399015 783007
1 -288298 313790
2 575362 -167471
1 -821849 -882515
2 244801 -78103
2 -51022 -537122
1 -758184 405012
2 291007 -25575
2 833055 -121579
2 446571 732441
2 -702398 -650980
2 -226532 -289657
1 -71360 -123089
1 -673097 -530206
1 424584 -551516
1 152451 877138
2 -947634 522559
2 405257 839228
1 140949 -312804
2 -383961 -373409
2 -669054 -627645
2 -549612 -547828
1 -606960 270975
1 -304432 -664230
2 451144 -469448
1 450668 -455701
2 111506 -810064
1 -411360 -547607
1 -843066 781507
2 -891649 813395
1 -747798 845132
2 -207580 12057
2 580048 533543
1 -733174 453406
1 -466466 -73657
1 -384698 -759187
1 707732 -973057
1 656326 -346454
1 376813 -886596
1 588397 761780
2 -511598 -94349
1 -206600 474659
2 -472972 649816
2 340539 -113545
1 -593253 482379
2 -249775 -673432
1 -58103 543259
2 -687194 703864
2 239860 935205
1 67635 353335
2 -65405 -100133
2 735649 -98694
2 -873161 -689325
2 684920 -109582
1 -897310 -275270
1 -641112 675587
1 870381 791688
1 -93668 -790097
2 482614 82934
1 -438361 -37393
2 -914903 244180
1 43178 -407670
1 -737647 -677625
1 14764 360727
2 442022 332416
1 551262 -937693
1 -332151 -211862
2 461249 -753450
1 849280 378058
2 604188 -27060
1 -294545 -593212
1 603509 561702
2 74207 733047
2 -224567 712815
2 626645 -849003
1 -275547 479557
2 109306 240447
2 984613 -648419
1 975576 -425451
2 -330131 -283552
2 784300 -972595
1 262137 -907561
1 -451521 926350
2 -720130 -468372
1 -45162 -120835
2 743452 956921
2 -582419 448259
1 -490991 8307
1 -150731 806489
1 -704799 -977230
1 -119915 379458
1 328789 540577
1 -464925 -190510
2 -63809 702418
1 587408 135650
2 -498424 -825802
2 853350 749821
1 -54937 -294155
1 792173 -756111
1 -106551 827312
1 355107 559039
1 972321 908735
2 319894 -853723
1 -433410 -888207
2 266563 -573289
1 316264 179229
2 860951 404396
2 571073 -203308
1 -574860 -607180
2 467950 -204715
2 81426 -16068
2 216381 603987
2 357464 148241
2 848821 676006
2 -329452 -885784
1 774643 825078
1 479991 25335
1 607336 835464
2 -64892 505002
2 518196 -293985
2 242936 608958
2 476766 -135772
2 472739 236797
1 -139192 612506
1 656460 -104878
2 -304224 843181
1 747798 -37045
2 545392 473898
1 487509 301943
1 512292 547515
2 -961415 -939064
2 50389 693163
2 -681475 755662
2 -49102 -297872
1 690482 -693816
1 677924 391839
1 -276113 978501
2 -887055 -27496
2 -723790 58914
1 835680 -33482
2 -271774 -156813
2 -924904 280757
1 479471 -709417
1 -444171 370616
1 -955368 619297
1 370588 565353
1 533076 -379917
1 -815760 -611263
1 -719292 -396714
1 678906 892159
2 -333213 -46979
1 694451 -27184
1 641944 95578
1 479512 -18669
2 434643 394968
2 808166 -140167
2 955394 609419
1 17904 -898679
2 394364 -113267
2 246002 97192
2 106486 871830
1 305190 180587
1 -186723 317691
2 249722 572515
2 308529 256701
1 36644 -148997
1 323160 10
2 -75175 -189105
2 653599 -148656
1 -206726 360709
2 -448058 -917299
2 340149 -676595
2 165240 -330604
1 -534402 911540
2 168275 639906
1 64022 -330457
2 948592 372298
1 892725 60674
1 585911 -996794
2 -39684 -113736
2 -376595 -664602
2 -67141 744376
2 -130464 -789234
2 457542 992198
2 309027 625332
1 49832 -661192
1 -691723 644521
1 324228 -71267
1 687122 872241
2 -139561 411268
1 869251 -198570
1 888660 -206488
2 -891756 -998722
2 -707219 377284
1 -984649 829322
1 977941 -709579
2 707652 -308904
2 -419550 -104412
2 409525 528431
1 803028 -442877
2 259902 -441646
2 -460189 -655933
1 -892368 727998
1 -885531 -433765
1 958964 562882
2 -703396 588141
2 -145020 723502
1 -961334 422741
2 215136 -305287
2 380495 967765
2 -631865 -27553
1 -152493 -777561
2 693960 -279607
2 300300 58050
1 410052 -615132
1 -565104 -750390
1 -125850 704030
2 151461 250115
1 927821 -495207
1 503195 -249638
1 -881802 189234
2 854750 254853
2 -277044 -668801
1 -822930 975460
1 830344 344160
2 632847 -683781
2 -706458 -838618
1 713913 842637
2 573590 58751
1 295643 -165397
2 -377769 -382224
2 -160786 -67754
2 344156 629299
1 -342247 232096
2 546072 -115898
1 379035 434876
2 437131 186368
2 820634 -737430
2 -461982 -762171
1 779580 -254159
1 -324743 218816
1 716680 -682368
1 -826897 333154
1 -224299 -793260
1 -35484 434051
2 -132209 -104148
1 490112 19377
1 505750 665513
1 -83531 -535288
2 -985108 -872767
1 8391 -679867
1 -563797 -800260
1 296494 126929
2 281813 -443855
1 157547 458510
1 -524926 60828
2 -134251 -401539
2 -489807 -107834
1 421814 925841
2 449396 175037
2 -575483 930825
1 -776942 -649091
2 -16925 130706
1 210007 -459945
1 -352011 239017
2 95333 -453844
1 -18987 -502182
2 610249 -241268
2 -209414 -798822
1 929034 -118054
1 -368434 407295
1 -364737 493112
2 562712 -628028
2 578190 -674360
2 960537 992844
1 -18660 480791
1 486384 -597904
2 201567 -212681
2 -669787 -936922
2 -420901 -798686
2 -608524 3836
2 46195 259845
2 -998522 -174719
1 -298675 30964
2 650948 -676178
1 -992837 -692981
1 412862 573311
1 -328567 -5668
1 -876730 -627813
2 122709 -656700
2 292487 838614
1 -619867 -517745
2 -114771 773722
1 49824 -789962
2 -354197 -481726
1 197198 421494
1 -305069 651493
2 -383720 -321459
1 -147655 471314
2 314686 -326701
1 805024 -915601
2 -944229 -299197
1 929940 -907456
1 1512 -204324
2 -545335 -720723
1 754115 52363
1 -227608 -370614
1 -289533 -425174
1 -8689 457688
1 -815042 -553136
2 401388 -138281
1 -903812 532112
1 -360760 -702656
1 -501930 281785
1 983293 -817181
1 -925964 474790
2 -925450 -887985
2 315253 -812425
1 -738586 -446096
2 367006 405758
1 -278763 463401
1 718527 338904
2 -594106 161326
1 -469375 -940712
2 481862 -543044
1 522907 818479
1 813151 -413419
2 -995213 -595689
1 -345295 -959960
1 -616096 830962
2 -318688 -96172
1 -328256 -797813
2 -67883 283711
1 147472 -746940
1 -25426 -648322
1 -140423 -65387
2 282856 -926990
1 -854066 25685
1 57173 638488
2 101755 -590573
1 -222001 -203201
1 -250168 730034
1 745527 -180050
2 222707 845207
1 238481 -221786
1 376857 -138332
1 632121 -888456
2 -713157 642883
1 -869852 903619
1 -393897 740977
1 171958 502753
2 907891 780690
2 -805187 966185
1 -294687 -980741
2 -177249 -571521
1 -608952 807904
1 -648939 -792888
1 89135 -546388
1 429326 -911977
1 -53149 -269024
2 72165 445430
1 -208356 981242
2 -196737 123497
2 19130 -314423
1 750723 -913253
1 919898 448935
2 -871870 -992788
2 606585 222674
2 -665342 -273433
1 972640 272395
1 -860352 443792
2 -434612 928466
2 -128707 722169
1 64509 -144353
1 824045 560614
2 815693 283068
2 -697884 -831556
2 476204 428474
2 -286281 193809
1 -164737 -423355
1 489977 -243909
1 648461 -442000
2 802926 -144421
2 950332 -409008
2 -507779 57299
2 256533 974260
1 258150 123692
1 367554 -388414
2 -581525 -544911
2 540139 238137
1 789335 -414175
2 -447238 864196
2 900380 626790
1 114614 -616892
1 -746564 -442254
2 -493897 -789845
2 531326 225942
1 -486424 712769
1 486999 -259804
2 783267 -336208
1 958477 391643
2 -439852 918134
2 -483740 -208701
1 -373441 304653
1 -448580 325540
1 -240001 -520114
2 77311 862892
2 -384286 172756
1 471485 -822017
2 356143 -34602
1 369895 922858
2 -613173 -75460
1 931089 407021
2 -431308 411056
2 -699626 -86354
2 535246 54480
1 641661 -652148
1 -18695 405704
2 -763999 730521
1 704392 929453
2 644039 -717627
1 7775 975145
2 936721 989879
1 -552132 -880529
1 964218 805676
2 -471274 -829396
2 -561091 653056
2 -813568 212045
1 587114 -789591
2 454139 -165156
2 726531 771887
2 909692 -974924
2 -611426 -742767
1 122064 515044
2 410039 -838682
2 -563420 -459554
2 -96844 -138077
1 314966 376181
2 706744 430594
2 494278 -11792
2 -618647 -27251
2 134597 -986307
2 -656612 344176
2 131888 -488411
1 45474 146238
2 -826412 489951
1 176401 -873924
2 542662 615463
1 658278 440535
1 -651209 -911756
1 542589 -615677
1 -988298 -443514
1 -597344 -230865
2 506159 -469432
2 -202611 -534055
2 -659493 -41726
1 366586 -643019
2 -162796 169594
2 585269 215597
1 -330793 604807
2 78305 -444742
2 -501180 889437
2 -94509 -913837
2 983999 -953454
2 559661 119224
2 488980 -989317
2 792669 -414437
1 -887431 -359102
1 -317059 -725351
1 -767984 -187214
2 522381 -15674
1 -381204 -65180
1 -915011 428966
1 -122630 777749
2 -758849 -770509
1 -145273 474206
2 775919 258404
2 17722 43740
1 58431 -238904
1 -245987 943545
1 243036 275400
1 -837149 161928
2 -855695 670388
1 106379 -928211
2 -511417 952099
1 672404 -323253
1 122309 626735
2 688668 843887
1 521704 618497
2 987897 514027
1 -216670 -656091
1 990757 546043
1 767385 934649
2 -692073 764825
1 669218 175092
1 -533308 -714035
1 -585053 201647
1 776012 -181855
2 338027 -308407
2 -369336 -741812
1 -735157 -853363
1 547523 259761
1 -222087 361003
1 -360499 -321802
1 420857 851319
2 -744211 -910569
1 217694 652014
1 -154310 698568
1 -31697 39778
2 106180 -271103
1 451660 201725
2 -503216 687845
1 -509737 -832490
2 -792339 757621
2 245639 -7526
1 399323 -818740
1 -49983 909998
2 -176232 512063
2 285370 -707991
1 -301844 809279
2 -626040 -190772
2 -912630 416930
2 154732 -825810
2 -881901 522024
1 117926 -991215
2 -407618 288197
2 361440 915167
2 -906591 -147030
2 417506 572096
2 -835912 924544
2 -343620 -831979
2 -644199 818585
2 808162 -216026
2 161695 123906
1 -821355 -572606
1 729608 451733
1 -821715 -633655
1 277207 195290
2 -259832 416757
1 44288 237144
1 41690 600033
2 -463937 397730
2 304732 483876
1 203381 258909
2 648611 73908
1 -535338 -819485
2 811906 672282
1 943988 -952785
1 -933979 -144966
1 -103364 359997
2 718809 -930322
1 -239379 -59368
1 -562488 -800634
1 144077 219124
2 234099 185063
2 541355 670816
1 -841084 72075
2 490749 714090
1 820006 717214
2 -368999 922921
1 79233 -850794
2 -762359 284480
2 -661121 614097
2 -625369 -925643
1 146714 514794
2 79603 -641051
1 -387364 472280
2 -63091 753590
1 729886 -888120
2 -515818 -961313
2 -390245 86848
1 -492533 117657
2 -341429 -41518
1 -347211 847346
1 268349 -577981
2 251643 840696
2 962706 -588365
2 -742010 51079
2 535829 -145212
1 -684221 638042
2 119132 -727138
1 -708495 954531
2 -455149 -11974
1 -879916 -125317
1 -61762 -912151
2 -932832 -870716
2 -338446 70097
1 526928 363206
2 232056 -134068
2 1365 -669999
1 -755604 -263864
2 -704341 716447
1 -671532 -240903
2 437269 505651
1 -745007 -281924
1 210821 -783777
2 -185888 337017
2 18367 884844
1 147213 901815
2 254198 -242106
2 715386 -423514
1 -676428 -470579
2 352766 -761208
1 -921061 826501
1 -998925 -935678
1 313225 -870915
1 -733077 90776
1 -586511 -285599
1 -488786 -955648
1 -596026 -92131
1 -585174 166782
1 903540 -298936
1 -613157 185808
1 -76058 975815
1 47479 -180957
