3000
1 -127616 -970290
2 442511 546041
1 -376737 948358
2 -987001 -675160
2 225748 -77023
2 593766 932503
2 558594 197393
1 660012 -437432
1 269004 425868
1 -181340 730292
1 -566619 -185794
1 -490499 271178
2 168397 683182
2 -543722 377274
2 -940020 404365
1 163486 204502
1 -343642 789281
2 -704159 -224939
2 -595876 426926
2 -168887 -130667
1 786722 -306461
1 -84873 923475
2 -460632 -95308
1 -822809 995476
1 74691 860866
2 436622 -374032
2 -945684 -732717
2 -882727 660274
1 -872481 738521
2 -787848 181133
2 -412814 -972026
2 -640956 -701418
1 666613 421162
1 353041 -141171
1 188395 570493
2 289205 -285974
1 -832465 828403
1 -986642 -642603
1 -214630 -390153
1 -542034 734366
2 -489697 -257502
1 721980 328019
1 283460 -784747
2 -450387 -20288
1 -47092 -526432
2 238394 325752
1 338450 803730
1 362340 31893
2 778872 -138702
2 -208207 -518424
1 -691263 375035
1 -873863 -478838
2 -684592 414751
2 547485 -379297
1 -105087 -573107
2 -992622 932471
1 -808116 -220344
1 -80880 -20266
2 -145053 175309
2 -311017 748332
2 -52255 760492
1 349251 203293
2 300399 -278093
1 -253169 328470
1 -148865 158806
1 -48209 715730
1 -423408 -913006
2 260973 -461875
1 -663070 -113386
2 -508739 -76211
2 -155820 -664521
1 -150094 -495403
1 529339 852279
2 -840580 533982
2 -237188 725329
2 -391104 -338070
2 450888 -768100
1 361919 967927
1 33382 -936537
2 341368 -187824
1 181277 -992903
2 589406 -305763
2 -791848 -775972
1 582732 -391044
2 -323656 474735
1 -843478 -136166
1 57988 322661
1 496675 248374
1 -522833 -786242
1 157126 -611727
2 -767790 -934825
1 -215644 573665
1 501857 -723619
2 -232196 576179
1 982522 228036
2 -285302 640623
1 -517603 -946189
2 140988 347995
1 -940891 -227077
2 -206347 715731
1 405994 -769579
1 630872 140998
2 468097 260521
1 -22420 -157116
1 -588441 -695034
1 760761 -324509
2 -966050 -789249
2 -587674 190850
1 -682617 -416575
1 -312902 -909553
2 -419359 -903572
2 277688 282024
1 495901 -748737
1 -187006 -443176
1 -154150 -619150
1 -303223 -349262
2 73598 505656
1 431423 314247
2 206274 847216
1 277766 -417920
1 454683 979480
1 -863645 -851404
2 -753621 -962097
1 -807359 486740
1 7294 905860
2 -330708 26396
1 -479881 615760
2 632086 519591
1 628560 -692034
1 783334 803426
2 110745 406950
1 -813070 568176
1 654245 693983
2 -19232 -604601
1 968761 -881361
1 -45999 -174872
1 131435 -93303
1 -848512 -698941
1 650723 -457886
2 -596355 391020
1 955219 -326758
2 62475 -307052
1 745080 298278
2 391609 -383935
2 375004 727780
1 -192149 -828026
1 362576 8361
2 775814 489961
1 327226 287096
2 -338770 619317
2 352635 -958394
1 531475 726798
1 -96925 512480
1 -491563 401444
2 626230 175012
1 -550523 157633
1 446234 -930773
1 -928950 325253
1 -439620 813058
2 151027 955159
2 359080 -719636
1 -930842 547373
1 823118 990521
2 650389 -64331
1 819067 940691
1 -779555 -525416
1 269033 919458
1 -912018 696182
1 -883078 754748
2 -513834 356310
2 -134379 -557702
1 823310 202138
1 231277 792606
2 -200712 -632652
2 -514117 -389426
1 -708887 364148
2 -759965 486988
1 669164 -727568
2 -580355 -893765
1 -945282 27240
1 -211221 854447
1 484749 -50160
1 -143388 133309
1 3203 193117
1 784214 -416442
2 -610992 550001
1 134394 -405778
1 -2589 913723
2 -25952 520428
1 -746939 -739728
2 841471 -776284
2 -848049 -908029
1 681726 245128
1 646984 742169
1 375272 -765466
2 828402 -276561
1 -839868 484470
1 -156775 -704818
2 652937 721658
2 173367 158154
2 307709 488634
1 -402518 -47508
2 -867843 641163
2 895384 722057
1 177365 -695569
2 -449880 483677
1 826658 436672
2 839367 -99508
1 979913 414459
1 -89564 133336
1 662964 -869342
1 133086 -377649
1 14997 277219
2 13112 618132
2 296701 -400030
1 -31571 154307
2 -3999 -765303
2 655171 245718
1 -993590 667527
1 212003 -924994
2 938797 -141767
1 64482 -601572
2 585171 565916
1 -22183 -181948
2 -21589 -202386
1 948729 671736
2 624094 296594
1 415553 -228912
1 -341786 -34712
1 -234711 335470
2 -108026 66706
2 -557614 -939459
1 -513553 -921687
2 -57805 -466328
2 -504945 -348231
1 -919044 698140
1 -235680 53656
1 -662859 -570282
2 824227 -394603
2 492074 974781
2 14948 -548031
2 369348 -264179
1 129203 415234
2 -853014 -305842
1 54084 755297
1 -705177 677244
2 -166296 -607305
2 880365 461717
1 984506 -439559
1 -460349 650397
2 729953 239139
2 781523 387707
2 -718947 -593832
2 -643760 205002
1 -665556 124724
1 600422 714882
1 299104 -29326
1 678185 784238
1 408755 -403018
1 133181 -777574
2 -297726 -26715
1 -775094 395191
1 184281 -527370
1 -733462 -390165
1 -61982 -610262
2 795781 -155462
1 -626307 -675632
2 -273017 974423
2 103011 515937
1 920206 -377357
2 -502530 204358
2 -31162 -982862
2 -715400 980498
2 796249 -284853
2 445173 -749412
1 -902292 50705
2 43650 -488254
1 -734537 -443570
2 -60480 619875
1 -242570 335049
1 -99957 -427471
2 -717763 -705368
1 224920 10414
1 -764225 938993
1 -429257 865395
1 611179 -610950
1 561236 568796
1 -791915 -115977
2 676540 -851975
1 -607935 -108940
2 429359 -352115
2 -851639 795042
1 588916 -523805
2 -25362 437226
1 802727 512498
2 -222595 -166300
1 -937904 -61454
2 -678836 -917894
2 312211 94298
2 808905 273648
2 646399 922281
2 687148 -680036
2 -708358 -756373
2 864828 -472287
2 461462 823649
1 521660 -121308
2 997959 -495432
1 461140 -584578
2 -707504 -414958
1 -342720 285676
2 -785107 224790
1 -517668 -34254
1 907568 -637938
1 523548 -415591
2 -412320 -675212
1 472187 966184
1 -203909 -334425
1 -396392 843410
1 -826939 -362183
1 113008 414262
2 -107933 -375714
2 -784756 121935
2 627029 -408207
2 -32428 -237076
2 441067 290146
1 941467 699825
2 134730 -761130
2 426025 -341092
1 -209593 202367
1 655482 -533302
1 210050 275772
2 -788345 -167872
2 -879377 918351
2 -915242 549189
2 584223 643957
1 -23290 -762635
1 96071 -51777
2 264444 -164501
1 840410 -589942
2 -256015 520084
1 422525 865520
1 -206044 -191557
1 304766 -933037
1 -483109 401053
2 -866278 920112
2 -2796 -557866
2 -183767 -46364
1 678705 -486435
2 -433393 -602097
1 40037 834303
2 -667420 813587
2 917288 605409
2 -110493 623288
2 486324 400979
2 -302444 736488
2 -321233 -835906
1 922895 772948
2 18619 -884942
1 743544 516475
2 -396734 -912188
1 -173263 376930
1 -943224 578036
2 -866627 -935999
1 -788820 -134764
2 639101 346963
1 -170124 -895242
2 -627307 532914
2 -74603 -584310
2 397192 -601564
2 -166093 807159
2 -347998 -366517
2 471187 164309
2 25985 826469
1 -781581 -563778
1 180156 186292
1 861457 910115
2 699900 -503446
2 -927689 -494074
2 -729463 778171
2 -20969 221707
2 75862 526642
1 422960 174042
1 -929778 415165
1 975587 -247748
1 355103 488475
2 968365 470744
2 -502943 -725627
1 -894345 -470912
1 325091 429635
2 627147 -419926
1 -500647 -171015
2 -978627 -25323
1 192852 -570839
2 -136133 -14434
1 354359 -6744
1 -485577 948957
2 967508 74693
2 -398885 974789
2 893313 -55422
1 592158 -75350
2 -732075 909145
1 489305 472010
1 -976153 -473137
1 996906 -177046
2 558563 -316043
2 686318 -622908
2 -257697 274814
1 505361 133007
2 -465069 -612249
1 672434 185844
1 -509764 719975
2 -88921 932180
2 -495434 -605341
1 -871538 585435
1 -997085 -24287
2 -597444 96694
2 -975535 -92667
2 -598105 997537
2 755036 -477133
2 -339773 -218428
1 -90311 -415530
1 -687364 -144362
1 -268183 166874
1 -670739 -925247
2 579184 20376
2 49365 -502086
1 -996081 836984
1 -316221 -661321
1 -3471 100051
2 179976 -840906
1 -740163 -931773
2 306439 -844951
1 435931 24652
2 882906 -846155
2 151032 -962675
1 -844174 160580
1 927041 419251
1 -443699 293854
1 -216352 674492
2 -853366 -218447
1 -655218 -247061
2 9229 -590290
2 985819 -396184
2 199124 762243
2 -212364 -341552
1 -285948 -206027
2 425759 -810320
2 618374 225154
1 -354364 709431
1 -113684 -976833
2 -653201 -366431
2 206993 929763
2 -625558 -88327
2 -412797 -696363
2 -844966 867009
2 -408690 297478
2 227847 -821089
1 606148 888966
2 31658 101699
2 128958 292108
2 -314849 384035
2 -711231 993015
2 438869 -626940
2 17196 -785275
1 542327 984426
2 -528810 828680
2 83879 -830315
2 -242252 -325507
1 389293 723735
1 259908 -351659
2 -555103 -765993
1 949956 -730370
1 230944 -812653
1 -948239 354565
1 -429020 843539
1 307452 168946
1 -46856 -559472
1 930955 152601
1 -943825 496316
2 48535 -441497
1 -567883 590647
2 104811 738241
1 -680818 -200802
1 -87503 753819
1 -616716 411208
2 -841437 141159
1 -824215 -612501
1 -393497 -540626
2 587984 -178856
2 -997759 653585
1 -951836 -56869
1 -485078 -668413
2 989555 351904
2 623482 13817
2 -570430 -200918
1 759528 961498
1 334431 -710270
1 925243 218405
2 -485227 819145
2 -683245 -973480
2 -996163 -553251
2 672508 -563472
2 113526 -884543
2 916892 -45701
2 621739 748869
1 224622 -985767
2 -84860 -854952
1 112076 757237
2 508227 261103
1 284918 -302576
2 -818966 -452614
2 -999895 773428
2 270035 -263619
2 118925 -216564
1 879436 860642
1 -356265 794213
1 853920 312685
2 178099 -359601
2 525109 -186452
2 -960107 -969293
2 -469771 410797
1 599310 49581
1 857168 865772
1 359103 -322220
2 -494071 289489
2 -312715 221995
2 867357 -7980
2 82942 -554819
1 78247 581960
2 906235 963270
2 -3102 290418
2 -813542 647366
1 153043 820454
2 -919397 763433
2 737961 741794
1 148791 -596865
1 113371 501782
2 290420 118339
1 736850 83024
2 881814 812799
1 -706870 242977
1 -351280 516481
2 698309 760844
1 570768 670351
1 958103 112996
2 -630344 -474359
1 516413 -246657
1 -177403 839426
2 388831 967956
1 -125865 450860
2 454025 -74273
2 853112 741384
2 -433067 868581
2 465485 403603
1 653797 -834350
1 872182 -963331
2 -474299 360336
2 -460677 -847566
1 -224804 732823
2 607294 130885
2 658401 504534
2 73650 -616061
1 20928 -103224
2 -298266 898545
1 850465 288640
2 -699203 -994209
2 -52236 -925739
2 -92889 284658
1 -782691 798007
1 634815 370632
1 -834526 204365
2 -752501 -149088
2 -648551 -266773
1 -103667 -728114
1 102007 -357881
1 158926 -377377
2 -246362 646603
2 959137 -523391
1 674699 227819
2 504744 -238441
1 -413793 579755
1 717110 542468
1 -935216 -919142
1 111608 894100
1 284810 -113201
1 -199513 -499068
2 -710799 248390
2 177738 -420289
1 831077 655770
2 -326051 245285
2 545808 -552170
2 793912 457417
2 808495 -608563
1 976506 -801508
2 -622948 -258068
2 831796 736344
1 359182 995336
1 501180 -81773
2 -370921 632154
1 259884 -753225
1 538363 407953
2 36004 -896136
1 -13138 -255814
1 497699 -563226
2 379664 995931
1 -409844 915385
2 -222831 -143238
2 -270706 -208793
1 -351224 -545276
2 -798590 -231614
2 418001 895381
2 223182 828374
1 869347 -576064
1 629617 -936738
1 -580093 -485374
2 686308 -790321
2 -76939 169521
1 33468 507550
2 895900 -607589
1 -372657 -529889
2 695158 -151960
2 -645734 -962079
1 -675748 942229
1 118635 922216
1 -838480 -196144
2 753343 -922082
1 830520 -694528
1 -933154 -285377
1 339596 43801
2 666004 193130
2 -951960 -148780
1 -186598 407770
1 -860964 172669
2 921743 -573202
1 783746 -280613
1 -574132 -366494
2 748110 -812305
1 438682 234311
1 588331 -360499
1 757819 259291
1 -620368 -925723
2 -289209 -973908
1 -987663 214515
1 462097 -496602
1 616135 631548
1 -963896 -613676
1 -375801 680772
2 -145322 -345139
1 858379 -801831
1 946208 330279
1 -573392 59915
2 -548209 -990370
2 -807025 100453
1 -205557 -16747
1 597633 -117779
2 -299107 785222
2 306207 -743070
2 -486006 -267859
1 815497 984488
1 -520437 -538764
1 172263 -383249
1 541746 -772670
1 -787318 -907967
2 700179 174483
2 -384082 -408070
2 -896033 -819874
2 193313 -830990
1 -652209 289444
1 -17313 -386998
2 -77407 312430
1 -863105 211202
1 -552704 -485418
1 152623 -246258
2 861532 160611
1 -812813 886502
1 823619 -600424
2 84386 -301931
1 608876 708758
2 -295880 984062
2 947596 -368222
1 534307 286056
2 -473478 145303
2 575183 819151
2 -520904 -386378
1 -441675 287731
2 34407 274126
2 -313422 354744
2 -640678 -45245
2 137894 377010
2 -82334 -428254
1 -683489 941915
2 623186 -945195
1 211865 760567
2 480592 126586
2 172179 214303
1 -201561 -891599
1 -783546 439597
1 177665 342388
2 -730181 716347
1 213575 -519922
2 308911 681489
2 -177831 -346140
2 -898729 -109596
1 -600507 646507
2 125905 -977843
1 -727033 -404515
2 824521 556280
1 -608766 -65596
2 -986636 -546006
2 -578837 601259
2 101015 982834
1 -47522 245024
1 -797537 -546006
2 -321151 538352
2 499699 -972309
2 -775586 128654
1 242123 948610
2 633617 239821
2 847467 -71055
1 -126529 -711786
1 233043 446339
2 764857 462260
2 -98097 815440
2 -854608 922782
2 525193 -774840
2 -158533 -229280
1 -291169 106155
1 -102226 -527918
1 920227 -29031
2 -200011 -873119
2 397905 -626265
2 -328186 381324
2 358511 -270110
1 204687 197041
1 -517496 845738
2 149923 415526
1 -640933 -324866
2 170161 319435
1 -89586 -236089
1 759983 604954
2 -171944 528430
1 -396751 813688
2 -857760 -17683
1 511524 -358120
1 845592 438257
1 -817976 166499
2 -34762 553705
2 -977476 -690863
1 -949139 -758454
1 -970233 957882
2 -744523 -162516
2 -649158 -459891
2 -919804 -72977
2 -152851 -795895
1 -687656 942791
2 -935656 -311182
1 -941041 -758351
1 633931 -482058
2 946775 -151232
2 400401 -717671
2 562930 -975890
1 -553251 335303
1 -42917 -414812
1 -689633 -257732
1 620508 69958
1 -377832 569246
1 901665 213055
2 -887296 -78351
2 540790 -828881
1 626120 332042
1 -581500 -114022
1 433682 251104
1 -515053 -113272
1 -917907 -202792
2 149820 678238
1 -533597 429068
2 793308 320547
2 750306 71839
2 -714468 636208
1 -762255 25762
1 591196 -228330
1 421822 -934006
1 -251706 900723
2 455644 -880122
2 -532127 -879234
1 876368 -664108
2 368785 282461
2 770386 -673974
2 902421 903551
1 829932 -574187
2 599747 -618042
2 -293049 520138
2 -21121 -339516
2 -519604 -549167
2 -337087 893846
2 -789449 -709321
1 822042 906009
1 -613323 -593733
2 75031 569391
1 -418643 -877853
2 703065 646284
2 861416 221513
2 857661 -857890
1 -695027 -845153
1 814417 840031
1 814511 424756
2 -485326 -834097
1 -432956 736754
2 34070 611339
2 -723950 -625691
1 434102 -683176
2 -514485 -578681
1 -419901 4975
1 -560212 -584433
2 354025 392325
1 875954 387554
1 -619896 996219
2 32499 223731
2 906496 -658606
2 955594 -28484
1 -200408 462241
1 457139 229970
2 512583 -578076
1 -805216 484797
2 -331446 -369328
1 -722973 -215655
2 -241580 974477
1 905409 -908933
2 16225 902529
2 -748202 62307
2 754502 560011
2 -137564 -49003
1 -922825 -802927
2 422613 343482
1 83465 232155
1 -495081 -675302
2 -184804 542265
1 -307372 -36322
2 365702 512393
2 -73298 -664520
1 -396322 11547
2 -283800 -137828
1 -712268 -413771
2 -776111 -685777
2 -337606 177108
2 52593 -278247
1 -462578 -778322
2 -378934 59123
1 -978102 801655
2 -748744 958698
2 -783342 -131330
2 -103976 78113
2 -128072 -616016
2 -177436 299488
2 -553943 710383
1 390268 -900005
2 401177 328373
1 -751520 328207
2 -184939 277443
2 -263372 962195
2 335526 -318329
1 719257 599984
1 -717966 -121096
2 57719 -185805
1 -259117 434112
1 -517501 763175
2 558899 -674918
2 -908861 -269171
1 -973339 787249
2 223236 -272793
2 -833675 505447
1 674361 560662
2 466703 855784
1 481638 -309245
2 -983387 28446
2 894379 -164354
2 403408 -204661
1 -280144 -722960
2 -493260 -90715
2 -994287 956786
1 722121 703128
1 673907 929769
2 964008 -708330
1 -987762 556046
1 981681 112159
2 844261 89302
2 315327 444074
2 -442910 -453536
1 -697712 55563
1 -680874 853123
2 -197036 -905687
1 577584 -859161
2 597565 733789
2 261508 524574
2 32036 449469
1 -708687 -270685
2 -780855 -362767
1 563825 57464
1 -29387 832241
2 -244652 -621558
1 109765 -53240
2 966891 -284365
2 -980427 -250369
1 -669688 726078
1 814067 971550
1 -815042 -542735
2 -155129 949846
1 -125474 -993692
2 -255060 570389
2 -717137 -196566
2 -20349 625673
2 -702618 -349796
1 -503784 -853799
2 -65345 898388
1 -609122 -41435
2 -452451 -688936
1 259184 -504394
2 613507 483021
2 -496390 -669493
2 357977 753470
1 -302012 -15827
2 -586793 977424
2 718151 14660
2 81815 508967
2 -250144 -872351
2 -186372 209840
2 -683212 -420650
1 -327218 643088
1 563478 222440
2 288342 -782333
2 -521230 136276
1 371461 -774937
1 -376225 -441436
2 -585240 -942793
1 -236875 -14830
1 125671 -907994
2 -73650 -575982
2 -787027 -27226
1 398625 -536247
1 -383447 262834
2 378707 936603
1 272171 -389116
1 -649676 845382
2 186840 442603
2 -698463 -563383
2 814341 -424661
2 155417 684332
2 -452630 307977
2 -575261 658477
1 -360797 665355
1 184928 328348
1 -685177 591590
2 -984937 -9425
2 834925 -717338
2 766215 -726401
2 694689 -36321
2 -559360 -277508
1 -539145 -746204
1 -667076 604768
1 721049 695492
1 432745 510137
2 -477136 711560
1 -653349 -851654
2 5847 595346
1 -605121 -848589
2 -380221 440575
2 -581748 -293114
1 -584861 -573908
1 38198 -56507
1 -26151 -821936
1 584090 421850
1 -908504 -286660
1 269437 -300760
1 -61177 914930
2 -585103 -637528
2 -335029 -543740
2 861574 861774
2 -979643 915533
1 -199054 -790155
1 133042 884476
1 918048 -626658
1 17599 -17721
2 150260 68460
2 -782282 -326976
2 -354896 -225579
1 7531 876047
1 -329232 817766
1 450558 -309698
2 188310 -860953
2 -718650 395285
1 -878819 295351
2 -707730 -201662
1 -22485 750465
2 61500 -689755
1 482688 -669938
2 -860609 132155
1 683849 -91514
1 759506 595723
1 543607 494801
2 655218 -954161
2 -344468 922204
1 495328 -378594
1 132413 329530
2 -864642 392636
2 -151608 83368
2 -189922 576274
1 -507299 117217
1 -181181 -609575
2 310798 363241
1 260882 5042
1 -902802 -516712
2 -744361 566667
1 658540 826793
2 -361187 126693
2 -102328 -247961
1 870374 672457
2 571367 721338
1 -953031 -124446
2 -46572 198122
1 -509471 -372675
1 143315 -563521
1 65721 203117
1 208422 933350
2 -523841 287644
1 477715 -199465
2 742982 -936686
2 877160 647762
1 -189297 -912391
2 -950043 57075
2 -640341 -375002
2 -115770 -8574
2 -707659 996695
2 659546 -276259
2 -555908 -298668
2 984685 560306
2 77962 -198534
1 955738 394805
1 674316 -209280
1 907783 961387
1 604114 735257
1 -612789 370082
2 -930420 -367671
1 590196 970144
2 911994 -315304
2 461251 -716499
2 -205539 289319
1 -347028 -70591
2 626535 -712211
2 -791011 -944836
1 306362 -142046
2 95697 -332867
1 325265 -655213
1 -476304 695095
2 -415 -570449
1 -799395 245877
1 -772408 -487919
1 279369 505757
2 498488 696406
2 -65839 605255
1 -586979 -142392
2 -671864 177698
2 277423 -182411
2 -246760 -31590
1 807555 -409974
2 -748672 161702
2 -285340 3351
2 -122397 693709
1 -568494 327559
1 711708 -187993
2 884211 -935623
2 232631 -474106
1 229183 -390872
1 -366222 -435565
2 360268 -757411
1 228963 -80571
1 882175 870339
2 -766006 -976859
1 994439 390719
2 606213 -23941
2 -429772 214412
1 -485833 647204
2 -341792 -128255
2 816047 218213
1 643972 165878
2 -73550 -911388
1 -422638 28875
1 -603952 795434
2 -452044 135570
1 629547 -115699
1 631426 -564111
1 909573 -978650
1 -196939 734178
1 -246993 57996
2 -414946 -783248
1 -581842 131011
2 548875 959783
2 -590690 -466139
1 -888511 -493409
1 281878 649023
2 346758 332432
1 -83924 855302
1 -396776 384476
1 949411 120582
1 672388 -591429
1 685255 -471841
1 -912897 -58485
2 53852 864524
2 -868798 598704
1 -850415 -650107
1 -611642 -373306
2 -788427 463106
2 -698530 317852
2 -393305 682335
2 -701759 80636
2 500288 922266
2 -621325 -992256
1 -764890 -235119
1 -856573 -78798
2 -33709 237387
1 405929 124986
1 -536488 -130434
1 279918 -273190
2 -908291 -696314
1 -587807 -41156
1 -652326 325817
2 -904476 -622561
2 625310 724417
1 310889 -105995
2 841674 648095
1 521722 916637
1 -629815 407175
1 -878822 238978
2 445958 435129
2 -90756 122884
2 486264 -609164
1 -276883 41993
1 323360 -650377
1 -728671 82753
2 -305274 -795222
2 -739168 -214967
1 691960 137903
2 486207 432528
2 -642106 -27921
1 -497982 597303
2 -351389 685086
2 -548843 374004
1 179632 -617536
2 -629295 -849791
1 589941 678071
2 -469178 373928
2 308792 675555
2 -844792 -209459
2 987281 167281
1 -986776 -882551
1 -368263 -719735
2 843143 -683060
2 -252141 -409338
1 66503 -659275
1 418990 -504683
2 452515 555515
2 146928 112095
1 200561 900756
2 -542455 -341368
2 833585 775854
1 931439 277194
1 408448 446331
2 266257 292835
2 956291 -322866
1 -876522 878345
2 -478108 392108
1 -646973 240019
1 -931765 -957673
1 -298504 913728
2 -622770 739682
1 -644721 51990
1 -534787 448470
2 984351 955286
2 -988162 -174902
2 -928567 758656
2 512565 -869967
2 -215166 594456
2 -940742 278273
2 -99588 -219890
1 -890215 895973
2 389915 -835087
2 -895805 -485184
1 43304 -298356
1 -80441 -632439
2 391576 -927915
1 -460042 -193720
2 -659636 -452720
2 -207574 109265
1 -847679 -701873
2 989437 371126
1 961510 -665842
1 612000 -817351
2 273246 -333816
1 205902 609263
1 212614 -663536
2 -834813 -615727
1 957641 348117
1 971873 -623952
2 -906714 -221242
2 383784 196574
1 163299 -935019
2 -836028 988611
2 590896 720560
2 298367 -420805
2 -27142 541600
2 211436 -450297
1 588805 -390505
1 459892 455871
2 -657160 -852572
1 -76993 -724383
2 753701 -902182
1 -668790 -185703
1 94496 -507630
2 -451509 -875134
2 -649838 118000
2 669603 646479
2 -896219 57776
2 -999226 7448
1 64165 76088
2 338111 -893616
1 -792848 210300
2 341495 -57130
2 -359815 -832779
1 724630 839079
1 786989 186309
1 437692 -397912
1 740661 79055
2 -534103 -66673
2 -695278 941175
1 56414 -106471
2 -93832 452623
2 -923584 438288
1 841915 687640
1 163683 -487942
1 -597443 109272
1 527651 499855
1 -949894 550882
2 -295662 640430
2 -156953 312285
1 -231023 283463
1 -323826 -378989
1 214626 -876871
1 -389534 19432
2 274588 214364
2 161537 -526849
1 504464 -936232
2 828737 -643769
2 -397702 834464
1 155719 -247893
2 -401098 -197738
1 -854715 -872763
1 -574154 -738660
2 382947 134079
2 -502502 674453
2 423011 -967333
1 91358 786408
2 883774 -278463
1 -106891 -885571
2 79568 775611
1 119631 -347135
2 444408 402301
1 460040 941533
1 -141898 -833966
1 164466 670817
1 761751 305301
2 156061 -492534
2 -736177 26734
1 169537 -167423
2 -638753 287109
2 221687 -288751
2 -709310 -744949
2 -315963 -330497
1 111960 812641
1 -257919 545720
1 -942876 428049
1 -955611 534828
1 576394 -849172
2 550846 70173
2 -665341 -270175
2 -696699 -929981
1 227421 14055
2 153099 -240097
1 -51442 403533
1 304715 211173
1 25939 61179
1 489633 -19693
1 364432 -826126
1 733776 458783
1 -591205 887754
2 -984858 -678293
2 -965590 934549
2 920202 -461126
1 -457025 482739
2 -18610 -171517
1 -469587 -495737
2 -882426 -290199
2 619645 -422454
1 759056 -963796
1 614061 -208992
2 -683250 956336
2 283286 302435
1 -177123 -457101
1 703377 -107689
1 489789 593408
2 88950 348226
2 -121643 -637743
1 929006 -583810
1 -216840 484002
1 132795 749963
2 805625 -814679
1 886756 -183154
2 -403842 -278532
2 170337 -728713
1 -425967 112922
2 -698391 656903
1 -810319 770520
1 624481 800153
1 79324 677735
1 729405 -970139
2 -396543 311635
2 -345649 -913134
1 640391 21054
2 186989 946779
1 67954 -295692
2 675054 183468
1 20071 -495828
2 272456 403502
1 979019 -597138
1 458898 -233445
1 -867879 27825
1 419853 -4877
2 607944 -947817
1 -868896 944543
2 -748192 216405
2 44331 960283
2 103552 -399377
2 914526 215197
2 459175 417684
1 -5465 613422
1 975447 -588898
1 269543 -518580
2 961975 -857151
2 -133452 -979135
1 553272 809158
2 -371202 -76742
1 53066 -341507
2 940472 -9807
1 -116223 381005
1 942756 344656
1 -450292 -437051
1 -911639 -928218
2 688794 957476
1 -261578 -914436
2 916115 912912
1 -222277 -839669
1 -619078 737893
1 81455 471539
2 203732 160895
2 756681 -854646
2 -157647 655693
1 534469 -983403
1 -704982 -41484
1 -231427 -516624
1 -716809 -696523
2 911944 855848
2 252111 701295
2 369434 -817121
2 800375 -995743
2 335563 314087
1 -151577 598135
2 236990 732253
2 -758073 265855
1 613531 886123
1 510239 53296
1 187179 139443
2 -916428 627971
1 -225874 763641
2 388278 -316618
2 307615 912790
1 -247037 -680714
1 -620288 419839
1 750706 789175
2 -47129 856381
1 -982006 -779731
2 504110 -875308
1 173483 117645
2 234598 556811
2 -715416 701749
2 -709418 -560539
1 -751013 839706
1 -419635 461437
2 976780 -206658
1 459773 467778
2 -54319 89667
2 597207 720937
2 -195744 801411
2 68389 -989270
1 -551254 -128681
1 9359 -418917
2 -942187 -7116
2 -392140 255681
2 -369194 -360830
2 359768 848743
1 180077 856068
2 310565 462475
1 -55236 689462
2 -978422 -588465
2 983643 -936952
1 111163 -583922
1 -816563 -103228
2 953033 957391
2 675879 43182
1 552778 527303
2 -277345 278805
1 -865602 269197
1 -855719 269917
1 984440 456901
2 -770630 -628398
2 -470802 -910199
1 285653 44325
2 981624 -846967
1 882900 -958478
2 -741115 -922839
2 844342 -553799
1 457665 -947207
1 87059 589064
1 -963639 -286345
1 740348 835018
2 -238776 58910
1 -311199 -315644
1 24691 -902291
2 -276710 941016
1 -313269 923266
1 179102 492115
1 967951 -497319
1 882351 -170588
1 -433818 248179
2 -583647 -182628
1 279339 4852
1 -507404 351030
2 -257611 -274917
1 974575 770000
2 496618 -704519
1 978653 -747767
1 -607603 -530125
2 -761484 981850
2 394788 -981070
2 -175747 654810
2 -870954 393825
2 -537041 592374
1 -493760 -485724
2 114575 734829
2 281459 -387959
2 404300 766226
1 -464819 -419608
2 887629 475214
1 -263069 49972
1 202923 569356
2 -338973 -779202
1 -7664 -318622
1 845560 -94382
1 464947 -629523
1 551381 -951684
2 74690 846346
1 -456263 -711610
2 -895981 47104
1 -297859 -260992
2 130258 128347
2 94890 116931
2 -685439 176151
2 -659965 22474
1 -363360 -372801
1 -150214 -507180
2 181028 835857
2 -299051 -285181
2 622285 -84132
1 -369529 19959
1 137383 -202406
2 -457413 -25786
1 -736884 138494
2 -360086 613524
2 606401 -862072
1 -453617 -275219
1 -333553 247269
1 -967739 839034
2 505792 -629177
1 -793378 -699397
1 579192 151841
2 -359980 399651
2 453823 527698
1 353710 -906540
2 920389 684755
1 -413428 707609
2 482435 -916649
2 225950 -678086
1 743144 -218091
1 605371 -161981
1 336478 -316768
2 692839 900418
1 666581 -110115
2 -890454 869178
2 873505 -749004
2 -462300 -113143
2 39122 -537760
2 390835 615951
1 -428937 226188
1 880386 820710
2 420876 -835085
2 191284 -919569
1 318319 692417
1 -211500 177097
2 -144123 -196095
2 226301 -789086
1 57040 412512
2 -51984 -688160
2 -214588 308301
2 -147917 69972
1 729300 -724861
2 -266638 109714
1 874762 367546
1 -634978 -297837
2 492924 -752023
1 472730 89623
1 526053 -341432
1 -25040 -167349
1 358175 93763
1 -125269 462516
2 -106104 347777
1 -177265 -845759
1 -885105 714820
2 276832 -106695
2 -153980 247716
2 545722 6098
2 -65771 -250981
1 512782 763223
1 -897714 947923
1 -361150 744088
1 -223653 59451
2 -139747 -707311
2 865835 431511
1 -321151 536175
1 441379 -476703
1 354541 -950494
2 -602862 -897291
2 235590 -769242
2 -15464 672806
2 -266722 699638
1 171900 -477113
1 103054 -772989
1 335963 -975269
2 215146 -147148
2 -437404 30581
2 592871 -102714
1 200778 542306
2 749383 573251
2 -202712 -235849
1 -148558 -686361
2 -688393 565127
1 -752581 505746
2 -894187 181755
1 -632775 703831
1 -46337 154102
2 824871 427361
2 -119034 -827456
2 -621903 -710017
1 641143 648583
1 836688 904196
2 -305246 -323733
1 213097 -559963
1 472744 318013
1 -512259 814513
2 -737741 -252309
2 -285 -392342
2 -905565 -927021
2 942822 -535795
1 317583 322256
2 -158616 380427
1 -334531 -187891
2 -273918 -167792
2 665920 782693
2 -411809 -90721
2 479261 -231547
1 -265040 954243
1 771079 966849
1 -639263 -275061
2 -310581 61271
1 -614475 44975
1 512702 -579269
1 261178 976930
2 531583 544017
1 -496544 742472
2 -416773 537780
2 686078 -657582
2 86843 959277
1 665736 -307849
1 652567 506809
2 -856751 931131
1 949146 -324414
1 -658270 495601
2 -865242 326627
2 507653 630071
2 -737388 -327941
2 -372537 -498251
2 -742668 -999400
1 94119 -838249
1 -839056 131755
1 -663546 -108159
1 -946560 558765
1 -906438 413958
2 344350 -112815
1 -645034 793809
2 -863103 251692
1 -72857 736608
2 171629 975252
2 823924 523133
2 570786 977404
2 -780836 -50044
1 -116130 -42838
2 -989740 -677277
1 61045 -334025
2 405706 393339
2 -310904 644997
1 409109 -463581
2 -454579 -440323
2 -857853 415103
2 -656844 442110
1 385681 59993
1 -377612 265211
2 137861 -172108
1 -594248 -223462
1 -787951 455358
2 434857 -2250
2 -147894 456079
2 71230 727646
1 421724 -591191
1 187095 727565
2 593014 294135
2 151296 -532339
1 -7021 481475
2 584634 -446786
2 494509 -139627
1 227199 298746
1 571519 -721359
2 827129 348304
2 -229954 236386
2 -741899 -89269
1 5755 -949520
2 -288337 -338660
2 607203 607875
1 126911 -74845
1 -580747 526539
1 410172 -598218
1 -539925 141124
2 970980 383674
2 911549 217534
1 -357487 260801
2 -113110 669021
2 988266 703282
2 -505656 -296917
1 791004 -383919
2 -918858 -185243
1 -146999 -516493
1 343833 -793887
2 -777028 -83320
1 994583 810093
2 -322971 -20061
1 541638 -577531
2 -42261 613158
2 142651 274715
2 -514250 -630815
1 106770 -357329
2 336522 414282
2 -84503 -862886
1 -808149 -777920
2 -646580 842839
2 -725766 881390
1 -139215 221935
1 619016 -987566
1 201504 728091
2 235686 828832
2 -749978 231920
1 355678 153199
1 603809 -391637
2 -986979 -293784
2 -818204 350097
2 -970777 -183637
2 -424307 2519
2 159321 251539
1 -363653 706676
1 690138 -462003
2 -669678 898957
2 45418 -786653
2 490940 -79557
2 634279 -640268
2 -528756 -264137
2 -142850 -828509
1 -787423 -679825
2 -435236 446401
1 -247119 -61656
2 -470763 -246205
1 15893 -680691
1 779219 -309944
2 990854 175409
2 418543 -18240
2 -572295 488712
2 -875633 -200989
2 -617541 553138
2 -696558 -565226
1 -292997 -608518
2 102438 880128
2 979401 -179148
1 379096 -538978
2 -144999 -917086
1 265497 -483607
2 -773751 946958
2 207200 399703
1 -158110 884642
2 718712 -548896
1 -666938 913416
1 -956697 303533
2 -241959 602021
1 73925 -11124
1 322765 -636878
1 836447 845744
1 21524 -101389
1 -387143 172537
2 -755129 -291756
2 -988822 748449
2 411431 534779
2 59107 -878871
1 -762438 963654
1 -485124 546879
1 -628963 721117
1 -748917 51624
1 -909511 804425
1 -101164 -693365
1 283163 222569
2 242425 22572
1 -387388 67941
1 -454936 -436243
1 304720 293250
1 770230 715014
1 -818998 -992787
2 -609908 756517
2 216999 975968
2 -313077 145268
2 -307399 -482138
2 288288 312145
2 -106043 -632231
1 -665114 -447179
1 459149 -9101
1 38138 933354
2 -987809 -237972
1 691495 327333
2 -114548 518228
2 528665 -461113
1 -952728 956788
2 -852226 931767
1 847271 640640
2 -595346 -670194
2 -796947 -643039
2 829240 -186921
2 754621 557518
2 -502643 307113
2 -407260 301143
2 -114690 141788
1 -315000 -144748
1 411735 -354136
2 608414 952259
1 -197007 -410750
1 -189004 -4834
1 -58149 -235314
2 -923648 -623968
2 -931581 135265
2 -146810 663378
2 -285937 -27070
1 7082 -654698
2 -164760 -806078
1 -431544 441918
2 550876 582403
2 946265 -717256
1 110481 -23276
1 930033 668674
1 61435 217716
1 553754 915331
1 -203465 -872353
2 -721904 -256561
1 758320 680097
2 -764633 90318
1 -597504 -918571
2 885413 -744319
1 847734 415356
2 844824 -455991
1 -361765 420336
2 -536217 430191
1 -633998 151372
2 -645256 -927677
1 -875438 -923930
2 802690 -110473
2 -92253 968390
2 173347 -178487
2 -632110 -129063
2 -144004 -213406
2 256225 -198857
2 301637 507471
1 182447 672266
1 652045 -255166
2 -391310 198240
1 957159 263121
1 -39656 361747
2 -66059 903290
1 -617400 917235
1 -687457 286608
2 -736502 559992
1 71650 -217112
1 -578321 -730251
1 -282959 -11019
1 985152 413324
2 59135 -400599
2 544281 -190887
2 915434 -533245
2 644829 546766
1 971281 -557040
2 -113833 535646
2 11749 -266110
2 -684017 58454
2 138213 -257952
1 -275362 -409199
1 -147502 -964131
1 -216223 856563
2 -623011 687058
1 -147474 -490496
2 -228766 181474
2 -847414 -243375
2 982746 -2584
2 -4094 -358627
1 299220 -94380
1 537948 -558073
1 -122384 908801
2 -623963 695036
1 206452 -154630
1 -920546 -529648
2 -516644 -842095
1 499714 -704979
2 -943634 -308044
2 194957 769416
1 -263486 -953694
2 605744 100188
1 733515 75157
2 -997919 -44177
2 -769952 762231
2 -579119 -124569
2 275754 -208140
2 965248 117004
1 412347 -75463
2 -344131 591366
2 -32060 -57407
2 -709429 -739402
1 735666 187542
2 991442 56212
2 -795761 -723372
1 28370 881490
1 989581 797140
2 786161 273996
2 -740805 285850
1 760200 252142
1 -845633 -330081
2 218707 -325980
1 -843589 -1677
2 -605544 55929
1 319471 34881
2 876689 730429
2 799294 855873
1 -631488 312150
1 737575 251110
1 700318 518703
2 -101100 389692
1 943625 949815
2 108210 -177590
1 -487494 748991
1 -364781 -238392
2 -486316 533152
2 -648579 -735646
2 -683497 806848
1 -547009 -825287
1 41620 -571805
2 -666015 413101
2 317527 -614629
1 -200918 -100587
2 454390 53017
2 214575 260133
1 963200 -278534
2 187051 -5991
1 -424587 -712517
1 -442343 -919540
2 374687 -594673
2 -30865 15355
2 -937065 21575
2 -816435 55065
1 -835765 -600606
2 423007 973103
2 -29343 -429759
2 943427 -379736
2 -391718 -665535
2 -18707 202892
2 81161 -474128
1 537187 661886
1 -416419 475964
2 -799154 296073
1 493914 -127099
1 96085 188518
2 -253418 139056
1 946238 833956
1 -83572 767688
2 -845223 544048
1 104057 69956
1 500651 -974069
2 822462 -38890
1 787396 -988672
1 -336248 984802
2 -253997 417677
1 -739523 -180014
2 449744 14869
2 -951585 154928
2 -59118 -520918
1 810125 753773
2 474030 -90005
2 78817 166831
2 389709 -296130
2 -995353 -945798
1 -843628 -661864
2 889249 -315848
1 936326 362139
2 906883 -142531
2 76295 -199672
2 767491 704924
1 -189371 -154867
1 302341 326009
1 -175911 -94845
1 671006 196449
1 546163 -582597
1 -224866 -320395
1 803701 861649
2 -974104 -55842
2 293145 -116362
2 907825 -323121
1 181384 816489
1 -402482 552108
1 -212712 -188010
2 848575 551846
2 468990 -738099
1 -893909 852761
2 -44242 -657882
1 227477 970284
2 540786 -894041
2 -10600 362966
2 -321750 475178
1 687761 -394236
1 -58953 255303
2 282119 692218
2 100877 660011
1 -16547 480136
2 -439179 211943
2 -398379 -534346
1 -620148 766988
2 -370892 -879617
2 -318193 219094
2 991168 -551482
2 930730 365819
2 -179336 374198
1 705418 174570
2 -361039 608486
2 -856973 -802916
1 945880 826759
2 -994095 189329
2 -720277 -928502
1 713807 -940565
1 308807 928114
2 -83836 340376
1 -17572 -738562
1 965068 -906059
2 -229000 251417
1 873972 -911383
1 -858 -21165
2 -846423 387877
2 -865816 686025
2 136093 133920
1 141214 138254
2 -215587 -464549
2 355490 988088
1 -193516 216922
1 212572 630042
2 579565 420666
1 301764 644086
2 879835 -428981
1 320091 455105
2 735298 11774
2 432208 -507576
1 452435 -783266
1 -538532 -459151
2 879801 450884
1 -614575 375839
2 -102948 -652459
2 266738 359865
2 608271 549316
2 -8369 -166481
2 216910 -514185
2 662943 785108
2 328658 339302
1 561338 294822
2 541291 -408482
1 -810514 -503003
2 -275248 -505313
1 982430 689205
1 861617 -412349
2 531620 -834426
1 351369 -226704
2 -403083 466505
1 -78330 816379
1 465339 -57796
1 -996961 45774
1 966515 -613104
1 -21766 832604
2 -132811 -209864
1 229754 -791026
2 -164876 -755263
1 18431 -42974
2 -987215 -256202
1 741879 540336
1 -692868 -590840
1 -118592 597873
1 767061 -517938
1 331774 676971
2 -856420 495175
1 687308 -5300
1 -369530 -5776
1 -782341 673866
2 43047 -614802
2 -904990 738052
2 838543 61015
1 931693 544064
2 250630 -178981
2 -192367 -488372
1 -381656 334283
2 309025 593958
2 -905749 -13172
1 158364 183470
1 -938046 -451271
1 -95406 24479
1 -306987 432308
1 29737 -161641
1 439536 582572
2 -219890 -743109
1 882527 778198
2 46542 83559
1 -409711 -852519
2 -199284 -659249
2 -515382 349187
1 313012 -449810
1 819629 378043
1 123051 -918102
2 962714 -449241
1 -168670 -488350
2 126532 -444857
2 337838 522566
1 -969186 542147
1 985160 548485
2 295949 984334
2 -658913 -294972
2 212320 397396
2 732639 -654120
2 -388761 -991403
1 742056 -477754
2 985369 57584
1 790027 -793938
1 -732304 -924961
1 872710 -92087
1 -734143 179236
2 450513 933020
2 701103 -298844
1 705955 -817526
1 -321267 594728
1 -571598 185528
2 -851645 692697
2 338393 -163480
2 616435 -342358
2 -243427 -54658
2 44440 779210
1 426392 -183665
1 722235 607436
2 605699 -652023
1 -135861 564924
2 849347 -491695
2 -472341 -752699
2 -443897 978560
1 -500982 207378
1 -415699 577730
1 554542 152764
2 953193 -354453
1 -892552 -358268
1 739738 587030
1 -825643 -589678
2 -594136 -347959
2 28077 -40869
1 3563 240194
2 -764662 -391995
2 204888 -427956
2 502618 60592
2 -943361 287965
2 -894235 -625984
2 -743361 -637101
2 -621375 160569
1 910818 -59491
1 -646348 731685
1 -440970 131424
1 681038 692057
1 -998041 -86951
2 196781 -592338
1 -678492 854919
1 479600 -531748
1 -864457 -486471
1 497966 -63517
1 368175 38812
2 789286 771058
2 -77608 933997
1 -837628 106975
1 636522 -963817
2 874422 659789
1 269643 -847032
2 303183 481153
1 -699970 128010
2 -300660 689192
1 -879148 769495
2 -114111 -142472
1 -666478 640969
1 228046 526648
1 -379392 361816
1 -13606 -115129
2 -991195 884994
2 747905 -243509
2 -805379 -254771
1 429628 175178
2 379676 -796750
2 961730 -977207
1 602136 -498551
1 -380159 -512712
1 -944151 -981034
1 -152493 -781242
1 -441326 155131
1 -611147 -52996
2 -860136 79687
2 -690886 696898
1 747785 -255724
1 533578 44618
1 709262 722460
2 -802860 52132
1 -104764 847776
1 -705908 404165
2 370496 -977336
1 908180 -365593
2 -958463 635186
2 834352 -333927
1 -920336 615675
2 668833 -295324
2 -475548 -612627
1 980854 229263
2 -280609 -537947
1 745855 -684159
1 683854 -9938
1 -856575 -104987
1 -778421 511535
1 206272 808261
1 -103370 256790
1 -649072 979559
2 316848 -13289
1 -330363 -183190
1 -725475 -242526
1 -283685 -204354
2 -906343 18920
2 -470999 -218930
1 -802272 -73738
1 906736 -627801
2 -658852 714873
2 -526736 -337801
2 -232625 -627198
2 -551712 180795
2 -673074 -143865
2 435135 660329
2 -591401 -412835
2 745236 923393
1 -785932 359421
1 -597104 -202190
2 -632607 -479431
2 -85531 -129400
1 -117028 865858
2 21535 93262
2 -572594 -537575
1 -743504 955998
2 244901 -395105
2 -14352 -653329
1 795093 290543
2 569203 375832
2 -288579 -404786
1 440416 -647932
2 947650 553860
2 482485 -82267
2 906236 990822
1 216573 -178742
2 -514918 149982
1 -82364 -931148
1 388303 99062
2 816047 226718
2 -769624 259987
2 -284020 179819
2 -706938 -895278
1 -517712 -777287
1 -392668 -610535
2 990026 273967
1 20772 -729059
1 -637463 -40758
1 -323155 890279
2 -754358 666838
2 609713 764283
2 -119153 -824164
2 815660 -283279
2 459647 343616
1 661732 444108
1 -927016 812160
2 760372 -851690
1 465284 -984201
2 -38651 -761589
1 722113 574154
1 -635443 -121330
2 -857130 561808
2 359958 33074
1 -768343 -225394
2 437774 987138
1 -458938 355076
2 398644 -226406
1 875180 -621258
2 842357 115142
2 596803 -68545
1 501632 -504528
2 -764612 441651
2 -142436 127070
2 -606519 -322544
1 83972 738892
2 -137404 650200
2 -72617 771251
1 805344 456302
2 -212893 775680
2 736852 119755
1 670630 -118725
2 212349 882669
1 -451206 225962
1 761137 -12217
1 -695038 964461
2 -938714 332550
1 -621117 490328
1 263398 276421
2 -862539 -281415
1 973123 372240
2 779301 -941533
2 -127856 515405
2 179361 843287
1 145361 -211981
2 -700368 -563278
1 176092 -61009
1 -400964 44324
2 -687635 -707759
1 -839577 -620085
1 -444988 653252
2 395562 21256
1 722423 -227640
1 -732979 -267499
1 -589917 512630
2 -851745 -995193
1 -209815 477832
1 970760 696763
2 -846637 802387
2 467056 789754
2 481769 -109881
2 -376220 -367457
2 863634 -533364
2 51798 368880
1 759959 201868
2 333682 723575
1 212268 -479512
2 -885195 -792187
1 -811227 -482640
2 -718922 -171715
2 973013 530037
2 797680 -264820
2 -682783 792641
1 -197617 -659537
1 153028 565107
1 -675153 934650
2 -208003 899236
1 368927 676836
2 -50911 -681323
1 955473 -54922
1 959159 -147638
2 -894237 -656762
1 -271951 868921
2 870053 -725385
1 -725187 597882
2 47789 -963297
1 -545268 409857
2 426990 -132020
1 282965 896969
1 -419069 -27828
1 -100113 953465
2 800786 -92308
2 -304335 979003
1 537485 -333275
2 -409287 257988
1 -634322 715644
1 -545931 -722668
2 264118 356978
1 311821 -449298
2 490274 748482
1 256318 -636092
2 285364 -806389
2 273285 328690
2 371432 741314
1 408239 935744
2 207469 926792
2 -573671 -632002
1 -602583 -224922
2 299087 -324584
2 357317 -326503
2 -353096 15240
2 659044 -699697
2 -294951 580156
2 -278392 698111
1 -37492 703447
1 45839 279041
2 482543 899008
1 -281345 -900856
2 489053 229684
2 -751208 -438720
1 -327611 41600
1 810696 355263
1 -648421 -92957
1 -281603 760555
2 -173773 -186055
1 -57466 -772731
2 457302 962051
2 -607428 408950
2 769002 90565
1 -941710 14865
2 -982140 972196
2 -955286 -5322
1 -259048 -411331
1 -194143 -312697
2 58619 923361
2 524446 664143
2 806742 -52106
1 947222 -643313
1 -612030 -879121
1 -66264 -534841
1 -829317 -296641
2 131412 -486207
2 -55769 -258455
1 -94251 -592285
2 462289 718042
2 874610 -196151
1 -875 -306351
1 542334 -898916
2 -45060 -397378
2 236841 226871
2 113422 -634393
1 -968085 -967737
2 33515 -710593
1 -528021 75276
2 -702579 308669
2 -230527 615708
1 -853340 221072
1 -84142 -802041
1 -1241 -446328
2 -901190 569803
2 -154320 537312
2 54779 433834
2 -263722 -920200
1 -261829 875463
2 714524 -889721
1 716044 641548
1 703040 229007
2 209399 -658123
2 712113 605969
1 393222 718432
2 309764 -994878
1 378294 -1840
1 -644797 781147
2 -85435 -514225
1 377868 839570
1 -613253 572826
1 999621 -576951
2 -9639 512782
2 -739690 -978602
2 968943 171713
2 74583 -954759
2 -34338 -316776
2 184849 -992184
2 -809849 675604
1 -130672 -296453
1 -691711 845172
1 933003 545539
2 421292 154813
2 -565938 -757545
1 316321 -866864
1 575534 713101
1 336623 111017
2 -716560 -506435
2 799578 -375776
1 -882844 695206
2 -790353 111063
1 -373821 -63543
1 -230043 728679
2 -820277 -466149
1 -802499 118209
1 -554369 -443465
2 -695598 -443463
2 711782 -946300
2 71599 931907
2 -127645 542171
2 -487185 -64817
1 439743 46434
2 -102414 317418
1 100386 418693
2 -910225 808748
1 -24178 325236
2 -154964 -284213
2 980002 -81123
1 635024 -123276
1 -492998 305740
1 -906275 -844255
2 -838568 322417
1 975424 -986204
2 411647 160697
1 -838791 570455
1 -840609 50965
2 560722 -63453
2 -480023 232663
2 -476286 983446
1 -123747 10509
2 841060 334618
2 -437106 -965206
1 151267 988203
1 849209 -802911
1 -634412 -798286
2 412319 -544947
1 139559 350392
1 240745 -194065
1 188847 160880
2 -198820 -861821
1 179707 648832
1 -270869 -958135
2 -586280 -396408
2 -957877 476500
1 -141822 448003
2 -311883 193281
2 -247654 944882
2 826603 -481776
2 -508908 -918344
2 -803018 -602476
1 -537979 828524
1 -334511 163302
1 580530 621969
2 -767237 357079
1 598320 -592228
1 147988 -83395
1 -938867 -230506
2 -27407 90855
2 267430 -12913
1 323153 -123152
2 -724920 -921585
2 -699500 27831
1 -822429 -620450
1 -790162 -678166
2 -398034 -741880
2 -897170 75152
2 81589 723735
1 123928 -181181
1 -176016 140267
2 24666 667122
2 -443977 -366564
1 774601 129866
1 907045 570801
1 37890 778933
2 151904 -314551
1 965990 574771
1 560736 181901
1 -876763 824405
2 -923206 797054
1 874744 69594
1 -884027 817314
1 409582 -517240
1 -680530 633465
1 -150874 413462
2 80589 -81445
2 -512222 -571714
2 -962259 881736
1 368219 774890
2 -890062 -538548
1 -980146 468975
1 -485386 153525
2 503576 145969
2 -481283 -938944
2 -208959 857498
2 139866 -499380
1 -695574 -30728
2 -888844 -83752
1 -779870 182664
2 793579 858005
2 756482 -191164
1 -132486 -753930
1 -408212 322216
2 -389098 -660111
1 -906951 -196817
2 525945 -145776
2 589878 -376510
2 252266 -701680
1 578702 -70712
2 -823008 -346763
2 -505915 -640993
2 191033 868826
2 -960238 830299
1 686631 625034
2 752792 -165645
2 626490 537603
1 300604 -846027
1 106867 -732004
2 95407 798849
1 -948344 587171
2 -868920 545639
2 -749674 -670027
1 -423188 789683
1 820913 -47095
1 961063 -174011
1 -556446 668210
1 -104950 -279950
2 744665 -670286
2 -583469 817942
2 822133 435316
1 -575495 740873
1 772644 -749460
2 -653470 -890121
2 555218 -501472
1 -276647 5351
2 -563619 198117
1 -731288 135064
2 905628 774067
1 984667 270154
1 412216 -268670
1 955803 -514765
2 100676 -712036
1 -430895 -643864
2 -42988 402264
2 185360 -413488
1 49876 77189
2 -221621 178637
2 -204050 -705288
2 752309 -282327
2 436395 -176306
1 -768929 -64249
1 673508 221361
2 -313685 -66757
1 846577 992146
1 -534438 308728
1 -774025 339044
2 775942 646108
2 -496764 -940809
1 -586455 658397
2 -356789 -20000
2 -569443 383969
1 -271977 440491
2 236070 -722200
2 -668477 -931860
1 -182955 -403089
2 -698592 -719217
2 -138684 -851894
2 -839389 526954
2 -571921 758258
1 -698535 239393
1 -47184 -75210
1 -234565 788160
1 -691930 -832377
2 -134204 397867
2 -343259 -772027
1 23606 863864
1 -408460 148293
1 -707645 -775546
2 159717 910121
2 -247822 133011
2 -161865 -195467
1 -838457 185828
1 -865001 363040
1 -92682 -234187
1 -288403 557126
1 -685814 -114448
2 96475 731331
1 504984 -200697
1 -560911 -314001
2 388620 -576265
1 232919 363074
2 -749641 -112953
1 -216478 573418
1 -613154 236652
1 -686728 532165
2 -469841 -767713
2 621653 -705493
1 316354 -314802
1 -806259 961071
1 769967 286135
2 888196 -3853
1 459410 371988
2 -371836 -739157
1 -144761 -920428
1 212924 545372
2 238794 -968382
2 -214709 282020
1 123143 633907
1 -242630 -670050
2 535853 249666
1 937244 -222901
2 41253 -737596
2 -583626 169803
2 519003 -739726
2 656785 -641926
2 80886 906216
2 711136 210188
2 270039 -195467
1 -604061 957696
1 261848 242465
2 881914 491584
2 815163 -627522
2 -599290 -908898
1 -485973 296875
2 3509 -672945
2 189061 -245375
1 877982 452669
1 617555 477371
2 224962 714695
1 -199631 -490231
2 -305381 -601461
2 -981330 583236
2 -402756 -41911
2 800178 -296516
2 943818 184551
2 236387 614492
1 861883 51960
1 -816848 -889518
2 -146195 988243
2 -677904 731289
2 -407090 -832575
2 -194644 -721380
2 -120301 -102282
2 -219165 -566941
2 485575 -189427
2 618169 780698
2 -81583 184301
1 -751661 -40370
2 -400427 -922507
2 936000 884918
2 -191616 134129
1 -831333 -161999
1 -636367 363134
1 525309 -829493
2 -855287 -483464
2 -43971 -107830
1 -753670 216354
2 -792184 -635297
2 652277 -355104
2 -79674 235807
2 -674727 100696
1 -903739 -258462
1 -266673 -474803
1 -974132 -527018
2 -434752 574879
1 -115449 -621528
1 351134 -178204
1 470344 14584
1 -571848 -10919
1 -290490 -501263
1 -322753 -357757
1 186442 -240461
1 -836547 270150
1 -801777 247981
1 843991 -453811
2 762421 -439109
1 887897 970412
2 497310 911634
1 -719904 -673429
1 532022 -85340
1 242148 -639333
2 -962527 380382
1 -297878 -586120
2 -69226 -273507
2 223318 -893965
1 -996646 -665313
2 289420 -673386
2 230733 -346609
2 267572 376105
1 668621 153004
2 -439791 -57317
1 791927 -876481
1 404668 961652
1 664168 -644534
1 -773294 617151
1 -662856 -531546
2 47614 89284
1 -536501 -343458
1 -185167 443717
2 -597944 -309608
2 550741 312319
1 -777733 68225
2 940326 -467713
2 -766316 -181909
1 692647 -323921
2 969106 908853
2 -924306 320451
2 987133 -319916
1 400634 -796511
2 475027 666242
2 -307792 911585
2 -882467 -972316
1 418364 986629
1 289439 -361274
2 614298 -221466
2 229039 -802664
1 -11483 -466135
1 -658682 -426598
1 -655993 736739
2 -808053 842084
1 314981 622475
1 983107 59686
2 322651 -553075
1 -104922 195094
1 741085 -787965
2 605759 355864
1 224512 -833264
1 -856225 -225761
2 -459272 746501
2 288363 -430091
2 -416186 384781
2 279762 -896362
1 -341051 306769
2 686388 555649
2 253962 -219075
2 359456 -405339
2 776125 -286271
2 525667 -825710
2 611699 123457
1 365246 852914
1 464610 -300283
1 935183 -837196
1 248397 317072
1 -632053 817047
1 1438 557663
2 -598820 979775
2 24456 -852867
2 -242435 609895
1 -969716 -353078
2 -419642 342613
2 932801 -846902
2 410965 707026
1 -339585 929630
1 11605 -686266
2 684938 189655
1 -729043 -170958
1 -648526 155924
1 -573542 -463011
1 -233020 734900
1 -856159 868464
2 -305970 -492523
2 390111 456120
1 160850 -62879
2 -943243 258734
1 -895633 -101301
1 245869 -143773
1 -275997 917990
2 -776031 648664
2 -257913 656117
2 70446 -440291
1 -506611 -324855
2 -61911 582878
2 243815 -642801
2 930969 384202
1 -182711 -302534
1 -891056 762726
2 -414463 -671907
1 285891 44978
1 287323 93519
1 -436982 -879686
1 -721552 -346666
2 27185 989031
1 762631 -921161
1 -785509 -533021
2 -152599 -558519
1 -454848 -959800
2 6391 -261840
2 -508029 -154686
2 -304046 -181534
1 -818308 593354
2 213683 -717521
1 304295 -855789
1 -374008 782467
2 -67148 619929
2 -699426 -739796
1 -804801 -547818
1 289124 355029
1 524007 -700568
2 -196762 -292198
2 -175 -546286
1 835090 53276
1 -775902 819660
2 -453777 -971415
1 970171 796209
1 731296 791392
2 -348825 -249993
1 -568418 -403008
1 253392 217293
1 77064 713122
1 -415820 534658
2 807780 -630115
1 533149 837486
2 -501840 -199872
1 -827608 407164
2 -771587 -706428
1 -174564 530681
1 985050 690165
1 -722141 -242239
1 169111 679313
1 -795721 -39204
1 198224 -361144
2 826067 520533
2 761565 -824759
2 435439 -243811
1 -939460 -198680
1 -347137 94631
1 958976 765380
1 228458 -554838
1 -736708 -892017
2 927841 -158142
2 244873 -865685
2 684741 895914
1 413159 -432767
1 365221 418516
1 59529 211854
2 144408 -213448
1 394051 641129
2 -580511 492936
1 698871 206497
2 414283 446922
2 -252795 612881
1 167232 -883886
1 106397 -622427
2 -657318 487529
2 -285787 487303
2 571489 776268
2 781563 -946376
1 -122663 232579
2 -445110 594751
1 105940 -302065
1 953231 285936
2 -556334 546344
2 594385 -669660
1 -116640 -620985
2 -956475 26721
1 -521328 484902
2 -531517 -629476
2 229184 -360829
2 136141 947297
2 287657 -293943
1 9824 -598981
2 -637672 453119
2 313572 954417
2 524357 -827686
1 82049 436502
1 725420 110532
2 292026 -920740
2 -574832 -137555
2 -415120 292139
2 -250154 967979
1 -454403 528747
2 640995 154259
1 622148 -382333
2 -715681 251083
1 903704 463752
1 -826943 -423553
2 -810935 431840
1 128046 983612
2 249323 -131773
1 480236 147724
1 -958440 -968296
1 117857 -155201
1 -479611 -852221
1 -766265 676109
1 -211299 -450156
1 -739457 928841
2 73421 -465184
1 166624 920399
2 -557139 -962244
1 -142911 150920
1 -214310 982910
2 18772 -312003
2 -276544 -268404
2 -74047 748398
2 -86012 -199186
2 257937 549213
2 80390 577997
2 -379333 -643881
2 -887177 -89240
1 166799 -145480
1 416936 -997398
2 676691 -306494
2 -779697 -921200
2 -920016 369398
2 -377319 -815082
2 715535 83309
1 -515831 821563
2 221689 -252067
2 546887 -427512
2 -711408 26732
1 -63796 914236
1 689022 787568
1 -528291 -456857
1 -897267 453680
2 80355 -5205
2 715501 -484495
1 98735 686906
1 -319694 -987250
1 -443220 338061
2 -398166 -961543
2 -32315 -350655
1 570440 -848241
1 -261255 522173
2 457802 -646642
1 626152 870634
1 397184 -744885
1 256803 -491152
1 699616 717756
1 -653817 -716295
1 706847 160175
2 871640 -76979
1 -697258 -320467
2 868129 969520
1 -288636 643250
2 115531 789803
1 -517195 -93630
1 -911368 -379309
1 -610951 -760039
1 438816 476577
2 400904 -270643
2 185122 -399511
2 214553 -104326
2 113340 -20896
1 702712 726255
2 -161948 419660
2 -2329 -722751
1 484114 -722959
2 -273826 -615804
1 936922 366872
2 391681 833186
2 -513699 627413
2 -182914 282458
2 458481 762455
2 234990 -848455
2 693258 -65502
2 21201 478672
1 -987972 -984729
1 -194254 -169702
2 -17127 750737
1 136772 -459526
2 -79418 540411
2 -325753 -748434
2 -416351 -378251
1 -753949 -467731
2 759874 780733
1 716856 265197
2 -220881 619425
1 -208105 -801655
2 -484326 -42012
2 831530 263670
2 720484 -789184
1 -850944 460844
2 415693 115183
2 -148551 -576277
1 100561 -649458
2 938911 -235641
2 -703775 225130
1 284385 752770
1 -589970 -380350
2 -970664 -282743
1 63949 450672
