3000
2 555992 506196
2 -56115 -77157
2 905440 -378721
1 496870 -484498
1 789775 983461
2 -879952 -731826
1 351162 305173
1 430803 -99352
1 -410756 -417487
2 -116202 745136
1 55993 824221
1 -161684 856229
1 296289 684400
1 433420 -140480
2 -616564 967653
2 835529 -560840
2 371029 -28620
1 -904890 421081
2 -103041 -220706
1 -641353 617903
2 -754876 -38983
1 765100 553197
1 -173817 -927207
1 -11495 -669244
2 -527017 941826
2 857514 681624
2 319738 516295
1 -229589 367012
2 508736 815394
1 678135 -54217
1 814452 -568956
2 801072 720939
2 -412421 -379012
2 -452832 907521
2 688905 830270
1 -885987 -102705
1 725109 877726
2 125065 910310
1 -203290 68617
2 -335720 -153827
2 410628 -940978
2 820356 603520
2 -983283 -223348
1 100387 440935
2 -991166 -625868
2 -180196 -68326
2 -953723 243976
2 121906 -139581
2 465951 225514
1 -630244 -794572
1 755040 -409451
1 -398619 -564227
1 155147 144430
2 -207493 -528621
2 528655 -631157
1 -655278 744978
2 -894108 -501931
2 -36904 588447
1 -163318 -589734
1 444891 507158
2 -314569 -908028
1 298829 -652449
2 -139566 331604
1 851901 412711
2 -365049 -744696
2 -694660 -694650
1 -210212 -202617
1 -796271 718879
2 671779 -813650
2 39859 -160832
1 -819851 686524
2 943025 864979
2 291948 -226215
1 588278 750144
1 742093 145108
1 276153 502883
2 613994 665397
2 -288841 -798860
1 56217 582355
1 -930444 -765040
1 687426 -20935
2 -640275 735685
2 320114 836419
2 -353527 769920
1 -883838 1049
2 35554 -455321
1 806721 -418352
2 -180845 -958300
1 -19009 -873550
2 -683813 -513412
1 -816531 440423
1 51456 614712
2 -53747 -307981
1 592113 -831571
1 -470595 569472
2 228011 -62412
2 -478164 -549836
1 -810397 -529179
2 409904 893525
1 -636060 -471209
2 131850 875669
1 -582448 -49733
1 -410953 281207
1 -890064 -573431
1 -445882 -359285
2 270921 617124
1 917670 -976965
1 38555 -57987
2 -327163 -428052
1 -148054 -232504
1 -177746 -917002
2 948278 -911654
2 -391225 -372778
1 -310092 288633
2 -209819 402302
1 -87698 -525954
2 -488783 -897066
1 -668266 611342
2 -770589 60438
1 40059 -796418
2 622159 -193665
1 -183102 -868012
1 -370377 -231924
1 -576353 328830
1 -70020 386997
2 18759 -539783
2 -301752 351587
1 -283167 502610
1 -743133 -807792
1 -448316 753228
1 -798411 777712
2 -273307 95843
2 952012 -186873
1 -648777 -63267
1 -290435 424485
1 -751544 -77370
2 38000 621950
2 716882 709525
1 291823 -324642
1 222670 228313
1 718794 825346
2 -601007 251608
2 -187741 -778408
2 -101530 -836522
2 64725 -522195
1 -764885 -143612
2 -363648 789944
1 285644 -93546
1 -695627 -923943
2 324998 869361
1 926108 744573
1 -962721 -867969
2 -681746 211390
2 568522 940190
1 -386334 -233136
2 -664676 913131
2 812013 469781
2 -70257 396949
1 -197963 -467290
2 -512190 -29003
1 -535558 -499676
2 -636700 778618
1 -365961 -59300
2 497794 -957386
2 192545 258194
2 -43290 -683669
1 -373122 -336653
2 -681947 838329
2 939488 -530991
2 -992346 -438741
1 54457 -983431
1 539976 -495605
2 -280496 -634500
1 -439711 -716395
2 -501585 87596
1 257430 31872
1 633736 240899
2 -962584 -571069
1 234317 -155750
2 -545265 464758
2 -780535 -995192
1 -813897 679578
2 -551355 169509
1 -991961 19896
2 -434006 -894507
2 -340074 722537
1 -886818 -56370
1 -49211 -112366
1 40028 687551
2 801067 627287
1 59462 -917661
1 -766999 347613
2 -338225 -228111
1 -66398 -786787
2 -570018 722707
2 70116 25347
2 -500778 -359774
1 -495435 -617824
1 694661 -503627
1 -17351 987294
2 604916 196287
1 -925197 -651815
2 184590 655192
2 483940 358897
2 187949 -934626
2 794527 795283
1 721574 -491428
2 34219 -885257
2 980330 -583446
1 -627006 -405795
2 335970 -852169
1 820018 916360
1 -837189 -522523
2 -226788 -600120
1 387443 -344997
2 -941806 400771
1 798070 291714
1 -103980 7611
2 -87154 616348
2 752612 804201
1 420485 604861
1 604234 751090
1 -861333 -33017
1 -50108 820859
1 -393825 -50740
2 -52552 -232979
1 467670 -897227
1 601444 -108622
2 681152 603853
2 -707313 802490
2 422810 -345140
1 565570 -626713
2 -411982 -993457
2 958858 796444
2 -959320 245526
2 -488633 -376208
1 -462901 -196930
2 -526545 873741
1 806681 921293
1 -297018 -141983
1 -757009 139348
2 846729 -454921
1 -383173 854755
2 864626 126239
2 -504604 -630199
1 -468545 996134
2 -771989 544208
2 -253801 -291370
2 -876526 802847
2 -513438 -996123
2 587324 730257
1 651977 603889
2 528241 407442
1 7504 429604
1 -855382 -74971
1 901412 -40815
2 -424431 -94263
1 471299 46454
2 -405536 -735182
2 465674 -427573
1 -393229 -41778
2 -540862 413581
2 115802 -666462
2 471666 203583
1 -187204 241577
1 95221 -333843
1 -552275 729377
2 -642193 513367
2 491274 -464826
1 650278 62766
2 864601 -292432
2 346670 852073
1 411880 84410
2 -599133 -269185
1 786500 -36667
2 -828579 89419
2 -42751 370963
2 622125 -766434
1 -623039 213987
2 268932 -793274
1 -239464 498696
2 933719 567499
1 155636 366904
2 699789 -369113
1 -702713 66764
1 715269 -376865
2 -208471 -957343
1 329434 -626876
1 -510710 826603
1 -130630 424525
2 824087 -742080
2 -122952 -621988
1 -911100 113399
2 -133260 250984
1 -112776 274322
1 -745753 -809974
2 -740284 -967374
2 -593643 -74531
2 903563 96381
1 -678959 -990946
1 107958 -401088
1 212974 -622646
2 690230 -925114
2 795088 205489
1 695491 -565251
2 -185271 691439
1 -719353 588072
1 85254 270005
1 -111282 -626743
2 -697174 -904454
1 318961 -530641
2 945758 777985
2 -821588 -490775
1 -542195 14785
2 576370 762470
2 607632 -195175
2 -950487 602146
1 797994 -987294
2 -9082 -145539
2 -312028 -240518
2 856646 106884
1 532840 -346470
1 -215951 -588409
1 -51564 357328
1 315656 -31385
1 22508 434707
1 -839405 261629
2 -969301 608986
2 -597779 462039
2 749730 399190
2 978420 -656834
2 135370 -14962
1 -933908 -958487
2 67182 743071
2 696502 421642
2 5256 682057
1 358133 -624537
1 777625 907323
1 -166879 -396758
2 -526665 861777
2 323750 -103429
1 990005 -89616
1 -200859 898341
2 401989 -40021
2 20738 707151
1 -139590 -68898
1 706835 -38047
1 500679 -512119
1 -554165 981196
1 -124588 -108421
1 -717309 910524
1 -999222 77417
2 642513 -343923
2 519607 -596809
2 41819 757010
2 807685 -212836
1 -733826 -491015
1 -500621 274112
2 606560 -186536
1 957695 -743151
2 354728 191142
2 -97030 740184
2 60290 989173
1 501298 -113510
1 -165879 388263
1 -819255 686480
2 -492060 62887
2 137151 -96829
2 -733191 164899
1 545374 172954
1 -403217 211912
1 786788 811275
2 395832 552747
1 957502 18307
1 -998483 495853
2 140525 572934
1 374209 -622011
1 -275481 -417655
1 -118896 -512574
1 -836802 -15721
2 258154 187599
1 106803 197067
2 125924 -660922
1 -401840 -668459
1 -774149 263517
2 -200125 -783364
1 -283238 -702419
1 800639 -551514
1 -384517 280072
2 -60088 -811127
1 246380 444070
2 -870261 22724
2 878555 71139
1 -352452 828149
1 568543 -700241
1 -48011 34329
2 727266 -895847
2 224359 596057
1 792094 -72504
2 -258169 355789
2 282365 832104
1 558789 -518922
2 -679560 918364
2 112255 -242292
1 970237 -90352
2 126071 -197613
1 -384512 363371
1 558546 -608184
1 -904509 810861
1 127000 -584054
2 -609940 218662
2 265925 719331
1 446367 -691374
2 333077 549253
1 849908 936467
2 363033 -322495
1 655162 99968
1 -808508 -812450
2 -619028 -424957
1 -768495 -776999
2 -274436 -866847
1 -336494 845511
1 715081 453230
2 564831 958238
2 -475422 -494902
2 -843537 865098
2 -742210 701075
1 -592171 651162
2 -673963 932133
1 686779 -886615
1 182071 351375
1 726628 394941
1 -457744 401790
2 -973085 -936784
2 -935353 776929
1 -324239 670590
1 235626 -164049
1 630650 402913
1 -414660 24845
1 122330 982737
1 -516639 -756822
1 -470208 -922493
2 -915995 -86109
2 374347 -295069
2 -858438 598067
1 696089 -524539
2 551241 705197
2 590468 -463174
1 -176987 -173312
1 735520 -254998
1 839336 -635233
1 553159 911178
1 226473 93381
2 71210 398680
2 -24538 269263
2 -975371 665463
1 -574023 -546847
1 586304 -400647
1 390736 954882
2 -770916 562918
2 413581 659915
1 172637 -95596
2 -322370 67093
1 16840 -768632
2 -305552 537160
2 108254 560775
2 471735 -634827
2 670103 -966568
2 220722 -490712
2 889209 -984917
2 -427291 -118964
2 -777568 836583
1 -215858 987048
2 -974378 -665541
2 583682 -442582
1 646530 -873864
1 -2589 913034
1 -519562 158967
2 -14842 -879751
2 -937842 971949
2 -556488 -32374
2 -23385 -368913
2 -30925 -999612
1 -364005 799616
2 950074 -739567
1 -932843 939916
2 138657 -813126
1 -443684 544659
2 -711857 486187
2 -904418 338728
1 -867264 358657
2 -201017 244531
1 -960125 723581
1 726203 -735992
1 -641815 868625
1 12566 -557768
2 -491213 291290
2 -454771 339508
2 440854 713020
1 -741260 641783
1 328712 -761112
1 -603201 -594616
1 -394560 -395824
2 -551808 568486
2 -616041 -251721
2 -792301 -601446
2 460682 -275792
2 117836 -501366
1 -234683 813099
2 -762298 -696876
2 888323 124241
1 -943243 260081
2 -931542 787136
2 -93386 -52036
2 563565 -315684
2 564511 -426039
2 938315 -236066
1 -605934 -492836
1 -699156 -199863
1 -26809 123266
2 61650 -168411
1 -465213 959783
2 959994 -138525
1 -434454 -424260
2 44284 166924
1 -716152 342772
1 348560 595837
1 -267238 27055
2 -884563 -176685
2 -689333 782465
2 443400 -524005
1 -368156 -932966
2 650174 315751
1 509808 818284
1 -978839 423475
2 -435530 -496853
1 813277 -296932
1 -203438 -426897
2 598524 846405
2 718893 483643
1 257044 -447519
2 767850 729524
1 -324545 -456523
2 705071 330681
2 611918 -197479
1 -995255 700928
2 243378 32654
2 -315147 -620965
1 -844020 760100
2 431779 293375
1 -974123 -377744
2 -597423 446305
2 -753799 49320
2 -259793 -932128
2 546449 214219
2 407593 74825
1 437442 -599027
1 960807 -469937
1 306114 -299569
1 14859 -34640
2 -108568 963505
2 -803088 220286
2 906871 -347942
2 59893 325031
1 -94644 818809
2 -775908 720463
2 -951132 -233476
1 -367807 929191
2 763041 -29395
2 724148 743620
1 287104 414909
2 748508 -125576
1 199796 49489
1 676292 985134
2 -20099 833319
2 -747806 713762
2 -731616 615161
2 -241911 -593628
2 749939 -85603
2 844215 -686796
1 850689 50329
1 -422425 -386778
2 -254038 -271880
2 -765739 -489743
2 -31108 -75472
2 -282471 184233
2 -593383 304789
1 -273743 770562
2 679669 -304539
1 108731 576882
1 -822744 94098
2 -135531 105974
2 129966 -769780
1 953013 624227
2 -775530 -934105
1 28630 -751554
1 454056 443125
2 -838051 -997502
2 887531 824076
1 -497425 -45229
2 -623882 60894
1 761563 -849680
1 99071 331867
2 333288 105562
1 132031 -98297
1 175538 633558
1 113456 -60511
2 768704 -920638
1 487165 531563
2 -404502 632304
2 52022 125244
1 -776134 927290
2 -760983 -614280
1 -382084 -844799
1 663806 -721450
1 -81288 -865307
1 287984 -794433
1 -439999 443547
1 -572782 304347
2 994501 -569099
2 68851 774956
2 -609788 772397
1 502455 -676093
1 -119484 -385122
2 785794 106248
2 441013 -620440
1 221368 366056
2 188091 -544418
2 -8789 786062
2 288003 -476964
1 778183 285185
2 -843392 -695781
2 953580 142622
1 -869739 786234
1 511825 699384
2 556168 -539180
2 -908569 634250
2 959664 327474
2 329748 639486
2 -317067 -869613
2 983191 -522876
2 -706681 -577893
2 979941 892338
1 -564342 47026
2 -886475 -300557
2 -559301 714230
2 -236986 120600
1 135243 -135992
2 24439 857016
2 127729 -348678
2 -630396 646998
2 168539 -927852
2 254964 623932
1 569017 -735166
1 -866440 198604
2 -816936 -366399
2 -161981 -142239
1 338460 966051
1 -962668 14516
2 927071 908737
2 889859 -73155
1 733449 963205
1 -827984 87761
2 869089 -913389
1 -639028 -328025
1 121860 -918373
1 -928251 56278
1 68751 -911289
2 -480410 -270928
2 838197 242313
2 -69998 757628
1 285211 619862
1 -277201 691240
2 740650 -91192
2 117854 -203335
1 -429887 284854
2 -489233 -460888
1 833713 928258
2 928673 -184946
2 -502185 -2253
2 854047 447483
2 -425847 133423
1 -605928 -391164
2 570014 -3714
2 501713 856980
1 688023 14890
2 598864 551624
1 998967 429778
2 -496643 -922627
2 -152932 -149943
2 211063 -719389
1 236694 -228764
2 589651 -188072
1 281006 7760
2 448176 -304398
1 90495 303190
2 -900709 645448
2 664321 -76388
1 -222755 -862089
1 -343193 337188
1 405652 -518907
1 781922 -923453
2 42832 -220310
2 -900239 531829
2 -476609 -428995
1 132451 963951
2 -299522 -195184
2 856937 980169
2 895479 308818
1 -664772 -704523
1 532520 284905
1 -90207 -669267
1 -871054 715871
1 36539 78832
2 964761 -74316
2 -697103 275607
1 -93797 -963663
1 840045 -728463
1 844809 -704133
2 -961207 549645
1 -38733 -131817
2 539490 -658902
1 166973 767468
2 -753799 55821
1 893421 -252049
1 282391 -739408
1 223482 -130213
1 -447581 -897996
2 -667160 -819018
2 695878 -64416
2 528573 -13274
1 153904 -719139
2 -472000 973545
1 895056 -781953
1 -104236 -279841
2 340064 -91809
2 -214490 -48972
1 566654 -425476
2 393135 -742681
2 -931213 320119
2 914945 -740040
1 459900 604973
1 557804 929871
1 468373 912151
2 -802400 -218357
1 -19450 -267500
1 -103033 -75051
1 106946 593039
2 -551788 897437
1 319348 -28726
1 -68056 -633498
2 268187 695895
2 644660 -294756
1 -739436 -720440
2 577845 -472558
1 133701 -48414
1 -749458 962301
2 -221710 691324
1 -686448 -757001
2 113894 -711452
1 -942565 -340852
1 490273 719442
1 471933 690135
1 384770 753252
1 -558362 487541
2 375527 -479032
2 172334 807338
1 -337782 -779620
2 -611691 815781
1 -661146 188534
2 -707424 944780
2 342583 204224
2 471774 16824
2 -434222 -523385
1 939276 -96102
2 425633 -927778
2 131750 -816857
2 -448535 -930351
2 319794 -531365
1 364537 945877
2 482592 -280179
2 677252 -892700
1 -738496 -933220
2 -856003 -509167
2 -958475 445844
2 -680964 -659742
1 -477318 -351288
2 231322 -467404
2 911066 106647
1 601150 948958
2 848558 262994
1 233334 -672219
2 -546379 -247534
2 145850 -816
2 -887928 -694761
1 768920 704532
1 64948 -773851
1 -39265 924311
2 328714 -721718
2 92050 416246
1 971090 239035
1 309709 73411
1 48770 -496199
2 120354 -209202
2 -818325 305333
2 72256 -34300
2 -139048 -968673
1 -178494 516342
2 -123686 -962733
2 -804589 -994282
1 87319 959251
1 825298 -398762
1 791662 666811
1 -297654 -816317
2 -986158 -505119
2 863815 498627
1 82791 903746
1 -844938 -666158
2 700659 236923
1 484020 -305397
1 -338178 568835
2 820591 534250
1 279451 -111813
2 -86327 505384
2 270944 -988518
1 -346273 615301
2 46245 -894108
1 520810 -395997
1 -38698 446904
2 -761731 834978
2 -63072 -918826
2 -825235 252810
2 646648 -899211
1 776792 927830
1 -927541 -14036
2 -739186 -514924
2 -993044 -162357
1 349276 623859
2 306205 -766346
1 -144788 624566
2 68279 -833368
1 611427 -445986
1 467009 -12001
2 -346848 959552
2 334448 -418943
2 -68668 -914771
2 359169 784755
2 -215218 -266648
1 254909 -304134
2 -662514 -775827
2 470904 -588962
2 559923 526048
1 998731 464666
2 -866125 -507877
2 803486 -740621
1 839037 341931
1 164733 -850217
2 894005 -434793
1 87207 -931356
1 188870 542742
1 -394656 1908
2 191722 450092
1 864071 799300
2 -883015 -187919
2 -275004 -402080
1 -794109 -972679
1 -530892 -143042
1 -24891 349719
2 850763 -701164
2 142546 505692
1 -119481 -327527
1 -493551 -981434
2 667025 -654356
2 -233177 97427
2 -24056 375373
2 -852508 200879
2 900888 -838518
1 970172 812076
1 -413112 16023
1 -737782 -938076
1 -313724 -715416
2 591195 -247236
1 390553 -114858
1 -819574 -666063
1 634244 772369
2 -403160 -829545
1 -180749 640526
2 -215040 717381
1 959374 -543211
2 828671 256230
1 826683 866433
2 -74814 -132191
2 145727 -59599
1 -378790 471542
2 -884104 -476668
2 -213392 391291
2 445565 -172672
2 -862130 583926
1 -931936 162308
2 450177 -697144
1 -871919 180603
1 500638 813835
1 532389 75893
1 397625 670325
2 -597859 -875441
1 -505641 -36041
1 3742 -748276
2 612696 871653
2 -784161 104300
2 103020 662798
2 30594 230337
2 -579922 385126
2 135155 379263
2 -619525 -758533
2 -692199 653820
1 801807 -939260
1 -204817 412858
2 -411516 834191
2 -208543 -154990
1 666049 956321
2 -724366 389648
2 948976 811810
1 -784755 125960
1 -992955 -662215
2 512971 -56018
1 -401162 722593
2 -79223 -184598
2 -386350 -495047
1 382863 735296
1 378604 -797149
1 900009 397123
2 -520500 390198
1 -376095 -263030
2 22084 -685998
2 -202357 -275157
1 -22981 427884
2 -993113 685812
2 977227 -691675
1 -996963 8541
1 818711 965260
2 -954382 -818642
2 492508 260434
2 924802 800818
2 -321597 -950117
2 -579159 -801501
2 285342 827072
1 -554113 -137530
2 106594 679291
1 421695 932876
2 -935647 -163991
2 -94031 -887861
2 -247730 -325432
2 -357475 467482
1 311636 445848
2 -679960 210363
1 126931 248984
2 188647 792378
2 -65720 603404
2 -992449 -177235
1 -201678 -862055
1 -557780 261158
2 -52673 -269238
2 97107 -653782
1 676234 11393
1 59037 -55497
2 -381107 -438257
1 988842 377858
2 -318336 -176753
1 -242755 -770514
1 -287455 479320
2 -16086 225577
1 547983 -8347
2 -432959 676355
2 806358 -499246
1 663764 567053
2 -300287 966350
2 -253366 -983710
2 -716235 957742
2 71812 514828
1 702431 896
1 -651348 748744
1 147396 -27525
2 450923 -170786
1 868982 -704967
2 -387686 -937748
2 920049 970764
2 -971655 -927841
2 981 869394
2 334196 -655254
1 461375 -636884
1 -804582 -867626
2 -263653 248694
1 -167426 407329
1 372848 520223
1 -296084 -444483
1 -404194 -193377
2 -642158 -904438
2 -334318 -608995
2 174759 -455059
1 -43642 -586187
1 138074 -597128
1 51905 164672
2 -976746 -435500
2 -664602 145348
1 -283234 -631400
1 629583 488601
2 -862946 881067
2 -200377 985294
2 314089 -362729
2 -79608 -656392
2 685574 884822
1 -589800 482867
2 -233877 341842
1 -110425 -228703
1 -877533 -106010
1 148053 -996834
2 -781030 694560
1 469346 -753911
2 48199 -84015
1 529205 597435
2 -154956 -148394
2 687298 -170597
1 -175326 -275647
2 -134480 -250443
2 813638 -242807
2 293889 383212
2 477024 208837
1 453444 173083
1 792027 796826
1 15118 313791
2 608043 720932
2 980803 -638342
1 -238172 200949
1 446987 -286468
1 227700 711548
1 198457 -446265
1 742699 323988
1 -599354 21927
2 801004 -424756
2 -403789 611174
1 446340 844660
2 -224343 475664
1 732894 -361436
1 -71109 95303
1 -27305 -199174
1 609040 -538348
2 -29449 -215949
1 -950251 562904
2 -950547 -410832
2 -706629 288224
1 -628588 -990873
2 132555 711593
1 504007 -613411
1 -302537 -829210
1 85456 -335334
2 -522798 -199219
2 -201802 -949972
1 -901030 -752535
1 -232853 -455723
2 836840 -546945
2 932001 -276119
2 -8314 765093
2 -41404 -998628
2 -580621 648023
2 -723187 189786
1 99644 -39419
2 -304728 370653
1 874503 22186
1 847217 -264557
1 542301 548400
2 -99221 -59378
1 -250092 8301
1 610238 -417859
2 402203 -441750
1 -163454 -880588
2 857054 952254
1 -164957 -113932
2 -891239 -307766
1 999779 70061
1 -514234 -359209
1 499615 -370763
1 -159239 -78769
1 -85149 287540
1 552574 -899801
1 -597042 845545
1 248005 -264634
1 274665 -500900
1 156334 80935
1 -456540 637641
1 -474990 755183
1 -880247 301303
2 -481938 58668
1 -220230 -446574
2 -142469 -431180
2 -153572 -904349
1 673578 -602279
2 -385383 -260052
2 -71617 -439456
1 59482 -574191
2 -940109 908186
1 336316 961400
1 -843761 -895217
2 955449 -461892
2 684007 557394
2 -889392 717750
1 770336 487012
1 -82964 992556
2 -805646 -743892
2 19221 -774042
2 -786611 953007
2 -775853 -348468
1 -581216 651843
2 913802 60598
2 -207550 507166
2 437208 -523147
1 -571221 520000
1 -706447 -658565
1 79832 -791959
1 445195 -385829
2 -680661 424688
1 -995802 -488991
1 922952 -260442
2 -675247 -645771
2 -339692 -864004
1 -719789 -739516
1 652062 31540
2 809155 462452
1 614816 472576
1 -357050 -401246
1 729038 882667
1 506912 181404
1 -872384 366806
1 590968 -64986
2 -509553 260746
1 72850 -64419
2 903142 -986730
1 864261 -6048
2 57685 -768160
2 440819 127391
1 115759 619503
1 -564022 -569202
2 329401 810368
2 -273114 -660728
1 -198786 -293766
2 -255364 -540622
2 -723479 -717866
1 141131 749512
2 -649365 54693
2 -462730 662574
2 53211 97195
2 845800 -57437
1 -754654 -304751
1 -111177 -868136
1 -46299 788962
1 -297276 -476269
1 -849977 704282
1 504125 -634434
2 -429644 361271
2 543546 -539730
1 -274854 116052
1 461330 610455
1 -484782 298478
1 346309 793421
2 -825835 175147
2 964954 -824230
1 418188 21224
2 415004 548280
2 -191468 619869
1 -760325 443514
1 -205185 227722
1 -674511 -275532
2 -836830 -480427
1 -339657 -276950
2 -55589 758107
1 -606119 402138
2 -491756 -828346
1 -973864 -27355
2 -980241 866722
1 -230983 953065
1 420526 -710239
1 787534 -656122
2 94907 392907
1 -665082 89439
2 -976376 -219507
1 684113 335955
2 -956652 -950620
2 62042 410976
2 970512 516073
2 -7382 413049
1 352171 -751687
1 796659 594538
1 97138 -140441
1 -418073 693411
2 -42206 -469369
1 781914 943255
2 654134 832749
2 -121869 -448068
2 342963 592672
2 248597 -317026
1 374667 -920209
1 478665 -236202
1 -194091 565434
1 -450587 610536
2 -896728 -506117
1 236556 -546183
1 -12139 515955
2 -279432 -774571
1 -915420 -438349
2 -631780 -593245
2 393128 -870041
1 -584723 -248720
1 200163 221075
1 -258748 629116
2 -191757 -229388
1 -925699 927618
2 10258 676949
2 824217 -565555
1 -861834 -441277
2 574215 562854
1 687621 -741041
2 308758 103443
1 187135 -601867
1 18050 -442355
2 411744 -198127
2 266196 -738281
2 -530246 718785
2 -604887 -922981
2 716518 594954
2 32783 -996374
1 417220 -225221
1 174023 -825220
2 9242 -382857
2 -52335 -588923
1 -448314 785965
2 -367867 -65319
1 976955 742786
1 410615 830134
2 512461 -628510
2 -821167 571395
1 -573002 600519
2 -871255 -669005
2 -59106 -313580
1 705352 -943808
2 -801353 -631209
2 -228347 -774092
1 -581929 681118
2 348902 338007
1 959399 -115549
1 -588084 -695323
2 -689035 -216001
2 -415512 -292026
1 -604378 -366121
1 948170 -720525
2 -516694 318907
2 -974797 301961
1 -139609 -383595
1 973963 482712
1 282503 -859127
1 -41991 -850014
2 687310 42145
2 -912864 497070
2 -327276 -330543
2 -779895 -244983
1 -280176 726110
1 709039 985425
2 -433638 -724800
1 -619938 290435
2 392322 -409295
2 742429 -225030
2 121517 -683333
1 -965555 -473466
2 601612 708277
2 767614 771241
1 194429 -98899
1 593161 763616
1 -414785 -84609
1 -135496 681673
1 -834676 -315569
2 204365 779984
2 945859 472261
2 -713205 -150477
1 311826 -355615
1 -959863 -879765
2 -554455 112124
1 28793 -9417
2 -468585 336165
2 -120830 -986166
1 494002 -647335
2 174673 101407
1 -692403 -783763
2 -518502 -46171
2 -59270 934060
2 -180344 -556149
1 -15049 -362472
2 -552587 -518392
1 972448 -957192
1 -813570 166276
1 829779 860178
1 856932 906848
1 918468 426364
1 -560602 864864
2 959864 -310398
1 -866819 -166490
2 622151 -338067
2 -33929 541829
2 460719 359851
2 557300 461306
2 931604 -952980
2 293322 849012
1 -240868 934221
1 110708 -213155
2 -130800 -432661
1 -96729 -205261
2 650410 281897
2 619012 945727
2 969363 -777196
1 604775 -177756
2 -552794 11731
1 549874 -259806
2 -192196 395426
1 85731 290953
1 -441005 -452419
1 -185120 -758980
1 33249 831634
2 8188 -77989
2 -129818 49740
1 -979377 -621823
2 -748762 644378
2 -246972 404646
2 188242 -10575
2 990749 420014
2 -434290 336312
2 -182948 -277859
1 -569400 -903735
1 -981877 -608312
1 -889895 266180
2 896883 -106455
2 153599 145420
2 -953813 741610
2 -634109 283482
1 988782 -623654
1 384758 562187
2 -305628 -741926
1 647405 -179282
1 57137 38918
2 -19375 991020
2 -861912 249473
2 -465962 380451
2 305443 437339
1 -586785 -883989
1 896592 -990877
2 -680134 -710495
1 135487 -40340
2 823728 -778177
2 784143 381760
2 -745523 -953505
1 -127664 224357
2 -951481 -87186
2 -924981 976551
1 49542 479813
1 184065 -155449
1 -383011 -425950
2 -416845 -682568
2 264482 479647
2 -133723 466839
1 699802 -154788
2 -807538 -514128
1 752388 -954297
2 -583288 -150995
2 678113 -429077
1 521108 601938
2 538397 977606
1 -255482 -519880
2 202388 -418722
1 -199408 -740869
1 649088 90721
2 176048 -812546
1 -287604 -22381
2 -10688 891974
1 -122185 250221
2 360505 -782353
2 216940 -9317
1 3978 -793878
2 -687056 -977468
1 724957 337696
2 198063 942523
2 -459430 90670
1 -19196 1547
2 -202531 805415
1 519577 890981
2 956632 -602280
2 -98462 695950
1 367233 218745
2 -787667 -772078
1 699522 -866285
2 125465 -374441
1 459567 -990606
2 -261595 807885
1 -813920 290981
1 -175973 867746
2 692295 -240051
2 237394 -486335
2 -741901 -116586
2 454701 -721022
2 -17792 -430344
2 -779619 398909
2 402796 -482253
2 946125 932545
2 -441690 48439
1 -731136 678274
2 -392456 953954
2 137475 -652407
2 -110110 -939085
2 451238 -888279
1 106676 59513
1 756815 -598409
1 -345179 977544
2 585392 286723
2 -5366 271688
1 810370 878872
1 348691 801043
2 21279 -215743
2 429175 550347
1 -285302 636409
1 967760 300901
2 341084 -962915
1 -401985 908929
2 348028 -344357
2 -356892 252423
1 489150 -136814
2 -139778 777159
1 -597652 605624
2 -65191 -503303
1 -480636 -76945
2 -165207 -324836
2 823288 -168948
2 139838 -969162
2 -925379 299987
2 -936710 -7958
2 305272 -436434
2 121452 232252
1 -86817 272759
1 99673 442502
2 -887235 948270
2 308684 866183
2 672133 -872318
1 309178 -830946
2 -391172 512714
1 -550109 -893668
2 191901 -545866
2 -118890 -408286
1 804803 -630989
2 -81556 634017
2 -382595 567926
2 674714 474411
2 -506781 820344
2 -264750 -173979
2 -957413 282810
2 -591087 856973
1 -595840 -966899
2 670167 112135
1 764545 -773637
2 -987517 659388
1 -215983 873051
1 517917 -983693
2 -731372 713287
2 -672190 706648
2 596897 -489851
1 -614176 -923401
1 690153 -213391
2 -734375 288323
2 686272 598601
2 75760 812348
2 987838 -476207
2 558138 539355
1 228629 318701
1 -112183 233788
2 -659302 -832710
2 -914088 -58114
2 123878 979084
2 -676755 33325
2 246125 169086
2 481268 -514304
2 494881 113613
2 -766792 -171075
1 -732445 704822
2 993801 -330324
2 -53375 -57372
2 -285186 593473
2 656834 187412
2 150923 -797891
1 -825848 -47401
2 -316767 174311
2 473987 -799157
2 -472277 314788
1 73086 -91898
2 74430 482847
2 -957365 -912197
1 44536 391534
2 -119768 842126
2 386509 -38017
1 913148 -919771
2 -470293 -350003
1 405094 114760
1 -291740 509348
1 872106 -251999
1 217507 -489982
2 582872 -36188
2 71432 118579
1 342304 -481349
1 457738 288538
2 28386 -842209
1 -268985 696148
2 202668 287919
2 393344 757494
2 -814000 959943
1 691161 720700
2 -835130 59600
1 -460614 211760
2 951889 -251013
2 -974256 -614841
1 290000 -935356
2 332315 -243088
1 -758854 -855593
2 959269 -301363
2 2785 -835062
1 141655 -460230
2 -881685 153847
2 947634 280186
2 610194 848166
1 -404476 -937579
1 883428 -87234
1 897444 -677248
1 -774596 757290
1 22509 447253
2 -359347 -981718
2 -196150 -25978
2 -364776 -160372
2 854830 -394875
2 623714 -76724
1 468094 217070
2 -120816 -748456
1 626833 302125
2 23792 -472
2 -687890 -985124
2 808139 -586359
2 608738 393955
1 -525235 876673
2 -481075 563533
1 56322 339661
1 290341 792360
2 -276277 224163
1 803024 -497841
2 -578828 752554
1 885171 -815160
1 -194062 -947904
1 -149121 -148367
2 -235617 -874068
2 -729285 -223457
1 -61531 952765
2 -764518 23228
2 805941 491986
1 -575757 335740
1 -526902 867108
1 300021 -634932
2 -407173 -226361
2 762711 427613
2 52448 -724734
2 561045 -628852
2 614311 -17996
2 855743 928960
2 548565 -246854
2 -537975 895752
2 -218345 -784620
2 125871 452838
1 313858 -239514
1 -732462 414999
2 -938087 863719
2 -857580 -991085
2 -328010 -652695
2 -866483 -516672
2 -250621 -883305
2 295848 -727442
2 197618 -537174
2 741248 -50590
2 275492 -610970
2 -186231 575910
1 -261285 10727
2 407806 -334641
1 -285181 668877
2 -375837 70802
1 290065 148327
1 -559869 -824736
2 624714 709033
2 -798269 -845728
2 -354059 -159654
2 -372259 155948
1 317169 -623095
1 481598 -980475
2 -893069 960884
2 778275 -170236
1 625803 -994546
2 620894 561974
2 -476141 -575820
1 -774883 -65684
1 -331534 160667
2 683697 -650841
1 -980262 513932
2 772367 598977
2 -815836 118552
1 -799459 -832434
1 465266 728157
2 -898055 -786075
1 251976 439544
2 610857 -27897
1 602083 616713
2 -588877 -22900
1 -862272 203727
2 -465251 326505
2 713471 -588503
2 526403 -451947
1 136972 899865
1 -724003 484984
1 -559877 -962873
2 -742904 -963149
1 -800399 -618511
2 216329 -273031
2 162139 -411219
1 -639811 525689
1 701141 335186
1 -510422 -337114
2 -261337 -862329
1 549007 -817081
1 -979916 323001
1 378547 245655
2 -169746 -545075
1 -248883 317301
1 461595 -935186
1 -464527 480305
1 307712 540543
1 -250337 -114480
1 394516 452749
2 -729160 -134020
1 869557 943878
1 -105926 -664235
2 -150439 -284893
1 -64218 -170019
2 -87738 808882
1 -546584 308339
1 153872 738233
1 -328791 217559
2 -448873 -594955
1 609315 82471
1 640235 -607036
2 233726 -83825
2 -165262 757409
1 982785 652137
1 -910995 -124737
1 849658 742025
2 358759 -101042
1 47605 -50858
2 662692 571713
2 -240886 627482
1 72633 296130
2 113878 -982479
1 580708 -387349
2 -812229 693435
2 740698 707790
2 -538840 366217
1 -651769 -317906
1 -28184 -961375
1 653034 350539
1 977791 770038
1 852311 -704879
1 -62444 -374515
2 845350 387434
1 -531651 -886810
2 632120 -893844
1 -569520 -909481
1 487166 536670
1 250621 -328474
1 813938 798799
2 125746 346657
2 -101053 -825020
1 475495 520670
1 -317655 -734454
2 119706 911729
1 933025 907555
1 -478917 798956
1 604299 -166797
2 113244 378418
2 77572 -745748
1 -453304 973349
2 -875711 499300
2 671173 -994347
1 -385968 -86988
1 195438 861695
2 -539898 606989
1 -603122 728360
1 -521201 619763
1 910794 -467480
2 851032 -188924
1 -901141 -611326
2 -586804 800411
1 526526 -395905
1 -834348 -794349
2 292866 -801136
1 -35109 731447
1 978060 -704616
2 -321619 682577
2 545470 -214706
2 562878 154255
1 889284 259976
2 61431 154295
1 -338762 766460
1 665645 161058
1 336533 600960
1 524378 -478075
2 303785 578489
2 -937651 182250
1 83438 -229388
1 172533 155698
1 112633 108642
1 -603365 642404
1 119894 62305
2 -674790 -956516
1 -65604 560796
1 433248 973455
1 805274 -721175
1 -450828 562799
2 -902108 -850785
1 -827838 543599
2 38354 566524
1 -194010 -79516
2 -631329 979039
1 -40902 -566809
2 -343539 525363
2 826417 389953
1 -938544 -819918
1 380534 -381262
2 269675 -306357
1 272185 -148774
1 -633537 -100023
2 -394052 147582
1 -450189 -707892
1 663863 240340
1 786509 123477
2 -210524 567647
2 -765809 339254
2 875207 -165683
1 403646 -206906
1 -548120 517185
2 -827359 581980
2 -313937 -304681
1 -279220 787772
1 -803163 966751
1 -757475 307272
1 -646857 177894
2 -475200 -763773
2 -938983 -181429
1 678364 -214241
2 121361 705654
2 -685591 -368422
2 -838228 37598
1 384866 363868
1 174401 -473769
1 306883 620994
2 393107 776703
1 95548 -844405
2 -710341 -53426
1 -158528 -135126
2 -404063 -2034
2 225338 -957839
1 -579418 849571
1 223906 993561
1 -887206 -570502
2 219787 -196121
2 -625784 111702
2 -87975 815826
2 -915855 259097
2 -136949 292465
2 569793 293946
1 202050 -99992
2 162037 -134519
1 979675 428170
1 384746 357997
1 -447686 -668115
1 -56987 -726895
1 -559182 726210
1 -243182 61874
1 -713558 -94205
2 827821 -32681
1 -389363 899502
1 -927311 -146649
1 -813221 34647
2 -120926 -595107
1 -539430 465208
1 -900207 -931025
1 457201 -728831
1 204071 -154922
2 -520217 -842720
2 965588 -181504
1 -976866 -447010
2 678837 -277251
1 -297477 150059
2 584509 -541454
2 819933 -509290
2 -696312 -440581
2 -243324 -319594
2 -655217 -231538
1 -381292 454994
2 962910 847104
1 564853 -677431
2 -729472 632437
2 -325014 -340336
2 -316949 -880548
1 75200 -591895
1 -229145 -188413
1 160919 -909403
2 -893609 -110368
2 388952 -996902
1 -64934 -198761
2 -176536 -595048
2 570679 -821243
1 902031 360942
2 -282977 -309582
2 -201760 -247461
2 897613 164932
2 406603 -553717
2 -276325 -594211
2 580333 -684855
1 -499990 872510
2 486264 -614489
1 -88372 159985
1 -569504 -640710
1 -650173 491866
1 492144 148995
2 908058 -411234
1 -543660 -585239
1 595820 -573611
2 661978 579013
1 966904 -68051
1 839830 -333783
2 984181 97944
1 980912 -811896
2 -534651 720998
1 455653 -731976
2 498860 947924
1 708220 -768220
1 -60699 933731
2 49982 -133113
2 182212 712276
1 448559 116740
1 -236138 375271
1 -156221 613103
1 -413519 -808749
1 -798512 -920594
2 224129 732476
2 89780 282514
1 -715836 -348563
2 -692163 -749700
2 200478 -505190
1 702175 -295719
1 -282398 -580496
2 999303 77763
2 -180239 -791528
2 940924 -426969
1 993324 -333665
2 877528 814524
2 -576837 204127
2 215 15590
2 736254 68188
1 665646 178649
2 -574543 729245
2 306560 -816101
1 3305 -101736
1 -328058 530658
1 158322 -522956
1 -537832 -693337
1 -214094 600494
1 -843164 -867804
1 673421 764780
1 199890 -375529
1 -596547 -834870
2 -353223 -121078
2 675152 -170140
2 357673 -342566
2 409517 402574
1 225101 -950848
2 -414688 -448633
1 -753634 830256
2 87209 -886230
1 -13403 -716067
1 -752071 -927655
2 297686 150351
1 -259570 821639
2 -837042 -55313
1 82192 839758
2 761150 212508
1 645003 -529686
2 -123258 230697
1 -890234 568338
1 396871 -4132
1 -834364 936774
1 -135888 100735
2 121397 -685148
1 -183115 914049
2 -341800 -270245
1 -309222 891787
2 914111 -753649
2 282858 -893580
2 559215 627564
2 137117 -670083
2 -19862 810288
1 -391876 695586
1 -182786 430852
2 -414812 -529125
1 -782821 617440
2 -519956 -474005
1 699304 -520303
1 -89302 541194
1 912437 -874550
1 -622472 -261055
1 -628573 -725266
1 -268825 -628759
2 285701 858720
2 -644466 346475
1 -428056 -977029
2 575852 53312
1 875229 209209
2 -281264 458068
1 590999 448826
2 -266617 461439
2 -891438 344955
2 823088 476412
1 -306042 306666
2 -538699 743768
2 -512635 494828
1 -299687 -971028
1 -347199 -944442
2 -222357 -182877
2 37239 -151971
1 292656 -336910
1 -120631 345876
1 -724765 -308751
2 -665349 -393024
1 879306 685166
2 -366787 72246
1 710062 167419
2 383646 -119248
1 -294906 -666666
1 -728331 -196897
1 -195836 -736954
2 -462996 200739
1 172112 -915008
2 533908 -405686
2 178287 794362
2 353250 -635111
1 -493204 837382
2 -741011 831934
1 261219 -322381
1 14729 -224088
2 -118984 9542
2 430818 147474
1 -753659 400636
1 602011 -597667
2 762007 605379
1 -235353 -440819
2 -807584 715715
1 -951500 -413019
1 872436 -704699
2 471846 -765260
1 736779 882025
2 -181616 92148
2 -634860 -329167
1 -11047 855173
1 780427 -25427
1 819958 -82051
2 -914927 -158389
2 418666 58571
2 322990 -865117
2 821468 -724260
2 -599054 -949190
2 516274 -586789
1 -34113 -543371
2 847456 -244059
1 552372 -292911
2 -575942 -770073
2 -893894 -904756
2 -5692 790927
2 178588 -155234
1 472223 -426325
2 -423892 962327
1 367118 279663
1 393680 402847
2 -380903 984524
1 213644 636816
1 -296630 388471
2 -344044 49859
1 -177682 161936
2 159339 566141
2 302600 682459
2 280370 -679920
2 667869 -488372
2 -999638 -908784
1 44511 -22751
2 -130109 -833711
1 -116877 -604517
1 -509110 -304155
1 -557603 -755161
1 391514 33877
1 490146 588309
1 698909 845821
2 -12350 974856
1 -176444 959232
1 491657 -32817
1 -897011 741650
2 -477001 974048
1 132839 -526996
1 786705 -594624
1 173080 -650566
1 -845199 945802
1 -854788 -95691
1 669108 321549
2 -631516 -162800
2 -192227 -127753
2 139035 -455676
1 648182 874045
2 -543870 -113369
2 -19274 684481
2 664497 890365
2 -384229 -883206
2 123319 -412409
1 233195 -997376
1 314784 -690630
2 -746494 737823
2 605601 -304932
2 863833 815031
1 538122 368706
2 -893844 -63247
2 275161 -170362
1 905743 695277
1 -488226 456568
2 -173373 526535
1 713119 -494498
1 -452193 -352832
2 -347897 -662216
2 -246188 -423865
1 -853432 673329
1 -817379 202559
2 -128385 128982
2 270546 314810
1 -713101 -408803
2 -657125 -264891
1 -965440 -535653
1 -988079 -768178
2 375633 -700533
2 60199 -530004
2 -797578 769110
1 -993578 862116
1 -18321 697304
1 -802462 729370
2 -137158 779074
1 3949 731019
2 285814 749699
1 -752960 143111
2 -195540 226240
2 248983 159060
1 -625490 -958879
1 -560428 -203474
2 672997 -361704
1 -800922 604935
2 758176 265987
1 -68834 299474
2 -427552 -512913
1 929363 -596568
2 -589565 421382
1 99906 351538
2 -651953 598622
2 -395334 616828
2 282058 -333667
2 -640790 78828
2 520006 105600
1 525287 789903
1 -749199 -685137
1 441010 -662324
2 -756570 -495444
1 -806325 -138745
2 -886574 47944
1 449357 -479637
2 865419 -552027
2 -12718 798351
1 238094 -718438
1 -844096 -515196
1 683708 -460028
2 588892 -935255
2 -506901 794142
2 -437943 976862
1 261763 808392
1 -996467 343402
1 661631 753904
2 -119999 970275
2 -234970 -17770
1 -766264 698367
1 -781367 -966838
1 -457255 629434
1 634194 -67699
1 348079 523639
1 -619215 446679
2 -264750 -182031
1 281172 790825
2 319498 494857
1 -912764 169589
2 710164 -120402
2 -194679 695580
2 -901193 507995
2 609005 870701
2 28863 -843160
1 729729 484436
2 504692 896966
1 795356 717463
2 -38563 725290
1 -96823 218754
2 -796112 -607188
2 925342 -122985
2 597192 466263
1 -970146 416155
1 -46512 -785959
1 88663 -472508
2 -372492 250420
2 593425 -798550
2 -721987 345612
1 -177979 -836219
1 425879 -807346
2 -334597 719158
2 995288 649839
2 -501993 -762598
2 -498656 -729513
1 429557 981478
2 -459439 -54468
1 -897633 297507
1 45999 974704
2 -201915 -838962
1 -868837 -51694
2 -850002 291688
1 -296012 760280
1 363050 -43480
2 -150186 -30522
1 -168094 -800945
2 -4850 945101
1 -40321 -805598
2 350205 233001
1 -80736 411184
2 69961 -582835
1 295206 499563
2 -133988 22406
2 -226993 -45624
2 -591753 -328871
2 -919858 -968338
2 24417 487309
2 -977875 613860
2 -817876 -141700
2 -698194 -40084
1 686002 73423
1 859274 238180
2 -266604 679727
2 -659738 -158916
1 -347279 -296579
1 -957068 66896
1 635235 -591027
1 -429886 298481
1 264548 -409623
2 -178002 785792
2 904402 180946
1 -717847 -122633
2 -123383 125597
1 969961 -723937
1 -180038 594037
1 -471205 326904
2 520636 675850
1 759707 -26893
2 -733848 -861098
1 125917 -779950
2 -91313 767828
2 -515684 -721240
2 -146864 -245625
1 -373323 286935
1 290358 -935317
1 619142 -871784
2 988796 -382513
1 -528002 399637
2 -552451 -237845
1 183420 -985573
1 887807 -538474
2 64426 459605
1 165951 -383077
2 -72537 112079
2 445213 -84463
1 -988076 -719026
2 554759 -211968
2 248183 722873
1 467539 901816
2 864857 32
2 -493427 -905390
2 -488429 -955170
1 4916 964745
1 -577011 -726583
1 -543105 745104
2 -80324 -683928
1 960247 113450
1 246985 599016
1 -875031 -92783
2 -74496 -787202
1 -397167 -184981
1 -378691 132360
1 -721620 510713
2 -753978 -954382
1 956500 -822272
2 -970230 -994036
1 -341030 672294
1 297717 674689
2 -483404 -552978
2 481393 -418508
1 977181 528926
1 -313482 -658171
2 -99045 899245
1 -730110 -91708
2 -203770 1039
1 -880690 869791
2 215798 811214
1 574901 80322
1 -651210 -936128
1 -902172 65583
1 -388871 -846638
2 -567739 -995686
1 82116 -433564
2 -575477 -961352
2 -616218 769329
1 -850607 120827
1 319165 898734
2 390394 -780902
2 -435995 -314252
2 -675933 -154108
2 34278 117681
2 -202927 152957
1 -713664 128126
2 -967199 -79381
1 -720439 338184
2 -540000 885208
1 -397180 -391740
2 -359184 -231374
2 756882 532860
1 -178695 -846761
2 363867 -307054
1 -356972 922184
2 427385 498994
1 668248 -125471
1 -6535 641938
1 608365 121260
1 -455502 58676
1 928343 279315
1 517811 -760093
2 -116665 968117
2 469139 -233704
1 -971126 -38146
1 -52582 -732976
1 -888246 -38356
2 -191477 469389
1 -961124 -60469
2 713643 312525
1 -675653 535726
2 -903048 -648704
1 449032 63771
1 31521 -190862
2 -181338 751484
1 101845 922229
1 13407 -426573
1 344592 -38340
2 998046 969910
2 -272374 -227348
1 995352 -273077
1 -626791 -804861
2 -943169 -497521
2 261711 -68705
2 -747539 -802964
2 984659 132816
1 117082 843385
1 -713642 511554
2 -41195 514188
2 -916731 -452041
2 454124 -420895
1 -810722 9953
1 -984887 831426
2 -356086 -204219
2 -900856 172395
1 673991 332014
2 60439 -514252
1 -684260 -14141
2 -158660 -357969
2 -315505 -639941
2 -183862 372075
1 -758799 66583
2 -25933 835156
1 9061 575382
2 -65294 -240967
1 -642542 661772
1 -52454 -582044
2 -944850 -726877
2 -265860 -824166
2 -80857 372107
2 -318531 547175
2 -455882 -317131
2 698196 874658
2 -891366 -433307
2 728611 -298421
2 -574262 -548032
1 -101512 -528780
1 820778 -323774
2 -982768 427932
1 -90488 612474
1 232532 -141269
1 26360 -884519
2 817868 803896
2 -380914 791565
1 -390701 414712
1 987825 -697533
1 -849240 -914378
1 442171 838205
2 972137 -187743
1 634918 87244
1 260918 614887
1 573446 -348123
1 -830499 -163662
1 110691 -507708
1 -447186 -264006
2 848926 447174
2 312353 482219
1 -631605 338640
1 276790 -801484
1 -925066 -440563
2 -200049 490349
2 833503 -596790
1 -992290 503328
1 307628 -876289
2 702693 407815
1 926404 -295198
2 -883454 443960
2 292120 664851
2 256852 333879
2 -814369 757280
1 -617267 -848335
2 507285 448805
2 269523 -864102
1 -834871 417209
1 -174863 -493178
1 -646390 27435
1 17564 -606248
2 -567778 345838
2 -689233 458837
2 -762891 -658237
1 -55208 -847042
1 243136 -33551
2 -37681 -462295
1 -213004 918033
1 701499 338091
2 328334 901429
2 -375911 829923
1 -315349 -18413
1 572696 -947755
2 -13028 -409508
2 416465 -907040
2 -331671 -144911
2 557482 -468175
1 -473674 863843
2 505694 -279830
2 -179618 -357989
1 -672437 560779
2 857014 280099
2 764513 697707
2 -844414 135398
2 -936293 987594
1 -905220 871777
2 208048 640543
2 -848849 -343762
2 -401640 706564
1 771002 -326616
2 609007 904566
2 -734251 360842
2 -491593 -95044
2 -218149 508780
1 751719 -189006
1 -871028 -852164
1 -810359 107952
1 414078 999130
1 132197 703221
1 253142 11542
2 979331 643583
1 800818 451453
2 -627038 -943666
1 874024 -25358
2 -860142 -14435
1 445137 639572
2 -704719 362505
2 749522 905989
2 363063 180556
2 696246 115252
2 -621923 958562
1 -51897 769961
2 384712 -210496
1 -326730 837149
2 133727 399282
2 674164 -762749
1 361620 -50747
2 614194 28245
2 31330 592494
1 -861603 -559151
1 549430 291406
2 -360398 -635451
1 -143811 -963806
2 523400 -889849
1 -766121 -899368
1 -965523 68289
1 844337 -628421
1 -950818 -965677
1 -156236 347794
1 701357 -40087
1 -259536 -603794
1 379192 -925212
1 340933 500600
2 218461 -472398
2 524922 662691
2 -554915 383020
1 -765534 955562
1 315376 -739373
2 -534334 49289
2 962937 -699331
2 -322594 309414
1 610588 -546622
1 3428 -29796
1 580725 -103056
1 -338706 -307468
2 959313 427165
2 -78991 -282109
2 163100 -275813
2 629623 -844276
2 96809 338653
2 -282207 619392
1 -303729 -846852
1 263316 884686
1 63389 -967355
1 512741 75702
1 -466230 -113291
1 88029 885507
2 -938430 -891769
2 374970 169421
1 -318077 170158
2 -113983 9494
1 -983359 494641
2 -944483 -556873
1 167771 173425
1 -482429 -193270
2 286243 -47492
2 -636753 -110242
2 964521 -97399
2 -56482 -238562
1 126215 222638
1 -685466 -264371
2 52364 -130252
2 -379684 -538489
2 786197 887773
2 48841 696973
2 591516 -862055
1 -385990 -447907
1 880243 428716
2 945986 602893
2 702213 340676
2 695549 412610
2 -816389 829707
1 87291 484692
2 -324389 155528
2 -822390 44906
2 416424 403188
2 -501472 -18966
1 -591505 -155340
1 -381425 215328
2 10517 -972102
1 -168903 -400080
2 -36931 129302
2 -281018 588446
1 -256852 469462
1 -745955 -213266
2 995081 -826950
1 -381549 127928
1 -462872 286682
1 102535 519143
1 -464441 -74344
1 256424 -856152
2 -796061 249546
1 102179 532700
1 980768 771131
1 623382 341376
1 -50741 175847
1 364034 491707
2 -252423 855706
2 218884 642997
1 -412742 234021
2 45505 667944
2 -933553 -991184
1 -76535 957406
2 -807492 247779
1 -940617 366049
2 643042 537925
1 -651260 235070
2 -577311 234416
1 -500618 330767
1 655495 -311568
1 908415 -422175
1 384949 -240748
2 -639369 -57053
2 802270 840269
1 189761 -484949
1 -72276 502143
2 -41115 -142807
1 782841 512971
1 550197 -836452
1 -147831 -477253
2 992075 680705
1 762035 -928932
2 555399 536424
1 -519430 362293
1 928850 802749
2 -174690 407380
2 817075 -504950
1 -159411 -976679
2 -153051 -157005
1 737761 -628358
2 591524 -726847
2 384825 -311936
1 991713 607094
2 318703 -859962
2 -94090 126263
1 -343501 -844121
1 85721 117009
1 -435207 929105
1 731986 380881
1 860647 -698642
2 -229600 181853
2 487694 -591997
1 44615 -283192
2 888876 -578409
1 759175 -962937
1 -352356 449590
1 -453351 194213
2 485357 149334
2 -265167 820307
1 491000 925652
1 577343 -896012
1 883785 -87524
2 -449373 -995431
1 304686 -277373
1 -634515 -534462
1 -184876 -663297
2 -145717 -969073
2 -460338 840757
1 472736 189211
2 803522 -146220
2 260170 52143
2 291226 -351680
1 773940 -983142
2 -288078 15206
1 -287206 668703
1 -132934 -284060
1 -293095 -248614
2 -728826 -519289
2 885555 -354471
2 -713951 -692530
1 339081 -605693
1 -866298 594216
2 -251635 93295
1 487035 333328
2 -203944 -927526
2 -387435 -732169
1 -605967 949937
2 996805 121050
1 490624 619312
1 566556 -73842
2 -357293 -475486
2 -245420 465903
1 485352 71376
1 439943 -584077
2 971591 643347
1 861116 -829052
2 613031 483815
2 -606597 369788
1 -323493 -797120
2 -289667 -670134
1 250557 592342
1 436163 -77808
1 -111274 -493712
2 15321 -272877
1 -440825 569970
1 -526509 -529387
1 -14534 287132
2 -442794 -498086
2 -663095 -540187
1 23990 -674214
2 -555915 -407749
2 913708 481214
2 414648 564578
2 -285460 -8128
1 242787 105597
1 293706 -704056
1 -617067 521926
2 643427 804956
1 220284 154763
1 -814396 298792
2 736896 856820
1 198386 362823
2 899768 345219
2 -507899 43659
1 74270 -201695
2 687314 108465
2 -446673 346283
2 -180785 43525
1 -497736 735137
1 137951 -660297
2 -578725 486317
2 755424 39459
1 652172 -118519
1 -672176 932861
2 -499735 -839682
1 -196749 -86128
1 -513292 -544013
1 88685 -108895
1 872267 458889
1 430415 -610979
2 -348199 267330
2 -715028 -777089
2 542751 113866
2 -923614 -59547
2 33446 132971
1 -196204 -926319
2 -752884 -579828
1 -694300 -644127
2 708958 -372245
2 361888 441036
1 -70345 918470
2 -357334 839285
2 -163961 608936
1 333382 -330405
1 524102 890755
2 -262601 -89052
2 -121107 355817
2 -287577 433679
2 398717 -994847
1 309451 -248031
2 -852028 255080
2 871571 765253
1 -818659 708818
1 -406083 83440
1 -232439 486385
1 -624544 932885
2 840987 -901002
1 -288686 -195988
2 961000 758945
1 254850 699934
2 -955655 -200529
2 -230286 656381
2 -403655 863526
1 -521972 -324984
2 -777594 410737
2 500849 344330
1 -660959 -669506
1 520867 566591
2 -99800 217160
1 -926171 994778
2 900242 316481
1 -397481 541769
1 -491498 -507578
1 945580 -222162
1 -561139 -153601
2 -650430 165725
1 228593 -290627
1 282812 336294
2 -121545 -998055
1 467900 965903
1 491552 212696
2 -98485 299067
1 -688804 -335723
1 -763376 -805072
2 674842 637560
2 181432 -374321
1 -763095 -76972
1 -374958 836387
1 667862 -603608
2 -976333 514158
1 279206 -237382
1 703151 95661
1 -809855 572193
2 857336 -312806
2 171789 -332755
1 -497728 860759
1 47256 88337
2 -473303 -919009
1 669715 513837
2 90392 566105
2 853504 -677150
1 980195 -852653
1 278609 -251936
1 -311778 -26732
1 -795078 751855
2 -31222 4696
1 176258 720741
1 529395 -210371
1 -475198 -744788
1 649416 -413670
2 -565428 -178067
1 736274 401023
1 380431 -108243
2 753876 30862
2 -955657 -237009
1 160393 263795
2 -315484 -271080
1 -684743 -124355
1 -218669 -226285
1 -524156 -652376
1 -619572 439137
1 -421386 -941120
1 772167 -751736
2 -961099 358453
2 41863 -492475
1 -548689 952535
2 662782 74800
2 30485 400367
2 -305853 -527753
2 -405513 -346115
1 -573848 394248
1 -939148 -959968
1 -453953 87040
2 -317966 30484
2 338679 650096
1 243589 -436193
2 -36631 -839388
2 -327935 608080
1 -9913 -100848
2 237449 454026
1 790194 4838
1 884500 -73506
1 -898952 146069
1 -455601 408023
1 -459279 620723
1 -733817 -351155
2 -901054 848565
2 779829 -63695
2 -167867 -997591
1 92119 -430137
2 621345 125812
1 -465864 25198
1 -34541 273855
1 -431140 -764202
1 -510023 371091
1 -630520 572630
1 -978059 -475805
1 874730 -175791
1 490968 391086
2 -19941 -519156
2 -395321 835789
1 -504888 607371
1 -980093 -648294
2 288761 249684
1 368108 919138
1 -68336 673807
1 -333635 873501
1 -683646 296595
1 337985 995963
1 268640 314476
2 335918 270660
2 525982 461547
2 760310 106954
2 -339080 -579786
2 -703096 -375614
1 -160562 -308007
1 -770146 -509710
1 -846136 -782262
2 -592609 -694001
2 314794 -518065
1 261872 634759
1 -848693 276544
1 480575 -162375
1 -642351 -141210
2 -920196 -649592
2 -103266 10211
1 -209066 -955920
1 750355 898139
2 181275 977262
1 746700 -485313
1 437685 -519853
1 -34742 897066
2 271923 -551683
2 660620 -228023
2 743976 -237000
1 -491765 -980377
2 -784247 656756
2 585115 -364218
1 -733160 694390
2 -490718 591362
2 990415 804734
2 658105 -472303
1 -902982 457801
1 -609358 -11042
2 -539192 461146
1 -468134 -97992
2 -675981 -971119
2 -713450 -264346
2 -25122 458805
2 -914860 965800
1 -482798 -384498
2 162403 13791
2 385854 964576
2 -534130 -521183
2 506284 -361481
1 979633 -293858
2 -381647 485123
2 -733189 195223
1 248977 66191
2 -593379 368774
2 -978748 -58433
2 -424542 50220
1 -39736 -983236
2 810144 -919725
1 646568 -243688
1 -976617 -263564
1 -187363 -443450
2 891784 250209
2 -618660 -233274
2 -819667 -236159
2 -596926 788809
2 560933 -519753
2 278551 772275
1 812949 196462
2 -332437 995259
2 156351 372324
1 595805 -826562
1 120908 -903973
1 -978240 485317
1 924573 955955
2 874120 -421163
2 276536 932464
1 830273 -838768
2 493676 -116615
1 -739902 -551342
2 425984 958329
1 886136 -609518
1 -657296 858709
2 873654 -248854
2 -77282 408555
2 -645565 -110689
1 -903664 -996656
1 -684545 -795246
1 954363 -700989
1 -717650 -808891
2 551662 -220577
1 -822561 -834475
1 110550 -875721
2 -258811 -440439
1 -188185 -243314
1 695181 232079
2 -783250 -593956
2 207523 -178745
2 97177 522786
2 -737189 -979973
1 297764 -543140
2 318425 476132
1 910363 301752
2 -777220 683886
2 256104 -236932
1 631122 343804
2 -541846 -122702
1 433443 237529
1 -570051 174373
1 -881570 95059
2 -709393 -141382
1 -754172 -205956
1 276498 289178
1 920381 557661
2 -376572 -267406
1 -788118 -356294
2 604138 -874537
2 -346495 877029
2 -971132 -136701
2 -590328 -385996
1 -270220 -47813
1 -457632 293865
1 704400 -928984
1 -48098 565467
1 451150 -367447
2 -546304 -996757
1 -164241 -100493
2 745829 893666
1 36372 -726868
2 -607117 -372106
2 -486440 450295
1 -870707 540227
1 584959 -989928
2 -982609 -906969
1 -159952 -55148
2 -196779 -581238
2 -370452 512677
1 -73268 -175488
1 -889134 -957585
1 -34115 -578207
1 -85661 -319898
1 621960 453151
1 -86017 -283738
2 743214 962675
2 197095 684393
1 -63112 412344
1 -506067 809505
2 995560 -789212
1 -693449 -352318
1 -502704 -704972
2 228602 -138409
1 227816 660483
1 -431013 -638646
2 -727982 -343876
2 -132271 855608
2 982600 -448492
1 934264 -269089
2 -505799 -690555
2 638529 737313
1 -389345 -805667
2 -422466 919377
1 662144 -644348
2 227977 -640428
2 827539 -764321
1 -874228 -610090
1 -382580 818981
1 358704 963377
2 449557 882604
2 -739492 341849
1 -545905 -292452
2 -825076 926418
1 177752 -194264
1 -400175 -702361
1 836870 -47293
2 -960961 685662
2 -850726 117071
2 -289476 539811
2 -855105 575124
1 22721 2591
1 -772074 -888319
2 466003 -904725
1 861985 -222703
2 22748 457899
2 -901152 -804191
1 -123148 81765
1 437542 -916984
1 813501 -541430
2 -855506 -153302
1 -581711 334212
1 -598563 -698427
2 669459 217441
2 -384291 79651
2 -165025 746298
2 -631346 699508
2 894585 -707415
1 565811 -591851
2 -621901 -669621
1 52989 365768
1 227751 -440603
2 -494515 823017
1 -637844 -440626
1 227688 511744
1 -805217 472204
1 655878 121599
2 -809404 136845
2 -550414 -12382
2 -316962 900041
2 49939 -856597
1 874236 -470428
1 -563855 229261
2 -279546 -685803
2 -802286 -304274
1 908473 547728
1 59035 -91006
1 -295578 42377
2 227365 -923330
2 -248191 -74272
2 724082 -367114
2 -682781 818878
1 -920287 -181264
1 -334034 164294
1 968942 155313
2 -163126 632961
1 -535220 -828556
2 -262134 -238587
1 -467495 634141
1 -79301 511901
1 -811796 -27804
1 717223 443409
