3000
2 -906128 -376731
1 -305220 107156
2 106640 -546996
1 -831644 618916
1 -982928 -252475
1 513081 -200861
2 -648496 653618
2 634307 -164221
2 185642 325889
1 -928211 732521
1 -434447 -306580
1 -230334 -156417
1 -635363 -765590
2 -544263 -709610
2 483687 112405
2 430874 -902081
1 984770 -14518
2 -412939 923771
1 371124 -428921
2 514528 101931
2 599742 -701967
2 640963 -375294
1 -388015 -469713
1 140567 -718357
1 -402975 268765
2 316434 -976778
1 327937 223424
2 -392873 -49743
2 -482832 -956062
2 85936 -273035
2 744684 -352425
1 414828 -408651
2 -501245 -212338
2 -651620 186364
2 -195148 811156
2 -859693 -477790
1 994107 807033
2 -190828 -637790
2 132437 727901
1 -243895 90037
2 -573928 -945895
1 901811 665181
2 126321 432
1 -802082 -879727
1 -113556 -817083
1 102349 -614599
1 681033 609118
2 -858306 808771
2 -581540 -794964
2 -427257 456876
1 -140208 -454710
1 978101 -11190
2 974504 -435515
1 -809108 -884850
1 -534107 -136940
2 14262 -68507
1 -445753 -190826
1 -741633 387916
1 873967 -983780
1 -817021 217181
2 -905182 -493164
1 -281388 384687
1 651506 690645
2 -58278 -410712
2 622959 -759028
2 -885716 460770
1 852249 250209
2 89037 -197417
2 773844 -585786
1 186211 -118405
1 682513 -539979
1 -830295 -736390
2 39972 -261160
2 -205938 -415815
2 219577 286541
2 -15898 -611692
2 -359887 -46152
1 -195110 -549243
1 903515 -716557
1 -511287 -874559
1 144443 368281
1 -754620 255362
1 -730172 873202
2 -523541 -675187
2 -376979 891207
2 771241 -316800
1 -27027 464752
2 129624 -518826
2 305302 71535
1 683038 279841
2 -394204 -413907
2 -736022 623858
2 459588 -640479
1 -169998 -780415
1 -23991 -532976
2 449579 -752768
1 -280047 897498
2 293288 291045
2 -586681 864174
2 582764 140452
1 76206 307172
1 603743 500108
1 -170885 321350
1 169123 881060
2 -402349 788767
2 587132 -491921
2 -499434 209317
1 927424 843709
2 -393415 833914
2 -633972 589028
1 91868 -640806
1 -998272 23968
2 -756636 398290
1 -66532 973865
2 -283880 528205
1 -441936 -95645
2 -192814 19467
1 908875 -701028
2 -516903 807129
2 115200 -780088
2 -950871 157074
2 -6019 -693926
1 107751 118619
2 836043 70062
1 95046 735686
2 587191 495306
1 574592 893519
1 -392214 -995509
2 -364254 612066
2 -122254 -906266
1 -855843 187937
2 -610840 -900231
2 -979766 846083
2 -825149 -305803
2 258835 -371543
2 -562828 -513967
2 -943669 -889350
1 145488 -78562
2 -290150 -793177
2 509250 -545767
2 -428087 503603
2 866970 -511650
1 -159703 118525
1 -57727 858308
2 -443127 -99346
1 963195 -364386
2 -759144 271455
1 -655347 -415395
1 -889853 978246
2 532525 363865
1 -77340 -558561
1 676532 -981481
2 703363 -347686
2 -280236 -281840
2 303793 713258
1 -480951 634032
1 -66988 -685947
1 -495377 351186
2 229644 -640199
2 -635572 -277305
2 590607 -121304
1 -576073 -971692
2 886255 -600154
2 965456 -389984
2 893083 80230
1 -159512 -668700
1 -647368 -406001
1 944717 -709421
1 -236511 106383
1 -862838 699696
2 -591033 -228687
1 -198873 241961
2 253782 757287
1 817538 -741449
1 -747464 451374
1 732888 -462466
1 620713 -491805
2 -601205 926054
1 -315234 -76387
1 -500975 331464
1 -605105 -570373
2 -256670 -472769
2 -275402 920671
1 741576 -543452
2 -214776 -844096
1 -855601 248471
1 54091 879744
2 -136214 627806
2 -905336 932711
1 900267 732020
2 510331 -400182
1 -955311 -414266
2 -947027 714158
2 633555 -794710
2 -82606 999159
1 679269 977847
1 -747067 -877972
2 978752 926151
1 -59290 597951
1 261954 15184
1 -868079 671493
2 763769 201783
1 -301456 -665784
2 828034 -447646
2 454160 193649
2 28280 -631939
2 305437 328023
1 675000 -722418
1 664109 361304
2 -299103 847140
2 121757 -655066
2 606075 -333168
2 -668144 666303
1 -14249 -927006
2 840411 -573652
1 -597181 512353
1 -142758 718220
1 731128 -30222
2 691087 -524835
1 717922 177300
2 -854042 424323
1 368288 -70287
1 -876337 -19213
1 -34815 -334889
1 43373 866245
1 -57804 -440390
1 60273 701731
2 274606 509778
2 -406102 -243678
1 -355622 -412947
2 -111484 -27309
1 -11881 847328
1 728989 43601
2 -25254 240912
2 717328 194684
2 -509528 677428
2 -702124 -42785
1 407349 -24304
2 149743 -605626
2 -914327 -87415
2 813908 296594
1 -310236 -134735
1 -640290 486916
2 -728064 273240
1 627556 444506
2 -54300 416190
2 -706601 762266
2 651238 185124
1 -706394 227789
2 957172 478949
2 932485 -158277
2 11251 -642244
1 -567014 -817137
2 -611023 29438
2 560132 37559
1 218367 -48492
1 500909 -647786
2 686632 656611
2 -647516 -888812
2 -530871 221277
2 -777032 -163799
1 393877 -279416
1 -347586 549856
1 91461 519028
1 435430 -387430
1 771324 -925301
1 379806 -610028
2 20837 366779
2 -829704 -797522
1 884949 -533915
1 -242306 766293
2 387172 -903711
2 340063 -113221
2 -39320 1602
1 -68200 955498
2 -804065 -192678
2 985751 460960
2 750722 -940507
2 -587664 346405
2 -849823 -707856
1 655126 -509109
1 -234018 -32671
1 926118 916167
1 350796 157129
1 714992 959448
2 -47652 60933
1 26663 217909
2 680678 644181
1 -521649 -894253
1 -953167 -413483
1 -334458 -951053
1 439224 -664979
1 551118 630500
1 -291370 726077
1 -754335 -948892
1 126655 -386716
1 -130908 -252778
2 729216 -135595
1 -439981 739463
1 -781432 -59320
2 147812 965740
2 604619 -789745
2 -981843 -33522
1 496870 -483856
1 749384 592501
1 -925330 -874266
2 53262 950437
1 -978028 39903
2 -26637 -982462
1 515486 184832
2 290005 -861581
1 134313 241489
2 -162907 305494
1 -69298 506275
1 905633 859669
2 -250014 -684563
2 -364414 -70878
1 -335373 -321279
2 -678916 -260491
1 -94991 980371
2 98285 -865549
1 -693547 12552
1 -279465 681720
2 955448 -487565
1 -190844 -898745
1 -637430 505352
1 36210 563752
2 -730278 -913165
1 -52365 900010
2 785096 390259
2 695388 -288802
1 -746662 -83352
2 -41755 -895585
2 410686 28894
1 -528686 918775
1 485448 -312227
2 809183 940127
2 494544 461415
2 402167 944917
2 375179 -329061
1 750445 419959
1 -139833 -159365
1 118415 -778107
1 795903 -98230
2 -745029 -653840
2 25152 839880
2 -119683 282245
2 -409649 188121
1 102506 18848
2 -532470 -645166
2 -857168 -65690
1 -250088 67228
1 -215889 466344
2 -149260 -478082
2 863413 -250804
2 945899 -865738
1 80555 -650047
2 -970140 512157
2 163673 -652550
2 90370 200862
1 443414 -284431
1 -401373 -825356
2 611657 -590065
2 186639 -927235
1 -31362 -347120
2 956848 -968264
2 300439 388298
2 693140 -49365
1 650934 -909628
2 -75648 -135728
2 -323073 267180
1 -796155 668956
1 360906 -42446
1 538579 40418
1 825321 -15694
2 959297 161715
2 -566118 230674
2 760852 -806401
2 557193 675759
2 998917 -401299
2 -310885 961276
1 774693 -336566
1 -6489 -590646
2 -151312 -947929
1 -545998 146443
1 -620344 -527806
1 506551 122752
2 -108717 457543
1 153672 -620030
2 -877865 318637
2 -684950 394443
1 754425 -737824
2 -518190 -797482
2 475538 -754425
1 -502623 645133
1 -481606 -359620
2 163985 587732
1 118175 -799812
1 422361 110524
2 12171 812507
2 56885 -191112
2 506133 -895183
1 -419286 328069
2 281870 519235
1 455434 -418073
2 -675969 -769200
1 303670 653990
2 -819930 -637657
2 706195 -783165
2 -890175 -435980
1 510518 744681
1 860819 186346
2 -910997 -146854
1 -981036 -486797
2 17782 -955629
2 -285675 376700
1 -169718 -74871
2 784165 754223
1 333135 -470197
1 -867192 -428236
2 -973027 37646
2 -520879 25824
2 578347 -38751
1 294481 326402
2 415514 -889616
2 -718237 -677585
2 -69474 -442981
2 -911970 -495770
1 439095 -837917
1 -644099 511593
2 508201 -177258
1 -456689 132541
2 -402255 366694
1 -578031 142220
1 -503677 944863
1 -235957 -596047
1 -4053 319464
1 119101 751927
1 462166 659729
2 719608 488827
2 -515562 -664306
1 -979081 347856
2 -395825 364844
2 254529 -687006
1 -448354 117303
2 -439114 -696719
2 679339 167145
1 -558593 619919
2 -219059 -787941
2 732429 -172225
1 171770 -661783
1 -988864 50857
2 -866711 -350383
1 927062 764209
1 949284 -2640
2 60160 801746
2 -563675 -735510
1 -441546 453058
1 780940 585238
1 59488 -470482
2 786761 352849
2 -206513 -74508
1 400105 308943
1 -934257 -819026
2 622936 847554
1 -950052 -92762
2 -881532 731438
1 757680 -66211
2 994681 451833
1 -815504 -305281
1 616900 -522922
1 -297900 -948967
2 736754 466392
1 -156047 -470742
2 -798992 -987404
2 -271485 703080
2 -647425 644118
2 -389849 729249
2 543338 -26884
2 438015 -969984
1 58031 -942049
2 244317 -203229
1 -784029 325216
2 135637 472200
1 575928 -672258
1 493161 -767676
2 608722 119905
2 -666767 -209494
1 -300798 378194
2 116530 -434689
1 873052 -347818
2 995068 955503
2 -572858 -978624
2 752874 -799269
2 -949921 113649
1 -229544 -880186
1 -210444 -94831
1 9398 248444
1 -301030 488267
1 -441989 -979336
2 -163718 690945
1 868016 -933415
1 -247373 -331878
2 288393 76641
1 760183 -34673
2 -623589 985697
1 -505114 806868
2 -36005 -325135
1 -671967 443291
1 447561 -646070
1 953767 -718534
2 -372872 -135083
1 924277 -11938
1 799388 430997
1 -302324 749408
2 345675 144101
2 349385 459844
1 337235 390003
2 556646 -521083
2 -277965 -140730
2 -230602 -652069
2 780653 -227993
1 -321552 -195916
1 213916 -793792
2 54826 -777495
2 -310062 788989
1 -96917 642096
2 777396 -939799
2 400608 763818
1 -194760 -675514
2 787427 -453965
1 -138344 863825
2 966333 341752
2 -456515 -957774
2 -917815 -657555
2 -911887 906447
2 -473439 800134
2 247156 -526949
2 -905682 -892277
2 890330 -170170
2 -524278 949111
1 -279169 -353180
2 -980167 104249
1 975769 817340
1 -426374 -722408
1 685904 413826
2 571133 801290
2 431724 -637479
1 800928 302646
1 790486 911721
1 793658 190578
1 -11941 -148765
1 310191 168008
2 -568702 824757
2 -276031 344125
2 -481884 974156
1 -491885 -998434
1 873359 803041
1 -479733 -912977
2 -669954 261487
2 959913 514883
2 -199927 550307
1 -335292 -965022
2 -496187 740569
2 480356 164028
1 130259 148663
1 135124 -144808
2 -705324 209908
1 -565023 616256
2 -997729 -849023
2 529737 -464849
1 150102 -584927
2 660229 -797119
2 174243 873443
2 187783 285931
2 -974984 -830606
2 346208 -903444
2 703693 -797708
2 391411 301821
1 -659031 -280590
1 -414407 272340
2 597382 -343485
1 -680087 74704
1 -386481 -695867
1 -767269 -178630
2 -317562 822425
1 902246 -29196
2 -171088 906812
2 854520 399464
1 -615941 -565919
1 -248575 -520770
1 400232 452293
2 -416417 520527
2 596093 15130
2 371600 -443451
2 -707921 591374
2 -774621 332009
2 -858305 828052
1 -281029 402488
2 651005 280599
1 287839 760039
1 -219618 -174621
1 596788 -313555
2 144485 -915539
1 -683741 698055
2 749420 -806132
1 -27903 -242376
1 -410160 -402745
2 -968035 -125554
1 -704278 -226972
2 -971185 971655
1 758135 -425967
2 690264 -357436
1 90775 -999181
2 -267513 -583301
1 -64507 971502
1 657912 280007
1 -802205 -942018
2 -115956 874324
1 356927 -871149
1 77678 -970053
1 928888 -560876
2 278220 -795908
2 -899650 432885
2 305830 936545
2 961729 -987514
2 225271 -81836
1 -530552 -423365
1 -898189 964459
2 295871 -331327
1 -797084 -931073
2 -742050 -628390
2 -271272 286941
1 855755 -859806
1 -278720 -813464
1 -233775 62417
2 -679838 258840
1 -759071 -500605
2 -310105 61542
2 258582 -617628
1 972468 -631719
2 633409 748861
1 335303 -60298
1 -944278 874195
2 823993 -316295
2 -802140 145001
1 881032 -322793
2 -984774 734513
2 -298637 666262
2 -157084 105763
2 539498 -527689
1 -421866 991933
2 -311285 241449
1 -175334 -407378
2 584497 -746004
2 -80494 467239
1 528505 849024
2 -106757 -628864
2 -772104 616137
2 -692491 -255146
1 -99051 797103
2 666242 193469
1 130753 445461
2 -263989 604860
1 -12684 -639833
2 -672605 -269842
2 950151 557987
2 246543 -824747
2 859227 -555023
2 26567 594307
2 -846258 -838115
1 513332 7130
2 553813 -103476
2 40426 -626633
1 -101959 -38860
1 -715622 -750166
1 -786608 -998111
2 700125 -732186
1 699727 584143
1 637944 920198
1 -593541 -357840
2 -446629 -907572
1 836711 -719210
2 719522 -951500
1 -379062 -92372
2 676023 466660
2 -439260 864082
2 -572196 138692
1 -470747 14076
2 -196977 98331
1 -331950 -829528
2 727424 -241175
1 702448 284281
1 172199 544976
1 967161 235049
2 111838 757602
2 -570005 946257
1 68432 -265488
1 -529783 482333
1 -658939 -743890
2 915738 571955
2 -8434 749448
1 341761 412771
1 -205045 589344
2 564158 -357785
1 -470878 -178615
2 972819 -736704
1 252404 -378449
2 -161286 -456121
1 205470 -658083
1 895641 -965230
2 319846 340563
2 -584388 -618717
2 -353853 -709263
2 104311 337641
1 926189 101408
1 -865257 73159
1 96722 877372
2 868615 -880282
1 879450 -899412
2 866979 -361421
2 -138398 -54765
2 17438 -732964
1 -179288 -820715
2 407660 -787409
1 742977 981053
1 -988970 264088
1 -673741 652189
2 165113 -463413
1 -6757 915993
2 914679 793916
2 -924437 116937
2 -91180 992050
2 382977 639589
2 799524 705889
2 -638081 -425160
1 -42924 -526838
1 -868285 -789586
2 628312 -856872
2 967309 722168
1 -831318 84655
2 398365 -910491
2 425855 794772
2 906936 735443
2 455596 315073
2 968254 594504
1 -345198 658101
1 955766 865542
1 -913285 -584710
1 -332221 624857
1 393738 -614472
2 -572301 373178
2 435560 -207740
1 -703517 550958
1 323568 846148
1 -723616 991802
2 -564063 742781
1 -585323 -326930
1 -374520 190474
1 55970 429876
2 -401032 904820
1 -737375 -106662
2 500840 203061
2 -269491 200015
1 935351 -24605
1 752220 226710
2 -158160 41206
2 559034 -416112
1 743424 490225
1 897454 -513767
1 -268751 620049
2 576948 456578
2 -726426 -201669
1 101406 -455640
1 -406635 802129
2 -454135 -976983
1 -775021 -383338
2 399437 -896026
1 -445911 -844103
1 -721630 339166
2 467889 774322
1 874425 713515
2 -278225 -506892
2 363243 -793660
2 -726644 121271
1 896479 -889625
2 -131815 512643
2 696006 89053
2 -712725 -98735
2 -978433 -769379
2 500366 245817
2 153988 686321
1 -563363 491286
1 434480 -343002
1 -288557 -31335
2 724796 -374852
2 -203304 -171161
1 52003 -186289
1 756419 742214
2 -519330 45432
1 566140 942421
2 -681571 -861084
2 -678619 721499
2 69382 -301849
2 803768 -1713
1 525089 -522795
1 814953 -157297
2 109413 32448
1 -464870 728941
1 1062 227577
2 395750 -827072
1 900588 120836
1 335073 80993
2 341291 509097
2 559073 241977
2 747440 -56867
1 -400934 551980
1 -350418 994968
1 95527 812928
1 -451966 -554067
2 965193 -805580
2 105180 939698
2 264140 735676
2 851943 -881118
1 42461 -456978
1 955209 -495705
2 144522 -307699
2 -643447 -548768
1 609693 421470
1 -475562 -857762
1 533961 480307
1 297258 966605
2 768368 -571724
2 951593 775271
1 -205302 279227
2 269074 -398962
1 895747 822374
2 -766113 -767591
2 850883 -685111
1 -949633 945379
2 891779 177780
2 -456567 170585
1 246514 695874
1 -730180 748880
2 998626 713578
1 -134935 104426
2 -380701 368643
1 758025 -279666
1 -520820 -980014
2 104156 -268740
2 -490131 449922
1 -142948 -467164
2 -586595 314036
2 -240392 927742
2 -348943 -231726
2 -414366 963432
1 722309 -138402
1 717399 -614748
1 87290 475466
2 -427530 -134528
2 -756265 626750
2 205112 -665781
2 -373870 -896750
1 431396 -142158
2 550756 551924
2 212178 10321
1 -223132 816163
2 -371804 -187455
2 -283540 230260
1 574096 556325
2 595053 539021
1 -447956 805223
2 174598 834464
1 48601 662972
1 -82590 -734064
1 605450 -842894
1 416277 -69754
2 87072 810828
2 757854 851577
2 788702 950450
1 718913 823479
1 -517350 -701170
1 -155775 89068
2 -294882 -262248
1 -780739 -421540
2 419053 553829
2 -955532 -127727
1 -205528 474494
1 -815113 253352
1 -303106 -389082
1 494096 935295
1 -613573 -797855
2 142629 -101336
2 341191 825457
2 562794 749144
2 -760459 200042
2 -381229 -494690
1 178665 -862462
1 -282437 756892
2 -732320 802779
1 22165 672832
2 832969 440526
1 -166333 763118
1 292781 -227988
1 756461 -542090
1 704816 51515
1 469173 347070
1 -302391 -379198
1 -915757 -91973
1 -984041 -952596
1 -351100 -465050
1 -459770 387377
2 -420444 883917
2 415022 853203
2 546656 -296528
2 197297 78349
2 -479110 -439528
2 283181 529810
2 639489 867832
1 -618668 -372069
1 343616 -433933
2 -991899 -937072
1 69689 853694
2 -819153 404157
2 -635147 850088
1 -759988 102479
1 -530563 -614366
1 -600581 -596037
1 319251 345040
1 523083 -220929
1 -268205 -210963
1 -93504 -41601
1 -888815 400174
1 73578 174309
1 281348 -255929
1 481209 483342
2 605654 595739
2 987182 497283
2 -718400 593815
1 -448272 -511137
1 196727 506839
2 -900552 -724070
1 819488 22937
1 -451531 762165
1 770925 390856
2 -305724 -364338
1 -26933 54427
2 373418 90495
2 740142 -626985
1 464918 880838
2 -880889 -480029
2 209637 -663955
1 376853 -217073
2 -224380 -156377
1 -128413 -344371
2 -515671 -499726
1 -606249 215024
1 669023 897281
2 -490639 -80858
2 -208762 152773
2 -903625 -342217
2 -792686 928268
1 -379030 442021
2 649559 -562
2 22179 906454
2 539528 -26361
1 -614115 103564
1 -295839 -338979
1 946972 -846026
1 -535468 -992439
1 105817 -364560
1 -696045 51109
2 5518 -934211
1 329558 -549673
2 164689 405925
2 513704 253729
1 807370 492127
1 -940704 905787
1 21331 663891
2 996934 298390
1 335098 499429
2 822778 -732512
1 -890522 -258614
2 195430 715711
1 977945 -632326
2 -1940 -183917
1 -606265 -56284
1 989673 339026
2 325792 199741
1 -394982 521727
1 -525325 -643946
1 -810660 -947125
1 941315 156851
2 100053 819704
1 -158996 -7599
2 691887 913597
2 742250 769815
1 -192374 -604846
1 256433 -711202
1 -52244 946669
2 599143 -766441
1 -602447 66762
1 -18847 -152339
1 -583168 -133188
1 842395 748749
1 578566 -355771
1 737887 -500984
2 -326484 966681
2 -319225 886025
1 547477 -517638
2 883185 -168758
2 -687478 -64318
2 100800 -635945
1 949035 -192258
1 -491614 -449338
1 -291765 93825
2 -524834 -393496
1 -881842 -489140
1 -167754 898170
1 -83712 421385
1 -118524 -254650
1 22470 -212574
2 -107568 -254831
2 492877 465446
1 913915 -36770
2 24910 775524
1 480863 682512
1 -104490 -552037
2 686394 651495
2 -648729 741903
2 -18283 -673511
2 5007 485923
1 -857728 529131
1 875371 594749
1 575795 -907569
1 -342592 424672
2 -383906 554171
1 -285639 977789
2 539251 -677662
2 -98894 -572399
2 332282 -790655
1 340198 162486
1 208279 527823
1 315490 -823567
2 626920 -233212
1 -705239 -365229
2 721090 -609066
2 -339852 446931
2 -802717 459069
2 -935131 515014
2 558517 906266
1 90876 697481
2 558848 464702
1 816309 622829
1 72275 279598
2 522723 -270904
2 -294386 64248
1 76398 -471124
1 -596253 97545
2 830165 -658118
1 -632406 901419
2 -371285 517019
1 -403018 -447091
1 968014 567631
1 582646 157277
1 -801834 -719666
1 783971 -512251
2 -521773 -990002
2 -901466 -76376
1 526896 -181494
2 -118345 749867
2 -610466 -623025
2 180017 -154701
2 -112610 -924509
2 -928427 -889798
1 -972556 -53245
2 -894634 676593
2 352711 309744
2 -344150 273145
1 212658 70521
2 541776 -255914
2 -436706 -254511
1 64772 272418
1 952291 499217
2 -764880 -63885
1 -301425 -152364
1 -710527 821279
2 542640 250549
2 -16570 96050
1 -835664 -908601
2 -594931 304165
2 -674521 -442850
2 411930 919121
1 -183606 662519
1 -544341 -21460
1 583330 -342030
1 -646233 657750
1 563148 681171
2 -150026 654349
2 -76149 -557428
2 -317911 966209
2 551512 -750410
2 -951573 361014
1 940020 399289
2 501941 685757
1 -521035 -581481
2 1178 188964
2 -821664 235124
1 -424887 254465
2 883497 -924893
2 394830 -280267
1 900437 -414824
1 35584 39929
1 264500 782220
2 -77667 -44318
2 -31499 -633416
1 -870238 411854
1 -116094 561932
2 854514 286577
1 89433 451782
2 -326341 -621938
2 -979115 -211568
1 716779 986350
2 -326 917166
2 -590721 -997024
2 -350510 -551291
1 -85780 -318000
1 -439952 -760968
1 758461 -962906
2 -347135 126992
1 -881104 -92867
2 968327 -166215
2 116631 -740867
1 -844935 -609644
1 -852409 -143988
2 493515 -831810
1 -535450 -688096
1 929206 780358
2 58457 205001
1 -536526 -768160
2 850136 764585
1 -316506 555541
2 -335367 -214406
1 311995 479720
1 -177992 951184
1 -223183 -45725
2 -737764 -634782
2 -742313 970758
2 4240 -397533
1 823464 802864
2 99486 -702095
2 989768 -58518
1 -283118 -674947
2 -619206 600558
2 -131287 -624544
2 391341 -877708
2 -865539 -659921
2 581146 977268
1 -876727 -571315
2 -941232 45837
2 -136239 218047
2 -175289 357411
1 955677 -643250
2 -278167 468102
2 -819804 -521249
1 -59159 800102
2 -136079 899613
1 -949388 -950499
2 241562 -474868
2 -349877 82584
1 686649 940310
1 400399 -746335
1 -953597 365554
2 56549 151881
1 -267918 609896
1 247092 409563
1 951152 -633235
2 -553314 -732936
2 902999 625212
1 -284450 951541
1 -51119 -171829
2 268297 557959
1 841527 166052
1 -904510 794320
1 288671 747788
1 949336 860876
1 -408550 647885
1 -561707 310508
1 -578526 -178058
1 591160 -838614
1 632841 -786784
2 -427463 996115
2 962866 111340
2 467187 978419
1 931957 979161
1 495410 -999594
1 593190 -750865
1 -431916 194285
1 557596 -555392
2 -977224 -458327
2 320296 -105060
1 655509 -67092
1 -116556 801188
2 -585762 304369
2 277869 -684047
1 903811 254108
2 -952628 637061
2 234517 -795800
2 201231 154387
1 -712573 458588
2 -674620 -101617
1 218018 98189
1 -276151 332724
2 921748 -483089
2 778580 948654
1 771196 929755
2 732544 -235446
1 843739 -679048
1 -282698 370431
1 -667836 -160522
2 974356 -918890
1 -687175 -977669
2 -839528 206089
1 361007 -345021
1 400131 758330
2 -300432 526473
2 500963 267232
2 -922266 586076
1 -770025 -477837
2 386042 131019
2 716414 842143
2 530641 713659
2 -938107 533986
2 648185 922383
2 -948101 675791
2 -603580 -957282
2 -719042 -185825
1 -546493 -164593
1 88506 898090
2 -253936 -555675
1 -962665 71077
2 -91997 -721136
2 212635 -317105
2 612008 -685840
1 397902 -681041
2 969087 582440
2 958376 700515
1 -795066 955450
1 685228 -927118
1 239309 -308126
1 -481938 66343
2 273327 -969806
2 437934 -327384
1 -443294 -905312
1 -299050 -256000
2 7291 846902
2 -527710 -692293
1 -804860 463784
1 888920 151216
2 461996 -198819
1 323828 -780724
1 158833 53687
2 353320 543180
1 328087 749670
1 -331145 694348
2 405577 224191
1 208040 512744
2 -816474 -596790
1 623066 -968641
1 11727 -645512
2 772761 -789122
2 879903 713331
1 -110332 -672031
1 -754650 -248864
2 -111598 59846
1 446795 499143
1 -838498 -507786
1 -294362 472832
1 6008 -693896
2 505259 415392
1 -277107 270906
2 -680308 363154
1 722971 976423
1 -788910 347958
2 -789913 -500703
2 -546204 684319
1 -993616 233255
2 -103330 926470
2 -348975 -766167
2 -921903 678232
1 947590 -463237
2 -470156 -57582
1 -886612 -600496
2 -649659 -876234
1 -80025 342547
1 962739 -35237
2 640430 675728
1 747469 428249
2 -696271 258249
1 420034 -968771
1 -927209 -440578
2 -763263 -898837
2 485460 -115728
2 946812 471614
1 180312 811077
2 -51324 389292
2 532062 592109
1 102421 597933
2 -992931 -260758
2 842014 350025
1 -553376 229279
1 655047 173496
2 897770 789482
2 826582 -833877
1 988051 -910970
2 -770094 366337
1 -345660 905361
2 -255712 -377102
2 -948715 360496
1 -862358 756528
2 -737043 -519780
2 -416332 -54438
2 504572 881556
2 -154239 -113183
1 906182 77543
2 -431707 -288001
1 216952 183219
1 -194919 661971
2 206198 -432246
2 547676 828189
2 -470308 -606478
2 -158386 240327
2 -767503 -108170
1 -727698 425513
1 370260 -943450
2 -179279 -658550
1 -28840 22782
1 511729 -914433
2 523454 15019
2 362375 620624
2 -858979 -491229
2 -608529 -80231
2 -621795 -891466
1 694741 849078
2 134003 -963268
1 -765368 -257915
2 -849929 -494719
1 -219906 990004
1 377471 176164
1 -181584 617645
1 972159 177735
1 -287754 -546137
1 210272 -1478
1 619553 30821
2 254669 -334939
2 951933 482198
1 797232 211081
1 -751695 -618167
2 61642 -294205
1 -998267 120784
1 36905 231105
1 707465 539111
2 -822083 -799133
2 583964 298236
1 700536 173363
2 73275 -916903
2 445378 691320
1 171186 -464770
2 -80290 -96889
1 112191 693139
1 551966 875460
2 467292 748506
1 -701344 -948831
2 874027 22854
2 647263 -564603
1 357827 245958
1 -956219 331951
1 276381 328261
1 -527727 -985860
2 85858 422211
1 -578234 731222
1 -284996 -227350
1 520674 -685692
1 202935 772137
2 -205878 590961
1 -716901 -239364
2 -813046 974818
2 -807226 726155
2 780193 46412
1 -604342 243959
1 -909725 -792598
2 -33664 762022
2 -991725 -8398
1 155309 875665
1 -932606 924513
1 454142 -105572
1 -629114 181683
1 751072 941840
2 -524310 401576
1 -158371 499386
1 -854715 -879640
2 4773 567426
2 136611 829387
2 -925039 13633
1 375404 -554622
1 -848607 -291106
1 124242 -917846
2 -659959 128688
1 -844313 -159565
2 -626058 -488082
2 799311 -860260
1 26011 -733467
1 -331680 -290253
1 33551 -97067
2 82130 -190873
2 122730 -310614
1 491813 587771
2 -813557 384469
1 -6522 852848
2 -941379 -431069
2 115780 970821
1 380173 -441496
1 400630 -863394
1 -395025 -206488
2 -219182 -850655
1 -73213 751544
2 602674 542267
1 -273313 -675
1 871966 -591379
1 899280 159037
1 60902 -731563
1 -38421 -894860
2 -823786 596750
1 -156168 -505795
1 -806085 -111402
1 -477174 67443
1 -657470 -72566
1 -73529 -542856
2 -658760 269649
1 740449 526709
2 520300 -956272
1 286114 -210438
2 321910 -992109
1 -845790 -971783
2 -977464 -489915
2 373132 -713337
1 -915392 28002
2 643617 188050
2 536936 449588
1 800016 975308
1 -633121 884033
2 -832624 156502
2 204713 639552
1 695256 -505442
1 -218385 530510
2 965699 -306847
2 234060 -477130
2 600194 885010
2 -277817 355881
1 621133 560246
1 -874256 935420
1 -657364 -288663
2 -818428 590099
1 -35969 278100
1 -927807 -489592
1 -440685 919531
2 -921165 -933065
1 -846557 139925
2 753136 -384504
2 -256247 638223
1 137677 730792
2 286204 -697906
2 -147212 -86382
1 841930 942032
2 -264538 -614444
2 -364992 212567
2 -567251 -806402
2 733866 -33149
1 245541 361917
2 -104432 419527
2 548939 34534
2 114699 814773
2 -582343 -280726
1 -316595 -940015
2 -727964 -43480
2 -134534 840057
1 -619956 -4886
2 26580 812375
2 229076 -183390
2 -787983 -82638
2 883164 -514766
2 670325 773432
2 484212 933995
1 -367084 -924907
2 -306804 -498363
2 -226756 -60823
2 -630774 303535
2 588822 -107308
2 -852565 -756196
1 908099 281534
2 -719401 -228923
1 849781 805914
2 504744 -226740
2 461163 -197485
1 -158470 827321
1 -65785 -487657
2 119673 355955
2 156404 -741546
1 -698768 324483
2 -986944 286849
2 249911 -246835
2 226206 -390022
1 -747594 264620
2 650653 360444
2 -825273 -381142
2 -582612 -792716
2 906586 854275
2 746749 335051
1 584075 164639
1 -498212 726407
2 -788891 660619
1 486641 -269977
2 743323 799568
1 -121900 -957776
2 37173 724878
1 -53376 -74571
1 406004 -603044
2 -178116 877912
1 416199 617487
1 536740 -847854
2 281896 953225
2 -431855 -779913
1 729353 161806
1 835070 -274516
1 119561 476802
2 -771782 23906
1 -302478 159302
1 -922684 -433050
1 68190 -321934
1 -768442 118706
2 795792 32062
2 -412325 -756929
1 486265 -590368
2 -824488 802835
2 -174937 257329
2 -417082 -654807
2 294433 -478172
1 -431031 -935000
2 -833447 335602
2 452522 687214
2 406205 773170
2 218251 2402
2 506631 -545771
1 -661736 288778
2 -58390 -284743
2 -139231 -36420
2 710711 -938084
2 -824844 820355
2 -394586 -821559
1 743773 347162
1 763543 403394
1 656079 -507204
1 987060 448494
1 -56766 997160
2 -708412 337995
1 701141 339196
1 360104 492327
1 -154160 -775425
2 348628 -253929
1 962608 -223119
1 -249530 -548395
1 -228315 -236048
1 -496235 -55328
1 845345 303117
1 622248 -714011
2 -683388 624867
1 125855 187560
2 450479 363634
1 682957 920107
1 -65342 946005
2 -528707 551777
1 820281 -657648
2 381416 429059
2 665085 752512
1 551075 -91919
2 -837877 -79949
1 12930 -438028
1 467823 -328784
2 -135904 -158168
1 -679897 -741247
2 -536140 -287704
2 -522509 652639
1 825134 839339
1 -421543 418169
1 -204118 152561
2 -692994 -705682
2 -232781 745828
2 -195342 -443634
1 -350518 -691386
2 -353969 -651790
1 818993 -294741
2 -496514 -749281
1 333271 -181332
2 798328 630574
1 -738006 -705748
1 127527 269553
1 -492709 -843143
1 80269 554097
2 -404459 -650701
1 706258 267343
2 -525636 141214
2 381928 -973955
2 -395949 283317
2 485619 559369
1 42626 319493
2 606698 120013
2 778758 -52597
1 999874 -325352
1 402558 -480541
1 -168016 504754
1 -997430 177264
1 397608 379547
1 -712340 363317
2 -21977 -709016
2 -913847 -25617
2 -278982 790226
2 292997 -604968
1 284888 -794490
2 -388956 -267272
1 174423 -99520
2 -337636 -324455
1 -423780 850784
1 954190 391174
2 120989 456956
1 559661 118488
2 -538630 -101816
2 210103 -836923
1 -741193 -220138
1 858615 -836170
2 207296 21112
2 -201749 -56773
2 375638 -622200
2 -375669 889596
1 -767776 -691648
1 -670704 -340370
1 -816318 12223
1 -78689 790746
1 860790 -298331
1 -301545 -168934
1 511790 110497
2 -920238 640916
2 -887693 -745485
1 -696828 899638
2 373930 693219
1 -204252 -86009
1 140592 -312342
2 -311799 -391552
2 -401925 -89171
2 412266 572776
2 -809600 856356
1 -925054 -238143
2 -825324 761847
1 52093 -681698
1 103372 575967
1 -857625 254829
2 471953 -961935
2 -106990 -534454
2 -540721 771710
1 353805 694323
1 -819325 -477182
1 158407 909570
2 743747 -79983
1 48777 -375339
2 622033 -320443
2 160514 297845
2 975015 146595
2 -505848 489556
2 842163 849956
1 675275 -91809
2 -160587 -717593
2 583649 -994645
2 26941 879548
2 -435933 737916
1 -122935 -343615
1 325326 373868
1 552533 404929
1 799303 999116
2 -610130 -977828
1 -499762 697448
2 -969572 51447
2 24432 746118
1 756801 -834882
2 908589 495127
2 -669147 -178741
2 -681511 154307
2 -448438 711096
1 127930 -967817
1 -418059 932891
2 857958 134783
2 115453 -527487
1 179304 -128543
1 592449 811155
2 -908025 -235388
2 -356683 -233199
1 260716 -784117
2 -634968 -144961
1 -91591 99141
1 556105 400746
1 391802 864730
1 983239 276514
2 -71005 -158638
2 143512 736207
1 -780348 150987
2 -56805 332758
1 270361 -788074
2 -483290 -644456
2 929205 755374
1 -322784 -889676
1 984720 -840536
1 -106059 -906908
2 746001 -224452
2 -878358 42154
2 -245604 -616963
2 41901 145675
1 -315665 682398
1 -105329 -636273
1 460522 -954021
1 779726 191075
1 -244455 685751
1 690634 -132061
2 654123 655297
2 -627609 -542823
1 -835095 655802
2 750981 -588850
2 -562138 -933030
1 -855984 -183146
2 -619888 -867371
2 152620 -286200
1 -726709 -955833
2 496241 959009
1 411665 466544
2 -939819 -225143
1 -45915 -763245
1 443882 -436738
1 -231689 -909429
2 -692664 835293
1 506256 -842086
1 503101 182476
1 969858 -455446
1 -436225 -169281
1 -256460 -953943
2 680805 786999
2 615458 -743731
1 131534 -444388
2 794905 -860554
1 -708391 690347
1 -616323 -992289
2 -666812 -971401
1 -609175 -942152
2 891583 877774
2 201043 989417
2 92104 -678357
1 466156 -331785
1 -158103 993801
1 345435 117102
1 -813901 621075
1 -923369 52943
1 -616824 597012
1 -778395 950836
2 -380401 -589505
1 -244788 -917409
2 445680 -227356
1 -580630 495257
2 440202 -239985
1 -918948 308537
2 -660666 250943
1 -862450 -788415
2 23995 -596758
1 381369 -357910
1 419720 -248035
2 656268 677397
1 743171 239316
1 978866 841017
1 428861 -723283
2 319868 704177
1 660371 -410248
2 -516863 -521691
2 478099 259359
2 389140 160539
2 -748384 994372
1 -492296 98668
1 -93228 604233
2 -816144 938250
2 612751 -211736
2 739127 321013
1 -815548 950642
2 -921150 -677186
2 291316 -843644
1 587558 657917
2 -284094 924718
1 509642 30096
1 985227 -332937
2 -632407 870421
1 943758 -821128
1 957462 -649822
2 312387 -947898
2 732749 -804227
1 -402710 727969
2 314225 -71092
2 -931543 764815
1 431809 795674
2 529860 -392893
1 569758 -300706
1 601422 -487476
1 -971846 -138142
2 -638945 -934975
1 138277 821518
2 317817 256244
2 -565221 -710414
2 566528 -553178
1 -425480 302378
2 577108 -853699
2 828366 -873280
1 80059 -987399
2 905634 872873
2 -299475 600447
1 801580 -754127
2 959262 -429131
2 -943095 747779
1 41420 54257
1 -923279 -426458
1 -812276 -88725
2 436960 -681845
2 7599 20156
2 16642 -97271
2 -141340 530539
1 -561297 -808570
2 159368 -952193
1 527818 -695656
2 -755651 939037
1 311342 -499944
1 -436252 -627972
1 -549173 826360
1 679179 -522989
2 -417152 163366
2 954023 -422765
1 -346925 -341119
1 425022 802591
2 65596 104251
1 -471300 727329
2 -809035 332945
2 -440073 -793781
2 854561 -913537
1 69933 947122
1 -612185 513531
1 -163270 218913
1 205452 -950428
1 -340680 543688
1 -989566 259073
1 640221 -835286
1 872657 -983892
1 488663 -311625
2 -432645 -38099
2 -781654 221455
1 763707 -841504
1 2574 -366952
1 836911 645695
1 21047 -116619
1 -465817 813373
1 574295 -94423
2 -816813 -287787
2 522381 -5508
1 395041 -737773
1 -705843 -507770
2 -396084 8597
2 -556258 -177080
2 -752491 24747
2 768159 -68308
1 -85555 -525673
1 -235202 85944
1 -875994 -270480
1 388528 -128441
1 -172704 -229404
1 -807636 -165329
1 473159 -718471
1 839788 965309
1 343286 23263
1 472404 604257
1 -401864 939784
2 -650027 944666
2 487114 -328695
1 396251 -416211
1 -863555 650873
2 -51443 389843
1 -493940 490936
1 -715230 -172972
1 -921459 137233
1 424655 647467
2 -718165 542903
2 -47258 677051
1 -750179 844057
2 632521 -165935
1 165051 489185
2 -137964 -758931
1 -786974 861227
1 -222844 -347851
2 785376 -902619
2 -879291 367711
2 -96003 -18066
2 145677 -906496
1 -516006 -119532
2 -254242 307254
2 -609808 440330
1 837025 559166
1 11106 924055
2 618070 -873217
2 -814030 449624
2 -552492 -923032
1 -215283 632803
2 586305 -377746
1 -219724 47240
1 -534092 121070
1 676454 -298720
1 946644 -353101
1 -327 911042
1 526689 339496
2 423942 660656
2 704977 752895
1 -623681 -575741
2 951595 812770
1 -367131 296070
1 645919 851524
2 -634118 131482
2 200144 -105056
1 825174 -480444
1 -90123 739373
2 -186120 445712
2 474012 -382726
2 574638 -340850
1 571286 -635940
1 -377391 -26842
1 -549747 -822752
1 707052 -390326
2 -792276 -181600
2 951133 -959993
2 81872 -533602
2 -513151 -170816
1 111179 -306332
1 859634 292321
2 -258404 406388
1 -343017 -702329
2 746804 -737843
2 617466 972937
1 -10500 53373
2 518109 241915
1 -625553 -4151
2 834067 876341
2 529318 502292
2 669825 376778
2 915489 395291
1 -789163 106103
2 772275 -947611
2 -732384 -275172
2 16825 986191
1 -272282 -687139
1 835652 -498565
2 862556 -636578
2 403693 583477
2 -859219 -512213
1 534666 324470
2 279750 903212
2 -779297 -190174
2 545978 309809
1 144100 614958
2 38158 -720595
1 -824393 399621
2 158551 -680098
1 833262 -636320
1 878004 824459
1 713477 -484231
1 655753 16233
1 -640958 -749254
2 -571550 986547
1 950744 510764
2 -954841 -534479
1 -306407 178013
2 624875 -581352
2 -6486 -545331
1 -218965 802944
2 352475 346731
1 -211057 -394618
2 -150774 88221
2 -780160 -697936
2 695752 -176768
1 697072 -14680
1 821649 316017
2 863358 838380
1 571343 319615
2 -972441 -124313
2 661413 -909187
2 -339195 -510175
1 -800726 -99664
2 -195568 -238906
1 -662943 10322
1 951605 968607
2 668286 516547
2 -504987 945362
2 6207 651085
1 -453336 443780
1 604636 -506015
1 -912182 -56559
2 950585 -151270
1 299264 646773
1 491977 -661560
1 861935 929026
1 -87523 422362
2 655717 -580360
1 368716 -881795
2 -6138 -685293
2 867675 -656084
1 -15751 -150419
2 -800259 -264220
2 207554 348679
2 -418361 -143190
1 851352 -807219
2 835290 -584785
2 -105707 -994616
1 -770448 431662
2 -350273 -573398
1 -569002 -215376
1 -54050 607060
2 742644 -604438
2 -587871 883984
1 64793 624895
1 -275426 507059
2 -287411 -774378
2 112902 636656
1 143304 -753441
2 637052 -62766
2 448320 100831
1 539052 -15292
1 630798 891645
1 298024 -165842
1 195674 818349
2 -224201 850553
1 -34408 510293
2 -789044 90483
2 12403 711785
1 808292 -18464
2 979783 238826
1 788421 238938
1 139660 45231
2 752991 -831633
2 807768 -822730
2 -825084 796113
1 416566 785518
1 557544 570194
1 703177 532705
1 990789 -916874
1 -345061 965841
2 -371955 -730664
2 -986839 50373
2 -580095 -522496
2 -884004 -791947
1 56610 -822646
1 168598 62916
1 862274 617517
1 219602 692039
1 205417 458277
1 471519 -264253
2 -944919 110594
1 205113 -654754
1 -481651 883866
1 726134 96827
2 599555 152015
1 9528 422417
1 633909 -852015
2 -338323 134033
1 -794469 989928
2 -41106 1767
2 -743966 -806505
2 536767 -392530
1 -336309 -46096
2 -582785 300731
1 -336941 -663180
2 663991 389235
1 272205 186441
1 786445 -957669
1 -503034 -249029
1 795434 17942
1 723462 -781622
2 -949787 351310
2 -713105 -476391
1 469723 -415633
1 -582953 -530688
1 685095 833237
2 -188047 69062
2 686722 157803
2 768157 -108563
1 103220 13021
1 314960 276749
2 -459233 -592188
2 588513 710260
1 -966056 -888853
1 -376015 -922297
2 595334 -730221
2 395899 -333406
2 -356736 880389
2 352666 -445537
1 590434 972206
2 226657 -818792
2 555000 -169352
2 87566 -890999
1 331796 -955675
1 554334 660801
2 -276948 949981
1 264287 -795395
1 380092 183953
1 -876888 730630
1 -458679 713704
1 913245 694296
1 -258084 -226929
1 141541 -366528
2 -737176 -763221
1 430753 -942365
1 232807 482935
1 -883548 862728
2 591239 480665
1 -139958 -254394
1 -314529 -245052
2 -199781 999660
2 -806986 752746
1 651110 35477
2 -730573 134391
1 940799 -513758
1 -543584 699674
1 227146 -598385
2 -18546 907154
2 -948892 -613148
2 367170 -835585
2 113271 830970
2 -24561 -106083
2 -115448 -601635
1 -411875 793802
2 626786 -492441
1 842000 109120
1 -973377 151167
1 -530343 -919654
2 -260474 -364794
1 -421885 673117
1 507825 -488626
1 434530 501013
1 -214143 -224051
1 -482446 -470718
2 212047 -187162
2 515909 -713233
1 209526 -528228
2 -901463 -16760
2 194379 -937212
1 599477 853557
2 194331 259909
1 -22699 -846965
1 838013 -846584
1 -329419 -329477
2 931998 -339556
1 -411702 -301712
1 389484 -59370
1 -881716 -365134
1 4702 -630084
1 -940318 -611380
2 -660282 704113
2 -763021 -837378
2 311239 -216337
2 -373947 -195709
1 257210 342173
1 -119250 -454580
1 -87476 -790517
1 999793 315541
2 -821227 -429522
2 -444301 196079
1 -292786 936063
1 502023 65195
1 253857 23697
2 695800 625551
2 -71833 -60597
2 -124120 -245707
1 704248 517190
2 -338466 -266873
2 -148131 482712
1 -706544 -275824
1 594618 -766607
2 836672 621766
1 -944817 -164680
2 106846 918108
2 -314787 -577819
1 295090 542014
1 -671178 -300715
1 387992 873335
2 -284347 676534
1 -459019 994857
1 -120611 696896
1 -494065 390645
1 -914790 147048
2 944261 -379974
2 -124823 -61034
1 860649 -670495
1 -584317 570696
1 -573724 487099
1 -564524 -997417
2 -329524 -88616
2 900389 780762
1 -685304 445436
1 -8451 455521
1 474111 -727467
2 257011 -996198
2 570051 618505
2 -167112 -308144
1 557368 -384717
2 -661156 32462
1 -410079 964965
1 924319 699454
2 -547706 -543594
2 637056 -441
2 -445144 38538
1 -984796 366028
1 471485 -823474
1 -186822 656951
2 -357016 172041
1 -962546 71763
1 319222 -152920
2 -375133 -113543
1 -131095 598809
1 883095 314935
1 -420260 -38766
1 876454 777033
2 815641 -590066
2 -112429 100480
2 -408254 -388173
2 -325409 -979198
2 181846 574758
1 265978 -399771
2 408308 81122
2 961688 313285
2 306836 -170799
1 695241 -752691
2 -678725 946133
1 423813 495173
1 846951 -732031
1 625345 -692057
1 -61486 -279662
1 -411319 127853
1 -906492 -480087
1 -537420 222957
1 -149567 368306
2 -623442 -551092
2 -568569 -944604
1 -795449 519667
2 29230 -674722
2 41521 -249196
1 311426 923075
1 -460437 -816432
2 -102627 738977
1 -523304 -693300
2 499453 905337
1 826099 -957405
2 398628 -484307
2 791862 30348
2 516126 936498
1 -634692 494781
2 120236 -193160
2 744789 -586426
1 356637 249775
1 -419529 252435
2 810703 462997
2 -541536 -902301
1 -279034 -94295
2 227863 -550830
2 -966480 -12905
1 -124849 -483088
2 -711250 674825
2 -294668 -664525
1 143461 -113478
2 87636 280964
1 623622 368281
1 44543 511157
1 996694 263841
1 769385 521838
2 486156 -420133
2 -904926 -185192
2 978504 755956
2 -709933 800199
2 -448033 -485752
2 -295827 -136653
1 -746305 -77987
2 56561 359110
1 -951565 492306
2 -93072 -790722
1 -867206 -659226
2 -796277 611051
1 -503109 492236
1 -590654 129092
2 628234 -165856
2 -382502 133588
2 232115 862275
2 599658 -117134
1 795234 658759
2 26321 477117
1 441259 -491675
2 -280940 -95568
1 603778 -910101
2 -58667 -932959
2 84285 -3741
1 -392444 -853811
2 212302 96672
2 999661 98634
2 16683 590516
2 -882457 -815806
2 435134 650634
2 -30402 -221567
1 -326978 681991
2 245830 -791179
2 366092 -937797
1 -818239 -248110
1 384439 -798438
2 -965250 641085
1 141238 538960
2 -425027 -88940
2 -817511 -21866
1 -672539 844683
1 -368569 140672
1 -109816 1068
2 171674 -278196
1 -868976 -389899
1 -827886 -262604
1 26479 -879055
2 147585 -852844
2 597503 -308558
2 -762741 -139243
1 316205 -813464
1 374816 -417693
1 -944759 798190
2 -753016 -801261
2 -596778 -724625
2 -287994 -575360
1 456048 -97062
2 -825588 333532
2 161767 -670631
2 937590 -421773
2 -536490 -161510
1 37832 -196860
2 262467 631566
1 -35563 -903162
1 304170 -945554
1 961045 -472825
1 78529 -669848
2 -273862 780495
1 869683 -943226
2 -395599 165676
2 -954318 254014
2 -291895 -100447
1 12249 125077
1 -527403 459271
2 -273797 -125300
1 497948 -375879
1 -194884 -763604
1 -179570 443358
2 865193 -358358
1 760893 -115043
2 372488 474665
2 -160752 509871
1 -741661 -89368
1 774353 -39467
1 -627623 -776507
2 -586527 -547666
2 -554123 -305913
2 592502 -299221
2 799450 -527381
2 192406 -61183
2 454349 -642633
1 327514 -879972
2 131860 -970003
2 363221 832800
1 936520 -378189
2 882301 991808
2 591144 894593
1 -805595 116022
1 -27645 93743
2 495014 357367
2 611874 -938287
1 298212 985145
2 894393 82441
1 -962623 778976
1 -438373 -252689
2 -504927 -48149
1 855707 336345
1 -595746 615559
2 -741827 -877493
2 781910 874476
1 928384 967383
1 979317 406703
1 762216 119333
2 734353 145624
2 874934 -747187
1 873467 608136
2 -556169 -673382
2 456743 -427814
1 -532147 778443
2 380856 -984019
1 -874926 -317981
1 -832788 -606358
2 -205249 -842835
2 612466 -997164
2 757256 803691
2 -82379 813086
2 843469 781102
1 -490780 -436669
2 -787826 553644
1 -801538 263702
1 -65820 929835
1 720898 153880
2 -126970 -105424
1 -963191 -770438
2 445843 496580
2 471325 485457
1 295679 440125
2 3585 612062
2 888389 -766690
1 825402 -655647
2 854803 -851953
1 -14540 184457
2 -428558 599443
2 782971 705756
1 448403 -497958
2 -104241 -363406
2 31063 111424
1 -509212 -15003
2 473940 401896
2 220326 858182
1 634223 419124
1 775202 215627
1 -115845 740225
2 800573 328734
1 -797886 -404086
1 -505838 658988
2 -393150 -714170
1 -362405 -328745
2 -262213 429310
2 -363212 110417
2 616361 413208
2 107003 -448715
2 -231439 -703004
1 -612195 348359
1 120681 -713013
1 356317 879881
2 -702129 -129953
1 520191 -800809
2 -866703 -211933
2 517665 781253
1 -291077 -348154
1 662438 302415
1 -320881 -930256
2 653995 493103
2 869537 607127
1 376764 298058
2 -958091 891512
1 -451344 -95107
1 47189 961035
1 710901 259392
2 -853435 632009
1 609927 364575
1 643482 -78557
1 302731 875478
2 847198 -582089
1 -720755 -963594
2 419887 564133
1 356849 -180602
1 -607993 924075
2 853984 -606502
1 -278796 -84182
2 305324 439049
2 218066 896358
1 485181 -798513
1 -72423 22277
2 592356 -760730
1 571200 -68651
1 -779426 -370036
1 -604312 744567
1 -617329 124468
2 -162563 92132
1 -516798 579269
1 451854 -540248
2 795999 -495946
2 23696 382489
2 984644 -116986
1 -670819 -261987
2 -635795 -23894
1 -879935 -451088
2 -220853 -923046
1 -759026 262211
2 -351752 584753
1 883762 -471908
2 442030 457098
1 -212536 773589
1 -502022 739085
1 860305 -442331
1 -42693 -654345
2 -287198 800590
2 260964 -616068
1 980483 -17117
2 623583 -290764
2 -143450 -898418
1 -419814 -541169
1 -23714 114363
1 -402167 -153825
2 299317 -456649
2 -825112 328650
2 -154300 876506
1 -679224 571142
2 859414 583167
2 65734 424474
1 637545 220186
2 139060 -43552
2 111076 -39344
1 -473519 -531864
1 -83851 93643
1 -608051 -51843
1 874800 -999713
1 -783353 -313967
1 -820585 357229
2 -256385 304169
1 630939 -739563
1 657097 598434
1 -335563 492449
1 879806 -925469
2 -524287 788873
1 36157 -334866
2 -885054 -428967
1 571026 -516813
2 -273079 -71182
2 748102 -946887
1 116603 790828
2 -6738 -775470
2 -272331 496731
1 -271064 -233752
2 -974419 659098
2 727890 -400453
2 383058 1453
2 -5019 99334
2 712579 443606
2 365537 -273038
2 -137560 24913
2 481176 -62470
1 959784 350575
2 -717610 -136548
1 -243187 -23915
2 386502 -147787
2 348563 641058
1 598490 273087
2 -614034 -541323
2 -431708 -301503
2 -447083 -530101
1 319800 -443711
2 -901571 157609
1 -927168 243528
2 -638283 190940
1 570444 -768953
1 -513147 -104324
2 -800265 -366754
2 -177590 -299296
1 968930 -51242
1 -498125 194079
2 636009 417596
2 -25378 171258
2 445739 754185
1 -76461 198785
1 156910 -232318
2 -58403 -500759
1 755391 -524696
1 -622488 -522401
2 822828 120416
2 -937335 -507519
2 164555 156298
1 431942 -968033
1 -442828 928836
2 -313236 -527354
1 -632780 604070
1 -947553 -131476
2 -278006 -827828
2 -997258 -945646
1 -947876 454209
1 -353851 -673393
2 777151 955672
1 -241544 -434620
2 313096 967241
1 -977036 698534
2 -277889 -853378
1 136630 -855702
2 952801 -942800
1 -739668 -610790
1 -783916 216540
1 -726744 449567
1 442395 601023
2 55257 465338
1 -37087 -485318
1 -593375 436676
2 120154 438554
2 -48136 -73042
1 -540243 805408
1 149634 -449849
1 158607 257334
2 -232829 -49724
1 -584239 -123813
2 -224578 517334
1 717867 -756232
1 503701 245775
2 871543 305809
2 351529 457305
1 572887 258195
2 -476960 -338232
1 334067 -819390
2 567440 768009
1 105190 -892205
1 -437172 -76030
1 -872456 -835591
2 16665 297811
2 -875764 -405553
2 -946450 404978
2 -54291 566685
2 -994929 182801
2 170630 194476
2 654280 -714174
1 61559 308923
2 250793 561135
2 -60453 -927296
2 -156245 208012
2 657536 -27633
2 -243082 -255864
1 296884 677088
2 -202851 -569637
1 35072 -561510
1 -873272 -540675
1 155904 863982
1 804993 568633
2 926428 115579
1 616732 643517
2 701726 154619
1 -647286 976715
2 575306 889775
2 -554466 -72659
2 276993 599791
2 -591712 365510
1 560241 -129762
2 -616648 -443571
2 801289 355221
2 -323154 908543
1 -682697 238650
2 -778424 472126
1 148 880847
2 94141 -472223
1 -868738 -396044
2 613869 569492
1 651367 365816
2 538125 410371
2 927728 -44532
2 -862754 107188
2 762523 -739508
2 807769 -808664
2 242813 531567
2 -333253 -723394
2 573900 -722258
1 -425799 946753
1 -993485 425601
2 -519239 -420609
2 -567280 714125
2 77841 -234088
2 589657 -83737
2 455229 144912
2 -578252 424483
1 -323072 281935
1 765351 765872
1 880372 590048
2 332865 -998884
1 -595215 -477300
1 -319866 116848
2 -62387 586006
2 -696580 -926694
2 -501182 854304
2 260261 -417986
2 732916 5060
1 -764931 -913821
2 387065 -699659
1 963893 -649667
2 579519 -361713
1 841661 413048
1 -706056 -91819
2 -32503 504221
2 78107 235782
2 -278701 -497483
2 -581686 761122
1 -552418 320968
1 134336 619749
1 63100 189485
2 -779007 667260
1 -437486 657017
1 522458 -720301
2 -274302 -611314
1 -528509 -112034
2 -941503 -512204
1 126984 -852418
1 -181614 113168
1 -590145 688490
1 -324808 -878275
1 11449 690801
2 933580 229153
1 577132 -443267
1 -920327 -854453
1 855713 433741
1 112530 388443
2 235289 170078
2 511826 715220
2 390015 852348
1 -172585 -242141
1 496677 276474
1 589832 851563
2 -217572 184907
1 548624 744446
1 -549932 76984
1 322079 -158935
1 -611366 271323
1 922156 368625
1 121122 687458
2 -547596 -684772
1 12752 579294
1 741613 75807
1 -502148 622849
1 248025 66149
1 20878 -954241
1 116500 -943363
2 306985 326579
1 -405051 -593390
2 -874626 718958
1 659443 2054
2 718036 86073
2 -226736 274095
1 75712 17579
1 159169 -291467
1 579924 451641
1 -771326 -316818
1 -485879 -129787
2 54467 -808313
2 -125479 922325
1 -353139 -716938
1 628662 -983426
1 -351402 473001
2 -340824 128262
2 765271 -585721
2 24487 -333057
2 794726 136123
2 -210076 92498
1 -158414 -220887
2 -364648 -14374
2 766852 -32252
2 605082 993246
2 -609727 -207471
1 -384773 -21634
1 -835388 -261655
1 774592 -30043
1 957611 -148089
1 -671266 221574
1 277977 -874487
1 -478493 -76115
2 981363 763756
1 -57763 243247
1 849392 271450
1 -778747 -966692
2 -622986 -901245
1 -500604 552783
2 555099 -497757
2 -37224 -801657
2 -921441 433933
2 -223767 148720
2 332376 781309
2 418102 582656
2 820745 -865952
2 -27353 996992
1 -197113 -192773
2 -99281 939678
2 -130354 -953547
1 -224924 718854
1 689790 -307866
1 -109547 513449
1 729990 862048
2 606309 -415955
2 419684 -853416
2 -124466 -61010
1 -364779 -215743
2 725113 949622
1 582238 -682579
2 -157928 -61897
2 -394755 327290
1 653091 -678920
1 -402679 -749640
1 -313471 -467843
2 621993 -986552
2 416828 -813943
1 57665 908423
1 -23424 989716
1 -560083 -415535
1 -344413 -152694
1 -907236 -985707
1 566537 -386956
1 542547 693047
2 -233682 -378437
2 214860 -951310
2 173204 -578610
2 -425543 -771359
1 -913595 213951
1 -476981 -690036
2 543138 617677
2 921034 -477011
2 110644 704012
2 -620732 961339
2 -368754 -968368
2 214277 -733934
1 -345371 -235675
2 -153245 588383
2 883464 526871
1 -476073 571363
2 782577 88447
1 372648 -838729
1 662616 -704867
1 91826 655998
2 -274979 23499
1 800201 76214
2 -288540 261683
1 942471 -438861
1 -64211 -43802
2 -752825 414135
1 200179 479492
1 -305569 248606
1 586093 54965
1 -861447 53809
2 673328 -791505
2 844340 -577984
2 -852475 742353
2 -59009 -685592
1 -630710 -618237
2 782621 814014
2 672324 344910
1 -83041 -303165
2 828558 344434
1 535955 -23008
1 -300843 -379389
2 903047 -579350
1 512792 933251
2 -706036 241800
1 -757489 82249
1 -699011 242348
2 390057 -449469
1 -483000 222564
2 807251 489921
2 61622 -641232
2 130687 -667106
2 -44698 -316218
1 -917401 296724
1 -161072 -873670
2 -301697 -718033
2 -406860 -974915
2 -730809 184974
1 804545 -964743
1 -793790 386599
1 164640 -413107
2 820531 -460261
2 493365 660368
1 -399860 591898
1 496301 -30555
1 85435 -689111
2 -726553 -343077
2 974646 -48753
1 -77706 -699995
1 691427 -822591
2 -132808 -163813
1 -811671 72346
1 -685220 -132490
1 281479 -48749
1 -818831 -179914
2 -904845 -823469
1 573342 -106479
2 699503 821576
1 -267065 944389
1 -915530 -280192
2 144967 -819250
2 -89626 -914587
1 -352269 -91056
1 518384 865382
2 -561688 629214
2 24872 130624
2 916513 -404702
1 -79712 -393805
2 703163 299428
1 530344 -269256
2 -263328 -305977
1 105631 507592
1 -322439 917173
2 -988639 -172213
2 -181693 790573
2 819902 966580
2 187179 135965
1 -404838 987561
2 556788 -124782
2 780945 680425
2 -313683 -36479
1 16179 132963
1 -37880 183127
2 -614010 -138550
1 839681 -842893
1 186389 881397
1 -825432 943500
2 -356012 -957341
1 498784 -335329
2 -736030 491234
2 -961920 579030
1 -24759 566985
1 771222 -622537
2 652875 -319640
1 401096 954464
2 -68046 -470111
2 -293970 -946188
2 571154 -850356
2 743207 843835
2 642244 -873785
2 -550142 557438
2 -149483 -221210
1 -629593 143271
2 80235 -22824
1 685840 -654021
1 -704219 773083
2 -215861 924268
1 94097 796011
1 -593970 448390
1 -594316 628920
1 356020 -105884
2 932975 82164
2 276699 -339234
2 495577 -198922
1 -935692 -906773
2 786610 -183186
1 -775244 -130789
1 -187080 323746
1 -176261 30205
1 912750 384748
2 15477 341899
2 984407 -105828
2 -524070 443063
1 874671 841246
1 -520256 490674
1 -124306 632006
1 -443418 -976782
2 129410 -103611
2 -358726 -546723
1 734837 270217
2 225824 -797173
1 -910194 -658914
1 968005 414488
1 -524590 -287710
2 -329437 -630030
2 -178614 503564
1 811408 314522
2 -289855 166211
1 -3804 509348
1 361242 -404548
1 -365515 -570365
2 -101652 -886596
1 807142 663068
2 -934269 990400
2 736567 -668226
1 361197 844342
1 -436131 -592356
1 -138218 973874
2 649768 -500563
1 502863 177453
2 35264 678728
1 704307 -499142
1 677240 912935
1 -337642 -434272
2 479016 -342190
1 708310 731801
1 -973970 192987
1 -697577 322545
1 -177427 442449
1 266175 910029
2 -729518 -147060
2 277684 212415
1 675922 769940
1 -296330 -575817
1 259680 -169298
2 -876334 31004
1 907162 530355
1 9653 516082
2 -409493 811324
