3000
2 349081 -646625
2 582153 -114208
2 -286240 889522
2 -232803 385723
2 -928563 824177
2 -93728 197775
2 -402743 169422
1 53677 -81207
2 -662608 -363904
2 370695 367425
1 793219 821392
1 -207668 541488
2 -418527 -925159
1 764627 606072
1 491905 135467
1 -614322 628832
1 807341 -4925
1 -187562 216038
2 -442709 930462
1 771086 -921787
2 -945256 452741
2 -174041 -684950
2 537379 -116206
2 30461 -1748
1 -105378 540611
2 -646142 195484
1 -368368 -478404
1 147395 -44066
2 612595 -840327
2 426875 -62753
2 939222 992189
2 -88026 -28738
1 118125 346231
1 -257767 -905686
1 604004 881839
1 -621250 259262
2 966793 56164
1 822562 -349314
1 -468357 162106
1 -858689 387476
2 633600 -39476
1 450192 -452323
1 -649393 -416686
1 -836121 -572420
2 -662790 576166
1 -647306 647029
1 613690 -447102
1 140106 -463093
2 615727 -232932
2 57138 48081
1 38892 -389280
2 -679538 -708988
2 311370 -29144
2 22403 666953
2 -36292 866447
2 -97217 -394153
2 -221226 814633
2 746608 -25068
1 422372 307759
1 -823973 -543508
1 325219 581036
1 -93596 411611
1 563307 -641324
1 659948 488883
1 326466 -478366
2 -709211 915952
2 416431 520869
2 -776090 -342307
1 -510715 737681
2 727135 911264
1 761442 -886753
1 -854849 875906
1 -364211 -667681
2 864025 34840
1 482429 973507
2 -881601 -427086
1 -916367 -345819
2 -763130 -670841
1 -415357 313822
1 -570174 97718
1 -663978 621319
1 -25666 -677952
1 814366 -10673
1 -547738 930475
2 -269914 -914455
1 -967520 524864
1 -11128 -507260
2 166944 280535
2 241587 -57560
1 -676114 796707
1 -292743 -335241
1 29832 -569946
1 -371225 -477526
2 706759 697360
2 -77633 529376
1 -430713 406766
2 328907 524158
1 -295897 686032
2 -858583 160023
2 261242 50067
1 -418868 -658714
1 704650 -737205
2 -950261 403010
1 612275 -211788
1 -977564 -174981
1 857016 319869
2 -272377 -277597
2 -969752 -972806
1 531870 -643007
2 692221 513557
1 -314130 457999
2 243296 641593
2 -407866 138005
2 -473338 509432
2 -393971 -495911
1 -87966 970441
1 245218 930465
1 555786 -953583
2 -761483 -999797
2 520287 818506
1 -398752 -793758
2 957252 -180474
1 392859 625069
2 230061 359347
1 -486411 942412
2 346159 279737
2 -896633 -894357
1 -713466 -543909
1 -112764 483713
2 -881953 -339722
2 -647415 818719
1 -925166 -125300
1 19076 786352
1 672249 -926532
2 -73460 600443
1 117921 933667
1 840457 193643
2 -432441 -617703
1 -273446 -227293
2 758619 -298006
1 952072 812979
2 461053 -35505
2 -647200 422457
1 304133 426231
1 -151575 643842
1 -50549 -586488
2 -912368 818617
1 987614 -246919
1 -176288 -433280
1 189282 -530692
1 10827 241442
1 222583 769194
1 415681 -86486
1 -986176 -817341
2 -98625 -47910
1 -944841 -577948
1 325355 867912
1 -353158 972944
1 -818423 667367
1 766694 -680361
1 -676301 -347310
1 -502388 599421
1 -358850 -628751
2 606938 162048
2 703407 394845
1 661011 337596
2 -176083 -987854
1 -388650 867658
1 -200844 -861604
1 202724 -774261
2 94586 998781
1 -790440 644191
1 -726237 962334
1 616043 -914837
1 766432 918834
2 133211 -279363
2 779985 543171
1 95186 -909495
1 946369 -973796
1 -580264 640074
2 847098 -261923
1 508000 448162
1 -673561 -316059
2 514703 -966345
2 357748 917081
1 458362 772748
1 -818009 -388477
1 261101 -312542
1 -863259 -366233
1 750125 -966590
2 147582 -909765
2 858201 222650
1 -157690 -59458
1 -810851 -160981
2 -744149 126547
1 497073 937281
2 -703399 534713
1 -885040 -188328
1 -700723 -516279
1 54945 -780552
2 922380 121589
2 653749 357994
1 -669877 -438896
2 604580 557528
2 862922 -492858
2 -975390 350374
1 -87009 -959240
1 -580487 901253
1 938114 389902
2 70184 -835854
1 -455520 -238884
2 459408 326235
1 -618299 -172836
1 696254 245730
1 -236989 69145
1 -191949 533103
2 -537804 -226861
2 -850333 719734
2 805031 -796323
1 926120 943171
1 -322518 -417613
2 -314445 -831953
1 166503 882606
2 974969 -614153
1 -984755 -950654
1 22073 -877077
1 539504 -421177
2 -189324 633480
1 -466458 48096
2 256083 -584115
1 647201 383483
1 998488 389815
1 -777064 -699196
1 -297636 -519900
2 -835819 485758
2 30523 -957744
2 93166 -840734
1 26514 -289478
2 116218 329905
1 -155470 -790182
2 671681 -458257
1 -19537 258532
2 967112 -587256
1 575749 328054
2 -408621 -551302
1 663416 719891
1 829754 444827
1 83741 855716
2 636786 -538479
2 -366055 361473
1 231485 273840
1 -150677 -286626
2 356360 -403735
1 -985756 237592
2 -308874 745246
1 -709592 523102
2 -11033 -907873
2 -639389 -384860
2 185478 -420524
1 -566464 416217
2 -703074 -4059
2 -733262 972436
2 -908524 -619103
2 334766 919283
2 -440980 -35596
2 641910 -481467
1 -521319 640066
2 -478837 147474
1 248597 -312859
1 356686 -918338
2 965288 792244
2 -808828 -178460
1 -120849 684151
2 -454833 -705753
1 332057 -569073
2 90470 -121402
1 713469 -613674
1 10542 -553541
1 402331 -302362
2 17861 381945
1 36315 315388
1 -568478 581497
2 458500 -916619
1 416545 439964
1 -261047 8685
2 -214676 830354
2 -926554 564195
2 -34014 -888442
2 794590 -162202
2 -645976 985677
1 -896479 -307963
2 397861 633495
2 381924 966136
1 237237 887803
1 911321 388084
2 -131166 -587737
1 -346489 985812
1 387732 514081
2 753699 -936657
2 -843539 837123
2 236256 402598
2 -714469 607763
2 880349 208609
2 -669439 906407
1 -783556 262222
2 -772329 834540
2 282866 -751135
2 -491911 556114
2 567095 978535
1 -977494 -996568
2 753891 293023
1 177681 618098
1 -400191 -965571
1 452936 -361143
2 259548 -390543
1 -644191 958806
1 -835285 -544291
2 407136 410913
1 -698420 169515
1 360078 55016
2 356212 -881565
2 105414 869567
1 409517 395385
1 579660 8994
1 581467 364971
2 -347453 782144
2 -737590 288394
2 909453 -981028
1 181639 -903206
2 -955304 -307315
2 -400369 39894
2 740278 -353126
1 389438 -835922
2 -171342 640380
1 -674929 708965
1 104579 850225
2 -871384 -834879
2 302754 -730274
1 -995619 588785
1 222153 -457411
1 -243334 -490264
2 -806503 865545
1 60425 -742110
2 -265214 18944
2 -557503 926854
1 235244 -595024
2 -83721 266222
1 -171203 969782
2 3057 -260544
2 -328113 -390579
2 -184754 -620742
2 -268815 -457290
2 -491912 544492
1 -752115 341299
2 87809 -810651
1 677972 -791984
2 -636778 -535273
2 263201 960673
1 -972157 650730
1 710674 439325
1 588903 -754043
1 689870 -960318
1 -160098 -505833
2 -178303 -268125
1 -740273 -781197
1 -343752 957118
1 717 441236
1 -444638 529627
1 -326345 -693082
1 -897805 -589627
1 -309178 -367880
1 -729381 166381
2 -969307 514817
2 4243 -347707
2 -16056 734956
2 -882850 596651
1 673284 458043
1 244206 -72999
2 -496198 553155
2 845248 666718
2 437142 371151
2 572434 654744
1 -338854 -791516
2 98509 890819
2 785907 15052
1 90064 -936181
2 805236 642231
2 -60104 923302
1 683670 895985
2 -312701 460238
2 380922 129128
1 821901 543165
1 275048 -60589
2 -448663 929075
2 300045 -230060
2 -634594 151119
2 76333 446105
2 960071 -840866
1 309642 956776
1 366825 -637229
1 821153 -16212
2 903746 -845129
2 -693051 338939
1 -1202 210742
1 875359 398453
2 83659 -514203
2 -335634 -702368
1 -268942 -589363
1 -938039 -338556
2 576856 917794
1 954494 -502221
1 463910 -61414
2 -120424 -164683
2 -800440 703073
2 -326012 896326
2 505003 116458
2 432904 -818608
1 -640882 543287
1 -980669 -313879
2 -464040 660238
1 766574 -688425
2 -867581 -963984
1 -174353 79612
1 487110 -393057
2 832014 397567
1 -269738 37793
1 -509623 -917279
2 943308 -382882
1 -62496 751478
1 -184644 -773213
1 -475705 749387
2 955878 743536
2 185430 771084
1 866632 -173231
2 -206761 -229353
2 736575 -535274
2 -483437 889012
1 615743 37484
1 -402615 320024
1 261832 -32524
2 67279 368067
2 720147 -457970
2 -54315 154874
1 -233454 -558949
2 859170 494673
2 -109860 -736043
2 109917 489218
1 -869675 -134911
2 -847023 311812
1 -403925 325332
2 445624 825520
1 59241 -622993
2 293044 186840
2 -506374 -348544
2 823538 37728
2 399802 -778824
1 -303563 -65854
2 655192 599557
2 -744961 480358
2 788440 551786
1 -450547 -717125
1 -704359 413466
2 -18575 420550
1 -218266 537650
2 -5252 189029
1 68953 491725
1 -402851 355351
2 206466 66414
1 -715791 412326
1 -612636 946389
1 961792 67850
1 -935944 858691
2 -904616 -973532
1 -990381 570686
1 -270719 -427143
2 -627798 289623
2 620275 164760
1 -366335 -343413
2 895193 -486384
1 358609 -617483
1 3753 -564825
1 -88721 291943
1 116441 77372
1 -58081 909363
1 840252 762972
2 -294385 82245
1 457692 -493136
1 572765 206148
2 -147370 -733895
2 987537 459479
1 484143 -232455
2 -712800 642828
2 350356 771465
1 725809 649132
2 534408 -13403
1 119498 -595040
2 595978 84193
2 -619019 -273083
1 -69604 -633541
1 -217856 -577449
1 580041 409848
1 -763654 533278
1 -708021 904350
1 808692 702224
2 -955598 761464
1 283005 -431366
1 791947 -553153
1 815073 -127053
2 174878 -454467
1 -700426 478571
2 923744 -958492
2 -842860 232165
1 -724711 588912
1 -694550 -832507
2 -457599 845097
2 -771622 703028
2 -825265 -246827
2 49100 -943057
1 56043 -331376
2 680063 318204
2 574850 -780328
2 369428 -916412
2 -764981 238738
2 371024 -117855
2 -271493 561575
2 -924578 -247082
2 -544535 727122
2 -985179 -58149
1 -377559 -851776
2 113248 435810
1 -847266 243102
1 79981 -284572
2 -991729 -71553
2 954543 320617
1 -619268 -444218
1 608032 531356
2 798248 -723494
1 -364324 -561558
2 -602538 537862
2 -765688 364140
2 106055 -369092
1 400167 -635917
1 -264620 1638
1 655112 -740726
1 -506005 -151755
1 -573894 -382210
1 839227 -450995
1 -505639 -10368
2 878593 707862
1 360735 -917331
1 -50036 27560
1 750335 567137
1 -722687 587817
1 655586 -779175
1 654538 -380310
2 -648715 977734
1 769723 199865
1 -696459 -907556
1 116318 1249
1 -459756 623271
2 412436 -575117
1 -534942 -163659
1 954682 654155
1 -982391 755042
1 -214480 130689
1 152459 -991841
2 -683874 461647
1 129070 175051
2 326114 -394762
2 870092 -73060
1 -846775 484592
1 -403975 -522819
1 -589063 850850
2 -345081 634118
2 -791272 685326
2 779085 -571821
2 -858853 -374695
1 717247 840981
1 -364695 -804022
2 104178 109644
1 -174377 -328141
1 651729 447055
2 941012 -934252
1 842957 186962
2 597146 -296630
2 -484245 -693963
1 -861415 598932
1 -174411 -907803
1 -721536 -84176
2 895764 -894449
1 -602223 -173287
1 513727 634886
1 607052 76460
2 -634813 472870
2 18809 297497
2 -47792 -280546
2 205863 -51942
2 -522825 -659571
2 -682973 -404350
1 679089 -34580
1 725074 296373
2 -458405 -690088
2 456765 -53329
2 -508045 -407668
1 133138 502377
2 362871 958414
1 -419256 833626
1 116514 -698291
2 709005 406563
2 -734420 -473177
1 -331119 -872042
2 236266 570057
2 -361226 -535907
1 665523 116530
1 46805 509634
1 -622578 -36954
1 345124 884108
1 885901 -557557
2 193668 -870736
2 -840747 -281883
2 -583928 -901251
1 -389608 773353
1 -52568 -496440
2 -95758 113033
2 814564 -689913
1 -850999 -465906
1 126507 -872911
1 -26904 540969
2 -402082 -729275
1 -640320 -26833
1 -926127 -258482
1 -658037 411749
1 -540265 431612
1 619140 -903659
1 -325773 912344
1 308688 928414
1 712050 -438070
2 158769 986831
2 -702146 -418178
2 733270 -42440
1 998611 452561
1 -949676 212904
2 147902 465741
2 -833688 275882
1 370948 608028
2 334942 -116679
2 945711 -27216
1 -115486 772735
2 -173806 -736817
1 754417 -884686
1 371423 596207
1 552930 -935193
1 -668940 -716993
2 -577481 -621971
2 -348950 -350942
2 -238459 -609964
1 -275114 -251629
2 467336 -509938
1 -469110 -479692
1 -220396 769754
2 62510 273471
1 -767063 -720047
2 522426 751982
2 541905 -96571
2 -973526 -352382
2 -848024 -494856
1 -604785 791866
2 57410 627863
1 -664260 -106593
2 -842628 131521
1 -417558 -652916
2 -31177 772273
1 -457762 102444
2 281157 538893
1 7278 637512
1 -391510 838837
2 -897730 679074
1 -780940 201985
2 -654899 -888789
2 974003 -845138
1 340251 -947843
2 448372 988250
2 177860 -369088
1 896384 -483842
2 -626869 -113767
1 -735851 -499194
2 -486516 -821696
1 247267 -663130
2 547645 306670
1 -228546 -118425
1 -650944 -461152
1 885975 692442
2 -663870 443127
2 359975 321550
2 -801929 -306490
2 -420149 -172269
1 745707 833536
1 581419 -449001
1 80496 356339
1 397041 847728
2 274964 517947
1 199270 -793482
1 671166 893020
1 -488319 885063
1 587875 -14433
1 263581 -653060
1 -266434 -465974
2 -815888 -756602
2 840550 -232361
1 -911001 -226096
1 -195143 892121
1 589129 -953054
1 593899 -846867
2 375807 217960
1 -141298 -753374
1 442963 130664
2 -990367 806313
2 871794 521382
1 979392 -326480
1 -68534 -665347
1 795438 80283
2 -659129 74020
1 -34031 826783
2 487115 -320832
1 -976954 68856
2 972736 -116863
1 -37842 821809
2 780343 567332
2 -354103 -895340
2 -914180 397322
1 166938 194401
1 94151 -291872
2 -789324 -600948
1 806145 -87540
2 -511803 473899
1 -342268 -120005
2 41648 -108524
1 411959 -597694
1 629450 263205
1 899433 723549
2 10156 977739
1 684459 145291
2 341278 291264
2 152360 -653411
2 616541 -556168
1 -351132 -997298
2 603268 524507
1 -887069 -268997
2 -569399 -877201
1 -991052 -701730
2 945096 -347084
2 352730 633588
1 -63883 -544464
1 174987 -635086
1 -552598 -704977
2 -569813 162839
1 703823 -625208
1 -728870 736539
2 280886 -12193
1 -752680 849250
1 38223 370059
1 773880 16728
1 415016 754147
2 -350078 697290
1 801926 -942662
2 -219872 -435273
1 705198 480078
1 456603 -781353
1 15111 187167
1 -19239 -735408
2 848587 745259
1 898323 86128
2 523136 666474
2 -140269 518689
1 -266139 490140
2 829524 582954
1 103886 -804930
1 -87964 -986927
2 747476 543940
2 -894588 -562569
1 885456 -25048
1 -360310 843768
1 55951 121961
2 220550 616034
2 664223 287479
2 -717493 -183103
1 356858 -33694
2 -963605 282806
2 89873 -143271
2 -36648 885831
2 -482913 -313508
2 -949391 -988718
2 888036 -687659
2 -871066 505149
2 -280479 -361922
1 -352017 143391
2 154389 -572037
2 489699 -917233
1 400989 -841943
1 -283368 -885758
1 161940 242834
2 -363284 902541
2 131858 998643
2 -67323 -325552
2 -313742 976251
2 -577684 -25200
1 -570093 -541546
2 -274863 -30887
1 -206186 -584146
1 -597113 -353062
2 -613520 84818
2 -115317 -397072
1 -82967 941963
1 -15482 377031
2 -457452 -682199
2 959813 836819
1 -205222 -384629
2 57063 788688
2 -817677 -805104
2 833774 -44937
1 -182976 -761424
1 -664480 203285
2 -397474 669787
1 633876 588236
2 51822 769820
1 -782242 336815
1 -270150 -875447
2 112399 189064
1 117249 -351954
1 104350 990075
1 -617907 409511
2 -250856 -828665
2 -437263 403434
2 -632131 -480882
1 554194 305726
1 171599 463351
2 948941 233010
1 960719 46556
2 -952633 553308
1 -209105 400516
1 652004 -941496
1 892772 853031
1 687639 -445266
1 499488 -516102
2 -600779 85584
1 326326 -830715
2 690644 39299
2 -702364 -80325
1 199959 794304
1 170960 -264271
1 -419607 933975
2 -821743 908472
2 -419368 952077
2 -26357 -280019
1 103091 -154545
2 -534766 792270
2 546482 778656
2 883492 990466
1 826269 -93187
1 -147990 847984
2 644283 -627301
2 995575 -542056
2 700271 -271398
2 -588761 -70535
1 -535951 900719
2 -30492 264602
2 712055 -359752
2 212028 -512886
2 890818 28293
1 -303388 887162
2 -838938 105782
1 -332900 -785853
1 -870940 622357
1 26650 2817
1 736147 276704
1 -16393 -927616
2 851590 -819458
1 414817 -583065
1 168692 -350871
1 -872852 502980
2 -126058 -800750
1 -261886 -75770
1 403086 383435
2 370953 696590
1 720192 299301
1 936183 -46709
1 -632085 279662
1 -613774 -180299
2 -702421 966379
1 -578143 260154
1 -516410 -909344
1 707893 -261480
2 -638539 -105989
2 715027 -443054
1 -420132 119261
1 -602711 -374788
1 -882841 740615
1 209996 -635988
2 -848786 701671
1 330905 77639
2 756938 -529116
1 -831959 -680622
1 80153 601200
1 -111515 -535340
1 -618340 -870617
2 -716509 353651
2 -624922 582374
1 -784934 -866120
1 -458835 84877
1 -67628 551192
1 927517 403686
2 595511 241105
1 -492570 -502949
1 -18147 -395516
1 889800 937931
1 -537999 488296
1 659770 -516198
2 555540 909950
1 -761695 -572348
1 111948 612038
1 -332694 681335
1 637617 -573443
1 -453403 -689854
2 245211 805595
2 -816419 329600
2 153883 922170
2 -182093 74459
2 26906 295516
1 564672 279962
2 -347533 -554882
2 -166590 455288
1 634892 -343378
1 57742 195744
1 -679320 951597
2 737005 682732
1 521173 -306159
2 18595 701231
1 -429027 721222
1 -737192 971740
1 248777 698581
1 -321176 118929
1 812490 479529
2 -915948 701674
1 -798314 404885
2 -191343 722008
2 -237686 365093
2 -395379 -153161
1 189137 -980484
2 168406 840867
1 814774 839349
1 -415400 -399888
2 -883402 -689348
2 -414456 -555370
2 -307325 759434
1 400093 117424
2 -506511 -649235
2 194698 418213
2 -464024 927865
2 -689361 304569
1 -594077 645753
2 743062 405478
2 -16971 -645424
2 -277760 -688177
2 793415 117466
1 -178675 -519878
2 -181572 832940
1 562182 470063
1 901099 711232
1 68370 706720
2 -625239 -732342
2 -85218 -876999
2 574811 578504
2 -514237 -407484
2 948720 510433
1 176569 -61771
2 732370 840912
1 870277 -970243
2 -134241 -227188
2 796764 361728
1 891544 232608
1 946326 308379
1 672654 -119366
1 -613910 -463258
1 -640335 -270354
1 282820 474823
1 -975196 -394104
1 -582738 -910221
2 -114039 -940157
2 -662086 414189
2 941723 -999162
1 -597744 -949141
1 -834284 273044
2 -258153 626330
1 -87640 441991
1 284733 591067
1 936599 949783
2 831909 625224
1 -251886 -126898
1 52164 513118
2 -749263 239861
2 -443873 -619126
1 -68746 -213213
1 54845 -461201
2 -433605 -167443
2 789395 585928
1 842087 -432153
2 -450378 129848
1 907594 -203180
1 -314386 170938
1 450628 866588
1 -426353 -362694
2 -362372 214248
2 -634272 -440345
2 515702 -192461
1 -405936 541158
1 283033 41000
1 371059 471611
1 -881735 -678452
1 -742334 613597
1 -621306 -678343
1 -592247 -620798
1 -534244 -436738
1 -475476 598292
2 -347567 878509
1 313355 -687670
2 839004 -207030
1 765694 528389
2 -832394 20192
1 -515480 705927
2 217706 857990
2 265954 -804000
2 595337 -687318
2 -398695 152353
1 -898688 590596
1 -462186 -197682
2 -47120 361093
1 880041 -970366
2 181825 219148
1 -749984 132707
1 347451 -26797
2 828992 -352808
2 -313382 -983866
1 -784782 -319370
2 -222253 -425853
2 55402 893671
1 -553496 214793
1 867683 -536351
2 -321797 -307310
2 648783 954715
1 -709627 -66615
1 419714 -345118
2 172360 -750625
1 524946 -926552
2 420234 387566
1 -256961 631222
2 -391051 540467
1 -767331 770161
1 327581 244295
1 787524 -826165
2 392357 181096
1 -706964 657124
1 140832 -271700
1 -885242 416416
2 285186 199577
2 919615 -310132
1 514719 -693893
2 355695 437540
1 -390050 -640119
1 546299 -291946
1 -282523 -690342
1 961362 844930
1 554492 -702749
1 -350683 540355
1 882997 676751
2 -883571 473770
1 208253 80236
1 -529257 -678506
2 -891628 -833443
2 -494687 -64024
1 74980 -278368
1 328166 80629
2 -754025 254487
2 -258103 -546231
2 112535 468171
1 297512 -772230
2 -484345 -371338
1 -373101 25458
1 -514154 985931
1 736287 624683
2 957621 22315
1 -210347 -469333
1 392032 723377
1 -347204 972639
2 442414 907856
2 -840048 -540488
2 346180 629426
1 882232 -165463
1 -185432 -1420
2 472161 521543
1 -940981 263398
2 415324 -68261
1 800040 -616833
2 768353 -813146
1 661731 426063
2 159072 81751
1 278074 758627
1 -634395 -516310
2 -774481 695260
1 -454306 144612
1 -371882 489433
2 -744738 237255
1 634464 464856
1 -655373 -855118
2 894961 -393009
1 850269 997280
2 146813 174611
1 -475890 -361376
2 -954744 -895119
2 -502753 463548
1 136155 -828515
1 -768583 -252815
2 472629 380732
2 458166 -522766
2 544079 417945
1 326232 -402424
1 -194984 -426521
2 -844628 538489
2 724245 378938
2 198485 36517
1 -723832 -647951
1 921779 40262
2 -652358 -215735
1 499675 638988
2 35086 -317425
1 323026 -250463
1 237962 -944758
2 -243947 -793513
1 -944213 -18537
1 802177 -721200
1 623343 -313533
2 721540 935040
2 559090 526834
2 -376558 -34254
1 -417420 -341856
2 -981981 -355954
2 307959 684408
1 54974 -298459
1 963621 789572
1 905596 236306
1 100213 -483024
1 -201778 -540386
2 -253442 -267601
1 895453 -116150
1 680164 22521
2 -631652 -450568
2 -71768 -975398
2 558753 874370
1 -899349 -513468
2 -755408 -974979
1 -320789 614923
2 561579 329418
1 641005 321531
2 840771 -532919
1 -185013 -970848
2 -684757 -365950
2 869104 -665858
1 -977449 -231889
1 546196 -25616
2 915225 -40119
2 743072 580471
1 -772174 -566822
2 146593 477533
2 992445 896071
2 -339369 570569
1 365580 453798
2 570461 -491300
2 -793458 -39802
1 -258817 -541140
1 238877 433757
1 -682989 -668218
1 824674 -875406
1 -448643 -731547
1 687882 -362912
1 280236 -938382
1 263080 934345
1 766286 462244
1 425463 211673
1 -685820 -221978
2 -364918 -535856
2 195142 -123224
2 700309 352998
1 802117 270118
1 204650 -421122
1 -445527 -410043
1 -298964 -816884
2 494539 365334
2 636236 224600
2 183749 528179
1 -858973 -393050
2 -340024 -442427
1 251168 861053
2 354250 158744
2 -462769 18990
1 -570176 63931
2 -345118 4223
1 -616004 372299
1 329336 -276009
2 690889 145430
2 -903846 -40485
2 -176949 469709
1 955045 756132
1 263972 -83682
2 -495461 936724
1 388397 -328133
1 -515111 903703
2 27378 227823
2 293953 -548601
2 -15674 -860686
2 -729214 962776
2 943684 -64356
1 -330020 -411322
2 -243971 817001
2 306231 -329536
1 987234 -623839
2 298096 -967035
2 -311471 -884711
1 395695 249394
1 -577774 457789
1 -307358 205994
2 794668 -853469
2 524340 896984
1 -965919 -590669
1 459265 -69972
1 -609208 510850
2 -594104 195065
2 679146 925345
1 -242464 125624
2 932106 -525454
1 458637 -614847
1 -682273 -647292
2 819296 795876
1 -86152 -553149
2 1953 -809700
1 -143379 285825
2 661702 -54385
2 795417 -269485
2 7643 759602
2 -751789 -186477
2 -891322 294861
2 -111533 -844132
2 -624989 -527781
2 161299 -522082
1 76873 -489868
2 -333339 -167304
2 -344102 -935050
1 408615 -761993
2 290076 329132
2 -655467 -427516
2 -484277 781093
1 -561280 -525311
1 893168 -493905
1 -156804 815067
1 37303 911679
2 562860 -145060
2 -836112 -431244
1 -120878 203186
2 311650 673299
2 -389992 327576
2 -861062 518915
1 314952 143013
2 825173 -501778
2 -359207 -624529
1 -631251 296074
1 70324 -486246
1 -316175 109858
1 942048 461491
1 653462 -451368
1 218989 409231
1 197688 651784
1 696390 543648
1 907924 -673737
2 -840720 173551
1 -623259 522204
1 525627 511694
2 392332 -234975
1 -995511 410045
1 -285195 436508
1 815076 -78716
2 -229352 334693
1 716651 838191
2 -459795 -33299
1 996259 950777
1 -759524 -101972
1 819702 -390806
2 266335 -394578
1 -117125 -755931
2 783152 -259000
2 -202725 -442546
1 -84177 620260
1 541611 963892
1 -743318 90549
1 670002 -656239
2 408473 856434
2 783706 -952517
2 534833 -878966
1 -199058 -864056
2 241296 -939429
2 819098 -539596
1 176824 220277
2 937917 -921229
1 754792 -578174
1 -995424 -135598
2 610292 488465
2 72281 386689
2 670000 -689289
1 -246439 -648162
2 775935 520220
1 -96436 718116
1 -136105 463101
2 633467 -273785
2 332416 -553652
1 386156 39306
2 495604 255305
2 662890 -115875
2 -19058 310806
2 -942414 188010
2 924436 652116
2 492110 -418292
1 -608898 -274796
1 -633425 -214714
2 439852 -118522
1 -744488 435033
2 526527 -372065
1 -771704 -663257
2 804983 403508
1 -257003 -63927
2 80877 754906
1 416108 -911136
1 -21643 903307
1 -610626 690762
2 -863237 -8195
2 2518 683982
2 85701 -217612
1 -428198 643371
2 -519074 352589
2 -758707 -387099
2 -813916 356596
1 285736 -562437
2 -868720 -100160
2 -617909 371339
1 929619 -289035
1 356211 -892921
1 477954 -173845
2 919049 180543
2 -400806 704776
1 -573070 -535403
2 133508 716819
1 100619 335733
1 -446146 -801337
1 -952061 155534
2 -303946 -489937
1 874149 74714
1 183052 824142
2 449852 -161380
1 825137 899487
1 628057 851482
1 -597839 -545269
2 304092 -263936
1 885729 559558
2 390420 -346081
1 772328 -58751
1 -61483 -237073
2 571101 267367
2 -205952 -651583
2 -523555 -917863
2 437070 -842979
2 101430 -41088
2 -705928 70406
2 -506520 -811243
1 -257310 781835
1 146669 -237871
1 -614761 -753407
2 759786 -704329
2 835743 -973675
1 738871 18884
1 -392707 732477
2 -216612 309301
1 -564672 513182
1 990602 -64379
1 -541207 619236
2 -953384 -50710
2 -531401 -689987
1 340208 315331
2 602019 -456883
2 -477577 -700752
2 -225012 -767023
1 225321 755240
2 77916 -980349
1 -101886 -814100
1 854706 -485329
1 -536224 307906
1 -655514 788653
2 526818 518685
1 591495 782371
2 635341 -803866
1 -842741 229061
1 -26271 -830909
2 742835 602311
2 20681 -263269
2 316463 -489735
1 -88574 758197
2 241445 -439419
2 -397887 -273777
2 -449087 -200040
2 -584074 643886
2 -851243 -556264
1 116961 809805
1 -666896 -387445
1 918248 723523
2 782129 554730
1 420480 530020
2 39385 -110165
2 765806 408936
2 593883 895597
2 63639 -756075
1 -932544 -47899
1 904104 -817131
2 -895562 -909214
1 -570857 633067
1 477009 -47701
1 -154910 629677
2 564762 -197309
2 982717 -487262
2 605358 -380707
2 -209337 502914
1 -400072 -962911
1 -724402 -213384
2 850309 -331838
1 -203783 -215635
2 543450 -145460
1 491139 -726201
1 -840441 867206
1 -824680 -423039
1 28876 -620440
1 633816 -423740
1 -734824 751661
2 626429 -486794
2 -876352 -282894
1 245391 -167415
2 125545 968177
1 -609577 319715
2 350058 -240192
2 328314 563707
2 411930 918996
1 -273353 -676809
1 -47345 -774695
1 -286013 703606
1 -957110 -638591
1 -292830 205640
2 -273282 519605
1 -756395 454908
2 795875 -573525
1 -920944 787950
2 -170083 -204510
1 740634 -360668
2 -750672 563455
1 -377534 -426793
2 280567 626700
2 755128 -928654
1 -580308 -109145
1 619398 -568355
2 -3955 -28332
2 -885075 -777575
2 -934115 -434848
2 3649 -323071
2 18773 -302809
2 804851 187166
1 984769 -21754
1 -592381 -870190
1 52616 102221
1 844878 445932
2 659055 -513817
2 -758554 182112
1 499474 -745965
1 383695 704640
1 -126105 410656
1 -659800 803331
2 427897 -913809
2 -899789 93145
2 229235 486899
2 367586 154329
2 868305 -90454
1 411663 430173
1 29735 -196336
2 -892962 762612
2 -209078 850342
2 -401438 88193
1 -968688 907646
2 756052 576612
2 -302320 810433
1 22122 -54208
1 479455 -969494
1 -585808 -483555
2 -151472 361503
1 295491 -717222
2 -246346 923770
1 -169290 -895480
2 -360412 -863967
1 804753 543687
1 -268285 443260
1 724379 632372
1 -496103 161485
2 940817 -220380
1 432460 -267052
1 438412 -306860
2 425123 502757
2 389330 -651309
1 -960898 -265949
1 487585 -419617
2 400071 -248899
2 811059 450254
2 597995 -46987
1 126297 -398566
2 129817 731765
2 792363 448774
1 668048 521910
2 494413 248346
1 -514528 702648
1 -773467 -288357
1 332814 134049
1 -157881 727703
2 -266083 -567027
2 117887 360004
2 261416 989330
2 -755144 -541699
2 624040 -612801
2 548053 -848058
2 994257 -667806
2 584395 -465389
2 -659866 -305681
2 -308656 393813
2 -396062 387514
2 -859770 233887
2 932026 137446
2 486672 243599
1 317637 -760459
2 346026 40667
1 -422036 145822
1 -805881 -691460
1 206046 -983428
1 638708 -258159
2 -524190 424739
2 840528 -607676
2 972049 342675
1 843447 419696
1 -654090 695125
1 -878501 -367852
2 387340 -74908
2 946975 -798221
1 -320433 609073
2 633055 796580
1 -270490 -583893
1 523410 -721591
2 659606 741199
1 -846281 775313
2 848323 314407
2 191308 -505863
2 413925 426802
2 88766 -738729
1 -991366 21590
1 -123503 124989
1 114490 -705247
1 597453 861246
1 -935972 390115
2 -770950 -10259
2 682657 -109171
2 -574890 897808
1 691573 -367489
2 10229 202218
2 -949219 -101631
1 709213 -97496
2 343119 -782656
1 -255840 -536319
2 -322148 -203688
1 -446558 275653
2 -312006 143317
1 -927746 550155
2 -277998 -690067
2 101118 711319
1 545243 -31328
2 470497 575509
2 -689878 -364802
1 148886 992767
2 -276216 -752651
1 602346 -970609
2 100315 -777721
2 -201175 -420855
1 895317 -399016
2 -191130 290629
1 857255 329027
2 -378892 756997
2 -498720 197193
2 267134 -990987
2 -38696 483667
1 50213 -262061
2 -268793 -90826
2 -207479 -299118
2 787196 -347495
2 -275019 -660560
2 -792161 -261142
2 941139 -804012
2 476878 -255037
2 32254 119120
1 -305567 280356
1 -190467 -577838
1 800242 773180
2 540866 454356
1 558115 156036
1 -118500 146525
1 -851110 -318290
2 -142232 -441539
2 772163 -826545
2 -502820 -668317
1 544062 137787
2 812983 765864
1 -803417 694242
2 -635513 704330
1 161395 -914316
2 -231420 -399100
1 -102920 -192295
2 613288 807325
1 -226354 702893
1 731763 649877
1 -955543 -314171
1 -145787 -150979
2 643505 309257
2 367119 312322
1 -732905 974292
2 679637 -840687
2 880117 305964
1 -330381 -486640
1 591621 900252
2 -76175 -995600
2 -924896 408243
2 222728 -802634
1 -226386 162735
1 632623 -450482
2 -570358 -981812
2 781743 80148
2 496221 629557
2 -882713 890387
2 323922 796737
1 671973 446230
1 674934 175435
2 851920 723366
1 -524449 72001
1 541278 -622853
1 761693 -674533
1 374352 -210344
1 -719967 274971
2 -604332 404762
2 -821189 212605
1 -363878 920896
1 171221 123585
2 14000 -464633
2 -798524 873011
2 14787 744484
2 -898116 188781
1 -449299 249321
1 -808594 -259994
1 -136933 549410
1 469134 -312946
2 -185233 -660611
1 518766 -730401
1 -8673 739460
1 354047 762219
2 114796 433316
2 823471 913386
1 -798828 -231108
2 941773 -164968
1 -52079 -288533
2 -615360 -817458
2 319618 505365
2 -972798 -115518
2 697613 -923587
2 901181 83809
2 933062 -466846
1 261268 493706
2 -399774 37139
2 -133861 152740
1 474929 -984165
2 -528701 651805
1 -589517 -778246
1 928522 -717896
1 638762 650108
1 536969 998235
2 -25313 -749542
1 334386 547344
1 598780 -868074
2 -601315 -915166
1 -103915 -888363
2 -930140 330370
1 -472840 869558
2 -968569 899169
2 -892380 523745
2 928920 -28926
2 503069 -361347
1 -753695 -203132
2 -524266 -853814
2 760414 -158702
2 -554092 214900
1 346258 -65287
1 -415498 -60080
1 -597151 -984241
1 -357470 553710
2 -474310 183619
2 61194 171561
1 -820295 -782945
2 963438 -279902
1 547305 602532
2 -234896 -771331
1 319261 506453
2 -451900 558829
2 481143 -621706
2 205627 -21002
1 283423 596093
2 -82231 -705314
2 941422 -59231
1 867409 869210
1 902015 95006
2 383163 -233409
2 820815 305933
2 708726 -267341
2 -896628 -813189
2 380849 907061
2 -820246 53818
2 -653845 818251
1 584717 943653
1 -848728 -312626
1 -197071 505962
2 -503925 787043
1 971093 273870
2 -758556 149250
1 -20818 759121
2 -369571 -695537
2 -454051 439285
2 -130531 72233
1 102651 465132
2 799796 -719487
2 458244 788806
2 255977 -362301
1 983703 65688
1 215793 724171
1 777490 643145
2 -163270 210800
2 -602219 -111385
1 818404 -195045
2 -740470 -83004
2 524780 285390
1 -514555 247559
2 513360 470301
1 -948471 465719
2 -713815 -407878
1 -512801 -301176
2 -431181 541295
1 935678 -528353
2 -29647 470230
2 820340 322171
1 652252 -771066
2 210654 410121
2 -34589 -533398
1 306390 332858
2 491498 -706426
1 -428115 36703
2 699966 602855
1 369810 -493739
1 -992903 206173
1 30763 -929994
2 -206448 -971532
1 306523 564222
2 501599 943524
1 208837 -107849
1 -46803 330986
1 -255942 -244974
1 278587 -625685
1 691730 271879
2 35206 -312055
1 586125 590721
1 588435 -608424
1 -767649 -563241
2 152393 -106032
1 -617132 -581165
1 -856030 -954952
1 -12760 80083
1 162733 -439144
2 -28429 929960
1 -949392 986099
2 -125917 -428728
1 420266 930104
1 -454008 -840556
2 -212254 -491502
1 812978 685776
2 377374 537885
2 288486 -374660
1 -323987 917395
2 217069 149650
1 -802083 -906966
1 -108863 -1678
2 562617 -235512
2 87723 -253370
2 612568 711229
1 -521065 908941
2 799299 937574
1 -156439 950768
2 919932 -980305
1 -880668 -765894
2 450875 -980764
2 655203 782116
2 415901 -385665
1 727031 -839171
2 -51051 975448
1 892377 215548
2 172270 -268419
2 -773929 -43932
2 -407465 861418
2 543973 642046
1 -701454 -794432
1 959742 -355319
2 -936661 810416
1 527964 -249420
1 42614 112295
2 312090 72089
1 -6017 -665387
2 -466852 -560770
2 723240 -499751
2 -549296 756613
2 -660411 533054
1 -612030 -880202
1 -339988 171929
2 955549 -789138
2 388686 526873
1 264994 -932138
2 528473 309712
2 -600795 -193948
2 -739570 -971321
2 -401388 923468
2 -149299 861484
1 -809890 -21393
1 18176 -323612
1 817585 61966
1 269611 616621
2 441857 -437539
1 -437522 44603
1 -792225 674947
2 -6651 688775
2 -790440 642797
2 777054 -678523
2 -359366 712345
2 -148961 543239
2 -323219 -191133
2 -737235 256339
1 725345 843731
1 633649 781874
2 -197696 21940
2 477092 -659773
1 -304488 411029
1 610694 -765053
1 88716 424951
1 -47186 -113914
1 -436207 138759
2 -788295 674170
1 783593 -855291
1 701752 598179
1 -183938 -915721
2 -452927 -692434
2 77211 -806311
2 -57590 -847867
2 -738651 465729
2 554712 999815
2 119510 -384193
1 -998639 -137108
1 200761 262445
2 -51754 -831534
2 -490475 672463
2 -126308 998860
2 487780 849646
2 850460 198825
1 19458 -793783
2 924490 -433058
1 -264190 -774205
1 551276 -713626
2 -463974 -231601
2 883861 -807017
2 -481469 -58490
2 -894442 -108564
1 -757486 129819
2 848786 83140
2 348125 -700643
2 -436599 -453253
1 -258441 -227062
2 788095 758710
1 889994 200156
2 -235020 -859138
2 554885 -85847
2 434085 -969960
1 730687 571583
2 -267280 -675252
1 965053 832082
1 365321 103081
1 -783344 -174514
1 -512005 -919404
2 531431 -19618
2 182431 402931
1 -615861 767504
2 -397732 333982
1 -46931 174368
2 -769195 -537127
1 -612066 513372
2 642846 -748145
1 -29664 172951
1 -447356 880849
2 -601408 -490414
1 -522826 -663565
1 -41244 -315856
1 -991250 -27330
1 283602 -397483
2 640004 -482271
2 -809544 -200529
2 -434068 50666
1 -785344 248118
1 -160103 -587769
2 679409 -666080
1 509583 -962096
1 858081 199517
1 -133460 882090
1 240209 806396
2 -865141 12868
2 -635889 394936
1 -535943 -966302
2 -866162 866681
2 -825206 738443
2 221173 -921846
1 -2520 69799
2 885245 423358
2 -768807 -15397
1 56747 -513011
2 -302043 -539272
1 -223857 636972
2 361727 -259498
2 627611 -626210
2 37411 728882
2 652368 -833002
1 801840 -389062
1 580820 -498704
2 -90536 -188137
2 -277487 -109633
1 705047 -66891
2 -937728 887974
2 -238867 527911
2 440769 -718034
2 32381 254810
2 -770410 -941690
2 -359493 581479
2 -231617 292749
1 725272 -370289
1 741520 507435
2 501396 -458440
2 -618126 725999
1 -74996 811074
2 -585104 -651344
2 777952 398078
2 617400 -125611
2 742687 116712
2 -449707 -612903
2 -173494 493065
1 -662644 -972104
1 -427968 515583
1 860774 -570376
2 992877 160311
2 745655 -31390
1 -960219 -852549
1 666281 843350
2 260478 -767430
1 970145 366949
1 3083 177237
1 498758 -765764
1 -804585 -920992
1 -958798 -994164
1 -155314 -155075
1 -353363 -477860
2 401239 -642488
1 -691974 429936
1 903469 502290
2 917116 -278028
2 180488 -236100
1 -692856 -389861
2 225424 477475
1 -303039 741874
2 436213 766129
1 407393 728048
2 619739 -839515
2 -818986 -793891
2 743790 635184
2 904970 -279826
2 -901961 -394320
1 791546 714619
2 -227 578439
1 -603249 592481
1 -190979 833509
1 -176069 -755265
1 -421815 -141422
1 449521 270191
2 -52792 -264285
1 -278254 -993746
2 914375 -320134
1 -105074 -360584
2 -886525 862402
2 869524 382778
1 -694035 -193961
2 738230 -749698
2 424420 692740
1 846347 -873538
2 -752107 467798
1 625345 -693639
2 -694198 -927436
1 -641234 625184
2 -123825 712772
1 541218 368058
2 -949369 -631824
2 -178168 -673
1 -900966 328188
2 -743585 -406685
1 -548077 -766416
2 401269 -133924
1 -704781 -665855
1 -763960 -609280
1 -292310 940704
1 -998790 -670685
1 892973 222317
2 114767 -44188
2 -433892 -986470
2 -740378 -541573
2 239424 -390989
1 -868848 -245656
2 -170942 -638122
2 961648 -347451
2 908640 -648159
2 -15964 281932
1 -198968 645066
2 -658581 -728062
2 502411 582367
1 -840846 63674
1 317055 -546497
1 383916 412165
2 384427 993758
2 817826 95684
1 -258906 -23128
1 -432031 264053
1 -428540 894372
1 -632784 552317
2 13141 -892073
1 840463 302129
2 212928 604769
1 749910 -565503
2 372166 -932450
1 -93064 -656062
1 -989380 -628837
2 -11485 -504589
1 -680830 -398727
1 255031 -253011
2 -152953 -500963
2 -19637 582598
1 486135 -768836
1 524696 877068
1 39043 141039
1 297590 533516
2 -942925 -386754
2 -621891 -508317
1 500514 724133
2 -89067 490956
2 294805 -242835
1 -738314 122032
1 -677101 216722
2 -252992 -699863
1 -804001 892916
1 461519 -210117
1 -441448 102645
2 -595671 -132848
1 -468562 723619
1 -814810 -646605
2 843109 744880
2 326568 -772248
2 -125252 734889
1 336097 -718671
2 785982 -728015
1 -314309 -536509
1 539601 -794363
2 -865728 160980
2 273053 435897
1 -739016 330811
2 -767689 755336
2 -542498 941590
2 -354652 -118665
1 -633723 780807
2 -810294 -803263
1 -837148 179627
1 813486 -781317
1 954726 -607156
2 699297 -643058
1 553322 -341583
1 946173 -251434
1 86153 -637766
2 39673 724901
1 -226464 851433
2 -376127 -799335
1 -319405 -129347
1 -89441 203945
1 -882854 527825
1 413533 -159743
1 30729 499309
2 -152776 471929
2 213734 142894
2 616417 -634843
1 921015 -803001
1 795186 -149669
2 -577874 776106
1 598318 -625231
1 27077 -835570
2 368025 -476688
2 -582845 -705558
2 -553729 299335
1 -965067 -279875
1 836001 -634940
2 15098 -32421
1 318971 -367552
1 -329894 -292407
1 785619 -833924
2 -874070 59681
2 903128 784852
2 -107775 281981
2 -643245 849829
1 525738 368605
1 -599924 434190
2 765601 968788
1 449304 628218
1 -146489 54841
1 934368 -522826
1 -689489 169677
2 943250 649271
1 -755228 45264
2 302629 -826775
2 518982 895458
1 62719 -204493
1 -12813 -807133
2 169418 -160497
2 -601288 -473312
2 -363026 -765135
1 310091 493641
1 72161 373018
1 -535391 301653
2 -693717 -851698
1 -755974 -485057
1 226585 -18224
2 613409 841218
2 -48731 -53246
2 531213 322244
2 519647 67733
1 665048 137576
1 -68041 -383178
2 925949 70979
2 -982951 -654981
1 933443 -65648
1 163643 842743
2 874992 229357
2 -699996 -307547
1 -535211 -680191
2 -74781 429974
1 -504695 -153194
1 512220 -666693
1 -988165 -220420
2 -506408 -917069
1 -78634 -292877
1 -285926 159044
1 212100 707979
1 -819108 -837841
2 368797 483926
2 -38865 -357762
1 -592503 -922003
1 -950554 -534104
1 66133 -865650
1 954913 527917
2 7040 645365
1 890577 -7540
1 211683 -309894
1 916579 703041
2 248497 -1575
1 728413 384093
1 -428084 563908
1 -973321 -905906
1 -173978 362238
2 525001 -6991
2 -937404 334118
2 617546 327580
2 517772 572173
2 -12900 -265406
2 -528594 462947
1 662274 -460695
2 -910338 912851
2 -436185 496295
1 106492 970197
1 708315 826691
2 -59254 -802703
2 212553 315110
2 178072 -819295
2 -485580 886146
1 -988527 -299623
2 -451595 -323931
1 936168 -292611
1 873048 -417662
1 506467 713459
1 750032 -522196
1 787550 -390233
2 896149 -435687
2 -746418 23265
1 604879 -419135
2 -391046 621699
2 371858 -111279
1 -628399 191018
2 449612 -191010
2 -221456 954200
2 -202537 707564
2 -13687 515974
2 -720601 -377560
1 772846 642872
1 779365 137655
2 -737300 -846345
1 518258 739684
1 55652 -913081
2 -414602 -999742
1 729745 744326
1 511709 742837
2 736955 -154595
1 -266789 -426447
2 216284 973321
1 -725165 965114
1 381578 -858538
2 451668 331857
2 635604 -382302
1 -283741 862024
2 397563 -386010
1 868507 -687805
2 718071 680709
1 -136981 -256355
2 771374 -72953
1 418258 -799001
2 -213158 326423
2 357557 -299928
2 6948 -913629
1 94591 -903420
1 196041 989700
2 173520 735197
2 -775234 36654
2 655291 263524
2 -829308 -156029
1 269462 118679
1 -863095 381026
1 -6520 884990
2 63557 -130720
2 724702 41284
1 212507 -461865
1 85203 -581419
1 -988885 -316970
2 -626107 688239
1 -711215 -734271
2 -886981 -789735
2 -849800 -317473
2 557949 -634720
2 5749 953950
2 -866475 -382639
1 -821532 455978
2 -437144 394895
2 -324053 -202722
1 32550 -910250
2 -782817 679030
2 -439647 351202
2 594273 -561469
2 -102375 966422
1 -398119 -162577
1 -199882 -699037
1 -89664 456227
2 841645 152390
1 -762429 -886058
2 568273 765484
1 -265109 -213491
2 506146 -686263
2 108654 -721737
2 -763597 -519301
2 -634397 -550472
2 -724862 62948
1 446345 936543
1 537824 -641761
1 -438741 -434049
2 -566018 -87769
2 -234571 686879
2 -179602 -95374
2 285889 16626
1 996546 -220176
2 931709 819978
2 226114 65336
1 -260280 894412
2 -769547 -435525
1 -652852 -497653
2 548658 -675819
1 -635084 -83338
2 -907145 552079
2 -818196 484349
1 -383939 -2950
2 975032 441634
1 658655 757510
1 -528317 -886461
1 -871593 -341205
1 -707396 -590987
2 590369 -128363
2 33016 913967
2 -904627 839606
1 -719718 456036
1 827037 809316
1 -195910 10983
2 -72122 -919048
2 630494 -217173
2 -139125 -264813
2 -334752 114108
2 32186 968855
2 -557159 696044
2 299440 -394436
1 -378458 51719
1 -598601 662285
1 -869381 802453
1 -121388 -358436
2 672371 -872480
2 -968479 410134
2 -481960 -301751
2 823564 474991
2 -644571 576278
1 626370 529570
2 -868930 373167
1 -690038 937879
2 -342334 773134
1 -645549 146084
1 373311 307470
2 111889 -390179
1 365918 140879
2 868621 -779032
2 -656006 530481
2 -429556 -168489
2 -194502 -345207
2 -968385 -12471
2 973526 -856640
2 -70519 10675
1 1142 -422291
1 -305494 -490874
1 249004 516440
2 -843579 164717
2 986231 536964
2 326348 -455542
1 -793026 -785351
2 319204 -455289
1 -785696 322465
2 292932 300059
2 607268 -308822
1 -47296 51214
2 829615 111509
1 -396770 499242
1 -411138 -821035
2 -700645 801340
1 -906313 518540
1 615676 908365
2 -519744 -910069
1 -59018 -829336
1 990327 -682803
2 5178 -643879
2 866225 991945
2 549303 159192
2 -407146 227005
1 -757448 766684
1 -838790 594921
2 -329229 874546
2 589240 904597
1 -357966 213257
2 180914 919142
1 891102 794455
1 890228 124966
1 -210765 513769
1 835349 413172
1 147043 40509
2 -114636 -956120
1 315404 -265613
1 -457131 713529
2 241538 -876529
2 -324413 -248310
1 -855246 209618
1 4656 594730
1 259183 -523801
2 223249 -52375
2 923727 754932
1 -939413 584357
2 584830 852645
2 936327 379933
1 -358699 -89394
2 -448797 686308
1 128483 326923
1 -75294 -201633
1 -233195 -195512
2 -685984 -975095
1 -801878 544292
1 497846 -91082
2 720018 -616717
2 -91888 -890634
1 -680700 -216578
2 41133 -761982
2 544514 -273627
2 535879 700839
1 -152107 -306158
2 -158078 -591244
2 324349 -41994
1 -943645 -487893
2 474531 327481
2 -442364 714892
1 -757862 -187673
2 856032 -213251
2 -690694 -79441
2 449743 4704
1 273553 827522
2 -268287 415817
2 -917804 -478458
2 271439 -683434
1 686035 616291
1 397468 30581
2 -892077 -376385
2 -549995 -986713
2 -482126 898177
1 790834 765980
1 242439 248801
1 28236 636044
1 400711 495185
1 460807 -168076
1 631458 -20507
1 -526006 -72367
2 -239845 100552
1 -283489 -908765
1 275916 522327
1 190780 621770
1 880208 -160672
1 -889409 428444
2 709692 -49232
1 -435550 -836830
1 -14331 -299160
1 778962 -633830
2 341369 -172913
2 854275 277826
2 -513065 -733109
1 589463 656074
1 609950 740860
1 456663 225892
2 415875 -820062
1 321950 -327034
1 -841826 -402186
1 -963351 539605
1 223812 -592531
2 -76497 -395098
2 605638 328565
2 266723 106413
1 -291787 -286831
2 34472 -624668
2 827046 955332
1 -690625 -916598
1 203138 181537
1 -568144 197465
2 -140285 253458
1 404483 -155674
1 -443159 -630858
2 -948922 886625
1 -643204 -458974
1 215376 -283379
2 399531 683863
2 305044 -269894
1 -522753 555655
2 -427373 502647
2 -300482 -309851
2 430979 854650
2 -697782 879892
2 -115567 -593503
2 -10939 665938
1 -238406 276907
1 472087 -711007
2 -595138 823323
2 -944441 144275
1 490068 -715479
1 58059 -477155
2 976749 -731763
2 634251 894028
1 -830380 -157932
1 -869225 -569241
1 -24540 236494
2 -427661 -327375
2 -699345 619284
1 410020 845138
2 -848221 195349
1 -454178 297125
2 204226 448686
2 -589206 447751
2 732064 -295427
2 -764803 -765568
2 -86848 -245736
1 4857 -31160
1 -861188 406124
1 169336 457418
2 -770360 -101560
2 935525 898650
1 -41650 863214
2 208963 6304
2 -426223 -178431
1 -562825 -459301
2 -818433 489523
2 480840 293116
1 -801591 -636655
1 35200 -407555
1 734929 -189527
1 600125 -270241
1 -107566 -208169
2 389316 -898010
1 -528249 255256
1 -727624 -324962
2 -837303 -426722
1 420294 -598317
1 552095 -959171
2 733662 533579
2 -477965 789834
1 -68225 535135
2 837005 220426
2 570096 -612513
1 195051 353890
2 258566 -888435
2 -349276 164570
2 -538145 39631
2 -376310 128877
2 677529 -246317
1 227164 -289562
1 -990153 398805
2 -950258 450894
1 383056 -24752
2 -260604 -544453
2 74701 -968656
1 -560877 244890
1 -104718 -385418
1 -402065 -439578
1 -799562 -558820
2 375075 -78003
2 516827 702171
1 672175 -160644
2 164706 707605
2 430657 -543740
2 -885942 650853
1 -442807 -724988
1 -60073 -551817
2 338662 349873
2 869600 -330277
1 382209 -247297
2 -476459 90249
2 683359 -326582
1 839548 927142
2 -312839 149382
1 977220 -819176
2 -251094 -816176
2 162704 -922396
2 100860 381842
1 393903 144519
1 569137 -719380
2 352397 -956916
2 750095 539668
2 779549 -771009
2 258027 61902
2 724143 656155
2 -313550 210094
1 -588609 480569
1 -182729 -601223
2 -166333 763996
1 921011 -859610
2 -721131 727784
1 786069 737593
2 643928 -585456
1 -314697 948140
2 -52964 851232
1 -225087 -33418
1 -142068 306174
2 -159494 -374225
1 113272 839820
1 -190661 168756
2 -691966 559583
2 -807210 996915
1 -433446 499085
2 -747451 670726
1 -273943 -589659
2 -771358 -866453
1 -867654 -196091
2 -501614 -399196
1 853435 174371
1 -994574 135661
2 691158 658140
2 -610289 362555
1 494065 419510
2 732048 -578092
1 -71613 -365853
1 -762267 -179979
1 839554 -967807
1 363957 -795979
1 632324 518082
1 -613188 -339391
2 -969582 -102777
2 644856 -993481
2 -988702 763640
2 203278 522639
2 984797 452100
1 552824 -702492
1 -40839 489948
1 994720 -896019
1 -573621 213987
2 -115343 -838095
2 270374 -565307
1 -45203 -800211
2 -997030 892533
2 -415881 -484664
2 -737182 -862246
2 557146 -114061
2 -287504 -349768
1 93371 605574
1 -910407 -245673
2 -108850 216687
1 350063 -152477
1 -892921 -555589
1 755054 -182063
2 -153525 -115987
2 -584348 37743
2 484832 -655167
2 -737273 -383126
1 -450025 59918
2 616073 -411865
2 -749614 347211
1 130073 -980505
2 553604 390229
2 53405 -652859
1 359089 -567699
1 -187077 359803
1 631201 -344847
2 978571 -122945
1 -332474 371410
2 -341538 137253
1 -818118 -212087
2 86381 -801221
1 392174 -891244
1 384198 -843888
2 -333435 222205
2 -987118 -635795
1 -19738 892598
1 938646 -685869
2 -777920 933611
2 470351 124449
2 -940643 -66907
2 -731329 -559426
2 848037 -485902
1 559567 541955
2 -876758 904900
2 -811627 803114
1 -663801 -406169
2 925682 -409949
1 971442 145045
2 799177 892231
1 971860 -841347
1 -999312 568942
2 514780 332211
2 253728 -139875
1 -795656 -948805
2 602838 -698387
2 612331 728355
1 -603219 -896343
1 -845515 -350775
2 -173159 127297
2 811614 -230215
1 173216 -372212
2 797963 495092
1 -462887 27638
2 -299379 207164
1 -758692 -122103
1 -151777 -758311
2 989250 -760940
2 -195067 168853
2 355128 915166
2 -143239 647353
2 832369 359904
1 533424 -532598
1 -832926 -917309
1 -676953 706785
1 912910 -920048
1 493250 726111
1 233987 294288
1 295343 799032
2 620509 92812
1 479091 910566
1 -176174 -511256
1 -700254 -644872
1 197526 -71478
1 627172 -3025
1 -117872 693405
2 657910 253880
2 499340 -998898
1 -564111 -67166
2 224026 994640
1 -695874 930865
2 580633 359915
1 597291 130121
1 368015 -641626
2 369728 123236
2 166304 -460808
2 -947362 -912701
1 -73423 -765219
2 113131 481863
1 195083 899718
1 -584692 274663
1 -207647 892555
1 346174 526657
1 -171533 -572776
2 632690 679597
2 744912 -519357
1 -722464 336177
2 892079 -794700
1 -216261 203564
1 517223 -644562
2 -526774 -976843
1 -604752 -643373
2 -745614 -472161
2 -542515 655150
1 136634 -789053
1 -847151 170592
1 603936 -260864
1 29059 453248
2 -493256 -35673
1 -599810 349494
2 -433516 -668257
2 769113 -49235
1 -578795 -683860
2 741804 -711872
2 -916778 757799
1 935753 728366
1 -577605 -695807
2 -113430 -711247
2 -730237 -209824
2 -160875 433436
2 633679 -721705
1 -412355 742123
2 -39464 -409704
1 -866728 -639845
1 -246457 -945848
2 217252 -772187
1 -735550 552139
1 -192530 786349
1 -383538 734106
1 255615 -457935
1 -222322 410677
1 -146729 24349
1 771800 -919939
1 395731 851423
2 804298 893731
2 -915125 525863
2 309049 990716
1 60541 -798031
1 631070 -536770
1 218673 -909479
1 -462250 729400
2 59698 -956857
1 19843 -324887
1 278891 488115
2 -307127 72128
1 -176839 312507
1 362274 937422
2 -541142 -299873
1 146851 811616
1 -561463 406285
2 310510 -473924
2 750578 645058
2 -614325 569843
1 -412789 -558101
2 612399 -124247
1 -903556 823496
1 526802 248034
2 382626 751091
1 -156767 -571553
2 32671 -888810
2 -17250 669697
2 -785405 -777924
2 -13262 -341382
2 836517 19223
1 -112976 922909
1 118665 -571009
2 -142273 859746
2 -299539 -478898
1 298149 -80243
2 879984 70386
2 -856502 -889499
2 154765 -266104
1 -791883 412276
2 255231 -900610
2 189734 -950157
2 972308 684433
1 -216904 -593322
1 576191 -245572
1 -783225 -177556
2 231310 -668869
2 -281066 -209565
2 94691 773129
1 627662 222911
2 766947 -424611
2 207042 -255313
2 117688 -985696
1 -296726 764994
2 220150 -93110
2 360302 -184830
2 534280 -169488
1 988361 301838
1 595165 421730
1 -475615 267088
2 -814631 357458
2 385185 -267694
2 -85964 600172
2 -129516 -867400
2 368901 233557
1 688363 -278512
2 -135226 -780701
2 782467 234716
2 139819 705589
1 -200446 -162735
1 -848474 -50752
2 -431138 -738561
1 -658300 -8640
1 242459 596720
2 -961614 -291136
2 -557057 405153
1 -476307 629684
2 -816630 784585
1 454347 -671392
2 -255632 958013
2 113715 283032
2 -13442 640353
1 -361294 317541
1 570962 -68034
1 323219 992391
1 186592 286740
2 -590842 969526
1 800146 -833886
2 -160522 364524
2 571008 695251
1 -382567 -967106
1 -51273 -745677
2 -362972 138590
2 -881394 -951335
2 210686 945768
2 836419 384359
1 -199370 -97959
1 289739 680458
2 535902 -920076
1 -846035 918096
2 879911 837199
1 543896 -661538
1 304572 -191174
1 -359815 -837932
1 -464494 -953947
2 711793 -769709
2 -540019 574835
2 964843 -696679
1 288710 -609776
2 239962 653478
1 -649845 -2844
2 -321203 -325728
1 564546 159418
1 -542453 -304151
2 -530867 280939
2 -575549 -167097
1 424980 106738
1 533042 -960706
2 -995368 813238
1 -294338 869512
2 -584831 -64279
2 788242 -775619
1 86099 466220
2 -240759 758207
2 554670 290741
1 -875838 350671
2 875844 537895
2 62674 -963815
2 -971884 -771999
2 -800203 676361
2 896015 -688494
2 142386 -178897
1 991197 -59286
2 -298040 692235
2 530178 940540
1 -233309 -115892
1 881138 -544169
2 994222 736498
2 745953 966843
2 330371 -893538
1 -508182 -723960
1 339072 -749328
1 -667769 951043
1 37087 -705519
2 190747 65431
1 -300275 -831907
2 -874158 567183
2 209862 -894372
1 303554 709912
1 285169 -81944
2 -69980 -948214
2 -192681 240978
1 367099 -33623
1 669772 -520368
2 814551 -895513
1 999361 -949503
1 9867 112505
1 -916764 983370
2 -120487 769494
2 -114800 283906
2 982408 314250
2 -499729 -746296
2 -359000 858698
2 356647 416655
2 18980 -831302
2 392756 889974
1 -93410 -465773
1 -555169 115445
1 -612198 301478
1 -933506 -192343
1 -333849 -730304
2 -970600 799014
2 -707061 -959480
1 -888065 -997833
1 436266 -345611
1 638522 631067
1 -931521 -853390
1 -823064 711971
2 -673821 -688204
1 -174805 484463
1 -433874 -677083
2 693260 -26405
2 2957 59841
1 57008 -137420
2 854128 -182774
2 910043 929869
1 -983520 -195979
2 350224 551347
2 -235706 -378799
2 323142 -313089
1 335538 -104020
1 -897824 -898842
2 882314 -792682
2 324753 751247
1 -949989 970214
1 407319 -521622
1 -788865 -889199
1 -822596 579916
2 -508777 -702989
1 750871 -434420
2 546705 524666
2 437917 -621201
1 267929 377225
2 -772211 818921
2 -477005 908261
2 -952618 812822
2 -471330 231170
2 83209 -70491
2 57899 836820
1 68115 423043
1 3884 -370395
1 487071 947183
2 141448 70504
2 -366397 625788
2 647188 178588
1 851947 -815769
1 813802 520398
2 -50035 44946
1 193766 770570
2 -633232 -974214
2 693633 239758
1 -241735 363272
1 36588 912118
1 -140932 -617955
1 122970 -271695
1 -314962 492085
1 -297586 323160
1 -945382 337757
1 111150 -792874
1 -366249 -889291
