3000
1 -2334 -810247
1 861715 -762260
1 -486002 -197968
1 -163284 -22431
1 -528664 -712729
1 213417 816984
1 -187053 763140
1 305068 137280
2 -602107 -224525
1 -739491 352140
2 320086 374282
2 888479 742917
1 773641 -7670
1 113292 -813973
1 -915752 -21221
1 -845464 493695
2 -273757 536705
2 304489 403010
1 -12657 -175878
2 -613277 164274
1 91756 -519693
1 -234708 383244
1 -916118 -167651
2 -906818 33372
2 -805679 706102
1 382368 422897
1 -388891 823758
1 40555 -467196
1 429223 -633273
2 -952514 560714
1 511694 490215
1 -68874 -373401
2 986563 102778
2 831843 -481736
1 981516 -654209
2 -77239 -867981
2 138757 877003
2 207717 -923286
1 -443425 902832
1 -22244 804765
2 -736416 3964
2 -966857 -335347
2 340150 -646270
2 -131157 -437367
2 -724564 -932981
2 404121 -229801
2 -756352 -832984
2 -48646 -629245
1 699969 646479
2 -909429 187967
1 610873 244712
2 -288477 -690398
2 943539 -494224
1 87679 994596
1 -620279 568440
1 -394702 -784309
1 484840 -520022
2 -11331 83873
1 -90057 -138322
1 554810 649481
2 300028 -515372
2 664416 -473618
1 -607297 610850
1 191475 297722
2 -29026 889170
2 759732 385434
1 375922 151747
1 -111005 25561
1 -494417 479214
2 -282366 -57239
1 501746 -590085
1 921679 354162
2 91804 275280
1 239454 123355
2 756204 -857314
1 -245390 971116
2 -927500 674503
2 -941820 170548
2 -977208 -187895
2 -628584 -916565
2 -684713 383818
2 -11590 -253844
2 862567 -462760
2 308148 -135992
2 722055 -403926
2 839308 899000
1 206661 -652972
1 -251404 -23968
1 -601270 -163565
1 -172401 848698
2 145797 -892746
2 245132 -523567
2 382759 981562
2 -285769 792084
1 -292389 -396008
1 -203422 -157547
2 -624079 741669
1 -837846 442055
2 619284 -489471
1 535557 -711288
2 328459 993528
1 -539769 762040
1 789675 -710710
1 577758 72192
2 -900889 -386684
1 -968674 -867132
2 -560466 -841451
1 -937662 -1202
2 784855 350323
2 -728070 182626
1 273734 -137923
1 588359 109768
1 -165643 365185
1 -997326 -84116
1 743490 -403885
2 -111581 359788
1 619544 -118531
1 861594 -793271
1 -600823 -659422
1 614646 -382855
2 -21406 873713
2 548599 323535
2 198149 384507
2 579747 -525042
2 -717474 136230
2 -592391 967477
1 879532 480124
2 -278730 -975707
1 646979 666702
1 -638313 -317828
2 937758 401986
1 -539828 -216760
1 747688 113672
1 -504178 530463
1 -6480 -435467
2 -587760 746956
1 -88364 288567
2 959732 -522762
2 222351 870637
1 -820372 -63186
1 685901 378364
1 -810720 32962
2 984910 345178
1 946904 13013
2 873210 300212
2 719323 -292231
2 -869920 -254905
1 -66562 461369
1 415530 -619921
2 -693345 -601590
2 9121 -414558
1 -660765 589544
2 -939669 285518
1 361461 -733410
2 -397685 -876391
1 90706 -162540
2 109231 970152
2 325571 495850
2 -304229 752849
2 -404784 -107716
1 -930883 -139129
1 -517930 -446436
2 -436799 192968
1 413036 -500791
1 -741038 376829
1 35791 -481657
2 296606 13428
1 -33068 -995335
1 -855452 751629
2 591658 -478206
2 -740517 -881328
2 651955 242813
2 100171 802032
2 -887441 -516035
1 864311 844390
2 -271817 -867704
2 781179 608509
2 -446512 -949396
2 -178746 296400
2 -379063 -105671
1 -342518 -321809
1 -231815 982405
2 -17110 -970612
2 -439726 -965759
2 -975371 667796
2 597172 131361
2 -164377 -381338
1 821362 -507646
2 15706 190333
1 345101 510469
1 466900 162447
2 88734 725817
2 -713589 -610790
1 -900425 -595772
2 -937672 -164119
1 682873 -490302
1 483773 -439911
1 -450601 380814
2 -311635 368817
2 -274650 -458806
2 866292 103646
1 199873 -650017
1 949189 396156
1 -434842 -941354
1 694733 713854
1 -147684 -15791
1 686324 -530446
1 419204 -902542
1 -463154 -458663
2 -691858 372761
1 902281 562981
1 659107 360209
2 796477 -463611
1 344561 -566672
2 -137774 431638
1 741617 143098
1 -341109 -656101
2 -455132 273635
2 535952 -72270
2 942539 712035
1 -351102 -489924
1 -262136 -285907
2 165585 -530761
2 970020 268161
2 880489 558123
2 403286 -249691
2 -928860 -167447
2 347771 -661147
2 -427555 -559199
2 -699217 782104
2 -638390 387677
1 -542297 316499
2 -402539 -407269
2 -353568 88321
1 786125 -320154
1 17556 -748473
1 -360286 -741308
1 -988263 128378
2 -785637 -681243
2 -656941 823426
2 -620753 611384
2 163397 710297
2 242014 -875662
1 -25748 -52910
1 245861 -267735
1 3156 -597345
1 -461816 26048
1 -161357 336739
2 748577 -960149
2 -697502 -419581
1 91304 -120528
2 275833 -881457
1 -18526 -746122
2 197261 -532028
2 665290 204235
2 -520520 60276
2 995050 642138
1 147488 -487363
2 -242778 852688
1 -957716 -819148
2 883346 535363
2 683232 -459218
1 -10442 -979422
2 -750150 -662294
2 933935 191850
2 137281 85007
2 829925 -690316
2 483950 518587
2 981016 942861
2 -628647 34482
1 -425504 -103011
2 934667 499107
1 -938257 3902
1 339679 -560784
1 875362 444332
1 419869 258803
1 327738 886091
2 -951068 842611
2 -196419 -543700
2 -245454 -99176
2 49844 -453305
2 96494 -947477
1 376906 681546
1 -69605 -640574
1 -751804 -445176
1 -45741 163612
2 -771832 -821879
2 857158 697327
2 800138 -969705
1 132182 453998
1 -620024 847622
2 -741085 -410923
2 230197 654258
2 505953 77795
2 -382995 -144993
1 168888 933381
2 -794399 157987
1 946286 -360784
2 242418 -103927
2 -924923 -49071
2 917234 -300790
2 309176 -867207
1 -844127 962914
2 -330990 -710115
1 -951247 -173717
2 984069 222597
1 -723624 858145
1 276089 -581285
1 658062 810435
1 753798 721879
2 -304085 -825589
2 -777556 -959968
1 -114191 522277
2 -315364 -260368
1 902100 -484611
1 -538493 194536
1 233177 691738
2 819726 11795
2 913976 975049
2 -301319 -380131
1 694129 564578
2 916071 162455
2 164807 388238
1 274387 828741
1 541573 328765
2 688463 -601027
1 -44666 214166
1 186992 -999938
2 193189 -918202
2 -990977 555146
2 -491369 -339307
1 -201594 541713
2 140652 711115
1 192053 7964
2 -815742 -298869
2 866895 240188
2 522823 -593215
1 -558333 983967
2 -826351 -481772
2 -881410 777361
2 -455883 -335411
1 -885720 384912
1 58550 -235304
2 -750222 128655
1 -892294 -20786
1 -881507 -849253
2 853233 784863
2 606065 -500220
1 270983 -341707
1 -413970 -388297
2 -552888 427569
1 252190 21181
2 -479666 212747
1 528676 -286229
1 -285423 613997
2 507344 -562986
2 -464893 332794
1 -27365 786991
2 -998776 -437580
1 729670 -515667
1 -784632 191933
1 144731 -786977
2 -831543 311578
1 -529002 -394437
1 260747 -262238
2 -118362 465652
1 473140 964785
2 151125 596695
2 221053 -929706
1 -548306 -622024
1 906006 -873828
2 -261374 522521
2 -213694 -672666
2 115775 877106
1 807183 -649118
2 334961 201464
2 -856136 -742050
1 444969 -181524
1 205054 358759
1 486097 590623
2 89767 77102
1 -732238 176140
2 447085 -635815
1 -386060 370140
1 -551297 -855204
2 -474294 443540
1 -910044 -148081
1 -2254 534689
2 -548489 308335
2 938131 680492
1 50045 919854
1 -193690 -695760
2 -927709 -829353
1 -192936 -34539
2 336512 241701
1 -603742 323627
1 207923 547833
1 378530 -50434
1 -584843 -271774
1 -219861 -251853
2 982036 65881
2 480763 -996590
2 -863672 695141
1 712700 473834
2 920129 323496
1 -811337 -319611
2 44327 883548
1 683006 -253268
2 -448523 -728605
1 713166 296606
2 753446 815100
2 -842909 -591394
1 843111 775768
1 434033 144505
1 -550515 278540
2 -519469 -289593
2 -636829 600228
1 538970 601839
2 901497 -602905
2 -300654 792994
1 -85659 -282384
1 -28997 -613454
1 729049 -940480
2 572880 141079
1 201520 -992757
2 18176 -324239
2 368850 -630523
2 753210 853215
2 97907 787876
1 9477 -432955
2 932036 298671
2 -622932 15057
1 -188903 -299671
1 341834 -371662
2 283887 398612
1 -244274 -282998
1 681235 11846
1 -996152 -355169
1 -558533 -384211
1 29209 969171
2 -319266 207198
2 -300015 -476444
2 376401 192337
2 618152 494619
1 -833311 612578
2 -892917 -486419
2 260918 616454
1 -306097 -618283
2 962577 -755148
1 -30125 431520
1 -563992 -70803
1 -459651 387171
1 -148328 -835562
2 866625 -307264
1 364150 432747
2 -531816 343771
2 38234 554560
2 -676942 897145
2 655694 -969976
1 515248 192184
2 -788279 940263
2 -771054 242350
2 58623 986328
2 -409409 210890
2 -762484 186773
1 490009 288214
1 -504324 82926
1 -234835 255259
1 -935973 365649
1 719053 -833840
1 654139 924162
2 -696946 917215
1 34373 -303186
2 996763 -581727
2 -998387 108021
2 482872 424911
2 -340963 -207625
1 446326 621643
1 -841924 -45853
2 -349644 -3680
2 284684 -219820
2 -928539 -768763
2 235262 -280876
2 757544 -360119
2 720294 22773
2 -59555 141175
1 501977 -708835
1 268664 714336
1 521376 -889006
1 -294368 371410
2 917716 -212772
2 984127 -813237
1 835205 -2286
2 878751 -638771
1 394570 -642199
2 -480208 -885571
2 767794 -207126
1 301775 823183
2 61778 -17480
2 -521817 271262
2 885610 569303
2 445813 8315
2 -987890 401574
2 -496381 -510085
1 -51578 117816
1 393747 -470023
2 -187473 -284243
2 919126 -517052
2 240044 26369
1 439214 -830167
1 -677187 782023
2 -578727 460848
2 -473933 509554
2 596860 893088
2 256553 -689557
1 358817 862188
1 -53888 -671561
1 452874 589074
2 424528 506670
2 -908444 724345
2 -640149 845562
1 -620200 -96262
1 -211816 869450
1 -875932 773699
2 223601 -140961
2 780431 41284
1 -935120 700314
2 180179 568154
2 665622 -227539
2 711916 -702186
2 207251 -738022
1 975184 986660
1 661905 -656873
1 -576426 -894040
2 203951 -162281
2 -707014 -179999
1 999747 -467136
2 -994826 -88871
1 -349480 745693
2 -458515 -534202
2 107191 712813
2 -488616 -94906
2 -631054 -401633
2 49908 622093
2 -225727 -780447
2 100508 471743
1 -521839 -89266
1 -650853 -931907
2 878929 356693
1 282241 749043
2 691168 832099
1 896169 -101035
1 15181 -626197
1 -737201 821480
1 -795657 -963999
1 728600 -479491
1 -169031 -539076
2 -438132 -200080
1 -513047 -423597
1 111466 509186
2 -123513 -56458
2 250479 -711508
2 -249561 931626
1 -875060 -575565
1 -609347 184737
1 83082 -203316
1 -926711 -76661
2 376299 482898
2 -342724 207703
2 409131 -96146
1 -475298 -410713
2 -168191 -440273
1 -786758 494052
2 -676541 -370126
1 -171399 -320924
2 -694610 156790
1 178264 405545
1 -429116 -779660
1 -941278 -740725
1 910766 -932797
1 -684642 -428027
1 -141713 280463
2 -303264 956799
2 -78222 629730
2 797195 -401364
1 913259 942595
1 -547149 817575
1 23503 -864359
1 -323640 741392
2 7120 -16392
1 -820243 97598
1 -820209 672388
1 566556 -77648
2 419057 621308
1 -659871 -398378
1 347203 -189551
2 3285 -433130
1 989248 -791938
1 -881407 832089
1 -285774 712435
2 -798866 -868176
1 982472 -601601
2 932549 915037
2 698711 -476149
1 914660 460219
1 244803 -47998
2 496215 514712
1 922089 -756285
2 -494151 934580
1 -531353 109371
1 -47245 900100
1 890530 -801322
1 590118 -335383
1 526939 542898
2 840989 -865947
2 -199202 722637
1 -979023 -670340
1 785929 385119
2 -47346 -800054
1 -936495 -406288
2 53743 -969287
2 145711 -330328
2 -143405 -146646
1 135447 -715126
1 -131493 -73056
1 -740404 -983316
1 -923973 -92824
1 958469 250154
1 795251 944869
1 -200205 -116674
2 -542426 142683
2 -224603 105445
1 -77788 -83505
1 -998865 75201
1 -686109 937462
1 -795103 327733
2 918816 265632
1 660816 -934549
2 -88594 430985
2 -949739 -842209
1 -512771 202486
1 547765 331134
1 200443 911911
2 -478097 570437
1 486997 -296848
2 770083 249072
1 -719634 -129752
1 488790 -180022
2 677622 -675110
1 753804 823097
2 -861286 769819
1 -949151 -955344
1 -887976 493244
2 622477 -864653
2 -160463 -639419
1 953896 -542103
1 -178374 542169
2 -219734 -127408
2 -532776 223199
1 -113947 606965
2 636579 -4440
1 -986105 383459
2 332093 24968
1 754617 491527
1 767790 -279303
1 643361 -97068
2 133967 419639
2 -917767 141443
1 -56325 392551
1 -257101 291529
2 66354 843242
2 -46811 193084
1 -954938 -156436
2 845626 -987537
2 -360111 199317
2 151807 50381
2 -767280 -370947
2 -962299 209362
2 139940 743743
1 -974185 587839
1 65543 -786395
2 580976 116605
2 715430 325095
2 614792 61298
1 -214842 46036
1 306035 381344
1 -64939 -281653
1 497199 -948288
1 -894361 -741406
2 -772285 -429215
1 214485 753930
2 -39594 -594547
2 -581011 93635
1 -265415 644724
2 -16006 -424463
1 -777009 237485
1 99172 36262
1 683915 -979155
1 -119443 313488
1 291402 615667
2 38073 -146257
1 819775 842089
1 -833394 -773773
2 876592 -898456
2 982089 966912
2 -638902 -215673
2 -46639 -916967
1 405387 -978878
1 734775 -776124
1 -156696 628887
2 -294980 86785
1 -391347 -426376
1 409915 -920318
1 -911204 365428
1 -672029 -594968
1 -150416 106461
2 -466546 577590
1 -697618 -372462
2 -104879 912767
2 -610544 76121
2 -851249 -664389
1 229961 685998
1 383303 114931
2 551815 353146
1 -281038 246949
2 329084 -511568
2 -241968 453750
1 954573 825156
1 987909 715382
1 396588 -761272
2 431051 62792
1 -522912 -111720
2 -497012 883956
2 -833183 767472
2 -612995 903463
2 980432 -872660
1 297961 769557
1 755657 -51709
1 -759422 -393020
1 932462 -540499
2 -551282 -603255
2 -651201 -782563
2 -993077 -723175
2 963789 -395492
1 -924059 463626
1 798835 -865356
2 -299546 -599711
2 330471 783419
2 -785575 360337
2 317953 538875
1 -362548 -737859
1 509834 -743705
1 -497510 530550
1 50996 895257
2 58309 -286691
1 -867759 53213
2 9690 -855124
2 617862 -365274
1 890593 249217
2 -23597 76298
1 -726591 -987429
2 301903 970998
2 -726250 752254
2 258634 254832
2 -595723 994101
2 686803 -481743
1 -45350 728855
1 40250 413433
2 449879 285658
2 776895 648844
1 818544 157696
2 -358829 -274582
2 590807 -762325
2 475574 -153900
1 -197517 -981175
1 871818 928352
2 -746838 969871
1 -73379 -38477
2 -246850 462191
1 293888 357461
2 46428 167174
2 515683 -510087
1 -735611 -474294
2 174197 99585
2 826338 -934448
1 -331740 691918
1 -932536 92196
2 -829090 -483340
2 -153124 625941
1 684118 419442
1 -203397 260623
1 167040 -93764
1 269714 342224
2 971821 503702
2 253132 -147208
1 859367 -195171
2 497902 857362
2 35274 832560
1 303768 307306
1 -527254 963321
1 402873 804446
1 855656 -520985
2 801810 -898128
1 234639 -757458
2 -437887 -88122
2 -544051 852796
1 640818 -814905
1 56681 375053
1 -621235 510600
2 -147978 -944494
1 -340033 -593659
1 -488114 326637
2 252291 -273093
1 324178 -901467
1 -500273 123139
2 -689529 -506863
1 732952 616252
2 675408 143205
1 -38328 663132
1 -745777 784923
1 -167321 174268
1 987760 215999
2 60926 -334601
2 573363 246515
2 -658353 -900868
1 662023 -661779
1 332937 198345
1 -720909 451708
1 -467073 -267026
1 621053 -781322
1 -554516 -916157
1 72440 -937780
2 -934235 -434298
2 979029 -424244
1 -798878 927669
2 876323 585157
2 567410 275688
2 -757169 -556566
2 -649690 605777
2 -803071 500507
2 464994 154125
2 419829 -419115
1 -869778 130150
2 -57619 660506
1 -93237 439907
2 -927091 -459784
2 410964 698756
2 -258750 594860
1 791243 -365159
1 -652991 -846759
2 768302 329983
2 897055 792960
2 -702916 650832
1 902575 -497936
1 603911 -684846
2 579717 970063
2 -67473 -843575
2 -990307 -185490
1 442371 192360
1 569901 101203
2 673062 727446
2 -279615 161175
1 974450 666952
2 324004 171038
1 -231386 176317
1 -268803 -249842
2 -17810 -731696
1 -961332 459175
2 -709544 -665122
1 979044 -181474
2 -544925 163931
1 172695 874370
1 -603410 -114193
2 112133 -292585
2 554906 252125
2 -174261 -381760
2 -305302 735064
2 90064 -938202
2 -141592 310268
1 -551914 785696
2 -575673 -255578
1 -322132 70910
1 587963 -533980
1 835778 -378710
1 563866 752613
2 -501315 617802
2 573292 -941644
1 458989 -712251
1 363659 200091
1 275167 -61078
2 622213 699221
2 869198 917462
1 729297 -769690
1 649130 796834
1 -448535 -916724
1 -927807 -480100
2 -647177 803411
1 458322 85713
1 461590 988301
1 285456 746277
2 539805 634855
1 -532585 -570338
1 279200 -329124
2 -458395 -532419
2 303005 -509188
2 -421646 695307
2 -271900 -260769
2 -747494 -47934
1 -129419 757866
1 -904306 226229
2 -464168 514883
2 814162 559376
1 -894327 -175011
1 605568 -851966
1 -657763 -980624
2 676971 396372
1 -388850 -492939
1 80270 562649
2 717328 195828
1 -190931 -360370
1 -734105 826329
2 -415945 441180
2 -15581 716228
1 892319 -751646
2 -62763 275264
1 643375 134267
1 -796669 26965
1 699796 -254957
2 -999741 -649408
1 264057 -654731
1 -784458 -873633
1 -658209 -475887
1 746951 -264133
2 78277 -909871
2 99150 -342749
1 -80575 -893580
2 -430521 -364137
2 421228 -913395
1 -598276 116966
2 -403436 530718
2 621588 209904
1 -940911 -576876
1 -562704 -434556
1 813178 30235
2 536136 -983283
1 -745584 24139
1 167243 -686917
1 -420113 429118
1 166788 -340945
2 19030 13308
1 -107222 -446122
1 -659311 -986542
1 -513549 -864562
1 -673010 928698
2 584113 795990
1 -130515 347881
1 387768 -885758
1 -713728 -937325
1 974901 239592
2 -365821 294475
2 619158 -606772
1 -839574 -579485
1 613734 295288
1 -520649 -99537
2 194626 -780050
1 -78054 -543335
2 555991 478409
1 -944412 632665
2 37648 707731
1 353122 -775093
2 -100127 718229
1 -561613 -107681
1 -962910 -53804
2 -810292 -769398
2 401121 -617753
2 -407836 640586
1 231886 -995342
1 655659 451855
1 -279143 82346
1 232638 -362237
2 -705041 968552
1 -753472 -450277
1 -570514 396712
1 -428032 -571907
2 527925 -893317
2 -805142 -267213
2 363663 252047
1 961349 624371
2 -803530 793270
1 -679516 -330729
1 537377 -145153
2 -687306 827938
1 621972 663795
1 675255 -429891
2 -131115 274197
1 553473 184177
1 159785 56047
1 -601997 -374914
1 45320 -441629
1 9806 -913834
2 517964 -199936
2 -284050 -334134
2 -550493 649532
1 505351 -32667
1 -540106 -897336
1 809901 -996784
1 -345819 226113
2 177328 691082
1 577880 117269
1 281828 -189776
1 -495041 -14237
1 950016 282421
1 -400437 906295
1 416762 70048
2 824456 -541501
1 193776 946112
2 -495445 -790030
1 444664 698102
1 -492268 569984
1 235289 168872
2 148355 82662
2 670494 -393383
1 -784655 -184807
2 506562 307833
2 356579 -723355
1 597470 -861827
1 255581 981612
2 163341 -232931
2 159374 -862942
2 -594706 81784
1 504106 -941816
2 -427328 -739867
2 833601 -947109
1 700483 -711299
1 407522 882739
2 -747215 625516
2 207801 495754
2 -315008 -280582
1 -807816 818787
2 980544 -990907
1 86326 276137
2 -947085 -267978
1 703779 645141
1 -440656 -584988
1 192455 749767
1 362977 744885
1 675662 402744
2 557793 741783
2 -149471 -30068
1 674802 -41738
1 -1920 148198
1 -406834 -539124
1 172364 -687688
2 569346 787092
1 -24052 438136
1 569527 -177225
1 -361065 177738
1 851486 -560004
2 190110 -628138
2 -295933 79977
1 -620672 -21912
2 323610 -450860
2 908980 -933964
2 187757 -159149
1 -24787 83028
2 896029 -448669
2 288663 605985
2 -41312 541367
2 -883906 858209
2 98025 761245
1 869641 363760
1 614812 410548
1 -751475 -910642
1 572174 288896
2 479359 -586862
1 -649897 -879596
1 -826161 710019
1 521525 -391659
2 -416406 696225
1 -154627 -628255
2 502076 956436
2 628571 -508959
2 -187325 208498
2 500954 121702
2 420565 -51116
1 531273 -661023
2 -300245 -332694
2 921530 -156608
2 -894446 -175948
1 14856 -96072
2 923998 -689272
1 -318611 -798387
1 505587 -78832
2 -242338 232792
2 552738 -150177
2 840636 -792947
2 289742 722029
1 -711910 -404819
1 -610511 630721
1 585029 186641
1 -394650 103048
1 78775 -542791
2 502753 333151
1 -448930 436571
2 -532153 685151
1 -390275 -424004
1 884462 -713722
1 -611422 -668177
2 507419 699027
2 -223108 -785721
1 -944714 -444403
2 825321 -24042
2 -516996 -759963
2 23797 81010
2 630793 812090
1 859550 866832
1 8130 939221
2 -517294 239694
2 -266075 -436346
1 148314 -604561
2 -185910 -24905
2 -14805 -255840
1 -395080 875992
1 608937 -270233
1 -554878 -994483
1 755483 -976263
1 604359 835843
2 217875 -314872
2 -329757 624
2 431775 226758
2 -152426 344733
2 936798 284688
1 -849093 -448797
2 -415562 877888
2 -198734 584631
1 927180 741761
2 -699042 -287503
1 667781 34841
1 52578 -534424
2 -312563 776937
1 -534026 -770847
1 -763388 997164
2 -858350 81621
1 487454 -624995
1 88486 552505
1 -94273 -951669
2 -755577 180417
2 -725638 -980042
2 445962 506602
2 -436824 -236260
2 707952 720923
2 982987 49366
1 517305 740332
2 -837865 126747
1 -51451 256734
2 -762181 -727548
2 -145167 257028
1 -242704 96746
1 423995 -440307
1 648831 -242125
1 -886211 144283
1 -341519 454769
2 934065 381972
1 -870948 482497
2 427083 -571636
1 562878 153863
2 -892213 -673176
2 -887184 -198180
1 -303558 31307
2 694846 613103
1 -337014 115615
2 139202 351715
1 -571119 239619
2 541546 -126308
1 -515220 -925817
2 -887729 639991
1 990590 -264841
2 986021 -990653
1 568334 -204813
2 198299 911755
1 -641930 926755
1 197729 -663174
2 480310 -607685
2 -195994 599575
2 773181 267173
1 144618 -689908
1 223884 614910
2 -893328 613737
2 -19119 -709581
2 752539 -420799
2 -831246 -697774
1 321869 314188
1 -328988 913011
2 -42523 206788
1 -542112 -577144
1 -156722 191717
2 -183989 236525
2 -693336 -456874
1 84316 523228
2 -732970 -120528
2 -900655 -459666
2 137029 -155345
1 -533687 925026
2 337961 592376
1 415278 -844923
1 931540 -32712
2 -977443 -133177
1 195435 801218
1 676645 910881
2 594869 -551050
1 -47720 921429
2 -23077 819006
1 19712 -534055
2 -346151 653893
2 -413379 -459345
1 -304661 -496703
2 -987340 -356273
2 -301315 -298242
1 -697584 210112
1 352934 60892
1 888526 -463430
2 -708706 -598586
2 -464266 874364
1 -820344 393705
2 -811847 -891117
1 831426 522121
1 -222200 459420
2 659019 869967
1 -282723 -50152
2 -184514 -590203
1 427754 692243
2 -262468 145209
1 -537332 -295274
1 -636407 -304776
1 992545 570924
1 -132116 -542464
1 200115 -587713
1 380071 -170560
1 -106870 -527110
1 135203 -808946
1 -118575 885801
1 -159514 -704616
2 147173 224930
2 797787 -455856
2 510688 -395585
2 -906350 -107939
1 234479 566776
1 497726 -102451
1 -337306 -783437
2 -164906 738213
2 -498281 -421591
1 -928326 807082
1 -989829 -163838
2 117130 -355303
2 788078 480854
2 -476571 210783
2 -469195 92626
2 476945 880258
2 580138 42190
2 18307 -132363
1 617081 505106
1 -603433 -491121
1 339343 -206074
1 487139 88723
2 648888 719304
1 -776782 34402
2 -912200 -348700
1 -640242 -718883
2 683961 -212094
2 -623324 -575905
1 -408454 259222
2 -313589 -454856
2 -502825 -751083
1 -693838 -877509
2 852329 -402447
1 392993 859832
1 172825 -938582
2 -821844 -785871
1 414594 -335653
2 -94693 -6191
2 -240178 515425
1 -111240 86874
1 549435 379153
2 -558505 81122
2 -925627 124826
2 -640473 -590436
1 775977 -763537
2 19317 829782
2 -906394 -839615
2 563085 -363792
2 454673 801949
1 -925131 468318
1 -120019 631644
1 902895 868438
2 -123118 583171
2 -198960 782936
2 -982713 -651086
1 -941070 755910
2 -506687 397645
2 122734 -232327
2 -478056 -746432
1 -97036 642631
1 240521 42476
1 -855264 -101241
2 518562 -146818
2 -669482 181780
1 -410129 117316
2 248621 77946
1 -938631 -276311
1 -972653 318266
1 82439 997860
1 756723 -145651
2 -719427 -666078
1 471646 -127795
2 640976 -163084
1 -506287 -886026
1 -942068 3062
1 -187414 707777
1 422525 861510
1 924812 980385
2 197589 981442
2 -282730 -162099
1 -807420 -535151
2 625281 236184
1 -125198 -355391
1 926057 -113806
2 -817143 160982
2 954645 27236
1 323680 729264
2 541095 303370
1 -166456 712402
1 -925793 -653149
2 632456 734362
2 101549 -50536
1 -47826 -855680
2 -427015 517363
1 -9278 572844
1 506990 -511930
2 818486 -806271
2 716437 -767760
1 218060 799212
1 -43601 105876
2 -42149 481174
1 599743 -691363
2 -270060 637684
2 83048 -771511
2 -92260 856913
2 887684 -604760
1 703755 238123
1 751574 -632377
1 884019 -159566
2 -671949 755090
2 606758 -867170
1 156342 222377
1 -224260 -141515
1 -71806 380693
2 -787094 855387
2 178197 -707711
2 -703435 -60816
2 887485 55809
1 -357014 211607
2 356453 -828392
1 501157 -483747
1 -569826 -44985
2 -39521 635763
2 971336 360344
2 471593 977804
2 15001 352483
2 -620179 245642
2 494618 -301200
1 6916 553313
1 -412946 812763
1 421322 664865
1 987348 -709020
2 252246 962075
2 433162 -478181
1 -153068 -440233
2 -974294 749223
1 151205 -47878
2 309553 -545986
2 817914 -424396
2 932557 -937808
1 -491570 282777
1 -306256 708582
1 -219885 -662958
1 -253391 603528
2 875427 -462215
1 -490349 795716
2 -492335 -559828
1 611769 -699760
1 -904592 -574126
1 -629910 810280
1 210198 755012
1 130831 -242438
2 -184138 -264816
2 70431 -693195
1 -513680 945962
2 -692391 -582674
2 404388 254824
2 -63205 851569
2 -566095 619459
2 520090 -496338
2 128825 64174
2 630841 -376542
2 557257 -257855
1 717140 -959999
2 146977 930140
2 688012 -176409
1 182977 -437181
1 701676 -682787
2 -990994 269521
1 583273 691094
1 357266 824755
2 200773 461028
1 -923807 702271
1 -561396 -465035
1 113524 -929403
2 809532 806932
1 423383 -723710
1 -785889 -906621
1 698702 -624295
1 -116327 634444
2 412950 56114
2 925699 -136557
2 -358890 704237
2 226058 -875527
1 -149980 -581556
2 788640 -93213
2 753701 -894287
2 982516 133851
2 805847 914325
2 279773 -704577
2 922952 -269198
1 558855 584231
2 864770 541086
2 -172793 274527
1 -55931 -988421
1 -962177 257494
1 7825 -186577
2 894495 -213008
2 500880 868073
2 -310401 -900743
2 -803421 628298
2 -832462 870334
2 525297 971318
2 93067 -513363
2 411582 -921013
1 466219 731645
2 955735 342865
2 -500993 23206
2 770364 961493
1 -490405 -148640
1 618682 -592758
2 513014 661358
2 -464904 156986
1 144481 -992400
2 -194035 -495164
1 -116633 -501785
2 -643255 682182
1 37874 503974
2 360397 -603582
1 -253966 932632
2 -177990 984265
1 -546525 -708025
2 146450 82172
2 606638 -887734
2 19005 -399912
1 645288 256103
1 616982 846684
2 450152 870060
1 -119251 -465857
2 -159189 754361
2 -302335 571470
2 993202 -387263
2 -403848 -394427
1 723161 167253
1 -584116 -53424
1 -926762 -929668
2 867366 144896
1 -501572 296344
1 161621 893084
2 771984 168049
2 -996206 734281
2 758660 394966
2 421824 -907237
1 407741 566643
1 858421 -81072
2 -697126 -98376
2 241089 -424390
2 -900223 798079
2 -918380 -158923
1 -131233 292260
1 -939351 -375618
1 935976 477728
2 376865 -3625
1 -957436 -105646
2 -615085 -190294
2 -971742 -379457
1 -432324 -656035
2 -288237 -654722
2 -684406 -470982
2 -45902 -544206
2 -787318 -910176
1 -381269 835603
2 -130397 325855
1 -457316 -402983
2 -282432 837936
1 272248 914421
2 -188320 -510297
1 191734 642753
1 754921 -408289
1 -486758 -890845
2 417058 -957223
1 849780 776043
2 626129 482146
2 -649942 374744
2 -995541 -92019
2 880826 210995
2 217064 79226
1 795963 912305
2 -990476 973807
1 329174 -994557
2 -504703 -293790
2 -114957 -353645
2 257382 -765748
1 765393 -523665
1 -641734 217582
2 -29021 981742
1 14125 -370529
1 473572 219157
1 -827983 95640
2 -993243 489613
1 -365898 999776
2 -506390 -617111
1 -395013 7383
2 -148995 -32287
2 -736211 -554979
1 829081 -865103
2 -50871 997
1 802248 462229
1 -879880 473845
2 768381 -342065
1 321626 231364
2 554403 -184768
1 -43337 536164
1 261003 49649
2 944055 161520
1 592317 596317
1 -590670 -132348
1 -989749 -825015
1 322427 -310097
2 -40693 944079
2 -558475 598176
2 138479 206593
2 -955209 -704953
2 -75898 -338253
1 -111890 -839221
1 631815 -32294
2 797501 738233
1 879000 -464456
1 493231 406386
1 -598262 361348
1 -495026 249240
2 -977066 190095
1 -175335 -419642
2 -694321 -992281
2 -971195 795597
2 750487 -881247
1 487615 79894
2 -492831 -895410
1 -747889 -684352
2 118063 -689992
1 -398044 -904640
2 113722 408341
2 -328504 -958641
1 986618 -969489
1 -687414 -982331
1 985630 437545
1 -427671 -510717
2 580946 -380995
1 575583 -470237
2 824074 -966148
1 8872 -602249
1 667670 166966
2 -803894 687533
1 -615529 355826
2 -282812 468378
2 -985561 -488811
2 -867562 -642223
2 -885787 -738933
1 206127 388496
1 -955684 -680241
1 -567714 -582356
1 -91520 -714396
1 -785604 -134115
1 -68726 121157
1 -131658 -852739
2 -189936 355763
1 670063 364274
2 804650 803187
2 41008 -850776
1 -426966 -655699
1 -168091 -755521
1 506372 -885399
1 -77065 53770
1 269303 -548743
2 534647 9915
2 147498 -321533
2 945135 310206
2 -715738 -696359
2 305044 -277820
2 805578 401615
1 -13784 893766
1 251937 -218999
2 781853 -82928
1 -801028 823257
1 94013 -610153
2 -507088 -348747
1 160137 -44208
1 -597121 -476835
1 -199746 -422218
1 -546596 110164
2 316912 -945869
2 -872418 -199698
2 635623 -63627
1 -703471 -665163
2 -153527 -140406
2 -561727 -33417
1 -230405 660628
1 -783498 -755833
1 10045 -890688
2 -77784 -16794
2 -752560 857565
1 408997 -337377
2 -548148 41623
1 -693641 428563
2 46599 -948312
1 -515739 365453
2 -804108 -912294
2 946299 -148183
1 -95740 412912
1 942439 -976560
2 -903791 873374
1 386066 519037
1 426296 203838
1 644647 -508720
2 123758 959116
1 612899 269039
1 -244368 141800
1 796325 989064
2 -793975 -718932
1 328171 148969
2 658993 435663
1 380198 -34556
2 -347345 598471
1 725070 232074
2 22232 -207338
2 802084 -289792
1 469139 -236226
2 -275559 276729
2 -557789 119247
1 379187 991243
2 556968 898844
2 -175228 -624321
2 234496 853059
1 894948 -605876
2 -503323 886618
1 836605 -498523
1 248300 686437
1 -691555 -532976
2 410637 -788572
2 899981 -65375
2 -36863 -735471
1 -792172 -435916
1 852708 -39828
1 183473 -102587
1 854229 -487966
2 399161 457815
1 760342 633485
2 -993721 469308
2 -76566 434493
1 937561 -905025
2 -407201 -709629
1 -620256 962942
1 957521 340914
2 -103432 -788800
2 -493109 434670
2 -48534 -752332
2 -476422 707660
1 72907 898765
1 267648 -358472
1 -660221 -271150
2 647267 -496858
1 343855 -430869
1 -959259 -732854
1 190232 -578816
2 424549 865663
1 529308 328818
1 11484 -724404
1 969549 357016
2 796544 658839
1 -301108 -829946
1 -907721 866335
2 -498355 329072
1 413858 -702729
1 -333514 905781
1 -160481 -941804
2 -968922 977354
1 -192568 149265
1 146289 -620461
1 802021 651481
2 -267783 882690
1 -591238 317507
1 -118980 88831
2 178926 -479023
1 -10343 680524
2 -201732 233786
2 -667630 -702361
1 -990281 244412
1 -871190 415556
1 -323060 474534
2 611328 -110690
1 -476255 -489496
1 -410436 970174
2 893235 623252
2 409166 504270
1 -749066 -457032
2 119068 188619
2 793991 -210260
2 -139422 757947
2 411793 615345
1 -520742 334362
2 323110 -852103
2 554995 -240794
2 -544619 -697369
1 986551 -96071
2 12146 392018
2 -393174 884048
2 587476 -720507
1 157083 666720
2 817224 -10564
2 100003 -21179
2 8886 -355203
2 -518867 -173508
2 45266 662890
1 -889892 308503
1 187554 439235
1 -591473 374684
1 -35401 -178616
2 292605 820583
2 -105298 -123464
2 -14519 540349
1 -211357 578724
2 726277 507068
2 -965300 -183163
2 -785932 364355
1 -565730 748049
2 -688358 -841573
1 -128825 727716
2 -885244 373686
2 -297855 -195816
1 277851 -986025
1 273362 -378115
1 420014 690786
2 -76514 -684404
1 544995 -207678
2 -85864 278408
2 499528 157901
2 794213 -484456
1 -46356 -170588
1 939503 -290304
2 271289 797968
2 -892483 792941
2 677215 487152
2 423938 593366
2 543937 30463
2 79475 -783227
1 436521 -69201
2 808213 642055
1 -697378 -333356
1 -777033 -176001
2 -840067 -856720
1 514597 -746551
1 -252577 267322
2 -816142 969499
1 -522798 -197699
1 386036 28830
2 -422617 374899
2 -449500 875618
2 -397236 661167
2 -697567 486245
1 -515216 -853389
1 951561 236132
2 -75592 804508
2 -882108 -950724
2 130641 563238
2 611786 -421778
2 551720 754574
1 -892732 611751
2 -843901 744653
1 295655 41753
1 -617162 914661
2 -690674 262573
2 -266332 -744553
1 221184 -735168
2 606360 454610
1 -4205 -221616
2 941504 -675986
2 865951 377594
2 9705 -605510
2 -730240 -268202
1 -443142 -345186
2 511820 608645
2 112599 -459553
2 231086 -425405
1 631279 976030
1 371690 -926095
2 276840 24565
2 -208818 -776781
2 301516 474189
2 942688 -798423
2 -69225 -258282
2 -880699 723008
1 661157 790427
1 842015 370325
2 -24015 -950394
2 196942 113099
1 -366820 -487413
2 -847338 -971795
2 -440378 72610
1 -816428 179575
2 -221929 -981072
2 -564531 888353
2 -575460 -682274
1 624690 307811
2 -458691 508950
2 367324 -255409
2 -727376 -161330
2 616635 -978021
2 -358546 479629
1 729973 576830
2 971937 464148
1 363997 -123746
2 -741400 293350
1 -470290 -311784
1 -241380 327551
1 229449 86783
1 -162149 -951150
1 969922 621675
1 -525114 901403
1 -361719 -813689
2 -326603 970490
2 988199 -417524
1 817599 283104
1 -459015 -939329
2 973810 -85513
2 176217 33205
2 -551377 -188137
2 -464240 -697524
1 576490 767197
1 911121 -964414
2 -554635 -920462
2 572193 599097
2 494971 -372289
1 -114075 464491
1 746969 25768
1 -435472 484375
1 -908305 -939648
2 755761 -300934
2 286403 649815
2 -643625 469917
2 358446 631049
1 -742840 109147
1 -341789 -76675
2 -768396 888445
2 709219 1607
1 -227528 977329
1 454194 767155
1 -505555 -600057
2 248694 -689524
1 191872 970135
2 486079 291621
2 590122 -267873
1 -155655 106734
1 268780 659699
2 -664505 -225255
1 391051 251580
1 -375579 400796
1 311267 243577
1 -206891 -425521
1 416578 990663
2 883579 451668
2 119701 819581
1 480491 429773
2 -752893 -729054
1 2372 236868
2 660589 -760631
1 -952737 802847
2 970820 -296074
1 985600 -68826
2 -845672 -993981
2 -444913 -97505
2 -13240 26226
2 -561836 139198
2 -607029 -898154
1 933926 44566
2 223651 711059
2 -917741 589515
1 -364845 684100
2 836623 -192222
1 -27740 492963
1 803255 -618095
1 -307426 -949523
2 -726831 990040
2 848295 -160512
2 284635 951144
1 729084 -359268
2 -445653 -515785
1 -399759 283183
2 -36992 -895440
1 -704088 970849
2 247721 964040
1 -604783 830179
1 478938 344112
1 484873 35768
1 276162 649526
1 568015 430305
1 -497180 65131
2 -798471 -228421
1 622780 230789
2 -297600 85559
1 -499339 -190310
2 -673187 -31914
2 -860951 398522
1 -933257 -20315
1 -872383 392494
2 976691 307705
2 -323293 567299
2 165125 -271863
2 588625 580688
1 217977 -589817
2 -692783 836283
2 -205631 742312
1 -52654 46508
1 -919426 285585
2 234485 662590
2 573290 -977341
1 409896 761465
1 347677 -229567
2 41988 -391526
2 -878648 -841892
2 -810095 543722
2 -359788 -377956
2 -252564 486597
2 622662 255399
1 -103209 958264
2 -673925 -439793
1 197396 -257778
2 369924 -579374
1 -863741 -468223
2 75280 748827
1 -153987 127890
2 -216234 659531
1 -141374 -33459
2 -723082 -38639
1 32436 -823096
2 -324141 330845
1 -5751 -200185
2 325165 -329549
1 -813695 77842
1 616668 -424612
2 225134 -385347
2 824062 843685
2 -586510 -266944
2 -637011 -450684
2 965835 -31813
2 -501078 605564
1 152820 -939924
2 733388 -68507
1 261255 271409
2 499382 -288430
2 929329 838827
2 -675049 693836
1 357606 531338
2 -44190 212151
1 422855 413055
1 716917 -707497
1 -973541 -603892
1 -357002 415437
1 -259857 514
1 -868006 -100301
1 799379 272544
1 291207 -661035
2 363430 337560
1 824831 -247316
2 -495380 299058
1 921097 585369
1 -27496 594332
2 -807236 563254
2 189083 123721
2 -955660 -284423
1 -274528 -404565
1 105894 921638
1 855881 -755583
2 -765763 -890949
2 -180657 195757
2 877133 182632
1 411033 -143194
1 -936109 77332
1 -53478 214315
1 -254203 960190
1 206468 101594
2 -536560 668896
2 953111 270338
2 360832 708781
2 283242 -445876
1 -754848 440714
2 -409727 873999
1 -924173 556561
2 893988 -729409
1 -274053 -431674
2 -618359 818560
2 -166693 725048
1 787049 -805166
1 -256491 537246
1 -473101 482595
1 738309 582707
1 46413 -78148
1 -65831 734040
2 587751 -99593
1 -106614 -220909
2 627762 -92368
1 -964433 362834
2 -69925 -19726
1 -159291 -952106
1 854812 -706658
1 -24610 -939071
2 -297643 -629686
2 -911278 -872730
2 661085 -428809
2 -284111 635271
2 848378 -762027
1 691416 993053
1 -68585 490110
1 353071 362428
1 -878914 691360
2 -197532 777673
1 -714895 -549954
1 525959 91589
2 -524787 392219
1 467434 -873570
2 694250 602043
1 -351278 551567
2 -190462 -487428
1 -492812 -570626
2 205481 -463228
2 355684 250893
2 24198 810940
2 310808 541336
2 726230 -291162
2 229877 -722281
1 456738 -517628
2 186514 978869
2 -643801 -491337
2 955157 624540
1 501178 -116609
1 697344 556315
1 329471 -7163
2 -973095 894288
2 -328270 971295
1 189650 -362348
2 255999 4352
1 -598627 230378
1 -991774 -836154
2 717984 -775219
2 834294 684771
1 258281 333174
2 -784418 -207948
1 283618 -131736
1 -160756 434639
2 914758 117608
1 -548505 50011
2 51572 564461
2 -99861 -800956
2 -106279 -606178
1 643761 610666
2 428923 334539
1 419595 -340526
1 -961370 -187871
1 690915 579138
1 -992374 -914083
2 -655459 -294062
1 -969922 178925
1 503991 -885299
1 103378 673849
1 698767 464322
2 -977137 -998346
2 -260616 -742785
1 -875134 176194
1 517433 887473
1 -607247 -548428
1 -102064 194435
2 -661913 -686605
2 -574449 304321
1 101723 870119
2 298124 -491208
2 -754822 863912
2 -520613 492264
2 755580 659514
1 -646491 336652
2 909846 -388201
2 235142 -302567
2 -187517 973324
1 58662 -354569
1 810676 10978
2 942714 -352936
2 272949 679170
1 -43684 714862
2 399133 -8819
2 283705 -659569
2 981404 -543716
2 85093 -438236
2 -930010 518706
2 242108 694422
1 707331 291175
2 307742 -951727
1 629845 896694
2 55148 635196
2 -386766 512820
1 49673 676983
2 -779343 -973681
1 278150 33120
2 -971589 177161
1 -132993 733714
1 -276709 964856
1 -250625 -947024
2 691219 -304624
2 746057 708689
1 -14832 -712449
2 303908 655849
1 850623 935386
2 -894165 541359
2 -258542 82859
2 -316524 254770
1 -602345 -214072
2 -597225 -222206
2 123046 -996138
1 110695 -439148
2 122198 759957
2 -383208 275626
1 873477 784038
2 339987 609467
2 279946 194697
2 465817 -19665
2 472636 498679
1 -126085 749099
1 69097 910206
1 530245 72917
1 215864 -88175
1 288378 -177093
2 658884 618804
1 -463196 834116
1 -349963 626300
1 -87663 59847
1 -722054 -784420
1 -959248 -546254
1 -758016 -780912
2 -654623 -250082
2 -555276 321752
2 -374302 -143667
1 746312 994262
1 213125 -80376
2 720425 217422
2 -327397 -362181
1 657931 602457
2 981353 602280
1 872346 -205483
1 348543 305576
2 -511858 -464474
1 50720 256048
2 -772784 -806743
2 -166603 238864
2 237144 -681357
2 -660910 164798
2 -355976 -352791
1 -816094 -214262
1 -838590 -41119
1 -713589 -607766
2 764379 443897
1 -419068 -4787
2 891429 301703
1 978835 313233
1 186030 845410
1 660537 367258
2 875731 636218
1 14190 724495
2 -302025 -237013
1 -392168 -220429
2 872917 -619829
2 -607755 912479
1 393120 -995741
2 -49774 417123
2 -94981 -845752
1 -966550 808260
1 -824966 777502
2 -984982 -761652
2 454676 855878
1 173877 733309
2 -367233 580836
1 537693 -837459
2 578505 610564
1 -62047 298133
1 27695 -450777
1 -132091 -127803
1 479697 -898043
1 -607532 654259
2 -79348 -276869
2 -846239 -517529
2 461555 391896
2 -571632 -379347
1 359723 92867
2 -312330 697126
2 -316777 -1935
1 331719 -261354
2 70568 -377734
2 -813844 -421056
2 -872261 438668
1 -57378 715777
2 805079 5463
2 776482 -291777
1 -156744 -177818
1 -665844 -711955
2 -63149 -209875
1 162758 -26754
1 -875168 -389605
2 566570 166844
2 906342 761223
1 809022 240893
2 622591 -947249
2 -857006 643789
1 -46144 -611178
1 -559207 301508
2 792121 382742
2 -432120 770944
2 -58287 -559406
2 700366 -690386
1 -44246 -729135
2 -270088 170832
1 450046 -905968
2 -249466 527112
1 28338 352375
2 293533 393949
2 -97078 -60506
2 -5476 433902
1 990262 233346
1 -713605 -875519
1 129185 112958
1 -195575 -366376
2 -895328 -979909
2 -829342 -730741
1 439827 -545761
2 -525873 152841
1 -135463 -750230
1 251472 -29679
1 -397777 -418621
1 -696421 -269015
2 129456 664263
2 -279251 264672
1 807270 807029
2 521435 103124
2 -212096 169983
1 667267 -601058
1 252312 83441
1 500988 688237
1 -602345 -217988
1 -399749 453195
1 643813 -518115
2 462735 214855
2 414214 -723741
2 886852 -575059
2 -976894 -924968
1 -403514 -777848
2 -939144 -889498
2 483384 -979810
2 -123073 -662538
2 647953 -984355
1 -48097 590701
1 -989497 -596881
1 941222 582088
2 529257 -520272
2 305076 263576
1 289935 -32365
2 196994 994065
2 654158 -768868
2 996970 890190
1 896052 -62390
2 254341 147475
1 -536666 876159
1 -626399 -219522
1 752780 -366733
2 -296400 236608
2 304538 -763536
2 492617 93771
1 -439732 932714
1 371626 4605
1 -527313 -35011
2 -119119 -245897
2 -310549 608477
2 -470514 -70387
2 -809863 428762
1 701357 -31127
1 153238 92438
2 868840 895086
1 -544590 -211219
2 430937 152390
1 -315548 639696
2 252368 -990424
1 839530 623316
1 735016 -724440
1 674336 132640
2 -876293 708672
2 -76199 609024
1 110197 -808281
1 -249978 -82393
2 618278 620943
1 999468 845979
2 -937042 407353
2 791637 243394
2 656866 724014
2 -795476 75151
2 -618094 -738954
1 356240 -407632
2 806366 -377211
2 505785 -747499
1 -478368 14903
2 543780 -598740
2 830744 -941547
2 -889655 303094
2 655536 383831
2 615981 40658
1 208899 945635
2 -552842 -805954
2 820792 -85359
2 -845455 655405
2 -535245 744773
1 -626876 -220185
2 99609 -637282
1 296602 -63417
1 -32489 730763
1 718099 -851253
1 -665545 315647
1 747068 -312912
2 86001 824918
1 565889 727616
2 741303 871070
2 -579572 254453
2 -631573 880646
1 699010 540473
1 365275 -671012
2 -813411 847152
2 -437930 -809194
1 874915 935207
1 -932554 -212304
2 -763971 -800689
2 714311 -469494
1 -360863 -440946
2 888811 328013
1 -421737 -837795
1 964714 -859107
1 -884148 780836
2 882652 884802
2 -736688 -564680
2 207389 -417408
1 -137239 -588715
2 557232 -680896
2 -60481 595550
2 848052 -232653
2 -187251 -548133
2 -612326 139081
2 918147 -968627
1 -816099 -310671
2 -339761 -24231
1 -100749 273617
1 625527 374300
2 -434618 812367
2 778624 -308099
1 213634 466679
2 934201 673202
1 987512 52618
2 787865 893970
2 358210 675038
1 902455 -525375
2 -955881 -1048
2 -798453 61605
1 198779 962980
2 199331 241895
1 -795042 -643301
1 354614 276996
2 931557 255983
1 146721 628512
2 -531541 959971
1 900912 -440523
1 -679705 494260
1 655557 729823
2 -252695 286356
1 -612735 -718460
1 -596255 57399
2 -403569 301970
2 983922 -250079
2 -444712 -719620
2 -931707 24871
2 923642 -676420
1 -879267 769074
1 -834962 884518
2 -634481 36647
1 66603 -978595
2 796720 -381164
2 -808072 515890
2 -647353 -156058
1 -668144 651830
2 -373133 -512163
2 203395 488631
1 63518 -801026
2 -24132 -906862
1 -66525 -916792
2 464683 924044
2 -797206 -979471
1 -300302 708105
1 417203 -512835
1 -676417 -292297
1 952735 -49113
1 -533876 -250600
1 505497 414338
1 307515 -775710
2 268275 186043
1 655858 -211674
1 -838305 739548
1 -139345 51064
2 904628 -22090
1 806165 244825
2 -132878 668332
1 -152187 359749
2 22506 388938
2 -596740 -89984
1 -566508 -320393
1 -405842 116516
1 -720564 237595
2 548328 -224465
2 -853514 -696496
2 -721797 -457872
2 596672 -256928
1 -747317 919570
2 247590 767183
1 582993 -6728
1 576668 -233255
2 210901 564715
1 -550554 -366454
1 849562 -880266
1 761387 193534
2 404077 -967383
2 -153970 415755
1 813700 803879
1 -77477 -862118
2 -504237 -466851
1 -299621 139831
2 712433 -9084
1 949441 626045
1 -560970 688970
1 310882 -212131
1 878373 -979617
1 -814094 -633072
1 -454586 -551613
1 -8895 997131
1 -66474 -62235
1 -416800 73951
2 716497 247630
1 448242 788809
2 14947 -560092
1 737406 -585604
2 932611 -33785
2 -969560 267494
1 152939 -932502
2 965059 939127
1 -21403 933658
1 -48678 831996
2 111701 464054
2 -86023 -385520
1 896552 345134
1 603790 -708401
2 -199296 -857409
1 -841470 -416981
1 207606 -772913
1 -739109 778667
2 -150184 -2657
1 275950 -923861
1 -948717 329420
1 896939 832858
2 433715 808100
2 135912 -916445
2 -540314 -389816
1 -290101 36554
2 359401 684660
1 984925 598489
2 244960 593281
2 889144 -88990
1 -118305 -585407
2 -866780 488764
1 -904017 -916529
2 -595034 576714
2 473819 375694
2 47133 7641
2 -147984 944706
1 369822 -297944
2 -859756 459646
2 10407 -814509
2 203982 351781
2 -284584 697967
1 -958534 -552676
1 663806 -717001
2 -898029 -351677
1 657057 -72593
1 -599751 -651645
1 456429 292655
1 -640420 301212
1 441678 554894
2 523028 859358
1 990721 -52869
2 116737 -959548
2 -939140 -832169
1 -486327 340068
1 658711 -295694
2 -903428 968992
2 79835 -743888
2 350597 809506
2 -709195 -816315
2 526589 656796
1 -900616 205174
2 -527630 654914
1 912640 542232
1 -190512 672368
1 -329411 -196243
2 -711397 216872
2 522621 21522
1 580072 936864
1 -570179 17599
1 -506316 630475
1 21890 56131
1 -388697 81065
1 -176968 154448
2 818311 253374
1 280898 182521
1 -893256 -191889
1 -198650 -6953
1 -559799 351739
1 144672 214209
2 813896 103086
1 193812 -462421
1 -683895 108277
2 -783698 -119104
1 888015 953086
1 -985021 583929
1 -913529 -672624
1 -593079 -595592
1 69230 -864497
2 688466 -551483
2 -85426 -365500
1 -677793 605414
2 -578281 -50342
2 838257 -758983
2 -292929 544727
1 497615 28765
1 -843753 -765727
1 133278 860302
1 955381 392965
2 598410 930239
2 800653 -332521
1 -148335 -945786
1 477051 651442
1 732816 326745
2 -949720 -524646
2 -227970 -452417
1 905100 -104068
2 311183 839406
2 817853 553280
2 249211 -13213
2 916239 987389
1 -498188 -870323
2 -172678 195313
2 -330684 431738
1 629942 511916
2 -917337 -640054
2 293109 -726536
1 -303664 245493
1 -929590 -430422
1 -385449 628639
2 57927 -698478
1 -348238 -390868
1 703464 -651389
2 774974 390421
1 -351758 480465
1 -757842 143360
2 781739 10680
1 276862 402730
2 950571 -396248
1 965245 70248
2 -552093 -216848
2 470090 -265584
1 568813 -174076
2 375579 398268
1 -431102 -122827
1 -968083 -935909
1 814083 -756488
2 -677992 -735964
1 -41529 901007
1 678237 -341787
1 415622 923143
2 -799207 -600697
1 662218 598697
1 393620 -608768
1 -409180 63647
1 -306895 -22627
2 345665 -23797
2 -317973 -82059
2 290166 -152854
1 -200225 -467349
1 474370 -375982
1 -341210 -364615
2 -253777 107518
2 -385917 771344
1 -484140 -919677
2 511814 508680
1 -434111 -669983
1 -564518 -903217
2 91582 555616
2 541234 633304
2 -107736 931924
2 -468646 -694090
2 -490009 507311
2 851206 728441
2 91020 -880346
2 -877444 -612995
2 711181 953486
2 -740741 -629046
1 375071 -132622
2 925592 75718
2 -349896 -249859
1 751978 158970
2 20595 304522
2 273416 521615
1 -129742 -665695
1 393054 -104404
2 -526050 -818829
1 -494490 -761418
2 278932 -825168
1 -823876 -927973
2 -422899 -347969
2 -656212 -946042
1 -618746 315862
1 -714489 270229
2 -198572 -695401
2 628445 -623519
2 901109 868212
2 -578999 -110600
2 193257 230611
1 -268186 108088
1 -243993 447811
1 -929511 904098
1 -750010 -306828
1 265502 -389751
2 401242 -590924
1 214094 182233
1 530494 243864
2 -596393 -259989
1 17769 840483
2 -701457 -844102
1 910755 886402
1 425120 453213
2 430090 -71643
1 -96114 130083
1 -742328 713907
2 -828482 -287183
1 -162692 -72975
2 -105582 -890440
1 209891 -398244
1 389564 -722521
1 912137 100530
2 -1216 -22003
2 -204352 233719
1 -946152 -586158
1 334240 94701
2 -284698 783430
2 289939 31354
1 -198377 571246
2 105719 -13349
2 -248333 -449334
1 867635 672173
1 -782513 -212000
1 96214 345527
1 39949 -637023
1 784123 47374
2 -69893 521482
2 -809555 -393003
1 -190298 265173
2 74287 79513
1 -548841 400303
1 -498165 -470291
1 636528 -873987
1 -333367 -624084
2 -268862 755824
2 -167367 -592072
2 -994386 -700042
2 905127 350175
1 -580746 546855
1 450406 -859956
1 -559810 174881
1 -935460 977457
1 277180 -258687
1 322464 303132
1 -144036 -751763
2 -53837 191344
2 -953699 660658
2 -653067 -117947
1 -29842 -813443
2 656621 607232
1 -216972 271294
2 -25530 -395024
1 -270849 -609809
2 -283761 527497
1 -528810 833098
2 245392 -151171
1 -749622 208025
2 -488140 -110048
2 -789984 313256
1 -402635 -14565
1 -709414 -483772
1 -307339 528083
1 -181526 -407836
2 -560913 -346989
2 -221418 -410506
1 -23351 211046
2 54453 961312
2 1914 547362
1 207006 -861321
2 889601 -415210
2 -921077 546530
1 -377553 -760473
1 960679 -621683
2 -220638 689546
1 -683047 365658
1 365274 -677967
1 209770 -435051
1 -873989 -584658
2 -341134 927910
1 -173768 -109460
1 -237540 826664
2 -122256 -942919
1 912471 -295014
1 661047 932232
1 -86328 483079
1 307012 777126
2 58244 632246
1 -590358 -899479
1 -777915 -985711
1 -297614 -139652
2 -686113 867227
1 937564 -847462
2 -708291 369586
1 730697 740718
1 -214706 333694
2 -393298 807597
2 450560 -269396
1 533537 -647226
1 45851 486943
2 781633 224945
2 209554 -53888
1 -909524 587547
2 -323900 367915
1 865777 -537468
1 -834389 507233
1 -65341 976204
2 -914852 -894313
2 -874267 747363
2 -252081 604987
1 -466166 955027
2 699242 432389
2 847493 371112
1 -161273 -242314
2 230783 491313
2 481141 -646987
1 -889110 -543989
1 -517384 736168
2 -851561 106579
2 264905 -415614
1 292854 997075
2 51683 429517
2 738683 865035
2 -629192 879607
1 -154537 883043
1 -339482 672197
2 -818243 -309230
2 -360010 -103588
2 278118 -495886
1 912619 195362
1 49934 -943091
2 -31568 197977
1 -749237 668823
1 -429155 566719
2 764383 515010
2 477878 538787
1 -960438 -533759
1 990208 -675955
1 486896 10176
1 91790 44790
2 775192 49922
2 787372 620652
2 61598 959180
2 649760 -636539
1 -317308 -906887
2 466169 -110444
1 760147 -637297
2 570114 -308248
1 -538689 911901
2 823345 796068
2 316550 984143
1 788826 -957361
1 608892 981978
1 -248577 -548494
2 -443191 831088
2 468675 -17787
1 -113674 -798284
2 -362865 -60512
2 38407 -548097
2 -25683 -960287
1 -758586 -348162
2 -26044 972090
1 -905784 -593131
2 72986 223929
1 697418 -199016
1 647663 146233
2 -128048 -213948
1 -911912 480085
1 373405 -113679
1 108957 364761
2 198747 427380
2 -137676 76558
2 -976002 69979
1 632203 499382
1 -916573 197853
1 12330 -509096
1 -995420 -70265
2 -130622 547907
2 630199 833186
2 -640288 519684
2 725608 -735305
2 752878 -721625
2 121984 -829594
1 532356 -479584
1 334500 450917
1 -497039 439017
1 -282367 -64398
2 -121950 204244
2 792894 -645308
2 -785718 -34241
1 -507626 621373
2 -108327 997991
2 719134 528905
1 -509392 964444
2 640317 774427
1 968226 130393
2 483981 -949827
1 -566667 -999704
1 -17676 -485655
1 -946854 -382249
2 257151 -647952
1 -766951 -839124
2 216562 -358779
2 -369964 701131
2 484253 -392414
1 722757 -621728
2 472249 -4818
1 255017 -488575
2 750791 220867
1 126057 -426066
2 608926 -461547
2 -481638 -899840
1 19971 -181599
2 751859 157312
2 -85472 864468
1 -290551 484636
2 380447 149188
2 -500050 -139419
2 233619 119772
2 633580 -381161
2 901507 -440270
1 600089 -879522
2 821431 646759
2 240353 -780892
1 929570 887160
2 757321 -104876
2 61959 -983347
2 -468414 -802424
1 -187285 872163
2 495954 133889
1 -978953 510050
2 108412 -785106
2 -957330 -329262
2 -740665 638324
1 -549909 466741
1 -223834 -977035
2 112001 -506844
1 786996 295233
2 -604207 508749
1 24529 375782
1 -879929 -358078
2 -652345 6563
2 -399481 964558
2 973279 997871
2 -528379 72919
1 -648346 -824291
2 -789275 217473
2 -438546 851895
2 724022 636405
1 132470 -712789
2 -948155 -229939
2 -848050 -927718
1 -911155 -802027
2 183269 471817
2 624280 -583281
1 -985611 677218
2 758686 818414
1 490432 -611700
2 -907882 174681
2 -944754 895100
1 -892856 536396
1 805162 -594454
2 -674535 -685541
2 -286277 268384
2 709745 844077
2 -581391 -285102
2 909018 -296144
2 685540 307917
1 11372 -603902
1 795251 941737
1 -442501 423647
1 -125813 -675729
1 57029 228371
1 155824 -469911
2 -383093 195206
2 235253 -429742
2 211202 -381842
1 744097 -201446
1 -125683 -501835
1 -565161 302564
2 69768 172687
2 194026 -853671
2 132524 195572
1 -820377 -152985
2 915436 -504659
2 604227 619798
2 171759 -844389
2 -682344 164459
2 -118583 758111
1 451735 -536251
1 236661 -791195
1 -451677 311699
1 -54232 -454629
2 -544598 -340052
1 723589 -642830
1 -194080 755840
1 -173803 -688354
1 439933 -757582
2 -709879 -292322
2 38734 945747
2 -520327 -703422
2 243684 -837324
1 -712825 225503
1 -835661 -860593
2 -734402 -170854
2 -454557 -59088
1 498958 586343
2 -161230 479964
1 -824712 -959923
2 -227348 -3857
1 543612 574419
1 138567 -316479
1 -405422 -823433
2 222401 -290553
2 519519 -77043
2 627370 -675937
1 108333 -113262
2 -27394 307482
2 310672 249918
1 734531 -869583
1 614591 685026
1 358082 529651
2 -73086 887939
1 142313 599616
1 -736214 -608564
1 977569 -949364
1 -169706 121817
