253
-659686243 138613411
237572506 -263563951
-336355942 -369614611
231329083 730647087
294944953 -32988534
-300493826 780761357
840755051 -632300416
-569901592 -126206455
-569921147 -946328198
236146570 -92536881
729168496 -172222069
-984644969 700430616
557494902 884810322
-495651833 -715916444
-744522526 97186105
551131578 -383335808
852241262 -483625227
-109977631 -656823245
237169519 -811852974
-682483830 741033937
992320798 409346808
589068719 -911595646
677136767 -753643555
-853335504 291886216
83770502 816652862
787005557 447649684
-232100712 -78841057
554229607 -444107027
-429718314 987080665
-164751313 -543421775
284549850 829730057
-87530284 -927068203
-153171994 -762745626
365706151 -728349883
840498969 -502874334
287019797 509210308
-678063008 555679627
535997821 -684339315
898436622 583705494
-737976458 -519236783
-749794878 186871858
-691448533 48878257
-788307085 876280227
365244952 -513988755
-255791307 -244826996
-801269424 959801403
781717136 29555344
-2860558 -718615034
-214439289 -520912234
-51604667 65661464
301552583 408296975
-911191418 -533754080
621521922 -566973387
991017115 -659028849
-645341116 -764912609
-270421167 905620336
-535510666 -413009810
912950232 -268713714
-972999854 665782391
4075824 670489366
-91080376 719954507
83426526 -945703129
-320270556 -877345142
133859068 109996171
923290848 317252140
-279880756 -984518016
273618280 -286116644
-279605036 -140900960
-301281815 977115571
-648032599 663394354
412548157 615002606
975027461 907440424
-61183493 -959234558
-856211671 -785583061
675017174 -993850878
452171723 -694723805
324583994 375548352
742261008 -224184123
405783640 -454266216
889873832 571391060
383901383 -498890728
-495838401 -565505025
445759496 -376833378
995533301 204619292
353504489 987770612
238292868 -543947319
814940872 853743662
195110297 315205139
757821094 -140920788
267431931 939704126
698180022 759475745
401441309 305856507
76065037 -766147084
-3300178 650291520
329045262 -934001246
522527774 735837974
666398614 565514338
-467906062 -456658407
-116299007 -546944234
-171138524 -319017792
-322412158 684665948
218205184 -62075215
836963034 -791908933
66113894 40362867
149528424 -477577327
-694754348 -35125951
-504267859 -346545312
368480325 -409349158
-230789937 360063724
-637046391 16296982
-802885048 440879771
527561559 496945303
906766770 -916492676
469138737 245855627
682845209 -609170202
-562879051 -917512910
-1802520 -681028265
925104572 -737630745
-344152507 -573282987
-188700934 718618594
-646256369 193634878
754931156 -185463573
206551556 553449926
-196417671 -903249617
-129288380 705915034
-420257049 -214371793
926374116 854780768
976827056 932476479
146293034 797077350
447384581 -516511995
704769626 -47097979
842492652 -290562958
-311044309 63950056
612237913 -634596963
-577048407 828446550
-198793294 801522250
855691893 -794166071
-639005089 -520838585
-421023962 439471624
-397360534 746631175
-876088923 -682289089
642674729 983742463
166761392 474762809
-159979808 -7813571
-92744998 25217451
-336788486 396521954
-241856178 -39711287
-493546592 640926768
778854773 -244775284
-687870394 -538173885
-473800833 -710769964
584082225 -8768760
-713736505 -128588442
654534926 295726155
-717071424 357968624
-843717276 -827524312
12841228 -359313084
-502729310 357624841
-638440373 -943736567
-688206568 512234570
277533957 -65283138
825982430 -709827719
207579652 -461674527
-579845369 357269582
-100613999 -836374264
108894993 703906324
611349720 769175970
-681833910 -556496560
173281205 715896831
-525108308 733843707
464190048 -858600698
-974804300 -601460510
277153172 -104316460
357118036 720766526
506347756 496443992
-585041297 342306636
99899851 737965936
365636491 772764285
725572305 -972029849
-798566381 -842452638
450310012 776972535
-278796980 969057605
-409625316 -406643432
852950787 342661771
-804793145 877642177
77162742 -375450010
802093688 -93819229
23065416 131864985
-68887576 -632797981
141433191 553930408
231506374 656279099
-324390762 -264031076
-302284301 327480551
203332236 530221938
221631855 -828636255
368335440 -843451611
515960264 128362893
583140541 -40378629
-422514105 -303555474
367080204 116554170
988899782 412414906
-769141398 -87760617
319113922 872865089
441106052 978031958
-464157923 -585877893
-204343679 -656860140
771043148 -168613291
599103315 562702164
-212059161 -762858590
887018979 978420307
-951816946 907206197
666607599 -998155678
-207404499 -42365912
359962385 272339186
47538401 321531718
-821285561 -125897033
-129808945 -807352484
353764672 706074763
490486864 73653641
-967764808 -864270491
461883773 23957519
-306123276 636053829
-894648715 -930494356
-864170750 -747813205
702553001 -597017487
181019849 949333727
-493839936 -348194954
-334299475 -622395266
72110246 -148562402
879970608 664745245
765685632 687344893
-675766013 668341976
982614974 -215074204
-278483775 -345083976
588713711 89007802
-543467727 642550938
-498623931 48340618
239027556 -804415145
910090883 287518476
-228793468 -936143213
-486120861 -124733489
926721986 -202077841
432144291 897937972
173372017 -430881921
-369015193 391494614
-84705857 -269219395
-923894219 833726179
393830248 450931718
-349811144 -692414359
-211963209 -970140147
-407947500 -776037061
-641585349 -242578012
-287798750 211729383
