229
-227026163 -382551394
97971980 862678021
-212325044 -69838431
348585098 282286386
205611417 -428518536
-659913220 -633296327
-907238058 951196204
-883465211 -767717907
-661910748 420856600
351946590 557876676
-626548948 -927199986
225733121 98465745
553129281 -93551682
521720090 -203400021
529077554 756919124
-487420625 362636150
-426807839 983536238
-252224808 973473177
-386403373 -308220601
-386476154 -757809238
-130522276 -390732737
-116837613 -785924821
205887859 217910077
958908 441326333
-824121679 -233283728
892262862 736252526
216610034 -330094773
509515769 5300474
-586590547 -150678062
670859347 -693702463
178537763 -794119336
-428048370 -453153162
70678579 -660266833
535498412 618375041
-392369889 -292398991
-902355206 946264964
-546541548 -789872629
980865904 -683541898
-639251454 -983999523
-923304299 459109873
-449645630 -906460766
651371110 511658294
-455302568 -790250467
-889081111 -711009009
74814456 -82867718
-82028228 -827288281
634246426 -247153832
901983169 187070124
620509515 -275561457
901098322 -13903443
-398415150 -913427656
160909966 506194364
680309333 735709666
167085119 -209646908
577959542 -455285414
790725834 657404422
-579806869 176829742
-731156310 -139123597
546768101 121696835
-725226343 -188722731
-532815049 -221769617
287624068 -387704174
36427453 868371404
648778313 -134853578
73836675 937415872
-440414310 187141427
-837678475 119966189
523668949 -481194591
-520528883 725442993
-982176265 -991262337
-678923901 -657039407
-591422967 -542354505
-640125 769676818
382815141 -519767859
408142625 -523787862
-189650836 -45391409
923684655 97722146
376308598 55617282
577876859 805616831
-921455168 322757098
267072587 -453789833
630472046 -207434163
505826954 -315200684
796122751 -473362426
989029125 230962487
477167146 916256450
167335409 519267234
522600267 336235901
960529220 -298457700
-825823216 -592244347
-50835464 -852715487
336569127 664138301
-263760841 -514146684
-158616433 825442377
634068862 329398190
516562005 130252883
774980015 580252224
130981515 654448384
441458795 138415117
-356643699 -687052056
799094003 215907221
386169813 785856280
-3095397 14181200
341002064 244553365
883569058 -542116633
-382070291 678674553
632101145 263663588
546059676 -364341000
-760722409 -260021423
-890291780 -741675693
-123786189 -962178581
695634164 470455165
-490195614 901513336
762350944 -96524878
-412057554 -780777416
-234931042 -481490772
-570532798 -497953293
-482789688 614785804
772274013 792925681
-894933453 -682653550
639494412 -961658081
-102942343 699866363
854853854 -783674381
-59142739 599310166
-121460094 -581334011
272397570 -114924628
878361870 187991275
-887712767 -777907458
-924356941 -456006014
425855927 843310042
-598212275 539233479
144098243 83302705
-674315243 828223916
-2132483 614843891
135592577 -189451750
438977777 -232602501
587330100 321017073
-68469622 -867844016
912723364 187339190
-238508170 790982343
335933184 442475905
-889438945 676575061
-495720149 -524452017
362760133 707382966
692783162 695486996
680928203 269739867
423757835 335884333
903031185 684625895
617358899 300095421
-431363012 -775346152
143331411 527475345
-531173158 -749476810
169770645 -455773421
21495487 160961306
329606102 -768425752
-308113860 49668000
-411119876 -550020006
190445233 -467574094
372914003 -407701906
794713904 490172370
175573774 905428419
-75259231 966965518
-47757642 -109990294
-694656967 811671483
546635234 760034797
-721019378 151274768
-838865698 697417787
806035281 305103965
-204089895 335166285
938264113 -108323679
354034982 -595689946
-984430272 -161897516
162026337 838564261
438784732 -956868737
-316995821 84955226
-609830111 -382706241
760258353 286241564
-267459059 -964837349
-139496795 -252046359
864639561 -784004427
740240387 615646210
-549372435 -280961214
247511684 877211969
586353054 4206339
-768177417 -706373519
773414315 -394642022
-561788082 994382586
389301147 -330430904
-472022479 437693814
-874846145 -863505053
-730051692 374094722
-560945424 -471926328
-724516474 -834640921
898624389 816917458
-805702315 286649995
-526079865 550106872
500178554 241513198
-247365779 -902888015
901379231 566885314
424866816 869431850
-150596315 757261810
257626948 216004618
-29815827 261182911
-542579051 -667055193
145171555 -687958484
779562057 96669781
814488152 -36236310
670265015 -925435193
-141629707 -959471724
512399612 733136642
87682094 556774572
-758107443 -681042703
-905638278 473909712
980302431 754043542
-177854419 794937510
775678567 -923162281
597547580 -862455109
-990067481 657533051
62515532 -29317034
-187126885 274863263
182203116 -30931962
944862572 -299218224
365665990 447717253
821826818 -638369423
-200573020 -354309659
174395321 79480853
-621614746 301884175
-496112649 397802969
-943479682 -675998591
