234
861422431 -257739607
511704139 58024929
598800403 -658626482
292334788 972485729
-311660638 911923096
808682906 708143917
-123727504 -218296019
502004607 -627244841
269565287 -656636410
32321119 233814043
-776047340 450723212
-663877779 -706652023
-36473659 561593099
110834712 442122691
836382724 217262753
-91011686 142096381
421507324 -431756027
727945944 710102274
348836209 -599444158
-98775053 754019322
-73082997 147602501
-60479857 693814305
-451175989 -888723566
-902255025 -467521958
-701371983 440013425
-704136854 -809313981
941815728 -388271201
788649307 671967615
451428757 -362966394
-462739970 936482563
709688420 588304527
-922745006 715657610
422497696 -935394367
3015772 -46483739
-712069728 -735920457
725807579 290555304
948537541 125348794
-97524264 703936701
344124621 315703451
625808893 -605812448
-361049509 729939743
-703206636 86521856
-553471620 500409905
-393700233 -780700078
-273916111 645037515
577445534 -104473529
-767730614 -998839566
432965600 -551455546
-238022686 -233684536
58749583 -62592714
25052672 -872899548
977814993 -900224572
517195475 658451600
294425034 -489493660
289216097 -764691220
397311535 312992781
-671209825 815785344
-416469180 117735935
112026731 210606060
473488218 -305208370
922556730 -197333299
-822994602 -279632605
-902953657 -951292146
-607962029 -397864080
128118667 22412263
-155406591 454613540
-601695024 534827069
-990859217 94167935
588694963 769890701
-784559296 -540375991
615643376 911617929
-535576140 -518930996
721554777 266552521
321838077 -362176685
-87420202 -209766471
198788086 900374028
783977951 -700028755
158719657 817377484
-412497017 287209920
435061297 640899624
-610843296 327781335
-146949030 -797320752
218842831 -332530370
-604362783 506109112
-650163925 280785490
-602042405 -339317143
214979361 -292397187
-587967937 -488857545
618067079 95941179
-539668620 -616670631
312069513 -382042756
-116586213 124348691
-118087200 572596912
-19925056 -90719471
425466973 748839266
605177190 508639317
179031821 -699522259
881128873 -658849155
216533248 611563130
-451707028 589816217
676003579 -842861438
309742056 162382519
429546641 981934986
-508920592 651891493
-590949056 -657111160
833774866 -417049528
992911632 81017370
-967487335 -273200346
-815683193 -31037376
750746289 248153956
998017168 -902728339
-608692865 -276371352
-286562193 105132590
-732072470 -690396216
-880039409 -251593010
950449745 839575501
-805158180 270959657
952848125 95772928
569230944 -755786034
527330858 524644691
732467066 892620312
-272542400 719602245
330888068 694569095
537930364 351878259
-880609252 926766298
212514549 -187801474
897670024 715140529
299842858 -914813371
863744415 214893568
470136280 653997944
-369565403 905278150
-816986967 -685086585
-161675483 349633469
513140033 -253241561
637851495 390545438
-333233281 -359083413
-876030980 976704408
-141269324 445742556
243701133 -475842667
-222978365 -735015026
851110335 757783944
457030456 591530809
482610141 570264422
-947568444 -104174686
475321050 -771059112
-32146460 860118047
511293142 789231999
-544508388 -110769959
-303335147 888081567
34660874 -674846132
263387524 -819236062
596544525 -26947713
166212200 -88931951
-758775388 77329432
548639966 117230156
653074457 -656714975
-321150769 -226763616
691199317 -457489344
-150667063 -832003862
-294498078 401970173
339707977 -211778328
934373461 749139794
993808967 613306644
408331923 -536801003
-551058536 469156242
696183131 363626863
193481290 -191857862
-896415071 -111679290
-322201941 184573333
-626330178 657279771
575832402 -476663814
-633359703 665055227
-944611297 113885314
792309606 915045381
-445095935 749085230
-224073896 810368264
-723889664 -826764191
-449519294 332710581
337464170 688906453
-920089732 -399251810
-345787987 841683434
24024799 930066581
915380971 -578874656
-291355211 -53638310
-933656966 959251901
-790182473 -536431346
761052872 -756266046
-558566614 -290239996
196801100 144595174
-767969025 -903248425
761168174 -682254514
-87956118 508728822
-833856942 -524576715
200892481 413737075
791051005 645354012
-679591486 -670811023
825868430 -664697403
681116963 531313342
-349717651 368906118
584757114 -989729309
-553559628 909516338
914262985 846327376
-840023716 707893714
-145014256 -650417508
-102915210 777424198
-989427783 -628472006
-845829514 -267745627
155802326 -599136703
333414711 -911851781
700564167 -603364170
776649769 990187678
29001874 -256813454
-140224874 66183653
870341248 745631073
-303359176 -692185708
832486758 -730603528
629163580 -82806934
401511050 -19791560
469037761 551059254
807229166 -141178047
122588826 589770367
963473363 -699169117
95635105 463867181
58841144 -655932122
85081543 206651125
788023748 -845244210
-511102322 -960358900
-712431342 -458285880
-687681196 -355236323
-620578043 -471778902
3392031 365161016
47134778 459697308
901029729 11454923
-507180872 -954547920
