259
-250649701 273296921
274537485 792750456
85791253 178308487
894400935 67053198
185085546 -46524736
421779342 -180963415
294119661 -876839279
-87422105 340427503
653767592 441785881
641000000 41079608
-117907266 561582071
260363593 394685292
458963140 -367750750
602911488 594933861
444257180 844528050
892867276 -781301448
-759158746 -161914799
919029302 503580745
-258904578 285414712
-151005218 882156691
-344860271 -97871536
-875330429 -634391790
731522108 516338841
-493474056 554850782
-996986026 -540613521
999258521 34011866
-267288948 334801334
-619772637 138768124
-47978606 -347528877
-703710204 -894930048
-614718391 -890495728
-986055473 227942934
109065088 839053179
718996557 458897463
-62471608 10966036
799465265 94468514
513851834 -573169467
-451799891 447045270
-930027296 -300970396
-291828883 -21759219
947191914 -24751038
524725807 -504577890
-869369686 789582462
140236054 409320876
-98526447 841328351
-55610979 -388458209
-69982649 986662637
921760140 251535906
162500567 41180585
-954641818 234626503
752746306 -339737728
-201321656 846332414
2069881 869261185
-888708076 712995974
-716113479 -647863619
-651261339 -644630981
-842847433 205991272
154501302 564608949
-258156965 -843483749
180291427 152734449
291123308 -431597094
431020395 -113748255
755242824 -440458886
-468260517 206469700
148052416 -418686883
218137615 -259665422
98426151 232406598
-349700377 -518529733
-673774801 -91881974
178213206 -512874563
-192659687 560041043
-238656184 -799277739
704649656 964646057
-817129918 -372674945
-445316886 -478509714
-914957161 707201085
962570232 411252283
829102803 -709060168
689836254 -623360555
393066351 -496182331
296308234 253304921
-81750126 -762658258
-171510155 -84293944
133820037 33693086
-203065548 114309800
77296873 592055883
-460455807 -512760498
-821102790 -770750412
837536572 -862683981
408605478 -359386118
-596878858 -569593775
474533980 231782961
605019788 -563678269
-294966953 563066441
313881169 -671886358
378614968 -396061848
388432371 -310156581
-870133299 -592960221
418635696 -803398813
881262135 345889187
-814926066 -799708244
885810718 717081456
-910949274 945242355
-556710195 -243983828
-882442253 790770248
889277134 607311193
160623143 734228029
470885117 -850272937
-988294379 -630844513
-862729629 -767911887
827807293 376111651
182039412 659000208
67136080 753000549
-191862496 -726624518
-287185787 -141826903
609705894 -269487854
570517340 -306959058
719426354 -932717056
346902973 -160984956
-460965164 -951375524
-169052307 -627524672
470903198 -897310627
543405849 816315131
332906948 607654849
410901526 805790561
936400647 -486043868
-706710623 591165288
52031090 62793624
-53009102 -922925484
255482350 57431440
102064783 -26059596
-255973457 -899906608
13928286 194728262
-285773211 -104774524
55512134 -999365656
-475140731 -176491123
238327723 409483747
376656668 951772192
342471040 -730045922
-198451477 701041368
418169681 117933753
-734020061 822415614
-924749136 -646859042
-480527120 501167733
-832599868 -407228889
548008348 -744812271
-702737721 805403316
537044085 624323940
65993494 -616167915
-605222690 -499648681
893291996 727879406
-295526777 -646026599
-48236848 674730077
15428067 -525494307
533224139 767774846
-589414472 707580147
318212433 226014066
-373422860 921222290
698737172 643663063
898674412 -497095376
-29160747 519919422
71320308 -704492449
823062656 -315114832
-69660985 130880126
-599689684 890866626
-949393916 -77431607
322279994 390665767
-877234409 381872054
586329470 967760658
-5085839 915645720
35908288 989481850
587252387 -679455010
133371767 722170067
-882629708 -775571269
-271999700 -178434560
-321665191 373581516
641511312 397279476
-428493060 168657442
707632314 943802198
356945181 714886236
-563227643 621888868
444781461 -546617482
-182367250 269416192
-53652593 19792755
-965321930 -595375161
-754217142 -287152401
-486351289 982289901
258311638 -884793646
809550413 -442769809
-24149529 559529479
-633078816 577060287
698706561 -288481487
-293179440 176389148
491564045 -633266414
-606233116 957073875
-876736919 -360538801
-771478700 -977932123
-578369667 -971654645
657383623 -624450679
669770497 -322652911
-810876840 304322761
-364432529 -813777775
-164617279 164178623
764603790 194714062
148748831 -754069575
-409037647 528493520
377968598 -83010911
732946424 374822060
716022197 -393656322
203874734 154623240
743756677 -963573125
268418323 239992139
150503086 95733462
538047851 -497178501
869178759 603446882
556257668 528549293
122022308 257723321
-5378639 -775501136
-293330267 -755608798
453784298 91637082
-345403878 711282047
502796763 -702199726
-406188754 821516843
130788445 -580732710
555806672 -733143435
263738666 439109032
-497516384 60857541
531741517 -575792468
-671137255 -572635190
-639749661 413974677
-592216501 172419776
-426821772 -697677013
101046342 183602080
-518180883 -975140195
-197272022 390722349
-312739032 -959416235
796990180 -431503995
-96762737 -314652845
406135494 -114538689
-272535996 286132442
154425905 957621780
-940079813 -873432010
-128219351 545672723
-53777857 930332695
386870039 891910252
-312798286 -168576688
301629541 -808328609
-983999367 566953436
-475450061 370258027
870294796 -764963897
31620086 -181006528
-199785339 -717213216
-984987458 -239424429
784546230 11758838
39394371 119868272
690972346 282492119
592666347 628945134
-887041119 -182079030
56660607 -563357763
