284
-708898829 794380673
153028061 399176498
310638303 925431483
-300368289 489403561
773349567 328127851
-116644652 362071005
-310364156 590134095
-756781196 842538635
-886232168 822075189
-869255889 638505333
771104326 446417227
634403095 -875869468
-965169319 -536472249
932422518 308407072
279807635 209616606
496571199 -841118394
344766560 -987520225
607016327 -364460494
235665774 -273515201
352105135 -45538197
699724340 862276452
864398402 -518513695
647944378 -413245483
-639522580 959205470
-299489207 -743619505
810534670 -313596399
967021463 681099241
804826397 324796726
704318469 380171632
-91898912 877171556
483273035 -626506915
512498152 368505493
392355296 194227421
-609048276 -646150012
912920755 -512082115
821919022 -873343738
-875962237 807547303
124501437 925094491
-238377991 -23973701
603043415 272956083
219437303 384705216
15159293 313065661
-514102711 -505328355
599837716 129282316
-163425484 664630818
-819294215 -428705381
972401759 -286277169
962189937 117140149
-678348261 928533070
597673493 961569391
993575768 757897698
-558368379 -195277574
291552347 527211155
-859801814 -219893625
596886478 724268383
807631889 -601648748
-552856175 -985495100
-204449236 -471441174
-543399918 62664250
320848873 843615157
483582217 -14094437
-240679907 -92283469
416726066 -984746917
-79681359 -425402586
399543222 -686401893
531472307 -499094747
-14689253 823572080
-587227109 803553546
-380689493 443584976
-774238963 274063935
-283665293 -728339644
401324255 -440671019
-356790102 728386868
319683153 445852890
774301746 517494698
-877213684 330276046
-83042677 -221381585
704801142 -742874470
-869375429 -451226698
921384618 -863043007
754637968 -415991276
360452666 -330605731
545661727 169488268
401223009 893490554
-987479294 401487471
-603212976 -31355816
168548002 131736092
360404610 513010041
862647017 -966445872
403144449 219981060
381785298 -539281294
-974952356 16466038
-76365260 -337488077
-863970776 -737601890
-517792882 -359158029
800821041 -861231615
-733263744 -985630551
-407540982 -74033295
-512624109 -946110491
-483814790 -916770087
842008567 -74374412
-800681020 963663445
488335263 -28223751
-846697474 -362453628
300156295 -763820797
62834126 -889309345
-14660411 300091934
-93596945 -62642875
-632799743 -798782161
-177600894 468169043
871797399 -462750097
872702459 -581444715
875129412 343858661
-851126476 77731617
-253625049 -927302746
-305469775 519660575
59293837 127430322
283726861 659707523
596295571 -135421724
-947978256 801422090
798924494 609141252
-359007086 771701552
-845524580 -504844001
-661446864 -653702335
623353358 -846219089
-244822186 572530038
-770157281 -345214534
-174179226 695830339
-319194783 210495948
483038064 100614203
-460129869 3007607
733553435 -511342258
-992617656 -416033399
830921591 -226248278
860981152 335540411
-298362114 -159292481
434071239 688012293
91725482 616704637
-935237220 -157672341
-624162003 -882277870
806476799 -501038972
-177102825 726438222
-308184404 32868929
39594251 -477257383
914925886 118814508
46071011 -17607328
122923510 448236068
-322579557 56339693
276551005 252049522
-28429179 -783852950
754316799 303062621
-609654809 -251633877
-393827231 -529189251
667560369 -812428575
104145745 -589760263
802469 -730271599
-462158510 131782060
-636628902 -378328368
700061601 -944023442
610527301 89179346
363434616 61032999
609240780 299706196
928594335 -270015830
901510939 -507033606
-409560423 -216787611
779545503 186952206
775251301 -230431979
695810928 -862925149
-76874691 -84757837
334881067 -258954249
-384558799 522826823
-840808466 -971485786
725701044 528663538
-25988524 -207002519
-794279639 -582648279
-366206476 -421257229
299801076 526069041
-426251417 -749297319
-992658076 929168741
-796769754 569759542
-573726905 142693028
455948197 -138507720
512920098 942689277
-843395809 -35985390
-217766774 63378294
914457180 602008936
228648191 -945468021
600063066 703884025
662548066 767926556
836662741 -798204769
534939304 799457724
-857336369 -408309360
926209509 132090852
-202036739 764682757
840642139 -310168733
-92694269 270433903
-908293031 686672034
377885790 409326850
-323146166 177801356
279637968 -865223072
619958633 601062891
-547074482 -741297026
555461145 -91653702
-522962440 -479261259
-627564968 437493211
789698409 -926554929
-510992418 -997240918
968859861 -208806311
-453212274 12671577
-299863904 344160837
-493029781 -622668790
-18616925 580464842
-685569070 632548564
109369669 -211263301
-267864815 -727929992
-694140505 -93141647
-300566441 579617719
239273241 -255499349
616387653 -507245593
425435184 -950508083
628491221 564918807
-538036070 -230123851
-660884409 781430203
749360926 -753582777
-418300299 -379604447
-171632744 98861276
-554857304 -464487703
67234083 -175571186
-171972544 385497408
521687262 -813815657
-966204989 -229769442
60807835 814616596
-104443613 394272340
-566800993 417795478
443547904 -222315935
963086925 77969751
-556203225 490095071
592250619 -2880714
673314834 -865657259
865145958 -479532118
982666335 998894808
923625578 734427806
-46733149 -933419012
-281980304 412292816
455417942 -914473898
-404738420 316171649
482226236 722948864
480121869 -896964051
561059158 92394658
720272692 -385794221
322794352 955259775
-12749523 -242887435
302770339 -37741365
33167555 -72783319
-606031997 -34583759
832454330 -721430475
-278899114 -973090130
-893231429 -778456934
865396526 856525740
-170053282 -925903691
42680112 -19304611
948642939 -787408299
628098568 170068185
669290163 -644796276
-637078067 -476249612
983846805 -154945956
97598770 683217654
-116872277 995192130
-280717133 -66638741
-223018652 552697116
-424334093 108743548
-212811017 -287615220
-437191541 -746482790
-127306338 704296567
-3936892 -986402865
-145521303 89928634
-527890074 387848748
973122684 -704705924
72473204 46680437
-200052615 463726795
-46143348 -252787792
961138262 -213964227
413948557 -165664619
975905499 -927030396
