274
-953565034 581364926
401716360 29806155
-287911494 -535766481
55949382 -136116804
493645706 254498669
-655949401 376540369
-65689038 -113374526
-788962734 805248137
-882322836 -440745002
488303691 -697803764
530318658 428683790
-720377036 -299292964
347990681 -644439133
-88768855 -860826523
430703867 120627042
-449479444 -65077770
104338225 -116059951
-722383080 -766566863
-511912809 -321801067
-563656725 630856785
69800584 687847803
-198516341 52137680
-600436084 -700652770
-192045340 -670007337
981727832 577050819
-14172001 -369028340
789302288 699434071
601693178 -603537374
984221041 467553699
-96803464 -952719154
117884940 197196023
676777301 -881444055
333948616 -257017267
624806687 314002837
525288771 588975760
874936886 805942597
-298925900 -661791104
-275504646 -265412278
-805533025 251027428
143505932 -736414433
715744383 838369782
292315333 -19883756
388189414 -496432433
11968866 674271024
-616116532 264516293
-44798191 902404882
-715379190 -876414525
-716625837 479932406
875070472 -449228262
338976655 633707347
-690833006 463589145
905283020 357163037
-605402767 958458448
836882439 -460273854
-766895155 302353606
-304701935 -870444532
-712993718 -45999901
748507880 100756374
-864854596 846930395
-190932520 409731288
-343246917 526958888
246695658 257524152
730350033 -549020259
-919661661 -206593592
-696160748 267959644
-194323923 193841273
511402188 945790996
945289844 77392669
706935590 -44839770
-580419275 -482274652
-900991078 -527551451
197600660 918246273
-999833479 -178905506
252715454 -483160664
994331817 -574072866
108510585 446395575
174387204 469066887
321607606 -126623201
860240900 934275965
-967877548 -718399048
186036159 -811685087
351569556 -14895255
-356116639 -558973792
-369828313 -301427937
597746719 -481701402
39033487 854210117
667490838 627709423
347140266 414976354
341726348 348996033
-794392201 320806462
122374077 845287756
240870256 403052507
-284507854 360737268
383658969 793954238
-207794212 844281686
537424100 355381037
-438933246 269975588
626760983 -481727961
548188272 522075581
-608531489 607995871
-312463501 -47698383
-6107542 21130487
-471912044 -34580650
718306560 335549558
-973317824 602667619
102452474 -896372187
-878159415 -877561455
852690571 -277369152
-230699780 -312290007
-106812670 499905857
706009139 478944596
538989829 384568519
-540760131 -611627600
702462373 367579596
-168289584 16426894
298356094 -804216382
-569850509 -11153880
-462976275 607878701
287455945 -530854764
-398072834 179238824
996819561 -586201602
890419661 -494324595
-559705167 754715985
663765759 96790235
-442294320 357556031
-967890146 533641440
874638792 502405491
-89385740 -944796149
217060907 222086495
408093699 -635831660
523683911 -84263611
-191900660 -286929591
221262142 600991029
-433139239 314765631
971369775 -547580642
-944900803 258348199
-920135141 496931490
797306734 780906046
-989838144 953178242
-35506692 -504434973
495846853 427060051
148181573 330305886
-198036481 361771820
592975024 102452215
20216082 -100806311
-970660862 145030299
43814947 -496024858
911632556 -135760520
-164379634 136980394
-700051810 916181250
-28915715 -159471544
198546387 -990117214
961851494 626207400
137740082 654604836
600991459 -137895611
-24438967 257961839
-10844759 85144692
-664550689 679472865
480652545 876974644
305987266 212362484
-468630608 -471143429
388675657 25163298
-383836945 179246132
917155108 262073517
260914213 721230392
81047586 -844252993
87913847 660564768
-442658989 -755166639
-377255569 729065949
-671629036 -582897630
403625389 636923222
694773801 -1346257
-936982361 -880368236
-69700300 276688199
414907321 -367966619
-640668810 399120540
196028679 385881088
910791195 647337184
-950624491 -857033294
-227872465 78063057
-285493681 -345444523
953414895 62939412
-946195287 28553250
431913704 148556412
15468296 -39738731
-688610399 238555929
-888402289 -31583215
-194418431 -642768622
273539530 465675372
-440863640 685054249
-836378124 581632942
340054325 -862048715
-908801293 301212983
360148972 486890575
888928257 742716528
-773309090 -234856747
462172150 908362041
-914382505 957742893
-63916422 -988496249
-526289620 221624348
741396747 -147717524
501395789 796676729
669196639 288662147
-478193565 -491319948
768178867 -862220309
249886603 632726355
905853267 -668825093
-567291134 946964253
-849846461 -981045753
893442826 -207966063
-922475359 36281906
-682295465 -566850673
-670901096 -289488196
335086399 829968294
-677066745 412983846
-377909273 359135258
-110033514 -729096590
1693181 -971707725
76760892 -296599287
377161722 -375394588
863694389 -365517118
87177170 -544562474
-211536942 89432299
-523461856 -480188357
-273686753 -225856777
579352965 531097437
153216109 -456458837
297953648 -831294042
-233340684 -312649896
-544208575 236017164
42781311 -20310211
-274958371 647070588
210272177 308307578
-395804130 -863080384
820206400 -416245048
-53858292 -574623313
742226863 49613413
868309942 330769867
-288931667 -757673257
-447058730 -930301636
675719782 87817405
-435434216 303988334
753828235 -813107255
432481253 -832350624
-692929595 -266872795
-783951604 -477275331
-838049663 -894432573
301854552 263259972
-975033161 61337339
-140725223 -901252917
-574954032 984243396
-530119483 234707358
401028379 978166066
522156335 869402779
769294540 466809574
-80335634 906663310
599038043 866055914
-241887445 902618390
29699412 -161603396
359967532 779744445
273751167 -298529564
508139878 617921729
310651925 -365712840
146138212 551626999
-974160487 -218256499
-91375224 316269018
957679576 -862022651
-435214055 -800299296
-621053793 -717568960
877690658 485768971
-497869971 -148806432
36713303 846793182
-892567054 294202301
-464211747 -335221836
