212
-580897309 -737509221
-203772803 -49864311
-579653319 636501021
110667091 404379471
-581263983 -874485614
168469524 878461844
-73024728 599324038
286168215 386870050
-446229218 -670935472
502711965 -869908097
469592243 762894182
233850963 708913961
551225953 -574855179
231902860 -720549848
-455106208 894510991
701485462 482302841
666562103 848008244
-536506242 651796378
235063998 -679798530
-596561373 -835872349
858668975 -717905352
113721262 600628691
337351198 -692024457
-89529883 -251651869
799110501 -213059684
976631276 -430474827
848630929 -810778702
-802265274 -274801307
724493079 718556728
288148507 -558906508
-876424131 -67846575
-268761675 36110409
168821508 -963032327
473684617 -255538917
602626903 479352671
113677999 576648209
-272211974 654802157
143561380 -116999924
531020718 -754336764
834442922 798420373
975252970 -389141770
-437145646 -111464579
724086176 170855864
614494606 -86065504
686398788 -699845170
261494614 724499052
307298641 -855303835
-386169226 -637975332
474904024 618229744
-188502788 510734062
828302097 368018635
-668156481 -436589177
342328679 248669540
-564975681 -448322604
-110067839 -684707066
-707447536 102870812
-426077106 -101184107
-431316316 -563841224
-291040584 -396744648
672334819 652800473
385448512 400207470
-805981776 -911646306
130433860 262180655
315610894 -392209440
-549154776 661874546
35828886 193540321
-954301547 -178157221
-121883038 593452902
-262183866 -807263891
684884105 844926023
124004946 -677279127
207279507 -29427661
299877094 -155193313
902067955 -299736015
995817814 -645644496
-303227057 726760333
-242826841 753851998
-101609090 842269871
-48603435 -666090622
565052550 735909069
-402610860 -623022874
850844597 -573246596
102557244 722376827
-678642986 -712492370
-67321010 405812343
-90376867 370759617
453910092 -25858162
-721685166 -378142193
777510969 -139968830
214592300 514076407
-267002486 214190968
146053021 -110540159
510212167 938982914
906575335 -75675156
-392305710 -385049284
304017329 626110828
-199840275 504920296
-306523927 691925001
-861646659 -180920324
-614398795 -135180202
-379050849 -273625615
-661519327 -81531591
-886450431 -520139576
256596191 -525682964
-288543954 678970358
195126380 -876939074
630351315 265713356
-354498126 125156926
462924460 -814442394
502397686 514682082
-891826418 -858415688
-603697675 51644746
958264128 -135102169
454532879 8132057
-459798839 999469550
-206289576 -660821726
-122637272 495325527
-908979193 -907941002
-309294899 698475042
115098764 -669161717
-620920310 558661110
-528488139 -808076191
368912453 691309852
-505082870 543243439
833399662 -371727350
763947112 625406581
193054787 55307342
755320039 -761760029
983369190 455095232
712615010 283974915
-987060456 492377474
614312394 37767163
996679349 78267358
765119590 -367901181
-549814271 -176811874
614906483 -958000872
452650325 544953834
-94342143 -30565821
468077040 -135799913
172931703 -910432587
-836387234 689279378
161971340 838871464
515474740 -822501680
-972781527 991274640
541384468 506356727
165611315 -480683593
-746198985 374379774
-909932799 210116366
237484954 274162587
205475367 235239210
412518519 -287256564
459017737 889975538
-447224774 908969586
954624898 -20022273
931128161 -429842738
662652410 -132733010
54580223 206994475
661549480 40699493
-136418874 273082799
-107613851 832260526
-202748485 -958453576
-119210736 817952347
-690417680 -696212639
16541524 379440168
188713952 -365751583
914148189 -425174579
-28700804 -576649158
679530325 703513919
-709657410 -142573176
-361557960 6441312
341422931 977250143
-474812494 -839016761
703341223 -445634750
-556431437 397159064
772002850 248690490
-649064136 795761947
159441926 50817077
701877280 -250681899
-148721306 727320192
-709440686 531322292
102921428 -125723983
-576385473 836033429
-152556190 -176792268
-341311469 -24522555
247406447 -429838870
251446127 -726358055
-585981555 -759110111
114964709 980857532
417886012 381525923
-419540023 -912514298
-379105213 -895565869
124153488 -794527066
740430672 -489882544
-960664048 495272346
941446146 553413041
780727034 256735527
496473060 479586056
-781840742 -262877733
-843366619 -433109065
-47881742 -374362302
-859902152 -459837240
540654969 370373008
-432158283 387200116
598423744 -428006988
603335141 -224048261
-945861744 669867099
702557271 -418952568
-686600360 -588605053
143144523 782169164
289614560 -564090258
-29370174 -128769271
-51960074 863870233
