264
-963157870 369695854
218450271 -479369832
565577317 -715370455
226504667 704357755
649888656 -89982653
430289780 34892211
560398417 -808647752
186876602 364799365
312301969 -660101979
-14303611 947981570
633774191 959322242
423654687 -274946451
-609807943 -160844585
930159829 754170580
158828383 399934056
548060781 318111925
315723110 -287368249
126966521 -598018494
629883400 -52410886
793967105 -677536090
-887945232 -595163419
-838198852 -234291156
379975955 -875512462
-147162212 -78621634
-177352780 -465109442
-940441663 839887626
953718668 -113030164
-707050725 592389732
852953934 -703867452
-156836203 700078722
-812422008 615838178
-347937404 383342156
-221229209 754640373
957910367 944378090
832738872 625246855
-357625846 -19626416
848277492 642346386
995662261 998233139
-722796701 447910305
298615616 -245047996
656063390 626554290
-746986972 -641022052
307394866 196318551
-505732422 129227563
326718248 208767645
-150175133 348206190
632788642 -60647392
614321011 -611326247
-168473988 65238636
682754449 537026603
260936748 549403000
-687403186 842764138
112305996 -250951789
-310671044 218838778
200357123 -64433780
-473213599 115067749
-308318996 -305396426
520757211 -967147290
-462354961 640715998
496850701 -625248686
574228841 -324904475
738661487 -322950307
325186241 -366294627
53946655 404909774
-436675277 -479593724
-865719087 681497117
-132574406 312318094
656093440 -440669505
35005657 576952725
100549292 230154969
490968716 -236415404
-433916434 472437131
-450719903 -426509140
462624280 376843466
-761679578 -289891087
495222420 -876119127
233506353 126620395
-75902100 457973018
-410917944 373841728
-73641829 66382402
204968886 657905311
445892316 -443139033
-46679228 542057718
654529549 799738447
-188624206 -39907661
827315192 154900675
26454104 -906390553
-35780555 -376085217
-691924478 9798738
895682746 -894810390
744162705 615406338
-857107510 658380351
-396868065 965747412
-946687879 492613222
-846894413 347868092
-443922457 -68115869
598069856 -15372384
-567501882 106715366
961364681 177247318
-113986991 344197482
-552011624 -430671234
184567739 781938290
-962845653 147223410
-27596686 729718388
326188628 -523114877
712390969 502333455
-189515827 -657338364
766602688 -385378972
-374137309 302383252
216987499 -853472872
388988520 -268477914
18321372 965611366
-755041948 -691548516
-811244333 -398220445
801794749 527584116
48159455 -870373449
-22943395 778336319
-530515364 181568531
-211777267 -539361766
-244956377 399136640
458416197 569910759
-223605064 98548695
-844708502 772249303
370001991 781280569
-616087236 878836787
350979004 -977826792
-851322877 527540879
288924898 -759948366
-459116664 -472204486
-502758215 6968006
396787359 500466377
-676239951 -661352530
970438205 917235476
290344773 -73275410
176431121 872050838
884794897 -185222895
-495050874 998295840
-440158573 -56066631
-157459077 81440442
-365863544 -572442914
441038609 760380373
70807729 -139257834
-350374674 246424115
-867520334 -132103215
436994753 -978430226
-464983649 589858464
784278148 998960849
288402562 -17665387
-651820281 -498704669
-795273734 -279721858
386766186 -627372784
497531476 156590165
264834460 -477600519
-655680689 -68969499
-244587265 -523306587
-440655679 -787436850
-300265434 -654982346
-208958409 613803670
-44881317 -393340094
304287735 879685834
511114346 852133117
-625999512 138144551
945982586 722561821
616916944 889331259
-462440725 -58031213
-428811138 -845581313
663838306 -366003704
-213605279 211044020
446342344 195126463
654300964 -232289296
-136292361 -196414702
-554998161 469497997
295026006 -423770101
-624325082 924675610
512258486 670347555
-913834164 105426024
-290519512 902563160
147063143 -675440326
-31287337 154047263
101097691 266164004
-925727242 -861499946
-818142064 963715161
822085605 -771289008
831033763 -745906974
-605354162 -100545277
129386507 169033804
873363415 -931925211
23695735 234524390
470891574 857280154
879451674 -935104243
623034317 512049179
487575085 -430643336
-355417156 67793045
931777274 -812007579
342455414 639039543
881859192 -154943023
575065347 933933844
-76009131 -552776307
707781027 -288204761
-402819719 -150594565
-588804044 928783766
454108291 -364211899
-274225722 177630819
804978391 644990668
-443122641 80905578
-888809874 -812518728
-627910756 -167259632
-349290939 818801067
-602280893 -871703358
820442364 -667793367
-720981497 -35652593
-258298956 -184123569
949421605 -249061182
549900550 -838677252
-806239912 -633224044
-949313251 -226887504
619938814 245449683
-542447553 -83862530
409216950 -60894183
-549237490 -837964970
287039430 64907103
117672577 613687241
-149874581 -86364295
-361548340 425786082
-536547944 -550782215
796258050 114990907
944330083 -110544252
-425574406 -60824921
958729815 -961358611
-462589102 -381490289
110314378 -879674695
643205232 67435172
142272738 -837542071
700725355 397359037
685641024 615557091
-306562612 617421716
566649846 808099228
676724436 -216863961
98984959 525550741
660914147 368288435
338375821 -221719259
-210001407 296471038
-406807206 -623496199
-846001138 58324869
220678043 402175247
236574660 412281544
-77240735 -690247851
-376455101 -560764333
-488559586 -138486118
-421005727 -263153071
-328373053 874977239
-249382268 281748439
-480354944 -409886999
-337825950 -922104268
-37270228 -864488710
-730743097 86275753
55913412 944280834
-801142704 -855635287
-693325466 -836833383
-457374240 722792598
-486732507 -466343887
519251239 565298278
371207407 75510793
-285564971 751187415
