291
175802340 942904232
456777498 -215560705
-689425154 957134178
-462137829 -747826506
-284351868 131293518
671259184 -433721673
-129456851 -55600809
830799253 321251129
851850713 -978493016
-116178239 -633785717
261661879 -359630688
-476705335 496900783
-532803351 650056611
155666907 -230173349
669362513 520840680
149647951 934265271
419379053 -871586058
187242373 76419159
179217289 199783165
-887239058 -243600736
4625410 -819668901
417977172 -815233350
287066981 -807531892
-465940163 498415512
-573630539 -638622587
96902363 -27934256
-49421471 286483292
-452750863 -997990539
-627721878 460182459
-248454881 -572581343
5175400 -3468440
-96895052 369661028
-262138337 -142249191
558398003 -613288185
730243876 186226956
154393161 612687494
250960101 115284437
-433280766 856686323
923514556 826547233
503207457 -686516442
780885607 -25062457
-637313723 -985781865
885630287 806561629
101025537 13669616
-879127506 -318876524
890516109 -230572298
-629326855 -256085316
-126823226 -943433254
-320293698 -72835219
-472806468 812799900
-409056114 -376680498
-950587424 571883139
116276119 -851349293
370592680 -595369087
70738029 33800846
-981136509 256852058
670448951 -352731560
448852960 689613166
541677093 672058512
588304594 55848459
-114789100 724855551
-912656756 801188190
148725313 762358151
-357055201 -308594568
354712404 530398345
-539878745 414659950
409152385 -431029272
-974356217 -508589374
14142245 -486461978
-951090102 -378982330
-188757764 792098004
167380318 685616853
-650336273 400452715
-834790195 -394372183
-726460935 159004990
423750446 -996806852
98464313 -787318640
110147665 -754595194
-742588454 172218529
-226012746 472781359
-166420232 444501950
-591809519 233645473
-639333154 -214234335
416501714 -738334561
555429534 -952281844
36741330 685886411
590881472 -195827878
35899876 221844943
-936712452 -187797335
590505507 666720038
-576118612 150050637
-363683444 174842766
-915329688 623914344
-489819546 93671862
981944682 -879963925
918963730 475171282
160693837 -728965340
-244857144 -44866402
-791992320 -738122448
-293279202 110690029
550644453 -321759274
47034064 -94296800
516839101 802891002
64746974 -457555847
-323042109 836246623
-323484519 -629536962
598062785 -555533822
339827558 -513378469
-692680534 55779037
-460280770 323516103
-329704026 -832611308
-693938767 880912341
700076047 760793536
307815934 -690568939
988201775 -152225494
653295790 -737299027
-199459593 -95136482
660476683 -282696433
391869995 -116293993
-343568378 -294925642
-165234016 -882835464
919069597 -309401982
649011911 -717412090
553924508 469238588
-230128813 145051448
505665034 383917649
379418811 -497964709
-254258782 -258343172
-221974479 -628474999
617740037 2744654
520678651 -912385040
-934858669 -13292503
-993278001 -312588991
-801802 -550370417
832434477 582387252
-521689143 -321430129
669327258 -751856359
-937737714 -630703736
-470161780 -498380579
38515527 909742742
-265540180 -153583544
687903698 -266736602
-269653171 -562972740
-420067764 837213266
-509411524 -607112400
810991523 -313071477
250925517 -970243353
592108720 559337514
-249170810 528494791
57925253 -957615965
257827221 687036146
-639682632 -388655590
-662078520 -748926175
698490535 -234223538
974688775 253772757
463920758 -95061559
653541576 -963962276
309971793 961335988
-499694772 -677611806
-511423299 711957108
35122417 525151776
-493938708 816554102
123420830 432178467
-118167868 507679229
638732183 756512984
183247600 -554267420
-868486073 -585380087
967637276 -180541481
226016978 199693093
-956349373 -262510088
-539541101 -119139885
746338771 -746715116
-973552584 -141369741
-38824982 343376505
384614979 480682641
789772116 263009719
-507674430 -838931323
-173440376 -726871220
190208789 -903636990
-896735114 -658264940
768014484 229233439
609370611 558657393
948135610 -980342933
-30852239 -833842164
656019118 292717532
-111954849 340824782
-348822818 -189671983
586798562 -465632200
566651318 -207860712
259852865 483657704
-924034181 838004615
808032138 718105558
352049719 -356472776
-820920111 713384950
531168385 -552751512
-300336760 916505335
-597524904 355584958
-504246048 -830674144
-794895554 -159862801
459783350 -747032876
-95796617 169201952
-884920009 -444930433
-852670805 -877537939
-992152465 100403280
371679138 4125173
915044421 56197133
536982162 -372369404
-776929650 923769996
-816934925 -634466078
139692284 217434645
-449685721 -481336712
633253627 609070742
46720407 -202223410
-8367040 -280753599
-279198883 5358811
-796451094 718056630
-726656365 376658227
670007329 -770602482
-142482320 -861878897
-100885976 847926742
438109192 57297190
-329056935 -909894758
-762241496 451157366
303354757 354902471
762078051 -153603427
514743910 867551840
-748435268 -722218384
420063108 282010399
11225567 -486500438
-245546866 4132802
-429190200 -837812012
-942148935 695849730
-588419124 -660066920
846571815 674981587
-60831447 -605595398
-355150895 923847232
-820065940 -593501759
727241594 781573631
-671248470 -188311400
410818748 46035658
74647944 702503179
904451933 807153606
72637561 -195507863
-726136804 729771018
-753707519 -472077121
918647097 -667595879
-850480389 923157367
655415319 -237045070
-592571814 15787050
66390825 -939639501
-665890035 -51281150
65617678 -76925397
737374137 336099998
-975463925 159111209
512873309 285643346
70922128 848909200
426418524 746802042
-528795521 784184788
213514840 -711683081
-516936396 -181009120
-146053159 -706934675
-402351865 255076061
-884907824 -343874474
-509087175 -997322646
789911314 667037727
-562910943 -977541679
443157445 -149801697
-839585537 717419139
-646881614 -918809145
-151155984 2252783
954205749 926813244
-464188504 286798310
122097604 -414943950
-78153704 236279039
938912390 -791055335
619463957 637805791
4531071 859369143
307974132 512514489
-183216115 -276053361
840191604 -871352306
375729913 36993298
-573265274 -996322549
443837618 148034958
-46749710 -780844414
-981437637 264284318
-715883782 -202007383
325490842 329679009
-660861588 -917603972
-683924312 632025921
-674671307 669670062
-639496349 -918490786
