239
-815182033 -163848429
239871877 910701342
374439660 -697827244
311153881 -484279564
249495595 -733879047
-794389499 -182845179
493877562 981071987
-635713748 955468136
-233326030 292860338
906487571 -929881239
422023486 -298109521
128652763 475414804
-217283503 145107631
62403341 -321513218
335180946 854873620
657062452 -848113152
-200449028 -852985992
198642461 904099819
-174285095 709881683
233991567 486343664
-306974671 325815965
380072003 726904553
-929388612 434582174
-691319207 658773867
-656328937 -228295729
-892367842 -108401524
423523641 -26306174
301793736 301176978
974471994 643822771
367785147 101572661
99268833 413245508
565035100 -6653258
-527047572 -390827544
-77915374 232330040
165669429 -972994647
-523380841 389843096
736506172 -471570190
-883109377 884238629
-290687391 553133988
-545972044 447695121
-224073178 -476791449
-349397822 144068134
444711679 114765514
750352049 184756079
-181339907 236400642
-244707338 -884830435
-554742414 905476465
78029653 724369249
-408272202 6466602
412977123 178963231
-249569351 -843990206
-862345303 384884494
-309478295 901724705
-33204455 -671445869
446870408 -491742037
-620681765 352130383
-759335174 -603509123
4994656 922760242
-15187463 775790135
-158873471 323111896
-787014503 -474719429
-35225934 893305035
-458216255 209541126
-958157441 751412093
-13132166 -153348574
303712099 -799292134
306392566 936644164
658873624 -777129902
-777401620 -47425465
-522531455 243894215
-159813876 545408500
-901441798 -642388985
-676027435 -918606905
782910217 -139301520
-988986119 -723069642
-516269343 303552572
-578853025 -572606011
352664469 -142127883
-387649394 342004603
370267535 450497896
-567640108 -80156724
-367447916 -694283912
-761199049 -134117780
909219931 338627172
453595301 629297646
-87629672 903837690
-967030396 -11732475
850597106 525916964
-297883870 130293601
-812461595 109354830
-587162225 373974758
-749472593 -923170895
30313225 -221971543
-226459212 -377897103
972449462 186249223
600710847 -853940977
-969442598 -13311103
-829191801 989205737
-126468523 -792115498
108812844 222992862
196152138 -128993033
438143598 -251939588
133809726 892360654
-765281259 -283374903
-916285938 -31858416
222050132 883599232
-540205878 494973374
-420296101 490527847
-928665359 -864213579
-996881835 525385221
-620813993 211723762
-939489698 632140939
-90771067 -18442642
869644246 -814330118
-996094254 -618823394
331004407 -485620406
-491938592 -632845922
582646695 -349858117
939505759 -560867249
801732593 -51843241
390145474 -794270171
488089478 240962257
452841399 605346421
-239737370 550848672
-371644920 -55628137
-593177844 -901674309
978270099 -161464414
-162397732 299945657
-687026149 -949324926
188093074 -298895642
-841815097 -925323757
55734279 -547078864
-46467651 -397336793
966397349 -820149618
179369683 -454036182
-184221483 -508941474
853773285 695686809
-666531998 158209250
973434327 -172673076
-695854722 -775867545
-280500088 -490633564
159097369 -285462075
496865766 -177199935
-669535286 316724963
74565522 -25100368
-608575356 706741965
-988869378 -138375137
171719690 368044797
236552112 -851953198
-681469056 485326690
380854390 -750054799
112809638 680984545
-964318888 543394326
-602984403 -907697706
-958262108 -728324329
-880343444 753407924
-863110314 -404473490
-548322101 -259379737
36192625 834091578
974815991 107199749
948331173 -83903273
-124788399 103876137
856080846 128865555
299480668 -668696836
-526495811 106869212
-339719087 -157006813
-824383113 998154901
-206518113 578728129
-224503598 -866618201
-541713590 111105694
-170281803 -11791116
-801844388 -954341593
-594281073 269320140
-37537474 518162793
274432413 740600583
502928389 769931145
-279908474 172508411
-350263972 -93638915
-609184711 -609238647
-484351611 -791441485
-519046494 926976121
488096272 -920894036
453617511 -385839751
711116483 -352532481
750334917 -114607889
23623922 -67305290
-691148229 602524352
-241259066 639242421
-659610086 -501471158
-383771104 -682003145
-537034845 273778250
-192237096 535454770
695309245 -40914572
-213186238 -726829693
588742926 849219033
990729372 329673390
970797839 -321104657
561338970 117863155
915472657 808827001
896216577 -884970630
900916143 -598956833
937254722 743393272
-767185186 -319326993
-829368942 535128277
-143618256 830345198
-363703205 -249879270
470260605 -399446131
-956146904 730960406
-916815089 287529374
929965249 449061625
138968984 -561959929
166145105 505420066
208209498 390831991
-346721636 -602108050
-527461367 -888694802
598654479 -311832278
-535543306 -451593630
-907929830 399758679
-672577776 -798870903
-187704640 22411001
403377474 760332706
863436925 -993699229
-530150337 -412467766
894137593 453440774
667472012 -808088772
416156155 723965081
-783971499 609697018
394243806 -669107885
665266117 -918147398
646574359 -242908457
503841008 243256002
110616132 -998237591
-403231590 -954190223
985353059 467517144
320455343 -847927061
-136921254 871839984
-148031028 -56721359
710006231 302949418
-627414010 650132190
