211
700292686 -752820404
874733896 -733882867
-766583980 189493658
-438199431 -292571115
-819991388 -261483651
733145640 -134898284
594431799 -557140185
-151838556 -818101902
-206193104 898682599
953150912 421594934
-375237419 -85192413
-226492001 912134535
833292594 -572658394
-689180957 591506249
21939500 970751107
575613070 720443505
-998179553 442200857
385552332 -754537989
-485458079 438203768
688026158 513469201
-354879823 429390770
492499753 -32553368
979347952 -685823439
-786718639 -25741363
354814503 921824194
-397225418 -909869158
-701105139 -103110882
-557570974 -700766836
447407015 15633862
414821595 -966886670
988861078 872119908
42303312 -152406006
-139331775 139187685
-583633996 -530038084
471360066 880101545
747977711 327541448
-463267117 -694014630
254343942 -465706704
281112147 474612918
-760910242 450760885
481275577 302622251
-802651267 817163417
61001034 -459656137
-150859577 366036908
-227854904 385261281
-680270241 318746168
-956849362 -644592190
335849660 -960250062
486474385 212374783
6174372 -527730545
-292962597 316517015
-963177531 -774461305
-639802760 -977142521
204058755 -967809545
-915024882 645444844
-263886863 -76351270
588451782 -646963887
699518119 -413612426
174022740 -487166322
-953443920 -569419514
581521818 -243525327
-745052472 -236228597
568594319 -287318467
-638236121 523857060
925710116 468487361
611378026 48951164
352168818 427773472
804098386 207267730
-572172038 -234256294
-422004086 216967024
924307717 -126370908
594065824 -201780480
607941007 -888962776
615600459 156843198
481275093 -79504049
527736421 -724860504
-298769732 548596409
-576837177 758199680
-32094937 529541492
899950625 164009742
738588171 -680889457
-585319175 -499481141
354464241 -103940006
858151652 -494767615
693171675 -142740130
-39599511 -74221381
662353542 -694529133
-308779189 915398206
910267607 997682296
358784516 737509203
553554883 -871819277
676014239 319914455
144796844 -245808038
-324065202 425361006
985613792 -520429201
126608172 668371382
959081908 958354582
334999570 -141622027
715678504 -679362580
681059020 -905413402
-269110053 869679316
635212483 -52544148
705494371 -235500455
-583588866 751992125
129314165 -162338474
395792089 -356717408
283148344 520048560
-444593299 512735722
-901922573 265516681
552462635 -227360680
721473688 -226164914
730295448 271147028
-873591538 -72387042
-411642755 -855443178
-172810375 149503760
775539957 -917015446
-192524755 757918060
-13256043 273546106
607752488 -537590873
253084787 -322330201
-797412702 783358135
704658159 933116000
546251893 453525700
809293104 417056222
510187533 -255784959
-319096724 -406953117
-656517009 808720239
-660986695 -823871724
880072392 583226470
-760626419 863418043
-936438064 -537577150
-962788749 -81555742
-507641127 -959576355
-754361056 704144293
-770259769 -595632754
-822577913 -697976707
-957660724 518691872
-745567849 393386729
-978945284 -193304899
969685487 716628300
-894219014 751630660
335345400 -31386525
-488996277 790647478
-24704743 -673324532
-611273519 -597879580
522002401 534299793
410320960 -752822636
-528901272 947127854
-804937873 603940413
-320026826 575454522
853289250 550490552
777105462 -352332385
429095622 -483394511
-571280475 -915373800
-194176479 939756581
-975957577 195455474
418748359 674787794
820021168 -322768418
-695207251 958958730
-766240100 55363872
397161812 426864238
-111700509 -925642604
-368437483 454801334
-223103067 -255523333
51644765 -303158421
-558344509 -777640159
-526926899 -160606044
-687184514 -21634401
562267135 906614725
-283618899 -339515307
652576162 -747596856
-645911798 264204464
552701708 -485086407
-84051138 785112785
-60546115 806179722
-218630202 -321313472
-26462216 -34987592
-118187707 312468314
-540436371 661541799
-629737985 100265274
609439313 721079472
645824325 -361057912
-947191795 -492833119
670587629 328353218
-332814466 -496311959
-74290437 85181963
-868614589 602348469
-687220187 165362892
983967411 -661567883
29817489 -683369292
468200421 -163024511
-931809500 80932565
-638639026 706978704
187852121 431380434
-224182031 -899503729
859501999 -402667222
972472591 704900595
387023961 305896353
-622971256 16241605
126482614 -20594026
-307023809 -380160140
-315840031 -448500215
-275308151 -700690854
-328961879 -688578794
-433290045 489950924
326508628 -829604371
803542232 -455148476
-80133775 -777167796
-239891407 610534302
54156657 -777399820
369991969 622487796
