238
415501024 -173728155
183146604 -45269958
-434244378 -594637103
439902997 -228793631
970397975 629009183
-663558071 -750428330
219594374 557194679
561465572 492214156
-865587628 406162969
7001225 -982856843
-509407000 129240222
-527067822 -770490349
533625477 -372517337
190142113 -624263194
634001521 -647013040
762705707 -401937355
-592869155 -635131478
249235202 35042206
549637427 -425725341
-195991109 113475363
-741457906 871703794
147701791 -524114361
-926468692 183786219
840533257 -878714599
-912835786 826823552
404308592 -112040195
342471329 -761937327
-827449136 -909898426
-74196316 -191868982
238300581 917830114
-547642067 -474040925
221515108 606191551
732928833 950220497
77234663 -598974543
842176079 496540417
-18313015 -924213952
1991790 -600824625
776838377 841670925
-842196735 904474317
-594762832 74506217
-198329654 113448616
78694876 424731967
834306718 777428123
466840766 -23084804
-488818363 -956745445
520932486 -614739444
-366905596 -747933760
-539489572 880854769
869632216 327544243
-794054624 -362532682
-741723178 752462814
-756575953 463791266
-859783432 -589815547
735455690 -422804679
-588280228 -327030289
42034248 -830240652
-915483236 -544611715
-407585389 207056466
520589632 -171796329
759455682 1684649
-316427042 -590934789
-121145482 112014263
-718049390 836725810
448684985 955342776
-70291496 -191319643
-111019380 63505995
811035225 -259144430
229480509 -790662664
-10760322 -525163113
936931109 -318575759
-836564357 823221579
-692095648 -995735452
-496069334 705269260
559981128 49628620
-999932636 -46766458
-171794481 -911196683
258220426 660845386
377309635 655061369
-271067174 -708395312
693277870 119109562
2879193 -696404607
713689758 318267503
609235270 375317940
987629182 554541696
-63389572 393324572
-363823809 445969943
-300500490 -666956032
189823834 -239377568
-31962867 -876903629
-482372069 -724260997
699445096 -981983419
-487684024 -25260988
592009216 -951312833
-338175823 -399761902
913114418 176093668
301799128 -821458794
347664784 -752978758
-336108273 -404284851
816954821 484240572
901268870 -494631098
432279908 -911302186
583629681 7644809
339544609 -123520259
865606856 411325027
-776344142 -72727404
991657247 253393823
-911872238 -460024104
-119588242 181433371
-878667506 -372187578
-71143525 885458837
-203129512 -308125902
-578751354 -187547878
493910432 -814687724
-52118711 470955424
-790634139 -130107234
96803412 669828949
673819738 577490529
641740966 257778986
-942432263 28297213
-12772340 881245153
551535623 -780246401
67916055 902868223
640736826 -421617823
47977492 926215538
396523168 884295201
604345199 235245293
975595113 781714128
753693572 -228259673
934222549 989693914
-944631500 246049320
195622525 -153264164
-472878336 -346739040
-273123080 243273365
-544185938 -589497258
-254555489 -796182019
-226441914 39364539
445265398 627198246
643057854 119398038
-88987791 939935702
45538575 -330554484
103507003 79935785
932483969 -971761912
20113409 -900251314
494782949 -775685564
-50414033 542750879
914363549 654966221
-965527895 166237741
670036532 -236222968
602965098 -782572912
-965892371 -50233299
397557720 -586174323
-833626541 -118328026
733161100 -62984406
-879527327 -193754965
-494432019 929321011
-910725455 -712221631
-276684952 497141743
380291554 977830145
-941392368 105503483
44667031 -516494861
-376715678 95156315
650248496 302193556
164273518 -380081362
781998554 297777706
26862489 328691732
952572966 297778186
-625024474 664924262
767776304 714818074
405799741 833359797
-458423764 -766988158
-254608223 108527217
-301815241 555428074
106868150 -293527559
200404560 -190284293
310770137 23244807
-165351434 -536301621
797809251 -986473421
873903148 544075465
181849719 825844619
713870383 100715920
140271369 -979941106
-260273705 -973043088
-876724886 -85819141
601420261 -70725848
784825783 70382138
277778916 503597910
-336666486 403166634
403429703 -788798486
-715353295 -743558068
-386761918 112796061
-460760990 539908835
-388784437 -329349864
52792514 -353102834
-665828407 -614692959
-43047993 387356059
634462697 -887953078
246815693 -245886814
-499621114 -965974439
-644704326 855346536
24851405 123954071
863943870 -382398967
-894294577 -890336852
-713258165 -467072379
-37794965 185107625
-312259789 -918515079
-102380522 608263972
989576506 -807964336
409898520 -80981822
993475738 127091157
811587504 -858742554
-342059879 -638007119
581980585 279394362
173021931 -540830254
-470278084 44982992
428981429 -851141345
738399991 282599956
504115451 548715378
17533223 725436674
303168586 416206591
-810713269 -259418150
144907274 -87921222
128224900 -916356761
815863873 396163033
-405083285 848697455
-304915488 791603446
-786668234 888123409
772620035 -704621188
-149091020 470552450
914662206 829210810
-11716432 -705215179
-243312993 543385754
-762034249 764570693
-780157697 614844383
-601864366 870892355
-139874394 -215063079
669466372 843624549
-73471249 198711033
703229071 313517271
