224
288425723 -485328001
-726322394 -400434421
-832009900 -291752072
-506883878 500310652
501087883 -652241947
749992977 -388426058
853204522 -816938539
-195768149 -544882516
390382555 239936468
-9218149 -287313474
268544299 -945863806
-61845419 801497965
55236800 -718965858
-289077689 -85451044
-94433745 -310427193
-884839433 -157552448
113266160 -824171215
826333520 13788825
740254906 265580545
-728583408 90490770
-373059816 383822103
-483230102 396162911
-588989698 -337642428
812847683 -528887478
702568633 953258488
232416925 -421363124
-442136675 556502925
-386730677 904849464
556041699 36380648
595119693 -708725505
-380758664 -178186534
545823829 108228066
638031871 123351469
-594516544 -516387846
-80170076 -480872590
-882849410 347583361
-926708527 725515438
-101465032 222050191
230111202 803346759
-592412645 799379444
-943907862 329958132
-436598550 -738221036
185518935 -779578325
136965122 380059650
966135732 723632806
740903250 675827860
-572191541 217588206
987439304 -219067134
197697661 346113755
364742616 10967284
-939497933 -363782430
858760221 521771762
-589294543 649026285
-763865331 978998686
358720103 904402154
-442029017 314172057
-30572354 -241945958
-1170516 -715952007
-976038952 474058090
432745791 -948577844
802469417 23222823
990495971 165146641
342090256 586536884
828244802 -613403757
777939604 897662661
525722927 -77503876
-986889095 -661589946
-703679318 12843065
-97897178 791981674
-858892467 -354706675
-997757400 102520751
-472157458 70402924
-380494544 -419527775
-716476211 -293286670
-995294917 610494735
-340265500 -450153814
-656410661 869486614
693984582 2335882
-745751026 -68344983
125959756 845665895
505293350 -348000517
-247370118 341776529
348624434 390826965
-208069890 140157218
177094198 803842218
295706820 662833345
887063241 -729989620
108714021 -776898529
-558620172 -520757317
-230297114 430475027
658039299 -93372035
-497602622 30538149
-150855605 -201694422
370545631 150144750
-140740964 256937136
-28352488 -567369605
435662803 665257944
713640411 687243653
-714473790 -919619472
-100146405 445460734
191695072 -160184663
217689520 794365412
-558639438 -725070045
-48318020 304508343
-883373991 397782584
327698285 253497214
-466506014 56476045
454541490 659929432
285308481 248150004
591202789 -527320462
-824477393 -473652635
497474955 -442230734
164890731 -910960794
-542150061 444844378
-893969129 928610243
436734733 362196207
-423606669 -160726172
-255778780 990081713
516203528 420478888
988245804 -830598637
-939023722 193601364
207548443 165792099
-352819883 397441814
131628370 433897726
140882680 -276841828
181918167 -126316781
-246682458 -324127763
609073401 -338267774
865393995 -609657317
-100315431 186063224
-836121605 -324765263
674971568 -368731168
-198356809 -283813609
319876870 -122698702
-892799714 -441663805
132474190 -894867853
922628965 -816700077
-889533436 448992042
827193923 -35955132
423400044 -159835791
222895586 -259413667
379959555 763351303
495533325 -36031583
-674024802 -396180203
-314217762 -782995925
933905350 -546437136
-741114035 663928501
-475300005 -802115928
-961499910 -307212558
-919881152 -995431295
-513944320 -881700069
463899759 -974737070
358659257 -309429906
75606363 110421868
-775738171 -609422543
-79466181 -366209818
-606211901 805354305
679836169 436898682
423443711 -138060397
795430467 804440777
-502461293 73503445
581932165 -1448283
62796805 250424933
88207538 537010571
-190820530 -646081678
-452569240 210603108
-16652139 -561107491
-596428499 -16375715
736376043 -211811202
49615644 -706215767
-699407887 973829570
861241150 459679597
168089404 -223482947
-898764771 -450381338
327991544 -708942186
344664604 -656997850
-899256836 -373017800
91024798 -915587059
-782177263 615324938
694782706 -443367821
-873269776 -186264559
78260261 -123998926
854567120 930754422
-68219397 -210765037
-904134480 -553094281
-230942827 509141731
299175645 -801174692
896659143 155235869
398852592 627062286
-101017858 -389731056
-466085331 -411692695
-22491516 -409777398
238834424 503667287
-463356832 468123042
587103732 -989941928
-461500790 368788385
387635658 912727875
-741122157 836335418
670538117 -681753635
-88556762 -978322657
-982051661 692535666
253491457 5172200
-619226630 -729780351
736140278 -834015489
340170187 616278237
-490879270 116350064
-903914495 960601440
568479445 -253770133
852403533 665037734
-580274790 94693511
-420642980 578194859
260055599 924068364
-317647971 541963085
-909131532 -741757635
-301818535 670482255
-315577677 -977558279
439370912 463378031
-859604906 74672206
-399571043 330050814
539337902 974970639
-217318544 -536265668
-221259701 -851140338
277277220 -766704792
68509017 665485274
