285
62402212 825767163
109042689 -978439283
867350355 -149693775
-849636541 81055861
-876172501 476710753
144982154 427125973
-279426908 -991590565
418784778 -224049849
-100088417 73335004
-329708971 -16175911
-715517305 -631764940
639322629 -170704302
214785343 303986470
738506866 -866964791
72720311 582582303
879312200 -373581150
257015757 -303385207
-412587861 387677704
754914724 -948181649
195780364 290038327
619644399 -82919378
-248497056 -133735864
-32324975 205919153
745813113 726046593
756801874 131378029
503428409 590248738
562494697 998228838
-410003539 846556755
290317835 507841541
-89733287 663353883
-776765419 -412846591
843882477 -16263942
-32502982 705872169
710530067 -149606452
367397336 -428504416
-881053518 676683694
-918091579 765844407
955063168 473034392
-586079676 -338656258
769269399 543087302
806230638 -928910694
180899164 -996872713
-309666014 -446427269
-425958541 356770676
855776267 930081632
2831980 -62856548
929400118 481733103
-509574144 -627302256
290691349 -644135966
-817496661 -925584661
-292557992 -456084985
-526748163 602350305
-283161845 956740803
-554014008 -709335479
-542994252 49978834
329561456 -259732304
725076862 698747887
181588079 -427915036
410138433 54093419
-450460140 927604876
-685208195 372091722
320918088 -939074300
-228313279 -28213593
-58858310 -711278864
915282500 125504929
-18111858 -37989872
-790826332 405510898
-736017589 -33437440
80560811 781392228
731524536 166025453
859159289 361662729
-615596456 -806254978
-151967349 305881196
633995641 497809078
629219239 -967405054
-646321362 621332713
36176699 -665421861
215012743 -164104158
-715586962 846017779
-201809532 -575090745
33139542 426594169
983796010 379239644
-314941201 759708934
67780792 502716281
587100630 -871686206
-153020798 852765234
-731642138 -149426989
-610851632 927310602
-776735479 -837477592
599305782 -384621687
40286689 -468889869
-535507831 -894393811
752298596 83224838
-877613361 -944433535
919676783 117500074
-677469009 532290935
486451267 -663060542
286889583 -972023818
-65043541 -547741404
-242375273 -214540333
27945135 453935056
607225541 -616786804
308378709 -946010651
692405031 -752424668
-102168250 -485146728
841070076 -531033010
509152102 -716956669
985097533 -6129324
272143447 730705653
-983098812 251357086
570566614 -368072241
-455095008 198540082
-250083562 702857538
-102382869 699651332
597976213 -13438827
-507890172 -705033181
65603299 -800252566
-86083917 402003932
108230747 383154548
430395392 -975344142
754943351 821429225
-169759876 -820780003
-376794059 336309979
231794488 312211176
-698643781 -164791371
74920448 -268050133
549630967 -885055787
426869476 280899174
-450688248 -534996288
-399079402 157136927
312407120 784106264
-562914588 9185804
277524631 -380068030
-633947139 -392494367
639122066 455775651
-94009276 -18043886
-411840958 605567220
-187079903 -918107336
643420500 235870603
-118023768 627205494
-502468912 243719232
-496682585 913222463
450641351 -809598538
768092779 46392193
503118755 -598273725
-827396783 497830216
781569594 -615160666
279411872 139371064
-631226923 917308214
91142149 289796467
674092294 881179817
556725793 -926247275
-284936600 877673573
946582660 322388255
-743701454 818538413
644988585 -911497009
-395501843 -524606148
-135914185 886631975
491603757 205700258
689607187 -458809383
311546648 595753491
191862386 980927430
814484449 -685537297
958455071 -638063765
742578903 -750583050
674882174 366766611
19902299 702758431
-596717105 955056638
-90314237 -894977387
992399646 265431686
-855584328 -728454822
-72149398 735063298
-48313319 -932816118
509308204 373297592
299591693 549115755
901853051 -719530696
261587901 -105374759
828903720 248080790
608764706 888287876
488995846 794855378
179146708 -290291191
454079724 8487915
-420984360 267985160
541557210 323604018
195631953 817576124
-604140572 932020469
-311298550 -799764199
-445233223 -97950607
-998761763 -896940029
167261891 -142932664
-124651044 888967275
68326078 -568767295
-367343303 -469198816
-62881287 342451971
-704508361 726931241
632457501 751617677
332467527 918596617
-823137232 -328020419
42977407 -24656050
-904625168 -451619463
-963893695 32522961
-654320342 220346587
502359811 -203294344
-198199101 -347925071
-569703520 -401839436
125107200 -637439019
-830182860 318453521
738232383 372767036
344518811 778744661
340707017 -209469231
15947046 936559915
-447458155 -67166267
425826553 700118468
661156277 192247234
618489543 -234768197
-426120466 817083657
-549612826 26977405
-796863798 -467090725
734181534 -192909490
909348246 -527516253
277115601 838247575
-581502869 42649812
-549298567 -684469214
-362260357 36677900
-482256515 41325398
572961612 -167918424
282658679 -177073523
168629932 671686766
275622373 898244779
250013517 21653243
-408317139 -165834067
-496905051 827540837
215314920 -958313364
-588333134 -264981096
-371967178 -502328444
-405565524 -293081224
932357090 -396260806
822800973 -902175435
894811980 168520630
-119343405 646786033
-697372534 -122250616
478349381 -899483274
-99753715 52678231
605558525 940585756
-58726395 -809651498
-702318788 -125502907
-61310924 384784095
388664585 -736494037
-762688922 518716669
-876546195 163674037
-772738009 -517907990
-430584054 -208556279
-340792194 23715902
-992811863 201686175
-525376371 516937389
770209949 -395934166
245858554 -592970405
-314476635 682864690
214546662 -230224579
708593260 -920228027
-531645355 905532448
370879482 -637933898
28064759 -166432983
956989910 -725562732
-146309271 888729481
176553232 -292402333
-58932814 805988601
699768666 973230534
86865812 -393035424
-333754761 792014176
-743082356 -592251637
629365074 272468417
726325981 -109278887
748927435 -209399053
-927546019 -121899643
933616180 -297281074
-208446657 253877066
816722060 -684641002
-767972704 437247081
-779725787 -470739456
766430868 58727508
-323916234 465499254
-684345897 257164437
-684041243 424612004
-522339114 -121834184
