284
655483180 802016201
378028374 -677982444
539522946 330352257
200143734 -650591257
619460032 134781495
441088827 -67790876
-171417712 -227645308
-265820025 639241379
-355084546 -806140096
-17891915 325885797
82152857 275585760
180475088 -42168561
-190329378 563022519
-665595165 -654854816
74553348 894579496
-347865589 668227603
-344422636 -191488071
755439811 938378373
-965390185 377486167
171979926 -247161163
-754021153 -154466392
654462272 915362455
995014218 -754453081
-243582108 362983351
-772115611 -942778585
344636485 -33173333
680279190 779365966
-487461836 749241914
-364427073 2510898
-479515508 672666037
-65270569 585798108
945014957 -825535748
937920608 936958775
58643733 -698440673
763264848 92561122
-561617886 19368771
660267788 -132402501
-997102852 -374266584
154450283 456179959
-78451880 878856963
-35170036 -992267800
782430481 -634043802
333658203 -302335873
603448831 -757494926
-982541388 561198508
224406950 532001806
79474510 -159529753
865397751 344539098
374928701 -18019843
236949552 909267854
-285750781 383708422
-28953294 -545998914
728381970 -8459772
-977897031 47797427
177085252 165785462
-503920419 875032114
850368338 -809372271
-819945320 775808760
-274695541 -783242613
167153003 765609098
376975997 -778649836
-186274287 80545394
-658688409 766078498
-142962658 -967033421
-730484186 -947726663
-412814055 104038805
993687157 91144657
-264640597 934019455
110560727 701673085
148950941 -495596392
836388144 488499013
-36011479 505923372
-25302809 114360892
-599731522 -321955303
-675332548 -68839114
-532817644 148329278
-149867175 -602799020
675688349 776621721
-9861320 -694476940
697128575 -23219799
-963550529 -571751506
733188530 -471984235
-123578973 -158354725
63233165 573535597
795907496 -338268233
538916369 -253706726
-736864005 -219927358
-112836913 109126621
40280803 -510394254
605098662 849971052
-696926143 940991884
87010668 826716372
-373091129 -430348301
-407364177 758592079
355662509 552462936
-817428131 -676247718
-935242665 -389119327
158452790 -312629082
808162273 201772598
-335520635 -735530809
785168215 759316846
310802957 188478552
-820331427 -53919689
-830351989 -877424049
-745174367 -759993037
-959107036 407457782
575724411 -870097558
-402398099 987094187
-977244438 555682627
198246514 -50492424
-259802601 -74660351
939079839 588623980
-91898649 77784496
176299428 -158679937
486612730 -1666854
257285134 156326752
269150950 598593706
268869128 187830486
-63435744 888362695
-515702822 -842676089
-427855364 968212805
-22426425 499775624
727133935 -24133042
81008333 798504563
756223111 -329855558
272387708 106827799
-830735118 30528231
-426820536 477003860
606461864 950668954
-115318635 289428732
46485651 937588173
272771703 857085256
667634242 62434841
561738193 -400126048
-114497589 -989508065
970664503 -110518422
-19162226 -363049101
17191245 426171487
690360383 -42624588
156828891 195298614
-361501924 891167833
71231204 620315956
-840560788 357324329
-249384677 946929739
112053398 88049674
77916031 -238666501
318444660 -14336059
416244161 88003335
-174717198 703405765
853781781 -199853864
852824979 505702089
783010560 629550146
-767439993 -104808214
-174757237 -96311724
262157304 -276540776
-164541875 -65545733
973782225 -643591427
527116441 254018546
-290268601 453897871
-54934959 -219736318
-677269351 385799879
-158802512 -237881555
-218322874 -104611609
930432160 237181834
160601968 870304427
589548256 -807713681
-720255641 151439733
242596460 973748000
-423884996 -712852485
13550561 -25714254
-83230569 468428222
-967283747 188989299
-294079902 -756469264
556783616 318108966
387587988 832368605
-225753121 15543886
-928652911 -590285380
343416593 749812824
-817947683 -687138879
710171403 -171671218
-415979606 -346540916
55131774 -371469990
-898717888 180882014
-921665312 -63598844
-180011292 -642130716
-959694777 241966035
-180594004 407927120
669009210 -667923276
-112051806 395306722
234359287 44005635
-556313706 -807395965
-717513173 -998668362
-193199895 849216978
733266665 -579373771
200480401 729013549
213266368 522088451
-317502267 647689619
6645068 -791542664
541637593 -95710701
803156916 -552676773
360471771 542830584
-671903537 -839648092
-634239708 85224246
138745200 -310968170
-997260370 -909670104
553961537 -985690594
386894456 107768962
-861127362 -335321870
388940272 -3485468
207727495 775730013
-260782331 221164331
-206369078 725602424
-751994755 -298774540
291768584 998625355
464996311 -223995103
-397679699 -916759748
-566755931 714006454
-1690740 397867918
605372960 -588540619
-457105149 -40947209
-514425549 -424464775
-503390026 -771181658
867145043 -67330425
21683995 -266395674
-922610484 -486329848
-116805770 -973586491
511281379 833791372
-214986044 225270156
890810488 -799655209
926802033 735399005
875649436 346407195
291594581 633048547
953208087 -347524451
663321038 611169819
-111318641 -102534743
-742725772 -898788982
21162209 -210226944
-861442504 -950949880
620925799 -797409983
125980966 886431686
-946589814 787720712
41995198 731346400
65380878 -902202802
53447628 699056268
508691031 617236704
576818816 -917852938
-647749836 354499663
-357764087 402445306
-476025575 -979736524
896583253 -37049698
727828095 -205376347
-161154294 414378249
-303549840 -272515821
446985071 -186605583
-716282449 -704949292
448193467 -210685441
334587120 115663564
328429833 32668281
931836635 -359273225
143167346 -42759613
303280402 831669083
959681745 520212518
-566168255 825314976
104771419 -202726407
-646009480 840970789
-872130141 -162953220
-530388703 -198304207
136231698 -31012250
932367235 -897829160
244755335 365089378
-1771485 -819002871
952507287 772853848
467577672 -38732137
-119414146 -565583941
-283204280 -904355450
220095614 13894861
557691286 -123691282
-801446063 43281165
-266635939 348203977
582047493 -474482327
295696801 111663597
-170110547 -773178392
449314212 -909307539
137846846 539655979
