226
370431915 -431416285
-952252096 661478838
251392191 199689425
-187277689 129680747
540875078 -304632126
-232195359 460812385
-443523767 844877519
948803623 -692284348
-119282699 523922090
552350890 -715942397
-286693960 -996400759
896052819 838335733
-387407412 669898100
-65436097 867626979
268076406 -268442766
-179696410 -572347977
551426993 664266651
367511643 -105000448
539371748 -753181652
202503762 104540624
313229908 330808573
-389047573 -879244502
-275270413 903270349
-66539283 -808661999
26898090 -188657432
729396448 141537577
-500882250 -828706215
390811782 779086872
997632192 -504968153
-900750859 443370410
799695481 -14598310
363804360 -571609012
-562467956 -136343458
938886105 -371741585
303797814 534984842
-594200931 285030832
721287362 818411100
719381100 673971080
980449022 -238080720
-385383529 -461040334
-147948107 -803993823
-385845997 -135821893
799584767 -349290236
565582137 12647189
-321614818 -166282685
928716552 633589460
-730249319 -5022125
-607501472 352956657
-198758546 -607744550
-843775436 -282411621
782069713 867956877
-24861443 938941278
-92462035 -454252184
952124153 473743127
162340710 223928931
-828462671 -729793932
16009137 939753197
-672609836 641508118
15826666 622580539
-96132215 330989251
522814779 -994587968
24742312 92596346
-736924766 -378536451
603466870 312558127
229078681 -981281730
925672384 915650740
-359053893 650892837
473739828 534460060
416538284 22326841
994059785 -699091015
463058049 -357505514
29946102 146290556
169688813 -551073764
-444940040 -920623708
-817297461 404453662
-626648021 -213835722
435843955 -455374603
-441719886 -7755516
-855093389 -486327200
-187862822 658947398
17357063 234197547
519544131 -843395999
421907009 826474734
-895559569 942637069
943714538 -542620280
-946611548 -720410153
-318066836 202645425
491017933 864152900
451869910 -476571521
-955517882 -99045194
-148063783 -246302631
696880603 -730774061
-961449443 -283162360
-475244816 -321603245
80143746 978681020
-333606113 -35904718
727502907 -848416222
774343912 9049292
244494018 -582443643
2588888 -894212720
867998113 734182346
908926287 652570888
-58783033 -789532285
267369171 -106490750
-186612337 -907113967
-980946982 359435031
-217750868 785935004
962206408 821424001
757100460 223341426
139206298 273512627
-977479684 -390553397
-374250060 961908049
-229205545 -803454544
-607106066 -794508902
-752957609 -36511099
-503180829 468012469
375539174 -525766689
159632409 867488415
-755813379 -623391387
-608217416 -890718477
-591286786 -152521264
939555877 126087774
-427850760 175051867
329747097 580287703
-326079204 227107216
640458014 -750487944
-663115600 234455635
438948412 -907458552
-324938375 277048160
-708044344 -56393955
284826061 469729800
-135736926 496859799
-577981943 -165093351
-915452816 -880714800
574412191 -707373916
-591542125 -34325694
-742410482 -337893324
961357985 337182118
-427139101 709725480
628690112 -631400037
839964903 -746302463
-897559795 -711211396
299592741 -308954326
216722117 58475334
-933973208 -620028746
-772682326 -985384887
-96557991 473970544
570951853 659004389
-73262018 940314869
246624099 -405912570
-156930281 480143476
727922955 303808842
-910113465 -800935841
226935161 184743568
-498198153 139589576
37244678 -157577627
-304372661 908514964
-332479158 567019734
721500643 -299593632
832386827 -968806330
-740070318 -178688550
-272798354 415316786
-933107011 860170419
-992607659 227365439
276071189 -575390538
31276638 766794909
632356658 256083077
576677049 -93171367
844893093 364894174
-659265340 147138682
-166280508 -791073336
906025361 407390972
-443290848 -957181373
-301246968 971528646
709404959 -947618627
-270191960 -553199056
374440110 595937547
201835141 -719602672
-241544043 497673164
885102213 802458780
208196776 -959191973
114293110 -317958898
-809022452 665910152
-851555353 710366329
-878483144 -788452795
-668621378 299339612
-212909594 911482168
-610781072 775192214
-734708872 997627914
-527074019 -357351195
-518078702 -811101879
246019383 672069799
474412522 -953196564
211410120 406249501
354656418 654644720
78848096 841152665
-759123152 102486327
654936453 -330048417
-793340167 977485100
921540954 274474465
245008764 -91918952
-279214277 535920304
896328678 344683464
41466738 531479370
816285215 -57301132
-75091068 593143767
-202188230 -797088496
-961688503 74559996
983258222 675797293
-121795229 -476955191
-992103278 38257293
-845030458 -246798705
136996611 241742209
633104072 141087240
-195470628 618337396
48197663 723265299
320930830 -857446126
54502823 141089226
930380567 -439282537
325977457 -821225116
766423175 -17522598
-332649112 829111882
165188224 -223900534
200971974 126046394
289079719 188127189
-223077731 -382428995
