246
834278875 -15583010
526928573 -970089938
-217053772 -176628260
-475897038 310497362
204562245 551395857
-137262069 -371104654
-681876387 841237219
-897409175 276958787
435613371 992083745
834183866 782640580
-974204875 -519454343
479037086 202538166
-512193911 385853384
-862463958 729201703
-350414751 -589211964
-269351646 -561470170
-521408136 567025425
-424538328 591091671
484758043 814292061
391284615 361627331
295277139 -809271516
692211867 678623123
-323912603 80218722
310272523 292091211
65346338 487503320
429501264 752429351
-233971377 915685012
-578122220 513112640
129025228 -39395730
-106507740 -507864557
-851864246 -555743499
785234446 -305062899
-39788575 -637263712
-102154341 -890900303
763518652 980022426
-41208105 796056231
-414805444 -133088943
711968386 75211864
-519328373 -554203874
-707705465 -221733060
614743007 -452480876
-21444366 -787596001
-92737552 -893763145
901047632 -22450441
-205259348 -614039272
-423879192 -926683412
-926874832 -461708587
357420902 -210573437
606265094 706974786
-715629916 -120384645
-372785749 838666075
237116742 84451089
74730184 -598755763
664963182 532347283
473382296 -170894716
-904069976 -17641842
553376977 416864573
-22400601 -60349665
993546809 -472330703
213774743 626269304
621511274 170726306
23989470 960209980
219593977 -905131743
71838704 939551300
-958855613 -633163641
-776886836 -326467921
434783591 -501600643
780460929 -234581436
-248939098 -238935295
-266541041 -372323331
-235765930 535369322
-289877672 257809511
-382807785 -867013774
-467217478 -724338772
730710689 788836889
167467254 -894268245
324327901 226962702
-567250943 -846057089
478832433 -405905488
752297974 132432442
713830870 157366250
-821271652 -768354396
689549961 928335600
617035904 812999769
816790828 -337021298
822081191 -129927201
429021356 528753814
-947376816 -111632057
53267556 -504153874
580025217 -798922991
-634899327 -618200673
121961844 -598401354
95307920 783084765
-654529674 -425210941
65475043 46264598
-687671922 335213348
316557556 832807875
-489996562 -40416576
-816894439 -638350069
-212695875 -30743778
474173885 -975995728
771871694 841923274
-109096912 -555122452
-153646207 -488616123
-344907925 -674625960
114025165 722757242
139271919 -181910719
-780638534 562394663
941560642 861096964
556721810 -147786535
769856170 838959929
-682994291 -815928333
-528134891 930421635
166525318 -371901855
-568068392 -668331181
30250100 -128878131
180711954 950067026
-141978184 -903844833
708784822 -234004613
-501628515 28043922
147964976 -268685796
-746127273 358517295
-750153835 -139303639
-630271433 873279501
-269706983 911678372
-983229146 67529365
-320905297 -427600048
-668025711 367616270
935166367 -408918365
622869870 -107010698
-515104003 716656912
-470761229 222610849
-362583073 821619157
204275582 45176180
623027341 -373028557
-529228607 925699556
-795873906 636457613
-8420280 436176597
-394787469 -797646979
106501087 201317921
-478485258 6202596
157531284 -758853359
702800661 -681607355
-825746586 550772358
-647814948 -585045429
-20183725 763931372
963130479 -48443709
978126046 725005921
-307551821 688847273
-851815847 170079706
-405783412 -438809916
703782843 219539041
768773792 17539720
-446095409 -941453293
-662650718 -897267807
148074117 -589739956
423050504 -5707912
541676047 -930254980
-981962511 242008985
-990352379 686571928
188865898 420391085
72969706 -17059626
77959209 608760349
-456717747 710631322
-804385463 -142460762
409514206 -899369607
518480213 170385533
689197119 488506990
858660634 436211437
-573790279 -129259018
-845822115 676557786
315194488 852747911
-694917276 -370354658
-65010494 -413406778
469848855 -932357074
-292536917 557282550
402716777 -205427189
515994220 962507614
717730136 654069068
-41215757 -348946261
876754132 336151256
-558938616 922842795
931132960 439461977
644017691 -375568533
-482924651 -722140836
189639943 -836164286
-381428032 972251711
90748705 -181103480
932336779 715226519
805005285 -528715947
31016217 -683483846
-382530101 -543009892
-132021092 -368081459
138375251 733039013
142899418 -820216547
-780604157 -708727633
531508662 612195596
639640423 339699471
-624227239 670870293
222111856 344122816
-519783009 74708088
-308632269 -962398911
282746147 -867788517
-261866671 846735299
352980913 -30582126
-845472377 -999251187
-707816587 553658517
643824989 -952387341
-354409161 -771849993
785175202 154354582
534978662 879664576
783664356 57182328
807976755 -929534336
393653841 415144316
839828139 116290730
940152284 -395573785
276638664 236575614
233471233 845258035
-279780015 967492848
-200106553 205308439
840056100 533581956
752255439 -90884322
-464695860 -272641172
302188657 940142342
-345743003 -687941394
837974411 -441409028
252777369 984111324
-814465186 452088991
120670504 700789286
166697997 -944300188
-150637989 182360663
-855990388 901590269
359463915 -928732196
-842526503 539785968
403598468 -588218894
387363070 526884789
681558832 -175719956
899393543 400541507
-217369149 763674765
-786721765 157303034
261404567 826406324
398519372 968957914
203864603 947970165
271947012 -413973170
-975506539 -850224977
51160214 195982997
