283
695681601 768424603
-323514409 35222610
383484008 -105172482
121554812 -14845665
-205465844 417905459
513720654 100014324
-242774335 -834479564
196961335 892657982
-804864883 344204729
149232599 104511111
-635188085 -732595990
-587834613 -315872895
-445869753 318991699
690107609 -671443504
510337088 56557315
-122203362 536782047
-816686601 93741252
795185640 220299899
-275020445 -502626701
-755697026 568498998
-571403742 -418617234
-306481885 263453388
715701731 -704166866
-178924917 577416632
-929181583 -789984850
-345484801 482279422
527438114 533089081
707930800 560514837
943088848 -70407282
-64007316 882864153
-519819205 473217304
-109168423 620496147
-517931849 -90138829
624674366 -858649006
-892475154 471350816
436416069 928204403
467105295 -744577774
794591460 558644257
384090162 659927538
-977993177 659342539
842211782 631734066
-581903235 336448567
-84526051 -273309293
-307932381 -239116279
363794269 -726505624
813965659 714067999
493875139 366936135
-352602719 -508405760
603458967 588850266
-830895985 -534071111
228837158 -216001320
-715055292 125718275
-31459618 716762726
391469472 -447702136
-223127850 293313048
-870298367 523395541
-239664684 679781208
518270654 588072787
675705855 -699486338
-930269629 -614245556
678973457 -720823679
456881843 -750059902
-127701089 -106371104
-34535085 -537524538
963271520 844052867
-54073461 -941760920
-435547112 843093707
528935920 -150150869
50753305 -26147405
391698804 183059685
892348731 -585531292
-757362549 256703101
775213427 401797756
701603928 -855369397
-933300023 -774057734
665698650 791805876
85165371 480678083
611467543 770014038
-357689753 513474511
-948152121 -586987505
787511015 887725487
866659141 -22343466
778611948 364455455
323576840 172398761
483909758 -586591890
96826933 -461944458
-883049038 -123996967
317600697 193748380
-195312163 -646749242
313010030 -895698458
-332005926 934359192
318427108 -87409454
843080467 -576061727
-941826242 286805822
-71092836 -138647077
-32785368 -147911827
-869069 -143471583
522100830 763878595
596346081 -649870451
-8590114 51996425
-862016222 -331924992
896025027 -948917631
174502558 -858724606
741501549 156711179
-662153765 -144228000
178115284 751513110
-439089805 -179051120
666496883 -83475531
-652847086 -739631568
716884807 -955826972
-749255181 361419818
244820324 563578130
-952265946 751274871
339536095 703769704
-637680384 282712787
-341574311 -458344303
944703984 922005245
-228182663 -241009360
735343872 887769237
891780092 -637393498
-177544344 -208990279
627788767 -538051692
-527077045 608330520
684442879 -39362776
673723624 -867827867
673863494 -924054785
48133197 397856365
861190150 -864417088
622346693 387583014
-637988066 131128852
420748729 -414523759
-190227421 -424511375
790838287 -919409930
348666574 -651808795
346031083 -59119577
-421701908 -780809108
282499132 350263532
-771502673 529001683
633293557 -936307516
-634540537 344391057
537980031 -813013598
-900581058 -993210610
753027246 -703041948
848774453 -764854540
896448089 780290691
-525711513 19723016
314661088 782469511
5551561 652402347
93103260 998755705
-290204983 -572432253
-531789949 566772932
393836968 -324263949
302992125 -545321689
-846823114 618218587
722673653 302314992
-391077474 843048483
296915599 -405517503
-464406219 -984401913
28439933 -503526809
-530254060 277069936
-130660074 -735896235
510606991 -335119766
-675063007 184208706
567131008 -738370122
-628635088 -588929923
-328928943 651184741
919599017 -63089166
-984629518 -991346232
-257253634 -224417152
-145291446 172904834
-255098932 477228847
-872950910 255731889
-786532522 -481883848
-49887728 102213430
-260275607 407695760
479650406 662127636
991027857 221401358
-486852655 195901085
-969045351 305974140
-15755915 643831136
242829934 851026745
660530462 744500035
-198784039 115228506
-653650213 957728105
-360022652 749018819
-210800562 578557628
-610630245 797777195
-783480191 -512675597
329819007 569826363
564778632 558274984
804825715 760725898
401457573 -719232246
-308660112 -384924228
-665477218 -16187995
-30240913 20698157
359793298 -973576889
362933585 -800665159
-147578859 -532694732
-669198721 -175000576
530924727 -487483429
226419295 532541656
873577623 527114780
88587322 731299353
-969227715 -331905042
-791072566 -389088025
-7695931 -46768279
-664831540 498658166
807898273 103045039
-836703518 350057712
-788722638 -310481666
356991367 -764052711
556943218 -413702628
591182 -73941473
490465655 -880055704
-935311880 -771892042
21150922 -901381831
-304608231 -596427567
560675951 -718961767
-128641484 42594821
39683516 205486414
352853509 -901205291
-498619633 -756945214
-43484336 -794890657
892336197 -978403503
-273879530 433761593
325727243 6492337
620460271 -753485110
-574517018 777653035
-36328616 763960080
-971367995 106940646
844787213 258605893
-109865395 533184410
-898277377 560875059
192428037 189010436
-89120165 975355598
-152672424 -803815389
-511888682 -566525755
747642813 -805088414
7163439 211132543
-544314776 35475321
149554519 -618587679
319549258 -658646857
-246776641 86275266
-455785370 888185873
-78319277 -176105495
847022347 -734027216
-726269089 525980194
-70978145 794104452
458224304 -312125134
-546498276 -891411991
-998045820 560011269
-119900243 355744035
-234033698 357824939
929814146 678521816
305745474 -396275668
188118034 -621855243
-453954150 826144757
-648205895 -118610010
-797696408 -779152715
795314554 -833287922
-412455921 -464523884
-143762914 -986493128
928745892 -270154287
355055783 -819879319
-931885992 -605874127
413422600 525792828
821132267 -996919947
377883005 -471589257
273175641 430279826
-403718280 -300871413
720597977 60967755
441504158 -687159218
635120468 689571382
711030860 477823481
-922210748 577982511
307369670 -333444279
-111540917 793535254
509485658 -689028552
-104026249 -97040322
330266851 716206606
-552129823 221007945
422468251 141223183
-693902060 -899596561
