208
323683202 -813082254
-414573689 450634129
-844394452 -272097636
532357203 -811585373
872126698 -207452927
-41929898 -153997987
-420825331 624101277
-514705954 591352449
48302778 293578812
263906539 650355802
333401579 -119509479
627931580 222781702
-933946037 662404317
874967637 813890289
251502289 903826194
322823949 739246183
83108653 -406465747
-31839917 -23203610
266088780 -532606964
477481379 122850799
-479967841 632436510
-367565524 512460108
-417709023 897411844
374580160 941942912
-635982265 -17895280
100128461 -324439074
448973936 -168759771
-692870648 -796404901
644711018 -210337946
-917215163 -621406942
723801656 505214270
-643166172 -941677672
-703358097 -10735134
564476549 -694924468
971974681 -317794615
999857053 -736183780
-798369513 148257562
-912089293 -221911059
-44534972 142162571
-551687192 800192325
195548116 -853298944
-62563975 -345741543
-834476096 579788902
-962706018 96141872
-694825916 357344934
-674397134 -798379720
965565745 61625196
-369939350 -753951325
158853770 182187083
-209654841 -136750801
-179247737 501907702
44305931 -551493066
901446547 -450474024
-565970290 852552695
-742121648 466815371
-715956613 307734747
-965838813 977695208
-27204110 447801462
-640112416 320593084
-244855918 -552500788
709728902 -42581943
-766548396 -388346428
-343064985 -615033878
-66041541 598130832
453310610 -794621519
-546478620 -734642094
797049521 39971890
-463627530 -732707812
187791098 688873039
-93883606 -870551280
626171525 993324153
-983533684 -978654843
-798122776 -802436275
-174871292 392738651
867939830 799888640
265373707 -72101768
-421784935 311388294
341116494 824057257
-308244873 214204947
-934041684 -901902191
-985941931 -923021216
-231062196 537366124
-193569646 268994942
326642250 349486062
504111303 -818533719
770773234 762942763
-215856172 -807157002
-516021357 -898073138
-113774257 -830340619
-783258355 -721028122
-723764840 356521241
11125810 -398271203
223507122 583626182
910167828 761914713
716946644 635071516
-499849804 663631716
-92962393 -450138549
-828510998 377763454
-157848798 385163669
-842565456 330694547
-33394066 4611436
-715757917 -643618353
-895205422 4697107
997813885 -230607280
-280206462 98729770
-162743345 978783275
119216761 -770637032
25730405 -578942768
-392479699 84606075
-869955723 70539759
371053690 -731437090
545723473 -474612092
499364595 452523508
-130919609 -977526417
152577274 845457361
735768644 -263245159
-659591007 -348265818
-91091670 -965623491
824815776 -518158848
944566157 987997323
-718496275 224297049
-437085198 157372007
-885025468 -115442115
-402382556 -538765859
891064971 -335983873
-137259185 25001734
253105595 392923045
593154043 191068029
819016100 656545717
-489821342 519590568
218413124 -844532091
-800800856 514967209
184652280 -492556091
-672515081 -328941931
-428172219 778069419
-265061053 694633097
182206183 -16892074
-123606406 -790579860
-715310568 128266446
829412482 235649531
801976944 -309230760
150488765 385246321
-42577410 -678993011
569709920 -618106034
-146789212 946940182
207776035 577863421
-160742388 480099757
-326902235 479480339
987407360 -331077584
-795336578 375424429
-971162024 798416559
-283184306 422703394
905192571 8942267
-342765531 526527043
431972001 515057805
216106004 662351834
-944949780 144019509
-558880745 263360566
-328691329 362191225
-389604673 531908345
-532390233 116296858
-974443847 -285256415
-283147622 389889181
88971167 -904975420
-272811947 737324237
-50065494 393369610
-246138753 -161110587
146458675 138020838
-453970777 873032588
465752313 130659030
-932696067 852467644
506168161 987240733
-360787299 665178337
-140901339 -796973664
228453746 -738020080
-151389288 170824840
-338029343 357427137
910901249 621075913
-272179352 -692770472
-324485048 -304241913
-689550874 993656682
-406986289 902962553
-675766130 417381920
-902553552 938159305
893439052 295392795
58958926 65690093
558821699 281991653
-606164574 674743225
-708978284 673942204
653123562 522655399
-727349661 -149272624
540017115 -165618314
-6416243 -119583570
-282109149 -759642812
-537873074 283549358
384411287 -598230582
-14958924 -276633394
69536190 -311155370
562902706 -39227221
-95767472 -626104454
723762722 -507458798
954480180 -436164910
-921893125 -195877590
269948796 -27327341
-655069581 850545858
671246174 -897227291
421079572 55071685
-888432536 -78863556
