298
638828021 -318205626
-140074598 427929101
-696303188 406514915
223772581 -278305253
-586202530 -934162456
907112859 -525183939
13581024 956003526
-881846336 -68724894
620683773 213888768
56695222 -836388214
228383114 -601910740
909134023 816471215
981475142 319073660
200086864 679609376
-957145205 179866815
359271215 947393563
-274015900 -656809018
-788173836 -348653724
866656424 559833362
987282524 219724646
-745733700 -97792577
-267677210 191727686
-311968462 -566187045
203083185 -413338948
233482108 762171298
353534719 -661912593
-923053989 544800144
970233546 -176752264
548251058 -156355340
285074247 686931785
-194560220 493753903
527827482 696894195
-637589774 -231512859
212771703 111270201
-278647964 -855714190
-206997755 334651514
-700668947 -498011894
-630878530 -71745719
-821635891 -719757488
450593162 -36175620
407997389 342154082
-516661357 -246843841
618028926 -866412615
701208196 459768059
-824758477 -568535200
-607009718 -206775431
467245542 -366232669
30621779 -513767451
-743154589 715325969
-800320181 418627919
78572781 -346745821
438249338 -397617463
-646018207 -37202008
767345437 -99806545
-999216368 -960264187
434704126 -87232398
-446482994 -570983417
422363525 183457018
-788958617 -810969782
789895708 -518305002
496925733 246721794
268940697 -770485553
-900144206 -945360545
-569071314 -996427040
892766772 749950028
879202830 543767750
-661751838 563269123
361451491 189590477
-719005929 513308627
878236522 103202984
136863597 -533321800
19119074 -126947522
480334930 -781524313
396183637 985349287
-15219198 -5625948
362937071 504722127
976323294 -733893290
110942934 510956887
-519161218 72778027
-812545061 -50646235
927371699 125718203
112565714 24411269
981785097 734301235
-573539371 -64329006
-329957830 -249171070
-346194429 570058065
965011571 921778798
849230908 -886995412
-486521175 730928421
321547606 551916884
146767720 -244508278
-293653721 151915767
139293758 547148411
148347847 405100592
643030170 129611766
-645695409 -722024727
-256290362 -153505189
-968094663 651994690
-833004287 310721038
406677144 -465770603
-328822905 -822980794
574774170 590518147
-221040527 806396845
-566166434 398157375
101707797 -574449430
-513111261 153489338
-771575879 -615574369
878867591 -370766104
-320611281 -524969390
-644932855 481689971
913687170 826448938
982164295 207889346
-980882381 -411532772
263993752 375245243
925183612 27425120
501398629 293111221
721684801 -323804367
869788893 -694679234
96929410 125267266
-923924266 -983701856
-492890876 -392418451
529953791 347403251
-888807063 103399078
949590203 991532186
-846083435 -269261513
909797578 617683554
-810188861 -820569570
-466201612 204498713
578146074 559759720
-300329202 106753825
-66791695 499652185
762476888 -946984640
457411717 503398219
-258160710 -317173641
-687078992 -415384965
94543476 194033941
656901198 234394460
968458147 316325325
816087956 -971706351
855988660 -427159117
-431944858 -600761182
-255015021 -731187721
-869974527 -145931515
-67179098 900994807
609561813 -387087433
976199850 -446579692
-318895393 -450540106
230559303 -542891294
-909685213 -368974530
83590296 -106267178
634420685 118091332
-807311560 819431811
-703978328 -415449051
678887913 -611110377
787374383 789829014
918119528 966505258
-968303320 602658474
359515004 221888253
323686581 271338620
451064743 318319400
163326546 -778151319
-876983948 -518328595
-940260688 42626919
-257783052 692233141
781284365 -466297028
687558224 -343986816
-115328889 -646655779
58813136 -410337525
285298765 883105050
-623984478 -885730706
174516264 302249420
-253935303 148050809
399363496 -301924459
307850590 943174270
273865277 -466072246
732146061 -822668362
294042949 381401204
-95509142 951649902
-866146025 -526156449
-737960810 -221709138
926672105 -446211181
731621334 -848520673
791292851 431799154
787682653 -735373671
-537501710 -754674593
-734571528 21780226
257480643 -760196675
-396468339 968551452
-947235886 207407844
-49211287 -360939900
-854711523 353098570
843253103 790342486
765445186 -360469282
690509209 -481851165
887558375 -849394803
-320778203 -45134044
55288985 -535436074
429648376 -832363369
-201878105 44246113
693311113 -210669015
37983089 -237164508
-518163004 -295254254
-198878916 365029851
164222600 620972035
101172011 636157532
-853410761 -461118241
488932447 -381907954
505222056 657560461
956498442 -767571533
-727953774 647124627
552228306 -273713478
-117901493 -362420443
314120068 -150039469
-342796547 -385609942
540043026 -758386775
-711951392 573171802
-746078569 40702136
88013901 573198497
-804092848 -301941329
846061507 -345359093
532522682 916937277
-424283988 -536359655
-523632852 289237943
745357961 980620113
282267631 -342643609
774471618 -64396236
-415540899 134001090
317637720 166273904
451748638 -599891633
890532967 -134650500
327533811 -339380219
-199854828 -344601535
-191562421 113021595
403193925 -293947016
-653360796 -450884502
-882488148 -204993051
-524784414 801899086
657002562 -904963290
735908204 692228759
941219563 916130412
63047242 -941782442
626620133 -840319438
-315200752 398562313
-522244566 409238576
-380604146 -256256763
-660994678 -822655574
-758884698 556563288
636375514 696150943
266932921 -274255884
534551973 -738167169
-993657665 17074886
-581100862 -808948088
16533589 772781155
-613207714 -906076786
-515025718 -538182223
-652221967 -974218228
584825283 997975490
-307394367 -645035844
-82758380 -348297213
-58854973 763718620
379255643 -65408906
-789537572 955134376
-101200336 237534554
971860795 -984152198
648692281 306090664
601742094 -802942768
-979273422 -477984549
84260452 -312422224
687183281 -857779573
-182660044 -677754366
986193384 -823808602
-888842623 -533950403
751028354 566982371
-524250312 -8247542
256212241 569267856
-849652784 -681006236
143041990 -958395592
967930568 92187776
-238208579 292443076
978059100 -763403952
-366776903 906628202
998238492 -751356041
-65303082 539803579
-60932429 -474710881
-738601293 741761551
540373814 -939067799
59127270 384192433
-317666523 506850164
-105755217 -309510397
643173752 971807436
-61953113 -490088884
190739108 94019332
-693036625 -256392011
-921696666 881704346
-351499879 175699736
692001252 -444517458
-259210969 -304397
-972116603 -583975813
