241
803774661 -123177988
-128272277 -52921327
876853930 499887016
152709816 -114858148
-953862820 -465407952
897977565 353886645
-175753598 771381665
-335183816 536424171
569371270 -288520311
976138398 402974169
99499573 194710504
553556818 712525662
827467284 203745935
806082073 -520895695
220249751 -1246263
-780882911 313971866
605421338 591319247
-332060376 -905887415
-162629597 840015119
-160261919 -340303759
-730470712 946868409
471240799 -780730203
-689764283 -498894240
754475583 689011298
-814951034 -635843640
-73279061 15427553
267623206 -955908580
531245963 -534917453
-189673654 -254782592
-75932573 842847644
-884906874 258225629
-20676330 -464354581
-303617183 874576177
-998038484 373708886
527452487 -770386382
510209802 158227424
-573512241 286667230
527495869 -382082885
-267920906 194627930
-608265745 -931970154
-266762972 705918143
163038604 -365203564
-44027356 570342940
275560126 802715756
869891616 -869502394
-161848820 601014752
661247361 924659535
862850224 -163412847
342923682 -753944576
-584551292 282638497
846388112 311594313
874482347 612129905
249457609 -431146195
-501954050 -645435969
-460610039 -405048827
-796037920 -174438244
976748043 145842713
816565436 -222439980
-373742954 -517540319
-290968121 -162429321
-367821124 -515918714
-136905508 -862750228
980136091 746775046
147829901 -832532587
472625893 -330387796
112666357 824214052
519766848 -831289168
-877559794 -597658786
-663307746 -175183451
752857035 98231167
694488199 -116118294
682906760 454647596
249127278 -67037011
-92774685 -923928059
-937592710 635996547
-402865789 -664767911
-57370056 -187751332
547124946 777111122
-443244343 122908905
584075171 -118298208
914602701 -426706170
555900663 732589208
341718422 -8817129
-579468129 -138448820
690771235 434284986
196226274 205116640
-821513009 -255710898
671400368 70877815
-757792678 844384848
-196877617 -912879742
38597387 870617624
-533066271 535886922
501014757 -5437424
-971507360 842361994
-635946418 -704630021
590494658 -880611520
-688766511 -192406127
-52594587 -854873055
-691800836 -594946425
626595860 270891982
56131207 224151621
-843341640 -484390633
-320028613 -171171755
203113138 -22119171
367096277 360951004
724329814 477233169
-990099973 476152064
-801889785 -897033813
769697230 -474989309
529778624 -56475029
57048248 861606838
798849741 568469044
-722368731 -310707786
-804627107 205928577
-153483401 681444459
720017881 316315137
-22147418 -761960552
428428156 28337397
644648008 -976484162
580891035 547574460
-864730920 617116709
-853551267 904835993
276711748 -636377880
934640700 -845262529
-904155434 965288961
-466741173 391003381
63230496 950523855
210673058 -203105957
285869334 153298838
293318320 602262129
-850654849 203888887
-793129514 -968438026
904008487 960910803
-491620058 -946051118
-805829522 -722780245
-401634372 -135592241
-704583299 -294523824
-565276970 443109408
501599724 89865970
-866434511 -601918679
-918394190 -354974469
897269721 -414529194
786712060 -685845637
298369662 -384023272
205852111 -991804511
-904628740 569568767
-195135020 -954563416
260137067 365799660
963183892 528379275
-197219135 813140276
411237449 25025533
-117636631 -465600668
-488513663 249649305
-56255528 -919539726
270156271 -959832957
-745233990 -623660332
-387161936 -325902149
-22564536 834502243
-744439567 242659725
327671297 908044354
793784440 332882383
448032473 221303193
-224089804 -32807443
114471896 691958792
203707880 424499144
298410246 276398780
-749949036 984329842
-443606063 -80632316
686527818 -202768986
-230788634 -50134605
10991127 -838751432
568435656 -945868040
-319749696 -110142040
-932518633 -805333900
624336758 594951723
577426783 83863299
-663153039 224097050
-903299106 148248629
143956890 426564233
-30209677 -900754117
347476549 -639336206
938366658 358305798
991919073 -142557706
953254413 711209567
-988899022 -581259792
-558000712 264726477
-769459619 597058511
-997341931 -154863310
-67046197 -9826910
-251969627 -864907147
-913973349 -277004925
963650592 -695462788
-901461835 959889838
-927706787 507716490
-781051898 -631941512
-839873582 945494501
295121894 -973926291
752658042 570508253
-145154524 288710414
-841905630 -751017719
540314859 829955220
633157669 -237432451
649407706 241997219
-990698062 -827138409
146917002 673104360
-413121047 -820695342
-859936195 -837812325
908851780 78126115
620871793 678214101
-260209678 237186427
432118845 769052434
-879046322 107550859
-364516446 997294397
-424615557 499422310
-260075988 630105073
236434374 963415858
303178250 -895236809
-195502375 579719387
-687305921 627728576
-39764600 400065322
162231807 -221743120
-562136451 216094928
384742500 997476923
27910993 119044395
832205880 465128208
818547732 -728487558
-41425437 72138815
210450248 902490084
460930324 689438304
-766279997 -245645854
-253654187 -794902204
75464176 -246903952
-604687786 954987459
568172694 928853225
665396834 -630332163
-468957849 -905229979
-255053823 -450356392
-563426312 -561275219
-719475862 -961160698
-212965610 43225562
141112598 -987193675
