298
-418990469 993412338
-297481432 957135132
846624784 404501177
824603796 -24315962
-637381167 902186788
569911396 1086223
-181819750 -553096315
70367967 -923105654
-117361049 -195474296
312988197 802068744
-668170751 -810704867
-614395054 150642595
-571114401 791830795
-486742996 866000368
210338659 -714076531
141927932 -861019835
-684662829 145060549
-189337562 756777581
-810729791 583775704
-134811727 49608795
-562571171 -815935527
322886450 -91442329
325925214 701626840
-502062558 517360085
-930836369 982783947
422206001 630651015
-752237893 525043385
479838372 528185019
920099866 50634456
251662355 586555146
-353931675 704957975
-112841486 120978454
-717570459 -242266260
9045322 -311359741
607480099 -606719859
-463861839 626507208
615934443 -958562224
181148056 -663863507
-778486636 74606211
-152530680 -52220082
-73427636 -380140414
419965653 499517256
-745680385 -486021177
629874170 -561097134
386066098 -373961695
720239113 -189747323
741394102 -363031466
-901867189 58602540
66518850 -684336022
-892715888 -465725323
-764645133 404562511
605227643 -176742959
-80756147 -850506609
-41847435 601870097
924073670 -225574695
-305718520 561930095
366373237 663424907
421942644 -70157064
20764883 78871823
-899649812 679535500
217190928 71367912
650267960 127859454
583269621 -678740407
-31849542 -665436101
496673125 -252084211
351120086 -716141892
-332630847 -381197227
-844450671 -335195080
-784923624 568285836
796602170 547258951
582243385 957546343
-998543717 743586855
739146621 -127570731
-882481386 -782162089
444565738 -559100779
-84428326 -605903466
-212984314 -66711461
-569847925 -865942425
636337079 -828570450
-779540728 630025152
918863843 118952972
-343341463 955709336
258666467 448583237
970471395 -803698200
917632917 -383350031
574403918 646573624
-20094432 -406250896
-354510854 -999745406
862805817 834830141
-87484446 -771204691
-27889194 272283941
274972668 -424543973
-125998337 -354723450
15772410 -979888525
-300507134 -191162749
712575250 -733024439
145467573 -545903121
907720601 606804701
-523918925 405780718
-677476888 -875798720
451593404 -972065067
-697537639 412631074
-830191683 608965742
695538799 -832690203
-640857813 664038659
182330266 -22155682
-130886631 -516423438
-930034527 585196731
-171401026 -741466201
-820012712 735467834
628104811 -852802945
-923398117 -404548261
665901457 -869942484
-283081678 645639796
-700069039 564022368
-665831131 -749852583
49999428 174711517
117713726 -652580285
921046103 151497156
155982700 -224667749
690912267 374474641
302051116 707192657
314821541 -519025195
396181257 -859231892
-159000715 798992085
-681019367 -19169799
302291881 -598734735
801961210 -718348440
909921012 -62220230
-295287709 60125778
563190545 -49918933
58224737 -807416781
109303084 -123420040
67472409 818748976
148384368 -897086309
270679314 -130533515
911631155 -345782175
-601855874 804373770
-317295054 -569175273
-792249340 534536226
512103504 315367528
-422975918 113903518
-198225276 -751757307
-576589026 811613971
16233659 150591962
-40046972 -196288055
959599899 839671379
264674739 195050280
846198138 681912911
-260670240 998369232
223267774 -591747767
937192538 929690717
958360872 -456908211
307780353 469020094
-760057099 133536666
-410136292 -86140300
893834042 840046992
510566381 -341242733
876541535 330615767
-728561816 637365060
-949368648 671999371
174114265 615130262
870118999 229357043
38182471 -22298112
890336131 -833150455
377202680 981102871
72288561 -863871659
-892082112 -282583556
556139408 494306458
325493566 -872790062
-347136912 -480078255
518067699 -265675258
514056229 -935188547
-877615772 -428287840
659373656 -227412780
-788086045 158093601
982035402 -738596674
-357213880 -338708952
802750396 -865968216
-53732040 -850413169
-191643168 17067653
-898772291 -944458444
126541375 -605371714
534390908 -785395386
914700567 -796878538
342903745 78560931
878254567 -83254975
365620728 765988221
457387834 794654092
79898589 -974692446
-824488390 -741469292
657727805 66821453
-454873135 37074640
-655971942 68046801
-979477890 811283158
61403210 -27597649
236884014 -413411474
28058500 -64174573
-138583869 -632263667
74556465 -919724263
-393874969 240940743
609311091 323293199
28382480 584050433
-780743129 -389224298
-862350873 -244444147
551271377 -527574313
-158897151 503263117
45873131 769369430
404349729 60873814
-116012864 -175903931
-756770122 -73041582
448806461 372116735
-583937581 -505537403
736190576 -801903690
77890259 470205046
-763099425 596323237
-702151454 -770042695
193502864 -756418743
479976444 324448284
953441723 -151101572
-23478949 761156925
325965266 -542140792
154583684 532102612
967342288 466003803
-237722381 311000210
-23749003 -165319095
-253852392 721748793
574544666 -208743431
-784678675 205152662
-989963074 742649495
-695567257 -32037626
765807720 -157213200
590362929 644299359
564369828 573992201
-779065766 -866924021
-699751683 -64706876
319165898 357705255
-898241419 332040753
-674401299 -485725850
185578747 -39599774
-667306365 -452920694
36756049 -916228391
-228165900 1855388
576388086 387520183
702913463 -701023606
-173503265 655132927
-450467369 -627808047
912805613 203668804
966407835 339227508
-189196874 -827164923
509377425 -746014594
-635326037 -582203401
-998401427 234564931
-828414307 902739634
-432516722 -419153138
686636384 22552592
-657499101 865166129
-138845371 898135751
803050991 239842841
-671221760 -363327152
904682803 547460401
-495421584 593217063
-677517879 557725982
-80379485 64144029
-520582127 -463119616
-501373430 534805536
-456015650 287468619
-999351533 -523870686
847901652 -198095867
-337170090 -545045114
-852211764 899389689
988023308 147999320
4347858 240150244
954922774 305253382
458590624 128336315
948603678 -174134875
-729053633 386858942
306431990 -483730921
-660938147 -568004378
267544963 -882352407
597869472 -360654863
-331540231 -839100770
754980772 -102765012
-317402448 866333675
-220002296 600902513
895805747 329937255
704910623 -174074053
-965653353 423642133
-838541879 721985632
542857378 634999110
15906698 -432004889
728844383 -384030352
-350673661 -611157813
-705724156 -898739346
-437872800 8385130
79484480 369223022
539622052 -422109526
688308294 349061132
