227
875280981 -416814842
-449342310 527895675
34298232 -138998515
280301302 735820038
529921992 -321009488
211384832 554762821
-711718797 -72022288
-684462658 -589252087
-372887074 867921793
339004541 507420957
-991474784 -572227157
-140882996 -811078200
889373006 -385770634
23418766 -596755171
-741905541 538543312
120577087 360519257
-861845650 951019984
260772094 243151436
71945235 -804019814
-682417009 691145559
13049165 982641624
976343678 -801430924
860308417 45969367
436776992 -508549576
784606193 709400469
-314856941 424972380
158676291 -675903415
448657171 228306656
888361679 -420379307
-600434541 -644202217
42407382 -397751080
350643806 -246710865
299724530 382515138
765931612 640051158
-675405378 -264192069
947337726 514639009
-90642642 -81183420
-166829088 -188822411
-416836712 676545598
927043306 496200169
52688471 1399409
-320410779 -550862425
-382963834 222557217
319024864 480828366
-820568146 505718138
-2979517 -995369123
-162530238 -502004997
536876708 900107121
723891635 -962605685
-609631238 843198628
-942947244 -534268167
-802982098 694444890
363935639 67219848
-703619720 -442631401
477818809 662234308
-525483086 540617338
-375308035 -286706902
790761487 863613971
-673188586 98186611
-393122619 -676437833
964502785 401951147
826481231 72634836
594555513 813162297
-551627119 -614774738
181890728 -494826905
357368632 159610365
-337102075 -556308504
-656450405 -465647297
233973806 19515670
-351587917 25681517
-172622062 -357311973
-114918271 491886696
555977038 702679862
-558804638 353247084
-797997949 -857128027
769782166 628734303
-814329772 929026621
-988963058 -323969833
-770017062 -953646339
736183525 -156399984
582135024 -201334859
730855452 690501115
508314492 130041541
651795002 957416279
590245106 -224038695
238336080 685020165
887128267 -152337762
-647110332 -961220581
266283626 -361984075
-615848294 -508497215
964250797 -32154316
544637572 -536895823
-39857269 395033415
-928733342 -624971138
-528254679 449169759
-462303444 706150062
-486728275 -783458603
531003129 -227288860
-712432606 -181204597
-472440596 618327730
205460873 -851664395
72316629 808210350
-470202615 -891211573
515401396 -601766959
107166699 -617331318
-275107355 -845661806
921097096 -885587992
867707249 -862741643
334274316 445358103
-711231288 -195856685
651888173 -700549472
-486392877 508910115
-869579935 -586003862
-428073813 531557461
142701995 -193463283
974318645 -836855706
-943582250 88843142
190273046 198672893
-41032533 -321158901
524015912 -944975258
-346597081 -695428445
-792481721 615463885
-521847600 90442450
-778691138 66934343
-50783456 -844389429
863924748 -51298669
-199125268 1437268
-443787226 -497275951
-326038175 -644251412
-786419150 70738338
-50204323 -423002254
633742176 -948602372
-263329214 711633315
164061905 -482394295
135510449 -192802256
-594395019 -256359925
422206232 -676757739
-196117619 86476973
-162227053 331822576
-179064753 -740544654
610250137 -892502443
875895420 541284128
-445606616 505648745
314495781 -262884254
-168117710 -758720901
-793100922 689206912
-40728463 533530697
-853444823 -745347707
876427946 -790840009
520889413 -632804523
-447317762 -67528031
-58484770 -767310591
-438832152 -659390523
696794869 252526603
493581437 322016847
410901616 -904814373
631918077 -896847191
20903728 -648221621
584461093 651346626
952581097 430301932
-93847213 -20705230
514885987 -42133892
189891986 485759443
-62828546 -205332293
847457644 79834494
727054636 -559075114
-286653417 575049254
-856356743 246498176
-857196205 -906584664
664700270 -563950944
-797445879 530113790
794143416 968760490
999166653 -344384214
-665204683 128003819
-676324087 978200689
-687741437 -98999054
451936680 -860296225
559103539 524394957
-850729019 -309140694
587548066 -297366882
-648860255 -684365302
-739515066 792213783
-739504390 52349187
-47577777 -317483668
-910659622 -83010467
627330165 48618747
-418171822 308585824
-42407768 957329811
279652578 -555474176
-145741452 917148466
-44854470 -468887349
985705337 -824713004
817880563 -326023317
441286009 859522924
575843581 -151594733
834148921 27605814
-289443886 -42048192
-177606151 627367230
-222423956 938731303
82191066 899112432
911636379 -943780841
834616284 58650362
-643483676 -332105163
866007956 -84485400
-779714622 -161826137
-213929538 -734847443
-384656067 272529270
-342276299 -623606308
107437204 -240311382
483082213 -235504216
-779056776 350607851
12093798 441383435
868052625 961926809
220899703 -318047995
-627209001 863906575
-302900281 -529406438
673498893 886648371
670286633 68429367
-795779548 -689532739
591768384 -36095667
-79043254 -710317021
-259170550 593520830
767676414 -28340287
971644091 -548917044
-792410133 -953356856
582645264 607372039
-783027730 -614052482
